0.1,0.891,0.368,0.0,0.0
0.2,0.891,0.368,0.0,0.0
0.30000000000000004,0.891,0.368,0.0,0.0
0.4,0.891,0.368,0.0,0.0
0.5,0.891,0.368,0.0,0.0
0.6000000000000001,0.891,0.368,0.0,0.0
0.7000000000000001,0.885,0.374,-0.06,0.06
0.8,0.871,0.383,-0.14,0.09
0.9,0.857,0.391,-0.14,0.08
1.0,0.848,0.397,-0.09,0.06
1.1,0.837,0.402,-0.11,0.05
1.2000000000000002,0.823,0.411,-0.14,0.09
1.3,0.808,0.418,-0.15,0.07
1.4000000000000001,0.801,0.424,-0.07,0.06
1.5,0.788,0.432,-0.13,0.08
1.6,0.777,0.445,-0.11,0.13
1.7000000000000002,0.768,0.457,-0.09,0.12
1.8,0.758,0.466,-0.1,0.09
1.9000000000000001,0.753,0.472,-0.05,0.06
2.0,0.743,0.478,-0.1,0.06
2.1,0.729,0.486,-0.14,0.08
2.2,0.72,0.493,-0.09,0.07
2.3000000000000003,0.712,0.498,-0.08,0.05
2.4000000000000004,0.7,0.506,-0.12,0.08
2.5,0.688,0.516,-0.12,0.1
2.6,0.678,0.524,-0.1,0.08
2.7,0.667,0.535,-0.11,0.11
2.8000000000000003,0.655,0.548,-0.12,0.13
2.9000000000000004,0.642,0.563,-0.13,0.15
3.0,0.633,0.57,-0.09,0.07
3.1,0.629,0.575,-0.04,0.05
3.2,0.623,0.582,-0.06,0.07
3.3000000000000003,0.614,0.592,-0.09,0.1
3.4000000000000004,0.607,0.599,-0.07,0.07
3.5,0.597,0.609,-0.1,0.1
3.6,0.591,0.616,-0.06,0.07
3.7,0.583,0.626,-0.08,0.1
3.8000000000000003,0.575,0.638,-0.08,0.12
3.9000000000000004,0.568,0.649,-0.07,0.11
4.0,0.561,0.662,-0.07,0.13
4.1000000000000005,0.556,0.675,-0.05,0.13
4.2,0.548,0.688,-0.08,0.13
4.3,0.543,0.698,-0.05,0.1
4.4,0.539,0.706,-0.04,0.08
4.5,0.53,0.722,-0.09,0.16
4.6000000000000005,0.518,0.739,-0.12,0.17
4.7,0.511,0.751,-0.07,0.12
4.800000000000001,0.506,0.76,-0.05,0.09
4.9,0.502,0.77,-0.04,0.1
5.0,0.499,0.779,-0.03,0.09
5.1000000000000005,0.496,0.787,-0.03,0.08
5.2,0.494,0.795,-0.02,0.08
5.300000000000001,0.49,0.807,-0.04,0.12
5.4,0.487,0.819,-0.03,0.12
5.5,0.487,0.824,0.0,0.05
5.6000000000000005,0.486,0.83,-0.01,0.06
5.7,0.486,0.835,0.0,0.05
5.800000000000001,0.487,0.843,0.01,0.08
5.9,0.488,0.848,0.01,0.05
6.0,0.489,0.856,0.01,0.08
6.1000000000000005,0.49,0.866,0.01,0.1
6.2,0.491,0.869,0.01,0.03
6.300000000000001,0.492,0.87,0.01,0.01
6.4,0.494,0.873,0.02,0.03
6.5,0.497,0.878,0.03,0.05
6.6000000000000005,0.498,0.882,0.01,0.04
6.7,0.5,0.886,0.02,0.04
6.800000000000001,0.502,0.891,0.02,0.05
6.9,0.504,0.895,0.02,0.04
7.0,0.507,0.9,0.03,0.05
7.1000000000000005,0.513,0.905,0.06,0.05
7.2,0.526,0.911,0.13,0.06
7.300000000000001,0.529,0.913,0.03,0.02
7.4,0.53,0.913,0.01,0.0
7.5,0.53,0.913,0.0,0.0
7.6000000000000005,0.543,0.916,0.13,0.03
7.7,0.561,0.918,0.18,0.02
7.800000000000001,0.57,0.92,0.09,0.02
7.9,0.577,0.92,0.07,0.0
8.0,0.59,0.921,0.13,0.01
8.1,0.598,0.923,0.08,0.02
8.200000000000001,0.605,0.924,0.07,0.01
8.3,0.614,0.925,0.09,0.01
8.4,0.628,0.927,0.14,0.02
8.5,0.638,0.929,0.1,0.02
8.6,0.651,0.93,0.13,0.01
8.700000000000001,0.659,0.932,0.08,0.02
8.8,0.672,0.932,0.13,0.0
8.9,0.682,0.932,0.1,0.0
9.0,0.693,0.932,0.11,0.0
9.1,0.705,0.932,0.12,0.0
9.200000000000001,0.72,0.932,0.15,0.0
9.3,0.731,0.932,0.11,0.0
9.4,0.747,0.932,0.16,0.0
9.5,0.757,0.932,0.1,0.0
9.600000000000001,0.768,0.932,0.11,0.0
9.700000000000001,0.783,0.932,0.15,0.0
9.8,0.794,0.931,0.11,-0.01
9.9,0.805,0.931,0.11,0.0
10.0,0.816,0.931,0.11,0.0
10.100000000000001,0.831,0.931,0.15,0.0
10.200000000000001,0.842,0.933,0.11,0.02
10.3,0.86,0.935,0.18,0.02
10.4,0.878,0.936,0.18,0.01
10.5,0.912,0.936,0.34,0.0
10.600000000000001,0.932,0.936,0.2,0.0
10.700000000000001,0.959,0.935,0.27,-0.01
10.8,0.976,0.933,0.17,-0.02
10.9,0.996,0.931,0.2,-0.02
11.0,1.011,0.928,0.15,-0.03
11.100000000000001,1.027,0.927,0.16,-0.01
11.200000000000001,1.037,0.925,0.1,-0.02
11.3,1.05,0.922,0.13,-0.03
11.4,1.061,0.921,0.11,-0.01
11.5,1.073,0.919,0.12,-0.02
11.600000000000001,1.091,0.918,0.18,-0.01
11.700000000000001,1.109,0.916,0.18,-0.02
11.8,1.125,0.914,0.16,-0.02
11.9,1.143,0.911,0.18,-0.03
12.0,1.162,0.908,0.19,-0.03
12.100000000000001,1.173,0.906,0.11,-0.02
12.200000000000001,1.189,0.903,0.16,-0.03
12.3,1.198,0.903,0.09,0.0
12.4,1.209,0.901,0.11,-0.02
12.5,1.215,0.9,0.06,-0.01
12.600000000000001,1.223,0.899,0.08,-0.01
12.700000000000001,1.231,0.898,0.08,-0.01
12.8,1.242,0.895,0.11,-0.03
12.9,1.254,0.891,0.12,-0.04
13.0,1.27,0.887,0.16,-0.04
13.100000000000001,1.282,0.884,0.12,-0.03
13.200000000000001,1.296,0.881,0.14,-0.03
13.3,1.306,0.879,0.1,-0.02
13.4,1.317,0.875,0.11,-0.04
13.5,1.33,0.873,0.13,-0.02
13.600000000000001,1.341,0.871,0.11,-0.02
13.700000000000001,1.351,0.868,0.1,-0.03
13.8,1.368,0.864,0.17,-0.04
13.9,1.377,0.861,0.09,-0.03
14.0,1.385,0.857,0.08,-0.04
14.100000000000001,1.392,0.854,0.07,-0.03
14.200000000000001,1.401,0.851,0.09,-0.03
14.3,1.408,0.847,0.07,-0.04
14.4,1.413,0.844,0.05,-0.03
14.5,1.416,0.842,0.03,-0.02
14.600000000000001,1.423,0.839,0.07,-0.03
14.700000000000001,1.426,0.836,0.03,-0.03
14.8,1.43,0.833,0.04,-0.03
14.9,1.434,0.829,0.04,-0.04
15.0,1.437,0.825,0.03,-0.04
15.100000000000001,1.441,0.82,0.04,-0.05
15.200000000000001,1.447,0.816,0.06,-0.04
15.3,1.451,0.811,0.04,-0.05
15.4,1.457,0.807,0.06,-0.04
15.5,1.46,0.805,0.03,-0.02
15.600000000000001,1.464,0.801,0.04,-0.04
15.700000000000001,1.468,0.798,0.04,-0.03
15.8,1.473,0.794,0.05,-0.04
15.9,1.477,0.79,0.04,-0.04
16.0,1.48,0.786,0.03,-0.04
16.1,1.487,0.78,0.07,-0.06
16.2,1.491,0.777,0.04,-0.03
16.3,1.497,0.772,0.06,-0.05
16.400000000000002,1.498,0.771,0.01,-0.01
16.5,1.501,0.766,0.03,-0.05
16.6,1.502,0.765,0.01,-0.01
16.7,1.503,0.762,0.01,-0.03
16.8,1.505,0.758,0.02,-0.04
16.900000000000002,1.506,0.754,0.01,-0.04
17.0,1.506,0.751,0.0,-0.03
17.1,1.506,0.745,0.0,-0.06
17.2,1.506,0.74,0.0,-0.05
17.3,1.504,0.733,-0.02,-0.07
17.400000000000002,1.504,0.728,0.0,-0.05
17.5,1.501,0.721,-0.03,-0.07
17.6,1.498,0.715,-0.03,-0.06
17.7,1.494,0.708,-0.04,-0.07
17.8,1.49,0.701,-0.04,-0.07
17.900000000000002,1.485,0.694,-0.05,-0.07
18.0,1.479,0.685,-0.06,-0.09
18.1,1.474,0.679,-0.05,-0.06
18.2,1.467,0.67,-0.07,-0.09
18.3,1.462,0.664,-0.05,-0.06
18.400000000000002,1.454,0.655,-0.08,-0.09
18.5,1.447,0.649,-0.07,-0.06
18.6,1.439,0.641,-0.08,-0.08
18.7,1.431,0.634,-0.08,-0.07
18.8,1.421,0.623,-0.1,-0.11
18.900000000000002,1.413,0.614,-0.08,-0.09
19.0,1.405,0.605,-0.08,-0.09
19.1,1.397,0.597,-0.08,-0.08
19.200000000000003,1.385,0.586,-0.12,-0.11
19.3,1.377,0.579,-0.08,-0.07
19.400000000000002,1.368,0.572,-0.09,-0.07
19.5,1.358,0.563,-0.1,-0.09
19.6,1.349,0.557,-0.09,-0.06
19.700000000000003,1.34,0.551,-0.09,-0.06
19.8,1.33,0.543,-0.1,-0.08
19.900000000000002,1.321,0.537,-0.09,-0.06
20.0,1.311,0.53,-0.1,-0.07
20.1,1.301,0.523,-0.1,-0.07
20.200000000000003,1.291,0.517,-0.1,-0.06
20.3,1.28,0.51,-0.11,-0.07
20.400000000000002,1.269,0.503,-0.11,-0.07
20.5,1.26,0.498,-0.09,-0.05
20.6,1.251,0.493,-0.09,-0.05
20.700000000000003,1.237,0.484,-0.14,-0.09
20.8,1.229,0.479,-0.08,-0.05
20.900000000000002,1.214,0.471,-0.15,-0.08
21.0,1.199,0.463,-0.15,-0.08
21.1,1.185,0.455,-0.14,-0.08
21.200000000000003,1.177,0.45,-0.08,-0.05
21.3,1.165,0.442,-0.12,-0.08
21.400000000000002,1.156,0.437,-0.09,-0.05
21.5,1.147,0.431,-0.09,-0.06
21.6,1.135,0.424,-0.12,-0.07
21.700000000000003,1.126,0.418,-0.09,-0.06
21.8,1.115,0.411,-0.11,-0.07
21.900000000000002,1.109,0.407,-0.06,-0.04
22.0,1.103,0.404,-0.06,-0.03
22.1,1.096,0.4,-0.07,-0.04
22.200000000000003,1.093,0.398,-0.03,-0.02
22.3,1.089,0.397,-0.04,-0.01
22.400000000000002,1.08,0.393,-0.09,-0.04
22.5,1.072,0.389,-0.08,-0.04
22.6,1.064,0.383,-0.08,-0.06
22.700000000000003,1.06,0.38,-0.04,-0.03
22.8,1.057,0.378,-0.03,-0.02
22.900000000000002,1.057,0.378,0.0,0.0
23.0,1.057,0.378,0.0,0.0
