0.1,0.886,0.371,0.0,0.0
0.2,0.886,0.371,0.0,0.0
0.30000000000000004,0.886,0.371,0.0,0.0
0.4,0.865,0.387,-0.21,0.16
0.5,0.844,0.406,-0.21,0.19
0.6000000000000001,0.836,0.414,-0.08,0.08
0.7000000000000001,0.825,0.424,-0.11,0.1
0.8,0.821,0.428,-0.04,0.04
0.9,0.816,0.431,-0.05,0.03
1.0,0.802,0.441,-0.14,0.1
1.1,0.794,0.448,-0.08,0.07
1.2000000000000002,0.792,0.451,-0.02,0.03
1.3,0.785,0.46,-0.07,0.09
1.4000000000000001,0.775,0.475,-0.1,0.15
1.5,0.764,0.49,-0.11,0.15
1.6,0.756,0.504,-0.08,0.14
1.7000000000000002,0.749,0.515,-0.07,0.11
1.8,0.741,0.528,-0.08,0.13
1.9000000000000001,0.733,0.54,-0.08,0.12
2.0,0.726,0.55,-0.07,0.1
2.1,0.719,0.558,-0.07,0.08
2.2,0.714,0.566,-0.05,0.08
2.3000000000000003,0.71,0.572,-0.04,0.06
2.4000000000000004,0.704,0.583,-0.06,0.11
2.5,0.697,0.593,-0.07,0.1
2.6,0.689,0.608,-0.08,0.15
2.7,0.679,0.622,-0.1,0.14
2.8000000000000003,0.67,0.636,-0.09,0.14
2.9000000000000004,0.658,0.65,-0.12,0.14
3.0,0.647,0.662,-0.11,0.12
3.1,0.638,0.672,-0.09,0.1
3.2,0.627,0.685,-0.11,0.13
3.3000000000000003,0.622,0.695,-0.05,0.1
3.4000000000000004,0.613,0.707,-0.09,0.12
3.5,0.601,0.725,-0.12,0.18
3.6,0.589,0.741,-0.12,0.16
3.7,0.581,0.752,-0.08,0.11
3.8000000000000003,0.576,0.761,-0.05,0.09
3.9000000000000004,0.57,0.776,-0.06,0.15
4.0,0.564,0.785,-0.06,0.09
4.1000000000000005,0.56,0.793,-0.04,0.08
4.2,0.554,0.805,-0.06,0.12
4.3,0.552,0.812,-0.02,0.07
4.4,0.548,0.821,-0.04,0.09
4.5,0.543,0.827,-0.05,0.06
4.6000000000000005,0.538,0.834,-0.05,0.07
4.7,0.537,0.837,-0.01,0.03
4.800000000000001,0.534,0.843,-0.03,0.06
4.9,0.529,0.85,-0.05,0.07
5.0,0.525,0.858,-0.04,0.08
5.1000000000000005,0.52,0.866,-0.05,0.08
5.2,0.518,0.869,-0.02,0.03
5.300000000000001,0.516,0.875,-0.02,0.06
5.4,0.512,0.881,-0.04,0.06
5.5,0.509,0.886,-0.03,0.05
5.6000000000000005,0.506,0.891,-0.03,0.05
5.7,0.502,0.899,-0.04,0.08
5.800000000000001,0.497,0.907,-0.05,0.08
5.9,0.496,0.91,-0.01,0.03
6.0,0.495,0.917,-0.01,0.07
6.1000000000000005,0.495,0.925,0.0,0.08
6.2,0.497,0.932,0.02,0.07
6.300000000000001,0.498,0.94,0.01,0.08
6.4,0.501,0.946,0.03,0.06
6.5,0.504,0.952,0.03,0.06
6.6000000000000005,0.506,0.956,0.02,0.04
6.7,0.509,0.96,0.03,0.04
6.800000000000001,0.514,0.964,0.05,0.04
6.9,0.521,0.968,0.07,0.04
7.0,0.534,0.975,0.13,0.07
7.1000000000000005,0.546,0.98,0.12,0.05
7.2,0.568,0.985,0.22,0.05
7.300000000000001,0.592,0.988,0.24,0.03
7.4,0.614,0.992,0.22,0.04
7.5,0.634,0.993,0.2,0.01
7.6000000000000005,0.682,0.994,0.48,0.01
7.7,0.708,0.995,0.26,0.01
7.800000000000001,0.734,0.995,0.26,0.0
7.9,0.771,0.995,0.37,0.0
8.0,0.799,0.994,0.28,-0.01
8.1,0.822,0.993,0.23,-0.01
8.200000000000001,0.848,0.989,0.26,-0.04
8.3,0.874,0.987,0.26,-0.02
8.4,0.901,0.986,0.27,-0.01
8.5,0.927,0.982,0.26,-0.04
8.6,0.951,0.98,0.24,-0.02
8.700000000000001,0.98,0.979,0.29,-0.01
8.8,0.999,0.975,0.19,-0.04
8.9,1.025,0.972,0.26,-0.03
9.0,1.042,0.968,0.17,-0.04
9.1,1.061,0.965,0.19,-0.03
9.200000000000001,1.078,0.962,0.17,-0.03
9.3,1.099,0.957,0.21,-0.05
9.4,1.12,0.952,0.21,-0.05
9.5,1.138,0.948,0.18,-0.04
9.600000000000001,1.154,0.946,0.16,-0.02
9.700000000000001,1.171,0.942,0.17,-0.04
9.8,1.184,0.94,0.13,-0.02
9.9,1.194,0.939,0.1,-0.01
10.0,1.214,0.936,0.2,-0.03
10.100000000000001,1.23,0.932,0.16,-0.04
10.200000000000001,1.248,0.929,0.18,-0.03
10.3,1.264,0.925,0.16,-0.04
10.4,1.281,0.918,0.17,-0.07
10.5,1.295,0.912,0.14,-0.06
10.600000000000001,1.308,0.905,0.13,-0.07
10.700000000000001,1.322,0.896,0.14,-0.09
10.8,1.337,0.889,0.15,-0.07
10.9,1.349,0.884,0.12,-0.05
11.0,1.357,0.878,0.08,-0.06
11.100000000000001,1.369,0.871,0.12,-0.07
11.200000000000001,1.378,0.867,0.09,-0.04
11.3,1.388,0.864,0.1,-0.03
11.4,1.399,0.862,0.11,-0.02
11.5,1.412,0.859,0.13,-0.03
11.600000000000001,1.42,0.857,0.08,-0.02
11.700000000000001,1.427,0.855,0.07,-0.02
11.8,1.428,0.855,0.01,0.0
11.9,1.428,0.855,0.0,0.0
12.0,1.436,0.85,0.08,-0.05
12.100000000000001,1.447,0.845,0.11,-0.05
12.200000000000001,1.456,0.84,0.09,-0.05
12.3,1.46,0.837,0.04,-0.03
12.4,1.469,0.832,0.09,-0.05
12.5,1.477,0.828,0.08,-0.04
12.600000000000001,1.48,0.826,0.03,-0.02
12.700000000000001,1.487,0.821,0.07,-0.05
12.8,1.496,0.814,0.09,-0.07
12.9,1.498,0.808,0.02,-0.06
13.0,1.5,0.804,0.02,-0.04
13.100000000000001,1.5,0.797,0.0,-0.07
13.200000000000001,1.501,0.789,0.01,-0.08
13.3,1.501,0.782,0.0,-0.07
13.4,1.501,0.778,0.0,-0.04
13.5,1.501,0.773,0.0,-0.05
13.600000000000001,1.501,0.767,0.0,-0.06
13.700000000000001,1.501,0.76,0.0,-0.07
13.8,1.5,0.752,-0.01,-0.08
13.9,1.498,0.743,-0.02,-0.09
14.0,1.493,0.731,-0.05,-0.12
14.100000000000001,1.488,0.721,-0.05,-0.1
14.200000000000001,1.482,0.711,-0.06,-0.1
14.3,1.477,0.702,-0.05,-0.09
14.4,1.471,0.692,-0.06,-0.1
14.5,1.462,0.677,-0.09,-0.15
14.600000000000001,1.452,0.662,-0.1,-0.15
14.700000000000001,1.443,0.647,-0.09,-0.15
14.8,1.434,0.635,-0.09,-0.12
14.9,1.429,0.629,-0.05,-0.06
15.0,1.421,0.622,-0.08,-0.07
15.100000000000001,1.411,0.612,-0.1,-0.1
15.200000000000001,1.394,0.6,-0.17,-0.12
15.3,1.376,0.585,-0.18,-0.15
15.4,1.361,0.571,-0.15,-0.14
15.5,1.348,0.562,-0.13,-0.09
15.600000000000001,1.337,0.553,-0.11,-0.09
15.700000000000001,1.325,0.545,-0.12,-0.08
15.8,1.313,0.538,-0.12,-0.07
15.9,1.297,0.529,-0.16,-0.09
16.0,1.282,0.52,-0.15,-0.09
16.1,1.272,0.513,-0.1,-0.07
16.2,1.262,0.507,-0.1,-0.06
16.3,1.248,0.498,-0.14,-0.09
16.400000000000002,1.232,0.491,-0.16,-0.07
16.5,1.21,0.483,-0.22,-0.08
16.6,1.203,0.48,-0.07,-0.03
16.7,1.193,0.476,-0.1,-0.04
16.8,1.181,0.469,-0.12,-0.07
16.900000000000002,1.17,0.462,-0.11,-0.07
17.0,1.16,0.455,-0.1,-0.07
17.1,1.147,0.446,-0.13,-0.09
17.2,1.135,0.438,-0.12,-0.08
17.3,1.127,0.431,-0.08,-0.07
17.400000000000002,1.115,0.423,-0.12,-0.08
17.5,1.104,0.415,-0.11,-0.08
17.6,1.095,0.408,-0.09,-0.07
17.7,1.09,0.404,-0.05,-0.04
17.8,1.09,0.404,0.0,0.0
17.900000000000002,1.09,0.404,0.0,0.0
18.0,1.076,0.394,-0.14,-0.1
18.1,1.069,0.389,-0.07,-0.05
18.2,1.064,0.385,-0.05,-0.04
18.3,1.062,0.383,-0.02,-0.02
18.400000000000002,1.056,0.377,-0.06,-0.06
18.5,1.056,0.376,0.0,-0.01
18.6,1.055,0.376,-0.01,0.0
18.7,1.055,0.376,0.0,0.0
