0.1,0.888,0.371,0.0,0.0
0.2,0.888,0.371,0.0,0.0
0.30000000000000004,0.888,0.371,0.0,0.0
0.4,0.888,0.371,0.0,0.0
0.5,0.888,0.371,0.0,0.0
0.6000000000000001,0.888,0.372,0.0,0.01
0.7000000000000001,0.879,0.381,-0.09,0.09
0.8,0.873,0.387,-0.06,0.06
0.9,0.868,0.392,-0.05,0.05
1.0,0.857,0.398,-0.11,0.06
1.1,0.846,0.405,-0.11,0.07
1.2000000000000002,0.837,0.41,-0.09,0.05
1.3,0.827,0.417,-0.1,0.07
1.4000000000000001,0.816,0.428,-0.11,0.11
1.5,0.805,0.438,-0.11,0.1
1.6,0.791,0.451,-0.14,0.13
1.7000000000000002,0.781,0.461,-0.1,0.1
1.8,0.765,0.474,-0.16,0.13
1.9000000000000001,0.752,0.485,-0.13,0.11
2.0,0.741,0.493,-0.11,0.08
2.1,0.731,0.501,-0.1,0.08
2.2,0.719,0.511,-0.12,0.1
2.3000000000000003,0.711,0.518,-0.08,0.07
2.4000000000000004,0.701,0.527,-0.1,0.09
2.5,0.687,0.538,-0.14,0.11
2.6,0.674,0.551,-0.13,0.13
2.7,0.665,0.564,-0.09,0.13
2.8000000000000003,0.651,0.58,-0.14,0.16
2.9000000000000004,0.643,0.594,-0.08,0.14
3.0,0.631,0.61,-0.12,0.16
3.1,0.621,0.625,-0.1,0.15
3.2,0.611,0.64,-0.1,0.15
3.3000000000000003,0.602,0.655,-0.09,0.15
3.4000000000000004,0.596,0.665,-0.06,0.1
3.5,0.586,0.679,-0.1,0.14
3.6,0.579,0.69,-0.07,0.11
3.7,0.573,0.699,-0.06,0.09
3.8000000000000003,0.565,0.713,-0.08,0.14
3.9000000000000004,0.56,0.723,-0.05,0.1
4.0,0.554,0.733,-0.06,0.1
4.1000000000000005,0.548,0.745,-0.06,0.12
4.2,0.545,0.753,-0.03,0.08
4.3,0.542,0.761,-0.03,0.08
4.4,0.534,0.774,-0.08,0.13
4.5,0.531,0.782,-0.03,0.08
4.6000000000000005,0.529,0.787,-0.02,0.05
4.7,0.522,0.798,-0.07,0.11
4.800000000000001,0.518,0.805,-0.04,0.07
4.9,0.513,0.814,-0.05,0.09
5.0,0.507,0.825,-0.06,0.11
5.1000000000000005,0.503,0.832,-0.04,0.07
5.2,0.498,0.842,-0.05,0.1
5.300000000000001,0.495,0.849,-0.03,0.07
5.4,0.493,0.854,-0.02,0.05
5.5,0.491,0.86,-0.02,0.06
5.6000000000000005,0.489,0.866,-0.02,0.06
5.7,0.487,0.871,-0.02,0.05
5.800000000000001,0.486,0.88,-0.01,0.09
5.9,0.486,0.885,0.0,0.05
6.0,0.486,0.891,0.0,0.06
6.1000000000000005,0.488,0.896,0.02,0.05
6.2,0.49,0.899,0.02,0.03
6.300000000000001,0.492,0.901,0.02,0.02
6.4,0.492,0.901,0.0,0.0
6.5,0.498,0.901,0.06,0.0
6.6000000000000005,0.507,0.9,0.09,-0.01
6.7,0.517,0.899,0.1,-0.01
6.800000000000001,0.521,0.899,0.04,0.0
6.9,0.529,0.9,0.08,0.01
7.0,0.537,0.901,0.08,0.01
7.1000000000000005,0.547,0.901,0.1,0.0
7.2,0.562,0.902,0.15,0.01
7.300000000000001,0.571,0.902,0.09,0.0
7.4,0.592,0.902,0.21,0.0
7.5,0.606,0.902,0.14,0.0
7.6000000000000005,0.619,0.902,0.13,0.0
7.7,0.637,0.902,0.18,0.0
7.800000000000001,0.649,0.902,0.12,0.0
7.9,0.662,0.902,0.13,0.0
8.0,0.678,0.902,0.16,0.0
8.1,0.691,0.902,0.13,0.0
8.200000000000001,0.715,0.903,0.24,0.01
8.3,0.732,0.902,0.17,-0.01
8.4,0.75,0.902,0.18,0.0
8.5,0.767,0.9,0.17,-0.02
8.6,0.785,0.899,0.18,-0.01
8.700000000000001,0.808,0.896,0.23,-0.03
8.8,0.829,0.893,0.21,-0.03
8.9,0.849,0.891,0.2,-0.02
9.0,0.873,0.888,0.24,-0.03
9.1,0.897,0.884,0.24,-0.04
9.200000000000001,0.912,0.882,0.15,-0.02
9.3,0.928,0.88,0.16,-0.02
9.4,0.947,0.879,0.19,-0.01
9.5,0.969,0.878,0.22,-0.01
9.600000000000001,0.99,0.878,0.21,0.0
9.700000000000001,1.016,0.877,0.26,-0.01
9.8,1.036,0.877,0.2,0.0
9.9,1.064,0.877,0.28,0.0
10.0,1.081,0.876,0.17,-0.01
10.100000000000001,1.099,0.872,0.18,-0.04
10.200000000000001,1.118,0.87,0.19,-0.02
10.3,1.137,0.869,0.19,-0.01
10.4,1.162,0.867,0.25,-0.02
10.5,1.187,0.865,0.25,-0.02
10.600000000000001,1.209,0.862,0.22,-0.03
10.700000000000001,1.226,0.858,0.17,-0.04
10.8,1.234,0.856,0.08,-0.02
10.9,1.249,0.851,0.15,-0.05
11.0,1.268,0.847,0.19,-0.04
11.100000000000001,1.291,0.844,0.23,-0.03
11.200000000000001,1.307,0.84,0.16,-0.04
11.3,1.33,0.835,0.23,-0.05
11.4,1.343,0.832,0.13,-0.03
11.5,1.359,0.83,0.16,-0.02
11.600000000000001,1.371,0.827,0.12,-0.03
11.700000000000001,1.384,0.823,0.13,-0.04
11.8,1.395,0.82,0.11,-0.03
11.9,1.407,0.818,0.12,-0.02
12.0,1.416,0.814,0.09,-0.04
12.100000000000001,1.423,0.81,0.07,-0.04
12.200000000000001,1.431,0.806,0.08,-0.04
12.3,1.436,0.804,0.05,-0.02
12.4,1.439,0.803,0.03,-0.01
12.5,1.443,0.8,0.04,-0.03
12.600000000000001,1.448,0.798,0.05,-0.02
12.700000000000001,1.458,0.796,0.1,-0.02
12.8,1.462,0.795,0.04,-0.01
12.9,1.467,0.792,0.05,-0.03
13.0,1.476,0.789,0.09,-0.03
13.100000000000001,1.48,0.786,0.04,-0.03
13.200000000000001,1.483,0.783,0.03,-0.03
13.3,1.489,0.777,0.06,-0.06
13.4,1.491,0.775,0.02,-0.02
13.5,1.495,0.771,0.04,-0.04
13.600000000000001,1.498,0.769,0.03,-0.02
13.700000000000001,1.5,0.766,0.02,-0.03
13.8,1.501,0.765,0.01,-0.01
13.9,1.502,0.763,0.01,-0.02
14.0,1.503,0.759,0.01,-0.04
14.100000000000001,1.504,0.755,0.01,-0.04
14.200000000000001,1.503,0.751,-0.01,-0.04
14.3,1.5,0.745,-0.03,-0.06
14.4,1.496,0.739,-0.04,-0.06
14.5,1.49,0.73,-0.06,-0.09
14.600000000000001,1.481,0.719,-0.09,-0.11
14.700000000000001,1.469,0.706,-0.12,-0.13
14.8,1.46,0.695,-0.09,-0.11
14.9,1.45,0.684,-0.1,-0.11
15.0,1.438,0.674,-0.12,-0.1
15.100000000000001,1.43,0.667,-0.08,-0.07
15.200000000000001,1.412,0.655,-0.18,-0.12
15.3,1.397,0.646,-0.15,-0.09
15.4,1.376,0.633,-0.21,-0.13
15.5,1.356,0.619,-0.2,-0.14
15.600000000000001,1.338,0.607,-0.18,-0.12
15.700000000000001,1.321,0.594,-0.17,-0.13
15.8,1.307,0.586,-0.14,-0.08
15.9,1.291,0.576,-0.16,-0.1
16.0,1.276,0.567,-0.15,-0.09
16.1,1.262,0.558,-0.14,-0.09
16.2,1.245,0.549,-0.17,-0.09
16.3,1.231,0.541,-0.14,-0.08
16.400000000000002,1.22,0.533,-0.11,-0.08
16.5,1.206,0.523,-0.14,-0.1
16.6,1.193,0.513,-0.13,-0.1
16.7,1.181,0.505,-0.12,-0.08
16.8,1.168,0.495,-0.13,-0.1
16.900000000000002,1.157,0.487,-0.11,-0.08
17.0,1.146,0.478,-0.11,-0.09
17.1,1.133,0.467,-0.13,-0.11
17.2,1.123,0.458,-0.1,-0.09
17.3,1.116,0.449,-0.07,-0.09
17.400000000000002,1.112,0.443,-0.04,-0.06
17.5,1.106,0.434,-0.06,-0.09
17.6,1.1,0.425,-0.06,-0.09
17.7,1.093,0.414,-0.07,-0.11
17.8,1.089,0.406,-0.04,-0.08
17.900000000000002,1.084,0.399,-0.05,-0.07
18.0,1.081,0.395,-0.03,-0.04
18.1,1.078,0.391,-0.03,-0.04
18.2,1.075,0.386,-0.03,-0.05
18.3,1.073,0.383,-0.02,-0.03
18.400000000000002,1.072,0.381,-0.01,-0.02
18.5,1.071,0.381,-0.01,0.0
18.6,1.071,0.38,0.0,-0.01
18.7,1.071,0.38,0.0,0.0
