0.1,0.89,0.37,0.0,0.0
0.2,0.89,0.37,0.0,0.0
0.30000000000000004,0.887,0.373,-0.03,0.03
0.4,0.881,0.381,-0.06,0.08
0.5,0.878,0.385,-0.03,0.04
0.6000000000000001,0.873,0.392,-0.05,0.07
0.7000000000000001,0.863,0.404,-0.1,0.12
0.8,0.848,0.415,-0.15,0.11
0.9,0.836,0.424,-0.12,0.09
1.0,0.827,0.431,-0.09,0.07
1.1,0.813,0.442,-0.14,0.11
1.2000000000000002,0.801,0.451,-0.12,0.09
1.3,0.79,0.46,-0.11,0.09
1.4000000000000001,0.775,0.47,-0.15,0.1
1.5,0.762,0.478,-0.13,0.08
1.6,0.752,0.484,-0.1,0.06
1.7000000000000002,0.742,0.492,-0.1,0.08
1.8,0.728,0.503,-0.14,0.11
1.9000000000000001,0.716,0.511,-0.12,0.08
2.0,0.702,0.521,-0.14,0.1
2.1,0.687,0.534,-0.15,0.13
2.2,0.669,0.55,-0.18,0.16
2.3000000000000003,0.642,0.573,-0.27,0.23
2.4000000000000004,0.629,0.589,-0.13,0.16
2.5,0.622,0.596,-0.07,0.07
2.6,0.614,0.609,-0.08,0.13
2.7,0.605,0.621,-0.09,0.12
2.8000000000000003,0.595,0.634,-0.1,0.13
2.9000000000000004,0.586,0.646,-0.09,0.12
3.0,0.576,0.658,-0.1,0.12
3.1,0.56,0.675,-0.16,0.17
3.2,0.553,0.684,-0.07,0.09
3.3000000000000003,0.547,0.693,-0.06,0.09
3.4000000000000004,0.54,0.706,-0.07,0.13
3.5,0.536,0.718,-0.04,0.12
3.6,0.532,0.726,-0.04,0.08
3.7,0.527,0.734,-0.05,0.08
3.8000000000000003,0.524,0.742,-0.03,0.08
3.9000000000000004,0.522,0.749,-0.02,0.07
4.0,0.519,0.76,-0.03,0.11
4.1000000000000005,0.514,0.77,-0.05,0.1
4.2,0.508,0.782,-0.06,0.12
4.3,0.498,0.797,-0.1,0.15
4.4,0.49,0.809,-0.08,0.12
4.5,0.489,0.815,-0.01,0.06
4.6000000000000005,0.484,0.822,-0.05,0.07
4.7,0.483,0.827,-0.01,0.05
4.800000000000001,0.483,0.836,0.0,0.09
4.9,0.484,0.843,0.01,0.07
5.0,0.486,0.849,0.02,0.06
5.1000000000000005,0.488,0.853,0.02,0.04
5.2,0.491,0.86,0.03,0.07
5.300000000000001,0.494,0.865,0.03,0.05
5.4,0.496,0.871,0.02,0.06
5.5,0.498,0.879,0.02,0.08
5.6000000000000005,0.498,0.892,0.0,0.13
5.7,0.497,0.902,-0.01,0.1
5.800000000000001,0.497,0.907,0.0,0.05
5.9,0.497,0.917,0.0,0.1
6.0,0.497,0.92,0.0,0.03
6.1000000000000005,0.499,0.925,0.02,0.05
6.2,0.503,0.93,0.04,0.05
6.300000000000001,0.508,0.935,0.05,0.05
6.4,0.518,0.942,0.1,0.07
6.5,0.532,0.949,0.14,0.07
6.6000000000000005,0.542,0.952,0.1,0.03
6.7,0.552,0.955,0.1,0.03
6.800000000000001,0.562,0.958,0.1,0.03
6.9,0.569,0.959,0.07,0.01
7.0,0.58,0.96,0.11,0.01
7.1000000000000005,0.601,0.961,0.21,0.01
7.2,0.621,0.962,0.2,0.01
7.300000000000001,0.632,0.96,0.11,-0.02
7.4,0.653,0.956,0.21,-0.04
7.5,0.672,0.953,0.19,-0.03
7.6000000000000005,0.687,0.95,0.15,-0.03
7.7,0.704,0.946,0.17,-0.04
7.800000000000001,0.734,0.944,0.3,-0.02
7.9,0.758,0.94,0.24,-0.04
8.0,0.783,0.933,0.25,-0.07
8.1,0.811,0.929,0.28,-0.04
8.200000000000001,0.836,0.924,0.25,-0.05
8.3,0.873,0.919,0.37,-0.05
8.4,0.907,0.915,0.34,-0.04
8.5,0.946,0.912,0.39,-0.03
8.6,0.988,0.907,0.42,-0.05
8.700000000000001,1.012,0.903,0.24,-0.04
8.8,1.053,0.899,0.41,-0.04
8.9,1.083,0.894,0.3,-0.05
9.0,1.116,0.893,0.33,-0.01
9.1,1.135,0.889,0.19,-0.04
9.200000000000001,1.156,0.887,0.21,-0.02
9.3,1.171,0.887,0.15,0.0
9.4,1.187,0.884,0.16,-0.03
9.5,1.209,0.881,0.22,-0.03
9.600000000000001,1.229,0.878,0.2,-0.03
9.700000000000001,1.247,0.872,0.18,-0.06
9.8,1.267,0.869,0.2,-0.03
9.9,1.277,0.868,0.1,-0.01
10.0,1.294,0.863,0.17,-0.05
10.100000000000001,1.309,0.858,0.15,-0.05
10.200000000000001,1.32,0.853,0.11,-0.05
10.3,1.332,0.846,0.12,-0.07
10.4,1.346,0.841,0.14,-0.05
10.5,1.352,0.837,0.06,-0.04
10.600000000000001,1.365,0.832,0.13,-0.05
10.700000000000001,1.376,0.827,0.11,-0.05
10.8,1.388,0.823,0.12,-0.04
10.9,1.395,0.82,0.07,-0.03
11.0,1.411,0.815,0.16,-0.05
11.100000000000001,1.423,0.812,0.12,-0.03
11.200000000000001,1.429,0.808,0.06,-0.04
11.3,1.433,0.805,0.04,-0.03
11.4,1.435,0.801,0.02,-0.04
11.5,1.438,0.798,0.03,-0.03
11.600000000000001,1.447,0.792,0.09,-0.06
11.700000000000001,1.457,0.787,0.1,-0.05
11.8,1.464,0.781,0.07,-0.06
11.9,1.471,0.776,0.07,-0.05
12.0,1.479,0.773,0.08,-0.03
12.100000000000001,1.482,0.771,0.03,-0.02
12.200000000000001,1.484,0.77,0.02,-0.01
12.3,1.492,0.765,0.08,-0.05
12.4,1.496,0.76,0.04,-0.05
12.5,1.499,0.757,0.03,-0.03
12.600000000000001,1.5,0.752,0.01,-0.05
12.700000000000001,1.502,0.743,0.02,-0.09
12.8,1.504,0.733,0.02,-0.1
12.9,1.502,0.721,-0.02,-0.12
13.0,1.499,0.708,-0.03,-0.13
13.100000000000001,1.496,0.7,-0.03,-0.08
13.200000000000001,1.492,0.694,-0.04,-0.06
13.3,1.486,0.684,-0.06,-0.1
13.4,1.479,0.673,-0.07,-0.11
13.5,1.465,0.659,-0.14,-0.14
13.600000000000001,1.449,0.643,-0.16,-0.16
13.700000000000001,1.438,0.63,-0.11,-0.13
13.8,1.427,0.62,-0.11,-0.1
13.9,1.416,0.61,-0.11,-0.1
14.0,1.406,0.604,-0.1,-0.06
14.100000000000001,1.387,0.594,-0.19,-0.1
14.200000000000001,1.366,0.582,-0.21,-0.12
14.3,1.342,0.567,-0.24,-0.15
14.4,1.318,0.554,-0.24,-0.13
14.5,1.298,0.545,-0.2,-0.09
14.600000000000001,1.279,0.536,-0.19,-0.09
14.700000000000001,1.264,0.53,-0.15,-0.06
14.8,1.247,0.521,-0.17,-0.09
14.9,1.231,0.511,-0.16,-0.1
15.0,1.215,0.502,-0.16,-0.09
15.100000000000001,1.196,0.492,-0.19,-0.1
15.200000000000001,1.183,0.485,-0.13,-0.07
15.3,1.169,0.477,-0.14,-0.08
15.4,1.156,0.469,-0.13,-0.08
15.5,1.142,0.459,-0.14,-0.1
15.600000000000001,1.13,0.452,-0.12,-0.07
15.700000000000001,1.114,0.44,-0.16,-0.12
15.8,1.105,0.433,-0.09,-0.07
15.9,1.094,0.424,-0.11,-0.09
16.0,1.086,0.417,-0.08,-0.07
16.1,1.082,0.412,-0.04,-0.05
16.2,1.078,0.407,-0.04,-0.05
16.3,1.075,0.403,-0.03,-0.04
16.400000000000002,1.071,0.397,-0.04,-0.06
16.5,1.067,0.39,-0.04,-0.07
16.6,1.063,0.382,-0.04,-0.08
16.7,1.06,0.375,-0.03,-0.07
16.8,1.059,0.371,-0.01,-0.04
16.900000000000002,1.059,0.369,0.0,-0.02
