0.1,0.889,0.373,0.0,0.0
0.2,0.889,0.373,0.0,0.0
0.30000000000000004,0.889,0.373,0.0,0.0
0.4,0.888,0.375,-0.01,0.02
0.5,0.879,0.388,-0.09,0.13
0.6000000000000001,0.874,0.396,-0.05,0.08
0.7000000000000001,0.869,0.407,-0.05,0.11
0.8,0.864,0.418,-0.05,0.11
0.9,0.857,0.43,-0.07,0.12
1.0,0.852,0.438,-0.05,0.08
1.1,0.846,0.446,-0.06,0.08
1.2000000000000002,0.842,0.452,-0.04,0.06
1.3,0.836,0.46,-0.06,0.08
1.4000000000000001,0.829,0.467,-0.07,0.07
1.5,0.82,0.477,-0.09,0.1
1.6,0.809,0.487,-0.11,0.1
1.7000000000000002,0.801,0.495,-0.08,0.08
1.8,0.791,0.503,-0.1,0.08
1.9000000000000001,0.778,0.512,-0.13,0.09
2.0,0.768,0.52,-0.1,0.08
2.1,0.761,0.526,-0.07,0.06
2.2,0.752,0.532,-0.09,0.06
2.3000000000000003,0.741,0.539,-0.11,0.07
2.4000000000000004,0.732,0.545,-0.09,0.06
2.5,0.723,0.552,-0.09,0.07
2.6,0.715,0.559,-0.08,0.07
2.7,0.706,0.566,-0.09,0.07
2.8000000000000003,0.699,0.572,-0.07,0.06
2.9000000000000004,0.693,0.579,-0.06,0.07
3.0,0.683,0.591,-0.1,0.12
3.1,0.669,0.606,-0.14,0.15
3.2,0.658,0.622,-0.11,0.16
3.3000000000000003,0.645,0.638,-0.13,0.16
3.4000000000000004,0.634,0.649,-0.11,0.11
3.5,0.628,0.654,-0.06,0.05
3.6,0.622,0.66,-0.06,0.06
3.7,0.619,0.662,-0.03,0.02
3.8000000000000003,0.614,0.667,-0.05,0.05
3.9000000000000004,0.601,0.682,-0.13,0.15
4.0,0.59,0.695,-0.11,0.13
4.1000000000000005,0.58,0.706,-0.1,0.11
4.2,0.568,0.718,-0.12,0.12
4.3,0.555,0.731,-0.13,0.13
4.4,0.543,0.741,-0.12,0.1
4.5,0.53,0.752,-0.13,0.11
4.6000000000000005,0.522,0.759,-0.08,0.07
4.7,0.515,0.768,-0.07,0.09
4.800000000000001,0.511,0.774,-0.04,0.06
4.9,0.506,0.781,-0.05,0.07
5.0,0.499,0.797,-0.07,0.16
5.1000000000000005,0.491,0.812,-0.08,0.15
5.2,0.484,0.822,-0.07,0.1
5.300000000000001,0.479,0.829,-0.05,0.07
5.4,0.475,0.837,-0.04,0.08
5.5,0.474,0.84,-0.01,0.03
5.6000000000000005,0.474,0.84,0.0,0.0
5.7,0.474,0.84,0.0,0.0
5.800000000000001,0.474,0.846,0.0,0.06
5.9,0.474,0.853,0.0,0.07
6.0,0.474,0.857,0.0,0.04
6.1000000000000005,0.476,0.861,0.02,0.04
6.2,0.478,0.867,0.02,0.06
6.300000000000001,0.48,0.874,0.02,0.07
6.4,0.483,0.88,0.03,0.06
6.5,0.486,0.887,0.03,0.07
6.6000000000000005,0.488,0.896,0.02,0.09
6.7,0.489,0.901,0.01,0.05
6.800000000000001,0.489,0.903,0.0,0.02
6.9,0.49,0.906,0.01,0.03
7.0,0.492,0.908,0.02,0.02
7.1000000000000005,0.492,0.907,0.0,-0.01
7.2,0.494,0.907,0.02,0.0
7.300000000000001,0.502,0.906,0.08,-0.01
7.4,0.506,0.905,0.04,-0.01
7.5,0.51,0.905,0.04,0.0
7.6000000000000005,0.52,0.905,0.1,0.0
7.7,0.533,0.907,0.13,0.02
7.800000000000001,0.552,0.909,0.19,0.02
7.9,0.561,0.91,0.09,0.01
8.0,0.583,0.91,0.22,0.0
8.1,0.599,0.91,0.16,0.0
8.200000000000001,0.613,0.91,0.14,0.0
8.3,0.627,0.91,0.14,0.0
8.4,0.641,0.91,0.14,0.0
8.5,0.656,0.909,0.15,-0.01
8.6,0.674,0.909,0.18,0.0
8.700000000000001,0.691,0.908,0.17,-0.01
8.8,0.713,0.907,0.22,-0.01
8.9,0.738,0.907,0.25,0.0
9.0,0.752,0.904,0.14,-0.03
9.1,0.768,0.902,0.16,-0.02
9.200000000000001,0.782,0.898,0.14,-0.04
9.3,0.798,0.892,0.16,-0.06
9.4,0.821,0.885,0.23,-0.07
9.5,0.839,0.877,0.18,-0.08
9.600000000000001,0.858,0.871,0.19,-0.06
9.700000000000001,0.881,0.866,0.23,-0.05
9.8,0.897,0.863,0.16,-0.03
9.9,0.913,0.86,0.16,-0.03
10.0,0.933,0.858,0.2,-0.02
10.100000000000001,0.949,0.855,0.16,-0.03
10.200000000000001,0.965,0.854,0.16,-0.01
10.3,0.975,0.853,0.1,-0.01
10.4,0.989,0.853,0.14,0.0
10.5,1.008,0.853,0.19,0.0
10.600000000000001,1.033,0.853,0.25,0.0
10.700000000000001,1.063,0.853,0.3,0.0
10.8,1.087,0.853,0.24,0.0
10.9,1.113,0.853,0.26,0.0
11.0,1.131,0.848,0.18,-0.05
11.100000000000001,1.156,0.84,0.25,-0.08
11.200000000000001,1.173,0.839,0.17,-0.01
11.3,1.191,0.839,0.18,0.0
11.4,1.216,0.838,0.25,-0.01
11.5,1.228,0.835,0.12,-0.03
11.600000000000001,1.236,0.832,0.08,-0.03
11.700000000000001,1.264,0.826,0.28,-0.06
11.8,1.28,0.823,0.16,-0.03
11.9,1.294,0.82,0.14,-0.03
12.0,1.307,0.816,0.13,-0.04
12.100000000000001,1.317,0.813,0.1,-0.03
12.200000000000001,1.329,0.813,0.12,0.0
12.3,1.335,0.811,0.06,-0.02
12.4,1.345,0.809,0.1,-0.02
12.5,1.351,0.807,0.06,-0.02
12.600000000000001,1.364,0.803,0.13,-0.04
12.700000000000001,1.376,0.799,0.12,-0.04
12.8,1.38,0.798,0.04,-0.01
12.9,1.394,0.796,0.14,-0.02
13.0,1.4,0.794,0.06,-0.02
13.100000000000001,1.411,0.79,0.11,-0.04
13.200000000000001,1.418,0.788,0.07,-0.02
13.3,1.427,0.788,0.09,0.0
13.4,1.43,0.788,0.03,0.0
13.5,1.434,0.787,0.04,-0.01
13.600000000000001,1.445,0.782,0.11,-0.05
13.700000000000001,1.453,0.779,0.08,-0.03
13.8,1.459,0.776,0.06,-0.03
13.9,1.461,0.775,0.02,-0.01
14.0,1.466,0.771,0.05,-0.04
14.100000000000001,1.47,0.768,0.04,-0.03
14.200000000000001,1.473,0.767,0.03,-0.01
14.3,1.477,0.765,0.04,-0.02
14.4,1.487,0.764,0.1,-0.01
14.5,1.489,0.761,0.02,-0.03
14.600000000000001,1.493,0.76,0.04,-0.01
14.700000000000001,1.494,0.759,0.01,-0.01
14.8,1.494,0.759,0.0,0.0
14.9,1.495,0.757,0.01,-0.02
15.0,1.496,0.754,0.01,-0.03
15.100000000000001,1.498,0.749,0.02,-0.05
15.200000000000001,1.499,0.742,0.01,-0.07
15.3,1.5,0.734,0.01,-0.08
15.4,1.499,0.729,-0.01,-0.05
15.5,1.497,0.719,-0.02,-0.1
15.600000000000001,1.495,0.711,-0.02,-0.08
15.700000000000001,1.492,0.706,-0.03,-0.05
15.8,1.487,0.695,-0.05,-0.11
15.9,1.483,0.688,-0.04,-0.07
16.0,1.477,0.68,-0.06,-0.08
16.1,1.472,0.674,-0.05,-0.06
16.2,1.466,0.668,-0.06,-0.06
16.3,1.454,0.659,-0.12,-0.09
16.400000000000002,1.449,0.656,-0.05,-0.03
16.5,1.439,0.649,-0.1,-0.07
16.6,1.426,0.642,-0.13,-0.07
16.7,1.416,0.636,-0.1,-0.06
16.8,1.405,0.629,-0.11,-0.07
16.900000000000002,1.394,0.622,-0.11,-0.07
17.0,1.384,0.616,-0.1,-0.06
17.1,1.373,0.61,-0.11,-0.06
17.2,1.362,0.603,-0.11,-0.07
17.3,1.349,0.596,-0.13,-0.07
17.400000000000002,1.338,0.59,-0.11,-0.06
17.5,1.322,0.584,-0.16,-0.06
17.6,1.309,0.578,-0.13,-0.06
17.7,1.295,0.571,-0.14,-0.07
17.8,1.282,0.565,-0.13,-0.06
17.900000000000002,1.271,0.561,-0.11,-0.04
18.0,1.262,0.555,-0.09,-0.06
18.1,1.249,0.547,-0.13,-0.08
18.2,1.239,0.541,-0.1,-0.06
18.3,1.222,0.532,-0.17,-0.09
18.400000000000002,1.204,0.521,-0.18,-0.11
18.5,1.195,0.515,-0.09,-0.06
18.6,1.188,0.509,-0.07,-0.06
18.7,1.181,0.504,-0.07,-0.05
18.8,1.176,0.5,-0.05,-0.04
18.900000000000002,1.17,0.495,-0.06,-0.05
19.0,1.165,0.49,-0.05,-0.05
19.1,1.156,0.483,-0.09,-0.07
19.200000000000003,1.149,0.475,-0.07,-0.08
19.3,1.141,0.466,-0.08,-0.09
19.400000000000002,1.134,0.457,-0.07,-0.09
19.5,1.126,0.447,-0.08,-0.1
19.6,1.12,0.438,-0.06,-0.09
19.700000000000003,1.114,0.429,-0.06,-0.09
19.8,1.109,0.423,-0.05,-0.06
19.900000000000002,1.103,0.416,-0.06,-0.07
20.0,1.098,0.409,-0.05,-0.07
20.1,1.093,0.404,-0.05,-0.05
20.200000000000003,1.088,0.4,-0.05,-0.04
20.3,1.084,0.396,-0.04,-0.04
20.400000000000002,1.078,0.391,-0.06,-0.05
20.5,1.073,0.388,-0.05,-0.03
20.6,1.069,0.385,-0.04,-0.03
20.700000000000003,1.066,0.384,-0.03,-0.01
20.8,1.064,0.383,-0.02,-0.01
20.900000000000002,1.064,0.383,0.0,0.0
21.0,1.064,0.383,0.0,0.0
21.1,1.063,0.382,-0.01,-0.01
21.200000000000003,1.063,0.382,0.0,0.0
21.3,1.063,0.382,0.0,0.0
21.400000000000002,1.063,0.382,0.0,0.0
21.5,1.063,0.382,0.0,0.0
21.6,1.063,0.382,0.0,0.0
