0.1,0.886,0.37,0.0,0.0
0.2,0.884,0.372,-0.02,0.02
0.30000000000000004,0.876,0.381,-0.08,0.09
0.4,0.849,0.406,-0.27,0.25
0.5,0.831,0.43,-0.18,0.24
0.6000000000000001,0.816,0.452,-0.15,0.22
0.7000000000000001,0.809,0.464,-0.07,0.12
0.8,0.806,0.469,-0.03,0.05
0.9,0.803,0.473,-0.03,0.04
1.0,0.8,0.474,-0.03,0.01
1.1,0.791,0.48,-0.09,0.06
1.2000000000000002,0.778,0.492,-0.13,0.12
1.3,0.766,0.504,-0.12,0.12
1.4000000000000001,0.763,0.508,-0.03,0.04
1.5,0.758,0.515,-0.05,0.07
1.6,0.751,0.524,-0.07,0.09
1.7000000000000002,0.748,0.529,-0.03,0.05
1.8,0.742,0.534,-0.06,0.05
1.9000000000000001,0.729,0.545,-0.13,0.11
2.0,0.719,0.556,-0.1,0.11
2.1,0.713,0.562,-0.06,0.06
2.2,0.707,0.567,-0.06,0.05
2.3000000000000003,0.698,0.574,-0.09,0.07
2.4000000000000004,0.693,0.579,-0.05,0.05
2.5,0.686,0.585,-0.07,0.06
2.6,0.677,0.597,-0.09,0.12
2.7,0.668,0.608,-0.09,0.11
2.8000000000000003,0.659,0.62,-0.09,0.12
2.9000000000000004,0.65,0.632,-0.09,0.12
3.0,0.642,0.642,-0.08,0.1
3.1,0.635,0.652,-0.07,0.1
3.2,0.632,0.656,-0.03,0.04
3.3000000000000003,0.626,0.665,-0.06,0.09
3.4000000000000004,0.617,0.676,-0.09,0.11
3.5,0.61,0.687,-0.07,0.11
3.6,0.603,0.696,-0.07,0.09
3.7,0.595,0.706,-0.08,0.1
3.8000000000000003,0.594,0.709,-0.01,0.03
3.9000000000000004,0.592,0.713,-0.02,0.04
4.0,0.584,0.725,-0.08,0.12
4.1000000000000005,0.576,0.736,-0.08,0.11
4.2,0.568,0.745,-0.08,0.09
4.3,0.561,0.755,-0.07,0.1
4.4,0.551,0.766,-0.1,0.11
4.5,0.545,0.773,-0.06,0.07
4.6000000000000005,0.539,0.781,-0.06,0.08
4.7,0.531,0.792,-0.08,0.11
4.800000000000001,0.524,0.803,-0.07,0.11
4.9,0.518,0.81,-0.06,0.07
5.0,0.509,0.821,-0.09,0.11
5.1000000000000005,0.504,0.83,-0.05,0.09
5.2,0.497,0.841,-0.07,0.11
5.300000000000001,0.494,0.849,-0.03,0.08
5.4,0.492,0.856,-0.02,0.07
5.5,0.487,0.865,-0.05,0.09
5.6000000000000005,0.487,0.869,0.0,0.04
5.7,0.486,0.871,-0.01,0.02
5.800000000000001,0.487,0.883,0.01,0.12
5.9,0.487,0.89,0.0,0.07
6.0,0.491,0.895,0.04,0.05
6.1000000000000005,0.497,0.901,0.06,0.06
6.2,0.504,0.904,0.07,0.03
6.300000000000001,0.514,0.907,0.1,0.03
6.4,0.52,0.908,0.06,0.01
6.5,0.528,0.909,0.08,0.01
6.6000000000000005,0.536,0.911,0.08,0.02
6.7,0.545,0.914,0.09,0.03
6.800000000000001,0.556,0.917,0.11,0.03
6.9,0.572,0.92,0.16,0.03
7.0,0.585,0.922,0.13,0.02
7.1000000000000005,0.603,0.924,0.18,0.02
7.2,0.617,0.926,0.14,0.02
7.300000000000001,0.637,0.927,0.2,0.01
7.4,0.656,0.924,0.19,-0.03
7.5,0.676,0.923,0.2,-0.01
7.6000000000000005,0.694,0.921,0.18,-0.02
7.7,0.715,0.918,0.21,-0.03
7.800000000000001,0.739,0.917,0.24,-0.01
7.9,0.761,0.916,0.22,-0.01
8.0,0.789,0.914,0.28,-0.02
8.1,0.815,0.91,0.26,-0.04
8.200000000000001,0.829,0.908,0.14,-0.02
8.3,0.847,0.903,0.18,-0.05
8.4,0.867,0.9,0.2,-0.03
8.5,0.882,0.897,0.15,-0.03
8.6,0.901,0.893,0.19,-0.04
8.700000000000001,0.915,0.891,0.14,-0.02
8.8,0.931,0.887,0.16,-0.04
8.9,0.947,0.882,0.16,-0.05
9.0,0.961,0.877,0.14,-0.05
9.1,0.98,0.873,0.19,-0.04
9.200000000000001,0.995,0.867,0.15,-0.06
9.3,1.015,0.863,0.2,-0.04
9.4,1.027,0.861,0.12,-0.02
9.5,1.044,0.86,0.17,-0.01
9.600000000000001,1.069,0.86,0.25,0.0
9.700000000000001,1.08,0.858,0.11,-0.02
9.8,1.101,0.858,0.21,0.0
9.9,1.115,0.858,0.14,0.0
10.0,1.115,0.858,0.0,0.0
10.100000000000001,1.132,0.857,0.17,-0.01
10.200000000000001,1.145,0.856,0.13,-0.01
10.3,1.161,0.853,0.16,-0.03
10.4,1.178,0.853,0.17,0.0
10.5,1.186,0.852,0.08,-0.01
10.600000000000001,1.196,0.849,0.1,-0.03
10.700000000000001,1.201,0.848,0.05,-0.01
10.8,1.206,0.847,0.05,-0.01
10.9,1.227,0.844,0.21,-0.03
11.0,1.241,0.841,0.14,-0.03
11.100000000000001,1.257,0.839,0.16,-0.02
11.200000000000001,1.272,0.835,0.15,-0.04
11.3,1.287,0.83,0.15,-0.05
11.4,1.302,0.825,0.15,-0.05
11.5,1.32,0.822,0.18,-0.03
11.600000000000001,1.34,0.817,0.2,-0.05
11.700000000000001,1.364,0.814,0.24,-0.03
11.8,1.38,0.811,0.16,-0.03
11.9,1.395,0.808,0.15,-0.03
12.0,1.406,0.806,0.11,-0.02
12.100000000000001,1.406,0.805,0.0,-0.01
12.200000000000001,1.406,0.805,0.0,0.0
12.3,1.411,0.803,0.05,-0.02
12.4,1.421,0.799,0.1,-0.04
12.5,1.436,0.795,0.15,-0.04
12.600000000000001,1.444,0.792,0.08,-0.03
12.700000000000001,1.45,0.787,0.06,-0.05
12.8,1.459,0.783,0.09,-0.04
12.9,1.462,0.782,0.03,-0.01
13.0,1.47,0.779,0.08,-0.03
13.100000000000001,1.478,0.777,0.08,-0.02
13.200000000000001,1.476,0.775,-0.02,-0.02
13.3,1.478,0.771,0.02,-0.04
13.4,1.482,0.768,0.04,-0.03
13.5,1.489,0.765,0.07,-0.03
13.600000000000001,1.494,0.763,0.05,-0.02
13.700000000000001,1.496,0.759,0.02,-0.04
13.8,1.499,0.756,0.03,-0.03
13.9,1.502,0.754,0.03,-0.02
14.0,1.505,0.749,0.03,-0.05
14.100000000000001,1.508,0.741,0.03,-0.08
14.200000000000001,1.508,0.734,0.0,-0.07
14.3,1.507,0.721,-0.01,-0.13
14.4,1.503,0.71,-0.04,-0.11
14.5,1.498,0.698,-0.05,-0.12
14.600000000000001,1.492,0.687,-0.06,-0.11
14.700000000000001,1.485,0.675,-0.07,-0.12
14.8,1.479,0.667,-0.06,-0.08
14.9,1.472,0.66,-0.07,-0.07
15.0,1.461,0.648,-0.11,-0.12
15.100000000000001,1.449,0.636,-0.12,-0.12
15.200000000000001,1.432,0.621,-0.17,-0.15
15.3,1.419,0.609,-0.13,-0.12
15.4,1.402,0.595,-0.17,-0.14
15.5,1.376,0.579,-0.26,-0.16
15.600000000000001,1.362,0.571,-0.14,-0.08
15.700000000000001,1.339,0.558,-0.23,-0.13
15.8,1.312,0.544,-0.27,-0.14
15.9,1.297,0.532,-0.15,-0.12
16.0,1.279,0.521,-0.18,-0.11
16.1,1.263,0.51,-0.16,-0.11
16.2,1.244,0.499,-0.19,-0.11
16.3,1.229,0.488,-0.15,-0.11
16.400000000000002,1.213,0.478,-0.16,-0.1
16.5,1.201,0.468,-0.12,-0.1
16.6,1.188,0.46,-0.13,-0.08
16.7,1.176,0.452,-0.12,-0.08
16.8,1.162,0.443,-0.14,-0.09
16.900000000000002,1.149,0.435,-0.13,-0.08
17.0,1.137,0.427,-0.12,-0.08
17.1,1.127,0.421,-0.1,-0.06
17.2,1.119,0.415,-0.08,-0.06
17.3,1.108,0.409,-0.11,-0.06
17.400000000000002,1.098,0.402,-0.1,-0.07
17.5,1.087,0.397,-0.11,-0.05
17.6,1.08,0.392,-0.07,-0.05
17.7,1.075,0.389,-0.05,-0.03
17.8,1.071,0.387,-0.04,-0.02
17.900000000000002,1.068,0.386,-0.03,-0.01
18.0,1.066,0.386,-0.02,0.0
18.1,1.066,0.386,0.0,0.0
18.2,1.066,0.386,0.0,0.0
18.3,1.066,0.386,0.0,0.0
