0.1,0.876,0.379,-0.13,0.1
0.2,0.855,0.396,-0.21,0.17
0.30000000000000004,0.828,0.417,-0.27,0.21
0.4,0.818,0.426,-0.1,0.09
0.5,0.814,0.433,-0.04,0.07
0.6000000000000001,0.807,0.439,-0.07,0.06
0.7000000000000001,0.805,0.441,-0.02,0.02
0.8,0.8,0.446,-0.05,0.05
0.9,0.79,0.456,-0.1,0.1
1.0,0.783,0.465,-0.07,0.09
1.1,0.777,0.473,-0.06,0.08
1.2000000000000002,0.768,0.484,-0.09,0.11
1.3,0.762,0.492,-0.06,0.08
1.4000000000000001,0.757,0.498,-0.05,0.06
1.5,0.748,0.507,-0.09,0.09
1.6,0.74,0.516,-0.08,0.09
1.7000000000000002,0.735,0.524,-0.05,0.08
1.8,0.733,0.528,-0.02,0.04
1.9000000000000001,0.726,0.535,-0.07,0.07
2.0,0.722,0.54,-0.04,0.05
2.1,0.714,0.547,-0.08,0.07
2.2,0.707,0.553,-0.07,0.06
2.3000000000000003,0.701,0.558,-0.06,0.05
2.4000000000000004,0.692,0.566,-0.09,0.08
2.5,0.685,0.571,-0.07,0.05
2.6,0.676,0.579,-0.09,0.08
2.7,0.665,0.588,-0.11,0.09
2.8000000000000003,0.655,0.596,-0.1,0.08
2.9000000000000004,0.648,0.602,-0.07,0.06
3.0,0.639,0.611,-0.09,0.09
3.1,0.63,0.621,-0.09,0.1
3.2,0.623,0.629,-0.07,0.08
3.3000000000000003,0.614,0.639,-0.09,0.1
3.4000000000000004,0.604,0.649,-0.1,0.1
3.5,0.599,0.656,-0.05,0.07
3.6,0.591,0.667,-0.08,0.11
3.7,0.584,0.678,-0.07,0.11
3.8000000000000003,0.576,0.691,-0.08,0.13
3.9000000000000004,0.567,0.707,-0.09,0.16
4.0,0.559,0.719,-0.08,0.12
4.1000000000000005,0.552,0.728,-0.07,0.09
4.2,0.546,0.737,-0.06,0.09
4.3,0.543,0.741,-0.03,0.04
4.4,0.537,0.748,-0.06,0.07
4.5,0.53,0.757,-0.07,0.09
4.6000000000000005,0.522,0.767,-0.08,0.1
4.7,0.518,0.775,-0.04,0.08
4.800000000000001,0.512,0.785,-0.06,0.1
4.9,0.505,0.798,-0.07,0.13
5.0,0.499,0.811,-0.06,0.13
5.1000000000000005,0.494,0.823,-0.05,0.12
5.2,0.491,0.833,-0.03,0.1
5.300000000000001,0.487,0.841,-0.04,0.08
5.4,0.485,0.848,-0.02,0.07
5.5,0.482,0.855,-0.03,0.07
5.6000000000000005,0.481,0.864,-0.01,0.09
5.7,0.48,0.874,-0.01,0.1
5.800000000000001,0.482,0.881,0.02,0.07
5.9,0.484,0.884,0.02,0.03
6.0,0.486,0.885,0.02,0.01
6.1000000000000005,0.492,0.888,0.06,0.03
6.2,0.499,0.892,0.07,0.04
6.300000000000001,0.509,0.896,0.1,0.04
6.4,0.515,0.899,0.06,0.03
6.5,0.522,0.901,0.07,0.02
6.6000000000000005,0.53,0.904,0.08,0.03
6.7,0.536,0.906,0.06,0.02
6.800000000000001,0.545,0.908,0.09,0.02
6.9,0.555,0.91,0.1,0.02
7.0,0.567,0.912,0.12,0.02
7.1000000000000005,0.583,0.912,0.16,0.0
7.2,0.596,0.913,0.13,0.01
7.300000000000001,0.61,0.912,0.14,-0.01
7.4,0.627,0.912,0.17,0.0
7.5,0.648,0.908,0.21,-0.04
7.6000000000000005,0.66,0.903,0.12,-0.05
7.7,0.672,0.901,0.12,-0.02
7.800000000000001,0.69,0.895,0.18,-0.06
7.9,0.701,0.89,0.11,-0.05
8.0,0.713,0.884,0.12,-0.06
8.1,0.729,0.88,0.16,-0.04
8.200000000000001,0.742,0.878,0.13,-0.02
8.3,0.758,0.876,0.16,-0.02
8.4,0.772,0.874,0.14,-0.02
8.5,0.787,0.873,0.15,-0.01
8.6,0.805,0.874,0.18,0.01
8.700000000000001,0.819,0.874,0.14,0.0
8.8,0.836,0.876,0.17,0.02
8.9,0.853,0.876,0.17,0.0
9.0,0.865,0.876,0.12,0.0
9.1,0.882,0.875,0.17,-0.01
9.200000000000001,0.895,0.875,0.13,0.0
9.3,0.915,0.875,0.2,0.0
9.4,0.931,0.875,0.16,0.0
9.5,0.949,0.875,0.18,0.0
9.600000000000001,0.965,0.871,0.16,-0.04
9.700000000000001,0.972,0.868,0.07,-0.03
9.8,0.982,0.864,0.1,-0.04
9.9,0.991,0.862,0.09,-0.02
10.0,1.001,0.86,0.1,-0.02
10.100000000000001,1.015,0.853,0.14,-0.07
10.200000000000001,1.025,0.849,0.1,-0.04
10.3,1.039,0.844,0.14,-0.05
10.4,1.053,0.836,0.14,-0.08
10.5,1.064,0.831,0.11,-0.05
10.600000000000001,1.073,0.829,0.09,-0.02
10.700000000000001,1.085,0.827,0.12,-0.02
10.8,1.098,0.825,0.13,-0.02
10.9,1.115,0.822,0.17,-0.03
11.0,1.131,0.82,0.16,-0.02
11.100000000000001,1.146,0.82,0.15,0.0
11.200000000000001,1.157,0.821,0.11,0.01
11.3,1.176,0.823,0.19,0.02
11.4,1.194,0.824,0.18,0.01
11.5,1.208,0.824,0.14,0.0
11.600000000000001,1.223,0.824,0.15,0.0
11.700000000000001,1.24,0.824,0.17,0.0
11.8,1.255,0.824,0.15,0.0
11.9,1.274,0.826,0.19,0.02
12.0,1.284,0.826,0.1,0.0
12.100000000000001,1.3,0.826,0.16,0.0
12.200000000000001,1.314,0.825,0.14,-0.01
12.3,1.322,0.821,0.08,-0.04
12.4,1.33,0.816,0.08,-0.05
12.5,1.344,0.812,0.14,-0.04
12.600000000000001,1.354,0.808,0.1,-0.04
12.700000000000001,1.366,0.806,0.12,-0.02
12.8,1.38,0.803,0.14,-0.03
12.9,1.396,0.8,0.16,-0.03
13.0,1.408,0.798,0.12,-0.02
13.100000000000001,1.428,0.795,0.2,-0.03
13.200000000000001,1.43,0.794,0.02,-0.01
13.3,1.433,0.794,0.03,0.0
13.4,1.447,0.794,0.14,0.0
13.5,1.451,0.793,0.04,-0.01
13.600000000000001,1.459,0.791,0.08,-0.02
13.700000000000001,1.467,0.789,0.08,-0.02
13.8,1.486,0.783,0.19,-0.06
13.9,1.491,0.779,0.05,-0.04
14.0,1.497,0.775,0.06,-0.04
14.100000000000001,1.502,0.77,0.05,-0.05
14.200000000000001,1.505,0.766,0.03,-0.04
14.3,1.506,0.763,0.01,-0.03
14.4,1.505,0.759,-0.01,-0.04
14.5,1.504,0.754,-0.01,-0.05
14.600000000000001,1.501,0.748,-0.03,-0.06
14.700000000000001,1.497,0.742,-0.04,-0.06
14.8,1.491,0.735,-0.06,-0.07
14.9,1.484,0.726,-0.07,-0.09
15.0,1.477,0.716,-0.07,-0.1
15.100000000000001,1.467,0.707,-0.1,-0.09
15.200000000000001,1.457,0.697,-0.1,-0.1
15.3,1.451,0.691,-0.06,-0.06
15.4,1.441,0.68,-0.1,-0.11
15.5,1.431,0.668,-0.1,-0.12
15.600000000000001,1.417,0.656,-0.14,-0.12
15.700000000000001,1.406,0.646,-0.11,-0.1
15.8,1.393,0.637,-0.13,-0.09
15.9,1.381,0.628,-0.12,-0.09
16.0,1.369,0.621,-0.12,-0.07
16.1,1.353,0.611,-0.16,-0.1
16.2,1.339,0.601,-0.14,-0.1
16.3,1.323,0.59,-0.16,-0.11
16.400000000000002,1.309,0.582,-0.14,-0.08
16.5,1.293,0.572,-0.16,-0.1
16.6,1.274,0.56,-0.19,-0.12
16.7,1.256,0.551,-0.18,-0.09
16.8,1.234,0.539,-0.22,-0.12
16.900000000000002,1.216,0.53,-0.18,-0.09
17.0,1.196,0.519,-0.2,-0.11
17.1,1.182,0.511,-0.14,-0.08
17.2,1.165,0.498,-0.17,-0.13
17.3,1.155,0.49,-0.1,-0.08
17.400000000000002,1.143,0.48,-0.12,-0.1
17.5,1.129,0.468,-0.14,-0.12
17.6,1.118,0.457,-0.11,-0.11
17.7,1.111,0.449,-0.07,-0.08
17.8,1.106,0.441,-0.05,-0.08
17.900000000000002,1.101,0.434,-0.05,-0.07
18.0,1.097,0.427,-0.04,-0.07
18.1,1.092,0.419,-0.05,-0.08
18.2,1.088,0.413,-0.04,-0.06
18.3,1.085,0.408,-0.03,-0.05
18.400000000000002,1.081,0.404,-0.04,-0.04
18.5,1.077,0.399,-0.04,-0.05
18.6,1.074,0.394,-0.03,-0.05
18.7,1.07,0.389,-0.04,-0.05
18.8,1.068,0.385,-0.02,-0.04
18.900000000000002,1.065,0.381,-0.03,-0.04
19.0,1.064,0.379,-0.01,-0.02
19.1,1.064,0.379,0.0,0.0
19.200000000000003,1.064,0.379,0.0,0.0
19.3,1.064,0.379,0.0,0.0
19.400000000000002,1.064,0.379,0.0,0.0
19.5,1.064,0.379,0.0,0.0
19.6,1.064,0.379,0.0,0.0
19.700000000000003,1.064,0.379,0.0,0.0
19.8,1.064,0.379,0.0,0.0
