0.1,0.881,0.377,-0.08,0.06
0.2,0.878,0.382,-0.03,0.05
0.30000000000000004,0.875,0.386,-0.03,0.04
0.4,0.865,0.394,-0.1,0.08
0.5,0.859,0.402,-0.06,0.08
0.6000000000000001,0.853,0.409,-0.06,0.07
0.7000000000000001,0.846,0.419,-0.07,0.1
0.8,0.833,0.436,-0.13,0.17
0.9,0.816,0.455,-0.17,0.19
1.0,0.807,0.468,-0.09,0.13
1.1,0.793,0.48,-0.14,0.12
1.2000000000000002,0.781,0.492,-0.12,0.12
1.3,0.774,0.5,-0.07,0.08
1.4000000000000001,0.762,0.51,-0.12,0.1
1.5,0.751,0.521,-0.11,0.11
1.6,0.738,0.53,-0.13,0.09
1.7000000000000002,0.728,0.537,-0.1,0.07
1.8,0.72,0.542,-0.08,0.05
1.9000000000000001,0.711,0.548,-0.09,0.06
2.0,0.704,0.554,-0.07,0.06
2.1,0.698,0.559,-0.06,0.05
2.2,0.69,0.565,-0.08,0.06
2.3000000000000003,0.685,0.568,-0.05,0.03
2.4000000000000004,0.677,0.576,-0.08,0.08
2.5,0.66,0.593,-0.17,0.17
2.6,0.649,0.61,-0.11,0.17
2.7,0.632,0.631,-0.17,0.21
2.8000000000000003,0.62,0.645,-0.12,0.14
2.9000000000000004,0.615,0.653,-0.05,0.08
3.0,0.605,0.662,-0.1,0.09
3.1,0.604,0.663,-0.01,0.01
3.2,0.596,0.674,-0.08,0.11
3.3000000000000003,0.583,0.689,-0.13,0.15
3.4000000000000004,0.572,0.698,-0.11,0.09
3.5,0.566,0.705,-0.06,0.07
3.6,0.559,0.714,-0.07,0.09
3.7,0.554,0.72,-0.05,0.06
3.8000000000000003,0.55,0.727,-0.04,0.07
3.9000000000000004,0.546,0.733,-0.04,0.06
4.0,0.539,0.742,-0.07,0.09
4.1000000000000005,0.531,0.751,-0.08,0.09
4.2,0.522,0.763,-0.09,0.12
4.3,0.513,0.777,-0.09,0.14
4.4,0.508,0.786,-0.05,0.09
4.5,0.498,0.798,-0.1,0.12
4.6000000000000005,0.495,0.803,-0.03,0.05
4.7,0.493,0.806,-0.02,0.03
4.800000000000001,0.488,0.812,-0.05,0.06
4.9,0.487,0.813,-0.01,0.01
5.0,0.481,0.817,-0.06,0.04
5.1000000000000005,0.477,0.823,-0.04,0.06
5.2,0.47,0.832,-0.07,0.09
5.300000000000001,0.468,0.836,-0.02,0.04
5.4,0.465,0.842,-0.03,0.06
5.5,0.462,0.847,-0.03,0.05
5.6000000000000005,0.462,0.85,0.0,0.03
5.7,0.462,0.854,0.0,0.04
5.800000000000001,0.464,0.86,0.02,0.06
5.9,0.466,0.864,0.02,0.04
6.0,0.471,0.871,0.05,0.07
6.1000000000000005,0.476,0.877,0.05,0.06
6.2,0.48,0.882,0.04,0.05
6.300000000000001,0.485,0.889,0.05,0.07
6.4,0.488,0.894,0.03,0.05
6.5,0.489,0.897,0.01,0.03
6.6000000000000005,0.491,0.902,0.02,0.05
6.7,0.494,0.907,0.03,0.05
6.800000000000001,0.497,0.91,0.03,0.03
6.9,0.501,0.913,0.04,0.03
7.0,0.51,0.916,0.09,0.03
7.1000000000000005,0.514,0.918,0.04,0.02
7.2,0.522,0.922,0.08,0.04
7.300000000000001,0.537,0.925,0.15,0.03
7.4,0.549,0.927,0.12,0.02
7.5,0.56,0.929,0.11,0.02
7.6000000000000005,0.571,0.93,0.11,0.01
7.7,0.585,0.93,0.14,0.0
7.800000000000001,0.604,0.928,0.19,-0.02
7.9,0.62,0.926,0.16,-0.02
8.0,0.641,0.923,0.21,-0.03
8.1,0.669,0.92,0.28,-0.03
8.200000000000001,0.693,0.919,0.24,-0.01
8.3,0.719,0.917,0.26,-0.02
8.4,0.749,0.913,0.3,-0.04
8.5,0.784,0.907,0.35,-0.06
8.6,0.816,0.902,0.32,-0.05
8.700000000000001,0.839,0.898,0.23,-0.04
8.8,0.874,0.889,0.35,-0.09
8.9,0.908,0.883,0.34,-0.06
9.0,0.938,0.88,0.3,-0.03
9.1,0.968,0.875,0.3,-0.05
9.200000000000001,0.992,0.874,0.24,-0.01
9.3,1.024,0.872,0.32,-0.02
9.4,1.059,0.868,0.35,-0.04
9.5,1.108,0.867,0.49,-0.01
9.600000000000001,1.147,0.865,0.39,-0.02
9.700000000000001,1.2,0.865,0.53,0.0
9.8,1.234,0.865,0.34,0.0
9.9,1.255,0.863,0.21,-0.02
10.0,1.281,0.863,0.26,0.0
10.100000000000001,1.301,0.861,0.2,-0.02
10.200000000000001,1.316,0.858,0.15,-0.03
10.3,1.337,0.855,0.21,-0.03
10.4,1.355,0.853,0.18,-0.02
10.5,1.367,0.85,0.12,-0.03
10.600000000000001,1.382,0.846,0.15,-0.04
10.700000000000001,1.396,0.842,0.14,-0.04
10.8,1.409,0.837,0.13,-0.05
10.9,1.42,0.831,0.11,-0.06
11.0,1.434,0.826,0.14,-0.05
11.100000000000001,1.443,0.821,0.09,-0.05
11.200000000000001,1.454,0.816,0.11,-0.05
11.3,1.463,0.812,0.09,-0.04
11.4,1.467,0.808,0.04,-0.04
11.5,1.477,0.802,0.1,-0.06
11.600000000000001,1.484,0.796,0.07,-0.06
11.700000000000001,1.488,0.787,0.04,-0.09
11.8,1.493,0.78,0.05,-0.07
11.9,1.495,0.774,0.02,-0.06
12.0,1.498,0.767,0.03,-0.07
12.100000000000001,1.498,0.758,0.0,-0.09
12.200000000000001,1.5,0.751,0.02,-0.07
12.3,1.5,0.745,0.0,-0.06
12.4,1.498,0.736,-0.02,-0.09
12.5,1.496,0.73,-0.02,-0.06
12.600000000000001,1.491,0.719,-0.05,-0.11
12.700000000000001,1.487,0.712,-0.04,-0.07
12.8,1.482,0.702,-0.05,-0.1
12.9,1.477,0.692,-0.05,-0.1
13.0,1.472,0.684,-0.05,-0.08
13.100000000000001,1.464,0.673,-0.08,-0.11
13.200000000000001,1.455,0.663,-0.09,-0.1
13.3,1.444,0.653,-0.11,-0.1
13.4,1.432,0.64,-0.12,-0.13
13.5,1.419,0.626,-0.13,-0.14
13.600000000000001,1.402,0.613,-0.17,-0.13
13.700000000000001,1.388,0.6,-0.14,-0.13
13.8,1.377,0.592,-0.11,-0.08
13.9,1.362,0.579,-0.15,-0.13
14.0,1.349,0.571,-0.13,-0.08
14.100000000000001,1.331,0.56,-0.18,-0.11
14.200000000000001,1.317,0.554,-0.14,-0.06
14.3,1.308,0.551,-0.09,-0.03
14.4,1.299,0.547,-0.09,-0.04
14.5,1.287,0.541,-0.12,-0.06
14.600000000000001,1.272,0.535,-0.15,-0.06
14.700000000000001,1.259,0.528,-0.13,-0.07
14.8,1.248,0.522,-0.11,-0.06
14.9,1.234,0.514,-0.14,-0.08
15.0,1.22,0.506,-0.14,-0.08
15.100000000000001,1.211,0.5,-0.09,-0.06
15.200000000000001,1.204,0.496,-0.07,-0.04
15.3,1.196,0.49,-0.08,-0.06
15.4,1.187,0.484,-0.09,-0.06
15.5,1.178,0.477,-0.09,-0.07
15.600000000000001,1.167,0.469,-0.11,-0.08
15.700000000000001,1.159,0.462,-0.08,-0.07
15.8,1.152,0.455,-0.07,-0.07
15.9,1.147,0.45,-0.05,-0.05
16.0,1.142,0.446,-0.05,-0.04
16.1,1.136,0.441,-0.06,-0.05
16.2,1.13,0.436,-0.06,-0.05
16.3,1.127,0.433,-0.03,-0.03
16.400000000000002,1.124,0.432,-0.03,-0.01
16.5,1.118,0.425,-0.06,-0.07
16.6,1.112,0.42,-0.06,-0.05
16.7,1.108,0.416,-0.04,-0.04
16.8,1.101,0.411,-0.07,-0.05
16.900000000000002,1.094,0.404,-0.07,-0.07
17.0,1.089,0.4,-0.05,-0.04
17.1,1.083,0.395,-0.06,-0.05
17.2,1.078,0.39,-0.05,-0.05
17.3,1.077,0.39,-0.01,0.0
17.400000000000002,1.077,0.39,0.0,0.0
17.5,1.075,0.388,-0.02,-0.02
17.6,1.061,0.377,-0.14,-0.11
17.7,1.057,0.375,-0.04,-0.02
