0.1,0.892,0.371,0.0,0.0
0.2,0.886,0.374,-0.06,0.03
0.30000000000000004,0.851,0.402,-0.35,0.28
0.4,0.815,0.445,-0.36,0.43
0.5,0.801,0.465,-0.14,0.2
0.6000000000000001,0.789,0.479,-0.12,0.14
0.7000000000000001,0.781,0.487,-0.08,0.08
0.8,0.774,0.494,-0.07,0.07
0.9,0.763,0.503,-0.11,0.09
1.0,0.753,0.512,-0.1,0.09
1.1,0.741,0.521,-0.12,0.09
1.2000000000000002,0.733,0.529,-0.08,0.08
1.3,0.723,0.538,-0.1,0.09
1.4000000000000001,0.715,0.547,-0.08,0.09
1.5,0.706,0.558,-0.09,0.11
1.6,0.7,0.564,-0.06,0.06
1.7000000000000002,0.693,0.574,-0.07,0.1
1.8,0.681,0.585,-0.12,0.11
1.9000000000000001,0.674,0.592,-0.07,0.07
2.0,0.668,0.601,-0.06,0.09
2.1,0.659,0.611,-0.09,0.1
2.2,0.652,0.621,-0.07,0.1
2.3000000000000003,0.642,0.633,-0.1,0.12
2.4000000000000004,0.63,0.648,-0.12,0.15
2.5,0.621,0.658,-0.09,0.1
2.6,0.614,0.668,-0.07,0.1
2.7,0.61,0.673,-0.04,0.05
2.8000000000000003,0.602,0.681,-0.08,0.08
2.9000000000000004,0.596,0.689,-0.06,0.08
3.0,0.586,0.701,-0.1,0.12
3.1,0.579,0.71,-0.07,0.09
3.2,0.573,0.72,-0.06,0.1
3.3000000000000003,0.562,0.732,-0.11,0.12
3.4000000000000004,0.551,0.747,-0.11,0.15
3.5,0.547,0.755,-0.04,0.08
3.6,0.54,0.765,-0.07,0.1
3.7,0.534,0.774,-0.06,0.09
3.8000000000000003,0.528,0.783,-0.06,0.09
3.9000000000000004,0.524,0.789,-0.04,0.06
4.0,0.519,0.798,-0.05,0.09
4.1000000000000005,0.514,0.809,-0.05,0.11
4.2,0.509,0.817,-0.05,0.08
4.3,0.503,0.829,-0.06,0.12
4.4,0.499,0.838,-0.04,0.09
4.5,0.496,0.843,-0.03,0.05
4.6000000000000005,0.495,0.847,-0.01,0.04
4.7,0.492,0.852,-0.03,0.05
4.800000000000001,0.492,0.856,0.0,0.04
4.9,0.493,0.86,0.01,0.04
5.0,0.493,0.867,0.0,0.07
5.1000000000000005,0.493,0.872,0.0,0.05
5.2,0.494,0.878,0.01,0.06
5.300000000000001,0.494,0.884,0.0,0.06
5.4,0.495,0.889,0.01,0.05
5.5,0.495,0.896,0.0,0.07
5.6000000000000005,0.495,0.904,0.0,0.08
5.7,0.497,0.91,0.02,0.06
5.800000000000001,0.502,0.918,0.05,0.08
5.9,0.507,0.927,0.05,0.09
6.0,0.512,0.93,0.05,0.03
6.1000000000000005,0.517,0.934,0.05,0.04
6.2,0.527,0.94,0.1,0.06
6.300000000000001,0.541,0.947,0.14,0.07
6.4,0.549,0.95,0.08,0.03
6.5,0.561,0.954,0.12,0.04
6.6000000000000005,0.574,0.959,0.13,0.05
6.7,0.588,0.961,0.14,0.02
6.800000000000001,0.599,0.964,0.11,0.03
6.9,0.619,0.964,0.2,0.0
7.0,0.634,0.964,0.15,0.0
7.1000000000000005,0.649,0.961,0.15,-0.03
7.2,0.666,0.96,0.17,-0.01
7.300000000000001,0.685,0.959,0.19,-0.01
7.4,0.701,0.957,0.16,-0.02
7.5,0.718,0.955,0.17,-0.02
7.6000000000000005,0.738,0.953,0.2,-0.02
7.7,0.752,0.95,0.14,-0.03
7.800000000000001,0.769,0.95,0.17,0.0
7.9,0.784,0.948,0.15,-0.02
8.0,0.798,0.947,0.14,-0.01
8.1,0.814,0.947,0.16,0.0
8.200000000000001,0.825,0.947,0.11,0.0
8.3,0.844,0.947,0.19,0.0
8.4,0.865,0.947,0.21,0.0
8.5,0.88,0.944,0.15,-0.03
8.6,0.896,0.942,0.16,-0.02
8.700000000000001,0.903,0.939,0.07,-0.03
8.8,0.913,0.935,0.1,-0.04
8.9,0.932,0.933,0.19,-0.02
9.0,0.946,0.929,0.14,-0.04
9.1,0.96,0.927,0.14,-0.02
9.200000000000001,0.979,0.924,0.19,-0.03
9.3,0.992,0.921,0.13,-0.03
9.4,1.009,0.918,0.17,-0.03
9.5,1.033,0.917,0.24,-0.01
9.600000000000001,1.044,0.914,0.11,-0.03
9.700000000000001,1.064,0.911,0.2,-0.03
9.8,1.087,0.91,0.23,-0.01
9.9,1.099,0.908,0.12,-0.02
10.0,1.12,0.904,0.21,-0.04
10.100000000000001,1.13,0.896,0.1,-0.08
10.200000000000001,1.142,0.893,0.12,-0.03
10.3,1.154,0.891,0.12,-0.02
10.4,1.168,0.889,0.14,-0.02
10.5,1.183,0.884,0.15,-0.05
10.600000000000001,1.191,0.882,0.08,-0.02
10.700000000000001,1.204,0.88,0.13,-0.02
10.8,1.214,0.877,0.1,-0.03
10.9,1.225,0.874,0.11,-0.03
11.0,1.246,0.872,0.21,-0.02
11.100000000000001,1.267,0.872,0.21,0.0
11.200000000000001,1.281,0.87,0.14,-0.02
11.3,1.305,0.867,0.24,-0.03
11.4,1.312,0.865,0.07,-0.02
11.5,1.328,0.863,0.16,-0.02
11.600000000000001,1.335,0.857,0.07,-0.06
11.700000000000001,1.337,0.853,0.02,-0.04
11.8,1.348,0.851,0.11,-0.02
11.9,1.354,0.846,0.06,-0.05
12.0,1.366,0.841,0.12,-0.05
12.100000000000001,1.378,0.837,0.12,-0.04
12.200000000000001,1.389,0.831,0.11,-0.06
12.3,1.403,0.826,0.14,-0.05
12.4,1.415,0.821,0.12,-0.05
12.5,1.428,0.817,0.13,-0.04
12.600000000000001,1.44,0.814,0.12,-0.03
12.700000000000001,1.445,0.811,0.05,-0.03
12.8,1.456,0.807,0.11,-0.04
12.9,1.462,0.804,0.06,-0.03
13.0,1.47,0.799,0.08,-0.05
13.100000000000001,1.473,0.795,0.03,-0.04
13.200000000000001,1.478,0.79,0.05,-0.05
13.3,1.481,0.785,0.03,-0.05
13.4,1.484,0.782,0.03,-0.03
13.5,1.485,0.777,0.01,-0.05
13.600000000000001,1.487,0.769,0.02,-0.08
13.700000000000001,1.492,0.76,0.05,-0.09
13.8,1.495,0.754,0.03,-0.06
13.9,1.496,0.749,0.01,-0.05
14.0,1.498,0.74,0.02,-0.09
14.100000000000001,1.499,0.736,0.01,-0.04
14.200000000000001,1.499,0.733,0.0,-0.03
14.3,1.5,0.727,0.01,-0.06
14.4,1.499,0.715,-0.01,-0.12
14.5,1.498,0.708,-0.01,-0.07
14.600000000000001,1.496,0.699,-0.02,-0.09
14.700000000000001,1.492,0.689,-0.04,-0.1
14.8,1.49,0.682,-0.02,-0.07
14.9,1.488,0.678,-0.02,-0.04
15.0,1.485,0.672,-0.03,-0.06
15.100000000000001,1.481,0.664,-0.04,-0.08
15.200000000000001,1.476,0.653,-0.05,-0.11
15.3,1.468,0.641,-0.08,-0.12
15.4,1.461,0.63,-0.07,-0.11
15.5,1.453,0.619,-0.08,-0.11
15.600000000000001,1.441,0.608,-0.12,-0.11
15.700000000000001,1.431,0.6,-0.1,-0.08
15.8,1.419,0.592,-0.12,-0.08
15.9,1.407,0.583,-0.12,-0.09
16.0,1.387,0.573,-0.2,-0.1
16.1,1.37,0.565,-0.17,-0.08
16.2,1.352,0.557,-0.18,-0.08
16.3,1.34,0.554,-0.12,-0.03
16.400000000000002,1.325,0.547,-0.15,-0.07
16.5,1.304,0.537,-0.21,-0.1
16.6,1.288,0.527,-0.16,-0.1
16.7,1.276,0.52,-0.12,-0.07
16.8,1.264,0.511,-0.12,-0.09
16.900000000000002,1.25,0.502,-0.14,-0.09
17.0,1.235,0.494,-0.15,-0.08
17.1,1.223,0.486,-0.12,-0.08
17.2,1.211,0.479,-0.12,-0.07
17.3,1.2,0.472,-0.11,-0.07
17.400000000000002,1.185,0.462,-0.15,-0.1
17.5,1.174,0.454,-0.11,-0.08
17.6,1.161,0.444,-0.13,-0.1
17.7,1.147,0.433,-0.14,-0.11
17.8,1.137,0.425,-0.1,-0.08
17.900000000000002,1.126,0.417,-0.11,-0.08
18.0,1.115,0.409,-0.11,-0.08
18.1,1.109,0.403,-0.06,-0.06
18.2,1.1,0.397,-0.09,-0.06
18.3,1.095,0.393,-0.05,-0.04
18.400000000000002,1.09,0.39,-0.05,-0.03
18.5,1.085,0.387,-0.05,-0.03
18.6,1.076,0.382,-0.09,-0.05
18.7,1.071,0.379,-0.05,-0.03
18.8,1.07,0.377,-0.01,-0.02
18.900000000000002,1.07,0.377,0.0,0.0
19.0,1.067,0.377,-0.03,0.0
19.1,1.066,0.377,-0.01,0.0
19.200000000000003,1.066,0.377,0.0,0.0
19.3,1.066,0.377,0.0,0.0
19.400000000000002,1.065,0.377,-0.01,0.0
