0.1,0.889,0.37,0.0,0.0
0.2,0.868,0.386,-0.21,0.16
0.30000000000000004,0.845,0.405,-0.23,0.19
0.4,0.824,0.426,-0.21,0.21
0.5,0.813,0.445,-0.11,0.19
0.6000000000000001,0.802,0.462,-0.11,0.17
0.7000000000000001,0.796,0.472,-0.06,0.1
0.8,0.791,0.48,-0.05,0.08
0.9,0.783,0.49,-0.08,0.1
1.0,0.774,0.502,-0.09,0.12
1.1,0.761,0.513,-0.13,0.11
1.2000000000000002,0.754,0.52,-0.07,0.07
1.3,0.746,0.529,-0.08,0.09
1.4000000000000001,0.733,0.542,-0.13,0.13
1.5,0.727,0.549,-0.06,0.07
1.6,0.721,0.557,-0.06,0.08
1.7000000000000002,0.707,0.572,-0.14,0.15
1.8,0.696,0.586,-0.11,0.14
1.9000000000000001,0.684,0.596,-0.12,0.1
2.0,0.675,0.605,-0.09,0.09
2.1,0.665,0.617,-0.1,0.12
2.2,0.657,0.627,-0.08,0.1
2.3000000000000003,0.651,0.635,-0.06,0.08
2.4000000000000004,0.643,0.647,-0.08,0.12
2.5,0.636,0.658,-0.07,0.11
2.6,0.63,0.669,-0.06,0.11
2.7,0.621,0.684,-0.09,0.15
2.8000000000000003,0.604,0.71,-0.17,0.26
2.9000000000000004,0.593,0.725,-0.11,0.15
3.0,0.584,0.742,-0.09,0.17
3.1,0.576,0.753,-0.08,0.11
3.2,0.571,0.763,-0.05,0.1
3.3000000000000003,0.564,0.775,-0.07,0.12
3.4000000000000004,0.56,0.783,-0.04,0.08
3.5,0.551,0.793,-0.09,0.1
3.6,0.54,0.806,-0.11,0.13
3.7,0.535,0.812,-0.05,0.06
3.8000000000000003,0.53,0.82,-0.05,0.08
3.9000000000000004,0.525,0.827,-0.05,0.07
4.0,0.521,0.833,-0.04,0.06
4.1000000000000005,0.518,0.839,-0.03,0.06
4.2,0.513,0.845,-0.05,0.06
4.3,0.508,0.853,-0.05,0.08
4.4,0.503,0.862,-0.05,0.09
4.5,0.498,0.874,-0.05,0.12
4.6000000000000005,0.494,0.882,-0.04,0.08
4.7,0.493,0.887,-0.01,0.05
4.800000000000001,0.493,0.893,0.0,0.06
4.9,0.495,0.899,0.02,0.06
5.0,0.496,0.905,0.01,0.06
5.1000000000000005,0.497,0.911,0.01,0.06
5.2,0.498,0.917,0.01,0.06
5.300000000000001,0.5,0.922,0.02,0.05
5.4,0.503,0.927,0.03,0.05
5.5,0.506,0.932,0.03,0.05
5.6000000000000005,0.51,0.937,0.04,0.05
5.7,0.515,0.943,0.05,0.06
5.800000000000001,0.521,0.947,0.06,0.04
5.9,0.53,0.953,0.09,0.06
6.0,0.542,0.958,0.12,0.05
6.1000000000000005,0.555,0.961,0.13,0.03
6.2,0.57,0.964,0.15,0.03
6.300000000000001,0.583,0.966,0.13,0.02
6.4,0.591,0.967,0.08,0.01
6.5,0.603,0.964,0.12,-0.03
6.6000000000000005,0.62,0.961,0.17,-0.03
6.7,0.637,0.958,0.17,-0.03
6.800000000000001,0.654,0.953,0.17,-0.05
6.9,0.671,0.949,0.17,-0.04
7.0,0.686,0.947,0.15,-0.02
7.1000000000000005,0.704,0.944,0.18,-0.03
7.2,0.727,0.941,0.23,-0.03
7.300000000000001,0.749,0.937,0.22,-0.04
7.4,0.772,0.935,0.23,-0.02
7.5,0.793,0.932,0.21,-0.03
7.6000000000000005,0.812,0.931,0.19,-0.01
7.7,0.825,0.931,0.13,0.0
7.800000000000001,0.841,0.931,0.16,0.0
7.9,0.855,0.93,0.14,-0.01
8.0,0.877,0.928,0.22,-0.02
8.1,0.895,0.927,0.18,-0.01
8.200000000000001,0.917,0.926,0.22,-0.01
8.3,0.946,0.921,0.29,-0.05
8.4,0.971,0.916,0.25,-0.05
8.5,1.0,0.91,0.29,-0.06
8.6,1.018,0.903,0.18,-0.07
8.700000000000001,1.038,0.897,0.2,-0.06
8.8,1.068,0.888,0.3,-0.09
8.9,1.091,0.881,0.23,-0.07
9.0,1.119,0.874,0.28,-0.07
9.1,1.148,0.87,0.29,-0.04
9.200000000000001,1.168,0.865,0.2,-0.05
9.3,1.191,0.864,0.23,-0.01
9.4,1.205,0.861,0.14,-0.03
9.5,1.219,0.857,0.14,-0.04
9.600000000000001,1.239,0.853,0.2,-0.04
9.700000000000001,1.256,0.849,0.17,-0.04
9.8,1.271,0.845,0.15,-0.04
9.9,1.286,0.841,0.15,-0.04
10.0,1.298,0.839,0.12,-0.02
10.100000000000001,1.309,0.836,0.11,-0.03
10.200000000000001,1.324,0.83,0.15,-0.06
10.3,1.335,0.827,0.11,-0.03
10.4,1.349,0.822,0.14,-0.05
10.5,1.361,0.817,0.12,-0.05
10.600000000000001,1.374,0.813,0.13,-0.04
10.700000000000001,1.384,0.809,0.1,-0.04
10.8,1.391,0.805,0.07,-0.04
10.9,1.399,0.801,0.08,-0.04
11.0,1.405,0.798,0.06,-0.03
11.100000000000001,1.412,0.796,0.07,-0.02
11.200000000000001,1.422,0.792,0.1,-0.04
11.3,1.428,0.79,0.06,-0.02
11.4,1.433,0.788,0.05,-0.02
11.5,1.442,0.782,0.09,-0.06
11.600000000000001,1.446,0.779,0.04,-0.03
11.700000000000001,1.453,0.774,0.07,-0.05
11.8,1.46,0.769,0.07,-0.05
11.9,1.466,0.765,0.06,-0.04
12.0,1.472,0.761,0.06,-0.04
12.100000000000001,1.473,0.758,0.01,-0.03
12.200000000000001,1.474,0.755,0.01,-0.03
12.3,1.474,0.755,0.0,0.0
12.4,1.475,0.755,0.01,0.0
12.5,1.482,0.751,0.07,-0.04
12.600000000000001,1.484,0.75,0.02,-0.01
12.700000000000001,1.489,0.749,0.05,-0.01
12.8,1.494,0.747,0.05,-0.02
12.9,1.498,0.744,0.04,-0.03
13.0,1.505,0.742,0.07,-0.02
13.100000000000001,1.507,0.74,0.02,-0.02
13.200000000000001,1.512,0.735,0.05,-0.05
13.3,1.516,0.728,0.04,-0.07
13.4,1.518,0.72,0.02,-0.08
13.5,1.52,0.712,0.02,-0.08
13.600000000000001,1.52,0.704,0.0,-0.08
13.700000000000001,1.521,0.697,0.01,-0.07
13.8,1.52,0.691,-0.01,-0.06
13.9,1.518,0.685,-0.02,-0.06
14.0,1.517,0.678,-0.01,-0.07
14.100000000000001,1.512,0.669,-0.05,-0.09
14.200000000000001,1.506,0.658,-0.06,-0.11
14.3,1.497,0.646,-0.09,-0.12
14.4,1.487,0.635,-0.1,-0.11
14.5,1.473,0.622,-0.14,-0.13
14.600000000000001,1.458,0.608,-0.15,-0.14
14.700000000000001,1.442,0.596,-0.16,-0.12
14.8,1.424,0.584,-0.18,-0.12
14.9,1.409,0.574,-0.15,-0.1
15.0,1.388,0.566,-0.21,-0.08
15.100000000000001,1.36,0.557,-0.28,-0.09
15.200000000000001,1.336,0.549,-0.24,-0.08
15.3,1.318,0.54,-0.18,-0.09
15.4,1.289,0.529,-0.29,-0.11
15.5,1.26,0.518,-0.29,-0.11
15.600000000000001,1.238,0.51,-0.22,-0.08
15.700000000000001,1.221,0.5,-0.17,-0.1
15.8,1.205,0.49,-0.16,-0.1
15.9,1.189,0.481,-0.16,-0.09
16.0,1.176,0.472,-0.13,-0.09
16.1,1.164,0.465,-0.12,-0.07
16.2,1.152,0.458,-0.12,-0.07
16.3,1.141,0.45,-0.11,-0.08
16.400000000000002,1.129,0.443,-0.12,-0.07
16.5,1.117,0.435,-0.12,-0.08
16.6,1.105,0.426,-0.12,-0.09
16.7,1.097,0.42,-0.08,-0.06
16.8,1.091,0.414,-0.06,-0.06
16.900000000000002,1.087,0.41,-0.04,-0.04
17.0,1.083,0.406,-0.04,-0.04
17.1,1.079,0.403,-0.04,-0.03
17.2,1.074,0.398,-0.05,-0.05
17.3,1.07,0.393,-0.04,-0.05
17.400000000000002,1.065,0.388,-0.05,-0.05
17.5,1.061,0.384,-0.04,-0.04
17.6,1.061,0.384,0.0,0.0
17.7,1.061,0.384,0.0,0.0
17.8,1.061,0.381,0.0,-0.03
17.900000000000002,1.059,0.377,-0.02,-0.04
18.0,1.058,0.376,-0.01,-0.01
