0.01,8.89,3.68,0.0,0.0
0.02,8.89,3.68,0.0,0.0
0.03,8.89,3.68,0.0,0.0
0.04,8.89,3.68,0.0,0.0
0.05,8.89,3.68,0.0,0.0
0.06,8.89,3.68,0.0,0.0
0.07,8.77,3.83,-12.0,15.0
0.08,8.63,3.98,-14.0,15.0
0.09,8.62,3.99,-1.0,1.0
0.1,8.62,3.99,0.0,0.0
0.11,8.48,4.15,-14.0,16.0
0.12,8.41,4.25,-7.0,10.0
0.13,8.38,4.3,-3.0,5.0
0.14,8.33,4.37,-5.0,7.0
0.15,8.26,4.52,-7.0,15.0
0.16,8.19,4.65,-7.0,13.0
0.17,8.11,4.78,-8.0,13.0
0.18,8.06,4.86,-5.0,8.0
0.19,7.99,4.97,-7.0,11.0
0.2,7.92,5.06,-7.0,9.0
0.21,7.88,5.12,-4.0,6.0
0.22,7.81,5.23,-7.0,11.0
0.23,7.73,5.36,-8.0,13.0
0.24,7.68,5.44,-5.0,8.0
0.25,7.6,5.55,-8.0,11.0
0.26,7.5,5.71,-10.0,16.0
0.27,7.43,5.83,-7.0,12.0
0.28,7.35,5.95,-8.0,12.0
0.29,7.26,6.08,-9.0,13.0
0.3,7.23,6.13,-3.0,5.0
0.31,7.19,6.25,-4.0,12.0
0.32,7.12,6.47,-7.0,22.0
0.33,7.07,6.56,-5.0,9.0
0.34,6.99,6.68,-8.0,12.0
0.35000000000000003,6.93,6.77,-6.0,9.0
0.36,6.86,6.88,-7.0,11.0
0.37,6.8,6.97,-6.0,9.0
0.38,6.72,7.08,-8.0,11.0
0.39,6.64,7.18,-8.0,10.0
0.4,6.56,7.3,-8.0,12.0
0.41000000000000003,6.52,7.37,-4.0,7.0
0.42,6.48,7.46,-4.0,9.0
0.43,6.39,7.61,-9.0,15.0
0.44,6.33,7.76,-6.0,15.0
0.45,6.29,7.85,-4.0,9.0
0.46,6.2,8.01,-9.0,16.0
0.47000000000000003,6.13,8.17,-7.0,16.0
0.48,6.08,8.28,-5.0,11.0
0.49,5.99,8.45,-9.0,17.0
0.5,5.87,8.67,-12.0,22.0
0.51,5.77,8.9,-10.0,23.0
0.52,5.7,9.07,-7.0,17.0
0.53,5.62,9.3,-8.0,23.0
0.54,5.62,9.45,0.0,15.0
0.55,5.61,9.55,-1.0,10.0
0.56,5.6,9.69,-1.0,14.0
0.5700000000000001,5.56,9.84,-4.0,15.0
0.58,5.54,9.98,-2.0,14.0
0.59,5.52,10.07,-2.0,9.0
0.6,5.49,10.2,-3.0,13.0
0.61,5.48,10.33,-1.0,13.0
0.62,5.48,10.49,0.0,16.0
0.63,5.48,10.6,0.0,11.0
0.64,5.49,10.68,1.0,8.0
0.65,5.51,10.74,2.0,6.0
0.66,5.54,10.83,3.0,9.0
0.67,5.55,10.89,1.0,6.0
0.68,5.57,10.99,2.0,10.0
0.6900000000000001,5.59,11.07,2.0,8.0
0.7000000000000001,5.6,11.14,1.0,7.0
0.71,5.61,11.23,1.0,9.0
0.72,5.64,11.29,3.0,6.0
0.73,5.67,11.39,3.0,10.0
0.74,5.71,11.46,4.0,7.0
0.75,5.75,11.54,4.0,8.0
0.76,5.79,11.59,4.0,5.0
0.77,5.8,11.61,1.0,2.0
0.78,5.82,11.64,2.0,3.0
0.79,5.83,11.67,1.0,3.0
0.8,5.83,11.67,0.0,0.0
0.81,5.83,11.7,0.0,3.0
0.8200000000000001,5.83,11.76,0.0,6.0
0.8300000000000001,5.83,11.79,0.0,3.0
0.84,5.82,11.85,-1.0,6.0
0.85,5.78,11.97,-4.0,12.0
0.86,5.78,12.03,0.0,6.0
0.87,5.81,12.07,3.0,4.0
0.88,5.84,12.11,3.0,4.0
0.89,5.89,12.15,5.0,4.0
0.9,5.93,12.17,4.0,2.0
0.91,6.0,12.19,7.0,2.0
0.92,6.1,12.25,10.0,6.0
0.93,6.26,12.34,16.0,9.0
0.9400000000000001,6.34,12.36,8.0,2.0
0.9500000000000001,6.45,12.38,11.0,2.0
0.96,6.66,12.43,21.0,5.0
0.97,6.91,12.47,25.0,4.0
0.98,7.22,12.51,31.0,4.0
0.99,7.47,12.52,25.0,1.0
1.0,7.6,12.54,13.0,2.0
1.01,7.79,12.57,19.0,3.0
1.02,8.0,12.57,21.0,0.0
1.03,8.2,12.58,20.0,1.0
1.04,8.36,12.58,16.0,0.0
1.05,8.54,12.58,18.0,0.0
1.06,8.75,12.59,21.0,1.0
1.07,8.95,12.59,20.0,0.0
1.08,9.17,12.59,22.0,0.0
1.09,9.38,12.61,21.0,2.0
1.1,9.68,12.63,30.0,2.0
1.11,9.95,12.64,27.0,1.0
1.12,10.19,12.64,24.0,0.0
1.1300000000000001,10.38,12.64,19.0,0.0
1.1400000000000001,10.67,12.64,29.0,0.0
1.1500000000000001,10.86,12.63,19.0,-1.0
1.16,11.05,12.63,19.0,0.0
1.17,11.17,12.65,12.0,2.0
1.18,11.29,12.65,12.0,0.0
1.19,11.52,12.64,23.0,-1.0
1.2,11.61,12.64,9.0,0.0
1.21,11.76,12.62,15.0,-2.0
1.22,11.9,12.6,14.0,-2.0
1.23,12.07,12.59,17.0,-1.0
1.24,12.19,12.57,12.0,-2.0
1.25,12.35,12.55,16.0,-2.0
1.26,12.54,12.55,19.0,0.0
1.27,12.75,12.55,21.0,0.0
1.28,12.9,12.52,15.0,-3.0
1.29,13.12,12.49,22.0,-3.0
1.3,13.3,12.47,18.0,-2.0
1.31,13.43,12.44,13.0,-3.0
1.32,13.63,12.4,20.0,-4.0
1.33,13.73,12.38,10.0,-2.0
1.34,13.85,12.38,12.0,0.0
1.35,14.04,12.35,19.0,-3.0
1.36,14.18,12.29,14.0,-6.0
1.37,14.26,12.26,8.0,-3.0
1.3800000000000001,14.34,12.23,8.0,-3.0
1.3900000000000001,14.45,12.17,11.0,-6.0
1.4000000000000001,14.56,12.13,11.0,-4.0
1.41,14.69,12.1,13.0,-3.0
1.42,14.78,12.06,9.0,-4.0
1.43,14.85,12.04,7.0,-2.0
1.44,14.96,12.0,11.0,-4.0
1.45,15.06,11.97,10.0,-3.0
1.46,15.2,11.93,14.0,-4.0
1.47,15.34,11.87,14.0,-6.0
1.48,15.46,11.82,12.0,-5.0
1.49,15.54,11.78,8.0,-4.0
1.5,15.67,11.72,13.0,-6.0
1.51,15.75,11.68,8.0,-4.0
1.52,15.85,11.65,10.0,-3.0
1.53,15.88,11.64,3.0,-1.0
1.54,15.88,11.64,0.0,0.0
1.55,15.94,11.6,6.0,-4.0
1.56,16.02,11.56,8.0,-4.0
1.57,16.09,11.51,7.0,-5.0
1.58,16.15,11.43,6.0,-8.0
1.59,16.2,11.38,5.0,-5.0
1.6,16.27,11.34,7.0,-4.0
1.61,16.33,11.29,6.0,-5.0
1.62,16.36,11.24,3.0,-5.0
1.6300000000000001,16.42,11.18,6.0,-6.0
1.6400000000000001,16.46,11.15,4.0,-3.0
1.6500000000000001,16.48,11.13,2.0,-2.0
1.6600000000000001,16.51,11.11,3.0,-2.0
1.67,16.51,11.1,0.0,-1.0
1.68,16.57,11.07,6.0,-3.0
1.69,16.6,11.03,3.0,-4.0
1.7,16.63,11.01,3.0,-2.0
1.71,16.68,10.98,5.0,-3.0
1.72,16.68,10.97,0.0,-1.0
1.73,16.72,10.93,4.0,-4.0
1.74,16.75,10.89,3.0,-4.0
1.75,16.76,10.87,1.0,-2.0
1.76,16.82,10.8,6.0,-7.0
1.77,16.82,10.76,0.0,-4.0
1.78,16.86,10.68,4.0,-8.0
1.79,16.88,10.57,2.0,-11.0
1.8,16.89,10.46,1.0,-11.0
1.81,16.91,10.34,2.0,-12.0
1.82,16.9,10.21,-1.0,-13.0
1.83,16.89,10.06,-1.0,-15.0
1.84,16.89,9.96,0.0,-10.0
1.85,16.89,9.84,0.0,-12.0
1.86,16.87,9.71,-2.0,-13.0
1.87,16.84,9.61,-3.0,-10.0
1.8800000000000001,16.79,9.49,-5.0,-12.0
1.8900000000000001,16.72,9.34,-7.0,-15.0
1.9000000000000001,16.64,9.18,-8.0,-16.0
1.9100000000000001,16.55,9.03,-9.0,-15.0
1.92,16.43,8.84,-12.0,-19.0
1.93,16.35,8.7,-8.0,-14.0
1.94,16.25,8.58,-10.0,-12.0
1.95,16.15,8.42,-10.0,-16.0
1.96,16.05,8.27,-10.0,-15.0
1.97,15.93,8.12,-12.0,-15.0
1.98,15.8,7.97,-13.0,-15.0
1.99,15.68,7.79,-12.0,-18.0
2.0,15.56,7.68,-12.0,-11.0
2.0100000000000002,15.48,7.61,-8.0,-7.0
2.02,15.35,7.53,-13.0,-8.0
2.0300000000000002,15.17,7.42,-18.0,-11.0
2.04,15.0,7.32,-17.0,-10.0
2.05,14.84,7.22,-16.0,-10.0
2.06,14.69,7.12,-15.0,-10.0
2.07,14.52,7.01,-17.0,-11.0
2.08,14.38,6.91,-14.0,-10.0
2.09,14.21,6.78,-17.0,-13.0
2.1,14.01,6.66,-20.0,-12.0
2.11,13.84,6.54,-17.0,-12.0
2.12,13.61,6.37,-23.0,-17.0
2.13,13.35,6.19,-26.0,-18.0
2.14,13.1,6.07,-25.0,-12.0
2.15,12.87,5.97,-23.0,-10.0
2.16,12.73,5.91,-14.0,-6.0
2.17,12.57,5.81,-16.0,-10.0
2.18,12.41,5.69,-16.0,-12.0
2.19,12.3,5.59,-11.0,-10.0
2.2,12.13,5.46,-17.0,-13.0
2.21,12.0,5.33,-13.0,-13.0
2.22,11.89,5.23,-11.0,-10.0
2.23,11.74,5.1,-15.0,-13.0
2.24,11.64,4.99,-10.0,-11.0
2.25,11.54,4.89,-10.0,-10.0
2.2600000000000002,11.47,4.81,-7.0,-8.0
2.27,11.35,4.69,-12.0,-12.0
2.2800000000000002,11.25,4.57,-10.0,-12.0
2.29,11.14,4.45,-11.0,-12.0
2.3000000000000003,11.06,4.37,-8.0,-8.0
2.31,11.0,4.29,-6.0,-8.0
2.32,10.92,4.22,-8.0,-7.0
2.33,10.89,4.19,-3.0,-3.0
2.34,10.83,4.13,-6.0,-6.0
2.35,10.77,4.07,-6.0,-6.0
2.36,10.7,3.99,-7.0,-8.0
2.37,10.67,3.95,-3.0,-4.0
2.38,10.62,3.87,-5.0,-8.0
2.39,10.6,3.81,-2.0,-6.0
2.4,10.59,3.78,-1.0,-3.0
2.41,10.58,3.76,-1.0,-2.0
2.42,10.58,3.76,0.0,0.0
2.43,10.58,3.76,0.0,0.0
