0.01,8.87,3.69,0.0,0.0
0.02,8.87,3.69,0.0,0.0
0.03,8.87,3.69,0.0,0.0
0.04,8.87,3.69,0.0,0.0
0.05,8.85,3.7,-2.0,1.0
0.06,8.8,3.75,-5.0,5.0
0.07,8.76,3.8,-4.0,5.0
0.08,8.7,3.87,-6.0,7.0
0.09,8.65,3.95,-5.0,8.0
0.1,8.52,4.09,-13.0,14.0
0.11,8.43,4.19,-9.0,10.0
0.12,8.4,4.24,-3.0,5.0
0.13,8.26,4.35,-14.0,11.0
0.14,8.13,4.46,-13.0,11.0
0.15,8.02,4.54,-11.0,8.0
0.16,7.82,4.68,-20.0,14.0
0.17,7.68,4.81,-14.0,13.0
0.18,7.55,4.94,-13.0,13.0
0.19,7.42,5.05,-13.0,11.0
0.2,7.22,5.24,-20.0,19.0
0.21,7.0,5.47,-22.0,23.0
0.22,6.84,5.62,-16.0,15.0
0.23,6.69,5.8,-15.0,18.0
0.24,6.47,6.02,-22.0,22.0
0.25,6.27,6.18,-20.0,16.0
0.26,6.21,6.24,-6.0,6.0
0.27,6.16,6.29,-5.0,5.0
0.28,6.1,6.33,-6.0,4.0
0.29,6.06,6.39,-4.0,6.0
0.3,5.99,6.46,-7.0,7.0
0.31,5.84,6.63,-15.0,17.0
0.32,5.76,6.75,-8.0,12.0
0.33,5.66,6.88,-10.0,13.0
0.34,5.49,7.07,-17.0,19.0
0.35000000000000003,5.42,7.2,-7.0,13.0
0.36,5.34,7.32,-8.0,12.0
0.37,5.26,7.47,-8.0,15.0
0.38,5.15,7.65,-11.0,18.0
0.39,5.02,7.84,-13.0,19.0
0.4,4.9,8.05,-12.0,21.0
0.41000000000000003,4.73,8.25,-17.0,20.0
0.42,4.56,8.46,-17.0,21.0
0.43,4.46,8.63,-10.0,17.0
0.44,4.31,8.79,-15.0,16.0
0.45,4.16,8.96,-15.0,17.0
0.46,4.09,9.06,-7.0,10.0
0.47000000000000003,4.0,9.2,-9.0,14.0
0.48,3.94,9.3,-6.0,10.0
0.49,3.91,9.37,-3.0,7.0
0.5,3.85,9.46,-6.0,9.0
0.51,3.82,9.54,-3.0,8.0
0.52,3.76,9.67,-6.0,13.0
0.53,3.7,9.79,-6.0,12.0
0.54,3.66,9.9,-4.0,11.0
0.55,3.6,10.01,-6.0,11.0
0.56,3.57,10.06,-3.0,5.0
0.5700000000000001,3.54,10.12,-3.0,6.0
0.58,3.49,10.21,-5.0,9.0
0.59,3.46,10.29,-3.0,8.0
0.6,3.39,10.41,-7.0,12.0
0.61,3.36,10.52,-3.0,11.0
0.62,3.35,10.59,-1.0,7.0
0.63,3.33,10.68,-2.0,9.0
0.64,3.31,10.76,-2.0,8.0
0.65,3.28,10.85,-3.0,9.0
0.66,3.21,10.95,-7.0,10.0
0.67,3.2,10.98,-1.0,3.0
0.68,3.2,10.99,0.0,1.0
0.6900000000000001,3.17,11.06,-3.0,7.0
0.7000000000000001,3.17,11.1,0.0,4.0
0.71,3.17,11.16,0.0,6.0
0.72,3.18,11.24,1.0,8.0
0.73,3.21,11.28,3.0,4.0
0.74,3.22,11.3,1.0,2.0
0.75,3.23,11.33,1.0,3.0
0.76,3.26,11.36,3.0,3.0
0.77,3.3,11.42,4.0,6.0
0.78,3.31,11.46,1.0,4.0
0.79,3.33,11.5,2.0,4.0
0.8,3.39,11.6,6.0,10.0
0.81,3.49,11.71,10.0,11.0
0.8200000000000001,3.58,11.78,9.0,7.0
0.8300000000000001,3.68,11.86,10.0,8.0
0.84,3.78,11.92,10.0,6.0
0.85,3.89,11.98,11.0,6.0
0.86,3.98,12.04,9.0,6.0
0.87,4.26,12.17,28.0,13.0
0.88,4.48,12.23,22.0,6.0
0.89,4.64,12.28,16.0,5.0
0.9,4.84,12.35,20.0,7.0
0.91,5.04,12.4,20.0,5.0
0.92,5.2,12.45,16.0,5.0
0.93,5.29,12.46,9.0,1.0
0.9400000000000001,5.41,12.49,12.0,3.0
0.9500000000000001,5.57,12.51,16.0,2.0
0.96,5.79,12.54,22.0,3.0
0.97,5.84,12.55,5.0,1.0
0.98,6.03,12.57,19.0,2.0
0.99,6.29,12.6,26.0,3.0
1.0,6.5,12.61,21.0,1.0
1.01,6.58,12.62,8.0,1.0
1.02,6.72,12.64,14.0,2.0
1.03,6.95,12.65,23.0,1.0
1.04,7.13,12.65,18.0,0.0
1.05,7.37,12.65,24.0,0.0
1.06,7.64,12.67,27.0,2.0
1.07,7.95,12.69,31.0,2.0
1.08,8.3,12.7,35.0,1.0
1.09,8.51,12.72,21.0,2.0
1.1,8.9,12.76,39.0,4.0
1.11,9.18,12.77,28.0,1.0
1.12,9.38,12.77,20.0,0.0
1.1300000000000001,9.61,12.77,23.0,0.0
1.1400000000000001,9.84,12.79,23.0,2.0
1.1500000000000001,10.18,12.75,34.0,-4.0
1.16,10.28,12.7,10.0,-5.0
1.17,10.39,12.69,11.0,-1.0
1.18,10.61,12.67,22.0,-2.0
1.19,10.74,12.65,13.0,-2.0
1.2,10.93,12.63,19.0,-2.0
1.21,11.17,12.61,24.0,-2.0
1.22,11.33,12.58,16.0,-3.0
1.23,11.54,12.54,21.0,-4.0
1.24,11.8,12.5,26.0,-4.0
1.25,12.05,12.43,25.0,-7.0
1.26,12.26,12.37,21.0,-6.0
1.27,12.44,12.33,18.0,-4.0
1.28,12.6,12.28,16.0,-5.0
1.29,12.82,12.23,22.0,-5.0
1.3,12.98,12.18,16.0,-5.0
1.31,13.1,12.13,12.0,-5.0
1.32,13.31,12.08,21.0,-5.0
1.33,13.48,12.03,17.0,-5.0
1.34,13.64,12.01,16.0,-2.0
1.35,13.77,11.97,13.0,-4.0
1.36,13.85,11.94,8.0,-3.0
1.37,13.92,11.9,7.0,-4.0
1.3800000000000001,14.02,11.85,10.0,-5.0
1.3900000000000001,14.13,11.81,11.0,-4.0
1.4000000000000001,14.22,11.76,9.0,-5.0
1.41,14.29,11.64,7.0,-12.0
1.42,14.44,11.49,15.0,-15.0
1.43,14.54,11.4,10.0,-9.0
1.44,14.58,11.35,4.0,-5.0
1.45,14.67,11.3,9.0,-5.0
1.46,14.72,11.27,5.0,-3.0
1.47,14.81,11.25,9.0,-2.0
1.48,14.9,11.24,9.0,-1.0
1.49,15.04,11.19,14.0,-5.0
1.5,15.2,11.17,16.0,-2.0
1.51,15.31,11.15,11.0,-2.0
1.52,15.44,11.1,13.0,-5.0
1.53,15.51,11.01,7.0,-9.0
1.54,15.61,10.92,10.0,-9.0
1.55,15.73,10.85,12.0,-7.0
1.56,15.79,10.78,6.0,-7.0
1.57,15.86,10.73,7.0,-5.0
1.58,15.93,10.69,7.0,-4.0
1.59,16.0,10.63,7.0,-6.0
1.6,16.08,10.56,8.0,-7.0
1.61,16.14,10.48,6.0,-8.0
1.62,16.15,10.41,1.0,-7.0
1.6300000000000001,16.2,10.31,5.0,-10.0
1.6400000000000001,16.22,10.24,2.0,-7.0
1.6500000000000001,16.22,10.2,0.0,-4.0
1.6600000000000001,16.2,10.12,-2.0,-8.0
1.67,16.18,10.03,-2.0,-9.0
1.68,16.19,9.96,1.0,-7.0
1.69,16.16,9.86,-3.0,-10.0
1.7,16.14,9.76,-2.0,-10.0
1.71,16.09,9.61,-5.0,-15.0
1.72,16.02,9.46,-7.0,-15.0
1.73,15.94,9.31,-8.0,-15.0
1.74,15.87,9.18,-7.0,-13.0
1.75,15.79,9.05,-8.0,-13.0
1.76,15.69,8.89,-10.0,-16.0
1.77,15.59,8.75,-10.0,-14.0
1.78,15.47,8.53,-12.0,-22.0
1.79,15.27,8.25,-20.0,-28.0
1.8,15.04,7.94,-23.0,-31.0
1.81,14.91,7.74,-13.0,-20.0
1.82,14.67,7.44,-24.0,-30.0
1.83,14.51,7.2,-16.0,-24.0
1.84,14.35,6.99,-16.0,-21.0
1.85,14.2,6.79,-15.0,-20.0
1.86,14.04,6.59,-16.0,-20.0
1.87,13.87,6.41,-17.0,-18.0
1.8800000000000001,13.72,6.24,-15.0,-17.0
1.8900000000000001,13.59,6.11,-13.0,-13.0
1.9000000000000001,13.35,5.89,-24.0,-22.0
1.9100000000000001,13.13,5.72,-22.0,-17.0
1.92,12.96,5.58,-17.0,-14.0
1.93,12.86,5.48,-10.0,-10.0
1.94,12.68,5.33,-18.0,-15.0
1.95,12.52,5.21,-16.0,-12.0
1.96,12.46,5.15,-6.0,-6.0
1.97,12.34,5.04,-12.0,-11.0
1.98,12.22,4.95,-12.0,-9.0
1.99,12.12,4.87,-10.0,-8.0
2.0,12.02,4.8,-10.0,-7.0
2.0100000000000002,11.89,4.7,-13.0,-10.0
2.02,11.72,4.56,-17.0,-14.0
2.0300000000000002,11.57,4.42,-15.0,-14.0
2.04,11.39,4.26,-18.0,-16.0
2.05,11.26,4.16,-13.0,-10.0
2.06,11.17,4.09,-9.0,-7.0
2.07,11.1,4.04,-7.0,-5.0
2.08,11.03,3.99,-7.0,-5.0
2.09,10.99,3.97,-4.0,-2.0
2.1,10.95,3.95,-4.0,-2.0
2.11,10.91,3.93,-4.0,-2.0
2.12,10.85,3.89,-6.0,-4.0
2.13,10.77,3.84,-8.0,-5.0
2.14,10.74,3.82,-3.0,-2.0
2.15,10.7,3.79,-4.0,-3.0
2.16,10.66,3.77,-4.0,-2.0
2.17,10.65,3.75,-1.0,-2.0
2.18,10.63,3.74,-2.0,-1.0
2.19,10.63,3.74,0.0,0.0
2.2,10.63,3.74,0.0,0.0
2.21,10.62,3.74,-1.0,0.0
2.22,10.61,3.73,-1.0,-1.0
