0.01,8.87,3.65,0.0,0.0
0.02,8.87,3.65,0.0,0.0
0.03,8.86,3.65,-1.0,0.0
0.04,8.8,3.69,-6.0,4.0
0.05,8.76,3.73,-4.0,4.0
0.06,8.69,3.78,-7.0,5.0
0.07,8.65,3.84,-4.0,6.0
0.08,8.55,3.89,-10.0,5.0
0.09,8.48,3.94,-7.0,5.0
0.1,8.44,3.97,-4.0,3.0
0.11,8.34,4.04,-10.0,7.0
0.12,8.23,4.11,-11.0,7.0
0.13,8.11,4.16,-12.0,5.0
0.14,7.96,4.26,-15.0,10.0
0.15,7.86,4.32,-10.0,6.0
0.16,7.78,4.36,-8.0,4.0
0.17,7.7,4.4,-8.0,4.0
0.18,7.59,4.45,-11.0,5.0
0.19,7.46,4.52,-13.0,7.0
0.2,7.3,4.59,-16.0,7.0
0.21,7.23,4.64,-7.0,5.0
0.22,7.09,4.71,-14.0,7.0
0.23,7.0,4.76,-9.0,5.0
0.24,6.96,4.78,-4.0,2.0
0.25,6.85,4.85,-11.0,7.0
0.26,6.74,4.92,-11.0,7.0
0.27,6.58,5.01,-16.0,9.0
0.28,6.43,5.08,-15.0,7.0
0.29,6.24,5.19,-19.0,11.0
0.3,6.15,5.25,-9.0,6.0
0.31,6.09,5.3,-6.0,5.0
0.32,6.06,5.32,-3.0,2.0
0.33,5.98,5.37,-8.0,5.0
0.34,5.89,5.43,-9.0,6.0
0.35000000000000003,5.81,5.48,-8.0,5.0
0.36,5.72,5.55,-9.0,7.0
0.37,5.57,5.65,-15.0,10.0
0.38,5.43,5.78,-14.0,13.0
0.39,5.34,5.87,-9.0,9.0
0.4,5.19,5.99,-15.0,12.0
0.41000000000000003,5.07,6.11,-12.0,12.0
0.42,4.98,6.22,-9.0,11.0
0.43,4.93,6.29,-5.0,7.0
0.44,4.86,6.38,-7.0,9.0
0.45,4.82,6.45,-4.0,7.0
0.46,4.77,6.54,-5.0,9.0
0.47000000000000003,4.73,6.62,-4.0,8.0
0.48,4.67,6.69,-6.0,7.0
0.49,4.6,6.74,-7.0,5.0
0.5,4.52,6.8,-8.0,6.0
0.51,4.44,6.89,-8.0,9.0
0.52,4.35,7.02,-9.0,13.0
0.53,4.25,7.14,-10.0,12.0
0.54,4.17,7.24,-8.0,10.0
0.55,4.1,7.33,-7.0,9.0
0.56,4.03,7.41,-7.0,8.0
0.5700000000000001,3.99,7.45,-4.0,4.0
0.58,3.96,7.51,-3.0,6.0
0.59,3.94,7.59,-2.0,8.0
0.6,3.94,7.66,0.0,7.0
0.61,3.93,7.74,-1.0,8.0
0.62,3.9,7.88,-3.0,14.0
0.63,3.89,7.96,-1.0,8.0
0.64,3.89,8.03,0.0,7.0
0.65,3.88,8.08,-1.0,5.0
0.66,3.86,8.12,-2.0,4.0
0.67,3.83,8.2,-3.0,8.0
0.68,3.79,8.3,-4.0,10.0
0.6900000000000001,3.75,8.36,-4.0,6.0
0.7000000000000001,3.71,8.43,-4.0,7.0
0.71,3.7,8.46,-1.0,3.0
0.72,3.7,8.51,0.0,5.0
0.73,3.69,8.56,-1.0,5.0
0.74,3.7,8.61,1.0,5.0
0.75,3.69,8.65,-1.0,4.0
0.76,3.69,8.69,0.0,4.0
0.77,3.69,8.74,0.0,5.0
0.78,3.68,8.8,-1.0,6.0
0.79,3.67,8.81,-1.0,1.0
0.8,3.67,8.82,0.0,1.0
0.81,3.67,8.86,0.0,4.0
0.8200000000000001,3.67,8.9,0.0,4.0
0.8300000000000001,3.66,8.93,-1.0,3.0
0.84,3.66,8.98,0.0,5.0
0.85,3.68,9.05,2.0,7.0
0.86,3.69,9.06,1.0,1.0
0.87,3.7,9.1,1.0,4.0
0.88,3.72,9.12,2.0,2.0
0.89,3.72,9.13,0.0,1.0
0.9,3.75,9.16,3.0,3.0
0.91,3.8,9.2,5.0,4.0
0.92,3.86,9.22,6.0,2.0
0.93,3.89,9.23,3.0,1.0
0.9400000000000001,3.91,9.25,2.0,2.0
0.9500000000000001,3.96,9.28,5.0,3.0
0.96,3.97,9.28,1.0,0.0
0.97,3.97,9.28,0.0,0.0
0.98,4.1,9.36,13.0,8.0
0.99,4.24,9.43,14.0,7.0
1.0,4.29,9.47,5.0,4.0
1.01,4.38,9.53,9.0,6.0
1.02,4.49,9.59,11.0,6.0
1.03,4.64,9.67,15.0,8.0
1.04,4.75,9.72,11.0,5.0
1.05,4.92,9.76,17.0,4.0
1.06,5.1,9.82,18.0,6.0
1.07,5.22,9.84,12.0,2.0
1.08,5.45,9.89,23.0,5.0
1.09,5.68,9.93,23.0,4.0
1.1,5.88,9.96,20.0,3.0
1.11,6.01,9.98,13.0,2.0
1.12,6.2,10.01,19.0,3.0
1.1300000000000001,6.28,10.01,8.0,0.0
1.1400000000000001,6.36,10.03,8.0,2.0
1.1500000000000001,6.43,10.06,7.0,3.0
1.16,6.54,10.1,11.0,4.0
1.17,6.67,10.11,13.0,1.0
1.18,6.7,10.13,3.0,2.0
1.19,6.84,10.18,14.0,5.0
1.2,6.96,10.2,12.0,2.0
1.21,7.03,10.21,7.0,1.0
1.22,7.16,10.23,13.0,2.0
1.23,7.28,10.24,12.0,1.0
1.24,7.48,10.24,20.0,0.0
1.25,7.65,10.27,17.0,3.0
1.26,7.83,10.3,18.0,3.0
1.27,8.06,10.32,23.0,2.0
1.28,8.18,10.34,12.0,2.0
1.29,8.31,10.36,13.0,2.0
1.3,8.4,10.36,9.0,0.0
1.31,8.55,10.39,15.0,3.0
1.32,8.84,10.42,29.0,3.0
1.33,9.03,10.42,19.0,0.0
1.34,9.22,10.45,19.0,3.0
1.35,9.29,10.47,7.0,2.0
1.36,9.38,10.47,9.0,0.0
1.37,9.5,10.46,12.0,-1.0
1.3800000000000001,9.67,10.45,17.0,-1.0
1.3900000000000001,9.79,10.44,12.0,-1.0
1.4000000000000001,9.93,10.41,14.0,-3.0
1.41,10.03,10.39,10.0,-2.0
1.42,10.14,10.39,11.0,0.0
1.43,10.29,10.39,15.0,0.0
1.44,10.4,10.39,11.0,0.0
1.45,10.52,10.39,12.0,0.0
1.46,10.65,10.39,13.0,0.0
1.47,10.74,10.39,9.0,0.0
1.48,10.91,10.4,17.0,1.0
1.49,11.07,10.4,16.0,0.0
1.5,11.13,10.39,6.0,-1.0
1.51,11.23,10.38,10.0,-1.0
1.52,11.36,10.36,13.0,-2.0
1.53,11.5,10.35,14.0,-1.0
1.54,11.64,10.35,14.0,0.0
1.55,11.81,10.35,17.0,0.0
1.56,12.0,10.31,19.0,-4.0
1.57,12.08,10.3,8.0,-1.0
1.58,12.22,10.28,14.0,-2.0
1.59,12.39,10.27,17.0,-1.0
1.6,12.55,10.26,16.0,-1.0
1.61,12.69,10.25,14.0,-1.0
1.62,12.77,10.25,8.0,0.0
1.6300000000000001,12.79,10.23,2.0,-2.0
1.6400000000000001,12.82,10.21,3.0,-2.0
1.6500000000000001,12.86,10.2,4.0,-1.0
1.6600000000000001,12.95,10.19,9.0,-1.0
1.67,13.03,10.18,8.0,-1.0
1.68,13.12,10.15,9.0,-3.0
1.69,13.19,10.13,7.0,-2.0
1.7,13.25,10.11,6.0,-2.0
1.71,13.33,10.09,8.0,-2.0
1.72,13.39,10.07,6.0,-2.0
1.73,13.43,10.06,4.0,-1.0
1.74,13.45,10.04,2.0,-2.0
1.75,13.5,10.01,5.0,-3.0
1.76,13.55,9.99,5.0,-2.0
1.77,13.59,9.97,4.0,-2.0
1.78,13.62,9.95,3.0,-2.0
1.79,13.64,9.93,2.0,-2.0
1.8,13.64,9.93,0.0,0.0
1.81,13.69,9.91,5.0,-2.0
1.82,13.72,9.89,3.0,-2.0
1.83,13.75,9.86,3.0,-3.0
1.84,13.79,9.82,4.0,-4.0
1.85,13.81,9.79,2.0,-3.0
1.86,13.82,9.77,1.0,-2.0
1.87,13.83,9.75,1.0,-2.0
1.8800000000000001,13.84,9.72,1.0,-3.0
1.8900000000000001,13.87,9.66,3.0,-6.0
1.9000000000000001,13.88,9.61,1.0,-5.0
1.9100000000000001,13.88,9.53,0.0,-8.0
1.92,13.88,9.44,0.0,-9.0
1.93,13.88,9.3,0.0,-14.0
1.94,13.88,9.16,0.0,-14.0
1.95,13.87,9.07,-1.0,-9.0
1.96,13.87,8.95,0.0,-12.0
1.97,13.85,8.84,-2.0,-11.0
1.98,13.81,8.72,-4.0,-12.0
1.99,13.77,8.62,-4.0,-10.0
2.0,13.71,8.48,-6.0,-14.0
2.0100000000000002,13.65,8.35,-6.0,-13.0
2.02,13.6,8.25,-5.0,-10.0
2.0300000000000002,13.54,8.14,-6.0,-11.0
2.04,13.48,8.0,-6.0,-14.0
2.05,13.4,7.85,-8.0,-15.0
2.06,13.32,7.69,-8.0,-16.0
2.07,13.24,7.49,-8.0,-20.0
2.08,13.19,7.36,-5.0,-13.0
2.09,13.12,7.17,-7.0,-19.0
2.1,13.06,7.05,-6.0,-12.0
2.11,13.01,6.98,-5.0,-7.0
2.12,12.96,6.89,-5.0,-9.0
2.13,12.89,6.77,-7.0,-12.0
2.14,12.84,6.7,-5.0,-7.0
2.15,12.74,6.56,-10.0,-14.0
2.16,12.63,6.44,-11.0,-12.0
2.17,12.5,6.31,-13.0,-13.0
2.18,12.4,6.19,-10.0,-12.0
2.19,12.28,6.04,-12.0,-15.0
2.2,12.16,5.9,-12.0,-14.0
2.21,12.02,5.76,-14.0,-14.0
2.22,11.87,5.58,-15.0,-18.0
2.23,11.72,5.41,-15.0,-17.0
2.24,11.61,5.26,-11.0,-15.0
2.25,11.5,5.13,-11.0,-13.0
2.2600000000000002,11.41,5.02,-9.0,-11.0
2.27,11.33,4.93,-8.0,-9.0
2.2800000000000002,11.24,4.83,-9.0,-10.0
2.29,11.16,4.75,-8.0,-8.0
2.3000000000000003,11.07,4.66,-9.0,-9.0
2.31,11.01,4.59,-6.0,-7.0
2.32,10.92,4.49,-9.0,-10.0
2.33,10.85,4.41,-7.0,-8.0
2.34,10.8,4.34,-5.0,-7.0
2.35,10.73,4.2,-7.0,-14.0
2.36,10.7,4.09,-3.0,-11.0
2.37,10.69,4.06,-1.0,-3.0
2.38,10.69,4.06,0.0,0.0
2.39,10.69,4.06,0.0,0.0
2.4,10.68,3.99,-1.0,-7.0
2.41,10.66,3.93,-2.0,-6.0
2.42,10.66,3.9,0.0,-3.0
2.43,10.66,3.85,0.0,-5.0
2.44,10.65,3.8,-1.0,-5.0
2.45,10.65,3.75,0.0,-5.0
2.46,10.64,3.74,-1.0,-1.0
2.47,10.64,3.73,0.0,-1.0
2.48,10.63,3.72,-1.0,-1.0
2.49,10.63,3.72,0.0,0.0
2.5,10.63,3.72,0.0,0.0
