0.01,8.91,3.72,0.0,0.0
0.02,8.91,3.72,0.0,0.0
0.03,8.89,3.75,-2.0,3.0
0.04,8.88,3.78,-1.0,3.0
0.05,8.88,3.78,0.0,0.0
0.06,8.83,3.86,-5.0,8.0
0.07,8.79,3.92,-4.0,6.0
0.08,8.74,3.99,-5.0,7.0
0.09,8.67,4.05,-7.0,6.0
0.1,8.5,4.18,-17.0,13.0
0.11,8.38,4.27,-12.0,9.0
0.12,8.27,4.37,-11.0,10.0
0.13,8.15,4.49,-12.0,12.0
0.14,7.99,4.66,-16.0,17.0
0.15,7.89,4.77,-10.0,11.0
0.16,7.8,4.88,-9.0,11.0
0.17,7.7,4.99,-10.0,11.0
0.18,7.58,5.11,-12.0,12.0
0.19,7.5,5.21,-8.0,10.0
0.2,7.43,5.32,-7.0,11.0
0.21,7.33,5.44,-10.0,12.0
0.22,7.25,5.53,-8.0,9.0
0.23,7.19,5.62,-6.0,9.0
0.24,7.11,5.72,-8.0,10.0
0.25,7.01,5.84,-10.0,12.0
0.26,6.94,5.92,-7.0,8.0
0.27,6.82,6.06,-12.0,14.0
0.28,6.7,6.19,-12.0,13.0
0.29,6.61,6.31,-9.0,12.0
0.3,6.47,6.5,-14.0,19.0
0.31,6.31,6.67,-16.0,17.0
0.32,6.17,6.82,-14.0,15.0
0.33,6.1,6.91,-7.0,9.0
0.34,5.99,7.03,-11.0,12.0
0.35000000000000003,5.9,7.15,-9.0,12.0
0.36,5.83,7.23,-7.0,8.0
0.37,5.77,7.31,-6.0,8.0
0.38,5.7,7.42,-7.0,11.0
0.39,5.6,7.57,-10.0,15.0
0.4,5.53,7.68,-7.0,11.0
0.41000000000000003,5.46,7.81,-7.0,13.0
0.42,5.38,7.98,-8.0,17.0
0.43,5.28,8.16,-10.0,18.0
0.44,5.2,8.33,-8.0,17.0
0.45,5.15,8.42,-5.0,9.0
0.46,5.11,8.52,-4.0,10.0
0.47000000000000003,5.06,8.63,-5.0,11.0
0.48,4.98,8.77,-8.0,14.0
0.49,4.94,8.86,-4.0,9.0
0.5,4.92,8.92,-2.0,6.0
0.51,4.87,9.02,-5.0,10.0
0.52,4.86,9.11,-1.0,9.0
0.53,4.82,9.21,-4.0,10.0
0.54,4.8,9.25,-2.0,4.0
0.55,4.8,9.25,0.0,0.0
0.56,4.8,9.25,0.0,0.0
0.5700000000000001,4.8,9.29,0.0,4.0
0.58,4.77,9.41,-3.0,12.0
0.59,4.71,9.54,-6.0,13.0
0.6,4.64,9.68,-7.0,14.0
0.61,4.61,9.81,-3.0,13.0
0.62,4.61,9.93,0.0,12.0
0.63,4.62,10.04,1.0,11.0
0.64,4.61,10.17,-1.0,13.0
0.65,4.59,10.27,-2.0,10.0
0.66,4.59,10.4,0.0,13.0
0.67,4.59,10.49,0.0,9.0
0.68,4.56,10.57,-3.0,8.0
0.6900000000000001,4.53,10.64,-3.0,7.0
0.7000000000000001,4.53,10.66,0.0,2.0
0.71,4.51,10.71,-2.0,5.0
0.72,4.51,10.76,0.0,5.0
0.73,4.5,10.81,-1.0,5.0
0.74,4.5,10.87,0.0,6.0
0.75,4.5,10.94,0.0,7.0
0.76,4.51,11.02,1.0,8.0
0.77,4.51,11.09,0.0,7.0
0.78,4.52,11.16,1.0,7.0
0.79,4.53,11.23,1.0,7.0
0.8,4.54,11.28,1.0,5.0
0.81,4.56,11.31,2.0,3.0
0.8200000000000001,4.58,11.35,2.0,4.0
0.8300000000000001,4.6,11.38,2.0,3.0
0.84,4.67,11.43,7.0,5.0
0.85,4.72,11.47,5.0,4.0
0.86,4.77,11.52,5.0,5.0
0.87,4.82,11.56,5.0,4.0
0.88,4.9,11.6,8.0,4.0
0.89,4.93,11.61,3.0,1.0
0.9,5.01,11.65,8.0,4.0
0.91,5.11,11.67,10.0,2.0
0.92,5.28,11.73,17.0,6.0
0.93,5.4,11.76,12.0,3.0
0.9400000000000001,5.47,11.8,7.0,4.0
0.9500000000000001,5.67,11.86,20.0,6.0
0.96,5.81,11.92,14.0,6.0
0.97,6.02,11.99,21.0,7.0
0.98,6.26,12.06,24.0,7.0
0.99,6.36,12.09,10.0,3.0
1.0,6.44,12.11,8.0,2.0
1.01,6.49,12.13,5.0,2.0
1.02,6.63,12.16,14.0,3.0
1.03,6.73,12.18,10.0,2.0
1.04,6.81,12.21,8.0,3.0
1.05,6.92,12.25,11.0,4.0
1.06,7.09,12.29,17.0,4.0
1.07,7.23,12.31,14.0,2.0
1.08,7.41,12.34,18.0,3.0
1.09,7.58,12.36,17.0,2.0
1.1,7.84,12.4,26.0,4.0
1.11,8.01,12.4,17.0,0.0
1.12,8.23,12.4,22.0,0.0
1.1300000000000001,8.43,12.42,20.0,2.0
1.1400000000000001,8.59,12.42,16.0,0.0
1.1500000000000001,8.77,12.41,18.0,-1.0
1.16,8.91,12.39,14.0,-2.0
1.17,8.99,12.41,8.0,2.0
1.18,9.04,12.42,5.0,1.0
1.19,9.13,12.42,9.0,0.0
1.2,9.28,12.44,15.0,2.0
1.21,9.55,12.48,27.0,4.0
1.22,9.72,12.51,17.0,3.0
1.23,9.87,12.53,15.0,2.0
1.24,10.01,12.57,14.0,4.0
1.25,10.12,12.59,11.0,2.0
1.26,10.34,12.62,22.0,3.0
1.27,10.61,12.67,27.0,5.0
1.28,11.0,12.68,39.0,1.0
1.29,11.26,12.71,26.0,3.0
1.3,11.43,12.72,17.0,1.0
1.31,11.68,12.72,25.0,0.0
1.32,11.92,12.72,24.0,0.0
1.33,12.08,12.73,16.0,1.0
1.34,12.4,12.75,32.0,2.0
1.35,12.55,12.75,15.0,0.0
1.36,12.77,12.75,22.0,0.0
1.37,12.88,12.75,11.0,0.0
1.3800000000000001,13.07,12.75,19.0,0.0
1.3900000000000001,13.22,12.74,15.0,-1.0
1.4000000000000001,13.26,12.73,4.0,-1.0
1.41,13.41,12.7,15.0,-3.0
1.42,13.53,12.69,12.0,-1.0
1.43,13.67,12.69,14.0,0.0
1.44,13.8,12.69,13.0,0.0
1.45,13.9,12.68,10.0,-1.0
1.46,14.08,12.68,18.0,0.0
1.47,14.23,12.68,15.0,0.0
1.48,14.35,12.67,12.0,-1.0
1.49,14.56,12.67,21.0,0.0
1.5,14.78,12.67,22.0,0.0
1.51,14.91,12.66,13.0,-1.0
1.52,15.13,12.64,22.0,-2.0
1.53,15.34,12.61,21.0,-3.0
1.54,15.5,12.59,16.0,-2.0
1.55,15.54,12.57,4.0,-2.0
1.56,15.6,12.55,6.0,-2.0
1.57,15.67,12.53,7.0,-2.0
1.58,15.7,12.51,3.0,-2.0
1.59,15.79,12.47,9.0,-4.0
1.6,15.83,12.45,4.0,-2.0
1.61,15.83,12.41,0.0,-4.0
1.62,15.91,12.36,8.0,-5.0
1.6300000000000001,15.96,12.32,5.0,-4.0
1.6400000000000001,15.97,12.31,1.0,-1.0
1.6500000000000001,16.03,12.28,6.0,-3.0
1.6600000000000001,16.07,12.23,4.0,-5.0
1.67,16.12,12.2,5.0,-3.0
1.68,16.13,12.16,1.0,-4.0
1.69,16.17,12.12,4.0,-4.0
1.7,16.21,12.09,4.0,-3.0
1.71,16.24,12.01,3.0,-8.0
1.72,16.26,11.96,2.0,-5.0
1.73,16.27,11.93,1.0,-3.0
1.74,16.29,11.87,2.0,-6.0
1.75,16.29,11.77,0.0,-10.0
1.76,16.29,11.73,0.0,-4.0
1.77,16.28,11.69,-1.0,-4.0
1.78,16.26,11.6,-2.0,-9.0
1.79,16.24,11.5,-2.0,-10.0
1.8,16.21,11.4,-3.0,-10.0
1.81,16.18,11.29,-3.0,-11.0
1.82,16.14,11.13,-4.0,-16.0
1.83,16.08,10.99,-6.0,-14.0
1.84,16.02,10.84,-6.0,-15.0
1.85,15.94,10.67,-8.0,-17.0
1.86,15.85,10.5,-9.0,-17.0
1.87,15.78,10.4,-7.0,-10.0
1.8800000000000001,15.76,10.32,-2.0,-8.0
1.8900000000000001,15.7,10.23,-6.0,-9.0
1.9000000000000001,15.65,10.11,-5.0,-12.0
1.9100000000000001,15.6,10.02,-5.0,-9.0
1.92,15.54,9.93,-6.0,-9.0
1.93,15.4,9.71,-14.0,-22.0
1.94,15.27,9.51,-13.0,-20.0
1.95,15.12,9.32,-15.0,-19.0
1.96,15.05,9.21,-7.0,-11.0
1.97,14.98,9.1,-7.0,-11.0
1.98,14.92,9.02,-6.0,-8.0
1.99,14.86,8.91,-6.0,-11.0
2.0,14.8,8.83,-6.0,-8.0
2.0100000000000002,14.72,8.71,-8.0,-12.0
2.02,14.62,8.57,-10.0,-14.0
2.0300000000000002,14.52,8.44,-10.0,-13.0
2.04,14.41,8.29,-11.0,-15.0
2.05,14.25,8.05,-16.0,-24.0
2.06,14.14,7.86,-11.0,-19.0
2.07,14.03,7.71,-11.0,-15.0
2.08,13.99,7.63,-4.0,-8.0
2.09,13.93,7.56,-6.0,-7.0
2.1,13.82,7.44,-11.0,-12.0
2.11,13.75,7.36,-7.0,-8.0
2.12,13.63,7.24,-12.0,-12.0
2.13,13.5,7.13,-13.0,-11.0
2.14,13.36,6.99,-14.0,-14.0
2.15,13.19,6.8,-17.0,-19.0
2.16,13.07,6.66,-12.0,-14.0
2.17,12.95,6.51,-12.0,-15.0
2.18,12.82,6.35,-13.0,-16.0
2.19,12.72,6.23,-10.0,-12.0
2.2,12.62,6.11,-10.0,-12.0
2.21,12.55,6.02,-7.0,-9.0
2.22,12.43,5.88,-12.0,-14.0
2.23,12.31,5.74,-12.0,-14.0
2.24,12.26,5.67,-5.0,-7.0
2.25,12.19,5.59,-7.0,-8.0
2.2600000000000002,12.13,5.52,-6.0,-7.0
2.27,12.09,5.48,-4.0,-4.0
2.2800000000000002,12.01,5.39,-8.0,-9.0
2.29,11.92,5.31,-9.0,-8.0
2.3000000000000003,11.83,5.23,-9.0,-8.0
2.31,11.76,5.15,-7.0,-8.0
2.32,11.69,5.07,-7.0,-8.0
2.33,11.59,4.96,-10.0,-11.0
2.34,11.56,4.92,-3.0,-4.0
2.35,11.56,4.92,0.0,0.0
2.36,11.55,4.9,-1.0,-2.0
2.37,11.5,4.85,-5.0,-5.0
2.38,11.46,4.8,-4.0,-5.0
2.39,11.41,4.75,-5.0,-5.0
2.4,11.34,4.68,-7.0,-7.0
2.41,11.26,4.59,-8.0,-9.0
2.42,11.21,4.53,-5.0,-6.0
2.43,11.11,4.42,-10.0,-11.0
2.44,11.05,4.33,-6.0,-9.0
2.45,11.0,4.25,-5.0,-8.0
2.46,10.96,4.18,-4.0,-7.0
2.47,10.9,4.09,-6.0,-9.0
2.48,10.82,3.99,-8.0,-10.0
2.49,10.8,3.96,-2.0,-3.0
2.5,10.78,3.93,-2.0,-3.0
2.5100000000000002,10.75,3.9,-3.0,-3.0
2.52,10.74,3.88,-1.0,-2.0
2.5300000000000002,10.71,3.84,-3.0,-4.0
2.54,10.69,3.81,-2.0,-3.0
2.5500000000000003,10.69,3.8,0.0,-1.0
2.56,10.69,3.8,0.0,0.0
2.57,10.68,3.76,-1.0,-4.0
2.58,10.67,3.73,-1.0,-3.0
2.59,10.66,3.72,-1.0,-1.0
2.6,10.66,3.72,0.0,0.0
