0.01,8.91,3.69,0.0,0.0
0.02,8.91,3.69,0.0,0.0
0.03,8.91,3.69,0.0,0.0
0.04,8.9,3.7,-1.0,1.0
0.05,8.88,3.72,-2.0,2.0
0.06,8.87,3.73,-1.0,1.0
0.07,8.87,3.74,0.0,1.0
0.08,8.83,3.79,-4.0,5.0
0.09,8.79,3.83,-4.0,4.0
0.1,8.74,3.88,-5.0,5.0
0.11,8.64,3.96,-10.0,8.0
0.12,8.58,4.04,-6.0,8.0
0.13,8.47,4.15,-11.0,11.0
0.14,8.38,4.23,-9.0,8.0
0.15,8.29,4.31,-9.0,8.0
0.16,8.21,4.39,-8.0,8.0
0.17,8.13,4.49,-8.0,10.0
0.18,8.07,4.57,-6.0,8.0
0.19,8.04,4.59,-3.0,2.0
0.2,7.93,4.65,-11.0,6.0
0.21,7.75,4.78,-18.0,13.0
0.22,7.61,4.89,-14.0,11.0
0.23,7.47,5.01,-14.0,12.0
0.24,7.34,5.12,-13.0,11.0
0.25,7.19,5.24,-15.0,12.0
0.26,7.09,5.31,-10.0,7.0
0.27,6.96,5.42,-13.0,11.0
0.28,6.82,5.57,-14.0,15.0
0.29,6.7,5.69,-12.0,12.0
0.3,6.55,5.84,-15.0,15.0
0.31,6.36,6.04,-19.0,20.0
0.32,6.21,6.21,-15.0,17.0
0.33,6.09,6.32,-12.0,11.0
0.34,6.02,6.42,-7.0,10.0
0.35000000000000003,5.93,6.5,-9.0,8.0
0.36,5.81,6.61,-12.0,11.0
0.37,5.67,6.72,-14.0,11.0
0.38,5.52,6.82,-15.0,10.0
0.39,5.36,6.96,-16.0,14.0
0.4,5.21,7.08,-15.0,12.0
0.41000000000000003,5.0,7.25,-21.0,17.0
0.42,4.8,7.41,-20.0,16.0
0.43,4.63,7.53,-17.0,12.0
0.44,4.49,7.62,-14.0,9.0
0.45,4.33,7.75,-16.0,13.0
0.46,4.17,7.87,-16.0,12.0
0.47000000000000003,4.06,7.96,-11.0,9.0
0.48,3.96,8.05,-10.0,9.0
0.49,3.88,8.12,-8.0,7.0
0.5,3.82,8.18,-6.0,6.0
0.51,3.76,8.25,-6.0,7.0
0.52,3.71,8.33,-5.0,8.0
0.53,3.63,8.45,-8.0,12.0
0.54,3.57,8.54,-6.0,9.0
0.55,3.51,8.65,-6.0,11.0
0.56,3.45,8.73,-6.0,8.0
0.5700000000000001,3.42,8.78,-3.0,5.0
0.58,3.38,8.83,-4.0,5.0
0.59,3.34,8.89,-4.0,6.0
0.6,3.31,8.93,-3.0,4.0
0.61,3.28,8.97,-3.0,4.0
0.62,3.26,9.01,-2.0,4.0
0.63,3.21,9.08,-5.0,7.0
0.64,3.19,9.13,-2.0,5.0
0.65,3.17,9.19,-2.0,6.0
0.66,3.14,9.26,-3.0,7.0
0.67,3.14,9.29,0.0,3.0
0.68,3.13,9.34,-1.0,5.0
0.6900000000000001,3.12,9.41,-1.0,7.0
0.7000000000000001,3.13,9.49,1.0,8.0
0.71,3.15,9.56,2.0,7.0
0.72,3.18,9.64,3.0,8.0
0.73,3.22,9.71,4.0,7.0
0.74,3.25,9.77,3.0,6.0
0.75,3.31,9.85,6.0,8.0
0.76,3.37,9.94,6.0,9.0
0.77,3.43,9.99,6.0,5.0
0.78,3.49,10.06,6.0,7.0
0.79,3.64,10.16,15.0,10.0
0.8,3.75,10.34,11.0,18.0
0.81,3.9,10.46,15.0,12.0
0.8200000000000001,4.11,10.54,21.0,8.0
0.8300000000000001,4.18,10.57,7.0,3.0
0.84,4.31,10.63,13.0,6.0
0.85,4.48,10.68,17.0,5.0
0.86,4.64,10.72,16.0,4.0
0.87,4.87,10.78,23.0,6.0
0.88,5.07,10.83,20.0,5.0
0.89,5.29,10.85,22.0,2.0
0.9,5.48,10.89,19.0,4.0
0.91,5.63,10.92,15.0,3.0
0.92,5.76,10.96,13.0,4.0
0.93,5.87,10.98,11.0,2.0
0.9400000000000001,6.04,11.02,17.0,4.0
0.9500000000000001,6.15,11.04,11.0,2.0
0.96,6.36,11.07,21.0,3.0
0.97,6.53,11.12,17.0,5.0
0.98,6.66,11.14,13.0,2.0
0.99,6.95,11.21,29.0,7.0
1.0,7.13,11.24,18.0,3.0
1.01,7.43,11.25,30.0,1.0
1.02,7.66,11.26,23.0,1.0
1.03,7.9,11.28,24.0,2.0
1.04,8.13,11.29,23.0,1.0
1.05,8.33,11.29,20.0,0.0
1.06,8.48,11.28,15.0,-1.0
1.07,8.67,11.28,19.0,0.0
1.08,8.89,11.28,22.0,0.0
1.09,9.1,11.27,21.0,-1.0
1.1,9.3,11.27,20.0,0.0
1.11,9.46,11.27,16.0,0.0
1.12,9.66,11.27,20.0,0.0
1.1300000000000001,9.91,11.28,25.0,1.0
1.1400000000000001,10.17,11.27,26.0,-1.0
1.1500000000000001,10.36,11.25,19.0,-2.0
1.16,10.48,11.24,12.0,-1.0
1.17,10.72,11.22,24.0,-2.0
1.18,10.83,11.21,11.0,-1.0
1.19,10.93,11.19,10.0,-2.0
1.2,11.13,11.15,20.0,-4.0
1.21,11.29,11.13,16.0,-2.0
1.22,11.45,11.12,16.0,-1.0
1.23,11.67,11.07,22.0,-5.0
1.24,11.8,11.0,13.0,-7.0
1.25,12.01,10.93,21.0,-7.0
1.26,12.15,10.87,14.0,-6.0
1.27,12.23,10.84,8.0,-3.0
1.28,12.38,10.82,15.0,-2.0
1.29,12.46,10.81,8.0,-1.0
1.3,12.53,10.78,7.0,-3.0
1.31,12.56,10.73,3.0,-5.0
1.32,12.68,10.7,12.0,-3.0
1.33,12.83,10.7,15.0,0.0
1.34,12.94,10.66,11.0,-4.0
1.35,13.09,10.61,15.0,-5.0
1.36,13.24,10.57,15.0,-4.0
1.37,13.48,10.54,24.0,-3.0
1.3800000000000001,13.66,10.46,18.0,-8.0
1.3900000000000001,13.79,10.38,13.0,-8.0
1.4000000000000001,13.88,10.33,9.0,-5.0
1.41,13.94,10.26,6.0,-7.0
1.42,14.02,10.19,8.0,-7.0
1.43,14.09,10.13,7.0,-6.0
1.44,14.16,10.08,7.0,-5.0
1.45,14.25,10.02,9.0,-6.0
1.46,14.29,9.93,4.0,-9.0
1.47,14.35,9.89,6.0,-4.0
1.48,14.37,9.84,2.0,-5.0
1.49,14.41,9.77,4.0,-7.0
1.5,14.48,9.71,7.0,-6.0
1.51,14.5,9.67,2.0,-4.0
1.52,14.53,9.6,3.0,-7.0
1.53,14.54,9.56,1.0,-4.0
1.54,14.57,9.52,3.0,-4.0
1.55,14.58,9.49,1.0,-3.0
1.56,14.58,9.41,0.0,-8.0
1.57,14.58,9.33,0.0,-8.0
1.58,14.58,9.29,0.0,-4.0
1.59,14.57,9.24,-1.0,-5.0
1.6,14.55,9.15,-2.0,-9.0
1.61,14.53,9.05,-2.0,-10.0
1.62,14.51,8.96,-2.0,-9.0
1.6300000000000001,14.47,8.84,-4.0,-12.0
1.6400000000000001,14.45,8.74,-2.0,-10.0
1.6500000000000001,14.41,8.65,-4.0,-9.0
1.6600000000000001,14.33,8.51,-8.0,-14.0
1.67,14.3,8.39,-3.0,-12.0
1.68,14.25,8.24,-5.0,-15.0
1.69,14.17,8.08,-8.0,-16.0
1.7,14.07,7.88,-10.0,-20.0
1.71,13.98,7.71,-9.0,-17.0
1.72,13.9,7.59,-8.0,-12.0
1.73,13.88,7.46,-2.0,-13.0
1.74,13.82,7.28,-6.0,-18.0
1.75,13.73,7.09,-9.0,-19.0
1.76,13.61,6.89,-12.0,-20.0
1.77,13.41,6.61,-20.0,-28.0
1.78,13.33,6.48,-8.0,-13.0
1.79,13.19,6.3,-14.0,-18.0
1.8,13.05,6.11,-14.0,-19.0
1.81,12.95,5.97,-10.0,-14.0
1.82,12.84,5.84,-11.0,-13.0
1.83,12.7,5.68,-14.0,-16.0
1.84,12.58,5.55,-12.0,-13.0
1.85,12.53,5.49,-5.0,-6.0
1.86,12.42,5.39,-11.0,-10.0
1.87,12.32,5.28,-10.0,-11.0
1.8800000000000001,12.22,5.18,-10.0,-10.0
1.8900000000000001,12.16,5.11,-6.0,-7.0
1.9000000000000001,12.06,4.99,-10.0,-12.0
1.9100000000000001,11.93,4.86,-13.0,-13.0
1.92,11.77,4.73,-16.0,-13.0
1.93,11.64,4.63,-13.0,-10.0
1.94,11.48,4.52,-16.0,-11.0
1.95,11.36,4.44,-12.0,-8.0
1.96,11.24,4.38,-12.0,-6.0
1.97,11.2,4.35,-4.0,-3.0
1.98,11.11,4.28,-9.0,-7.0
1.99,10.99,4.2,-12.0,-8.0
2.0,10.88,4.11,-11.0,-9.0
2.0100000000000002,10.82,4.02,-6.0,-9.0
2.02,10.76,3.94,-6.0,-8.0
2.0300000000000002,10.71,3.87,-5.0,-7.0
2.04,10.7,3.84,-1.0,-3.0
2.05,10.7,3.84,0.0,0.0
2.06,10.68,3.8,-2.0,-4.0
2.07,10.67,3.78,-1.0,-2.0
2.08,10.67,3.78,0.0,0.0
2.09,10.65,3.74,-2.0,-4.0
2.1,10.6,3.66,-5.0,-8.0
2.11,10.59,3.63,-1.0,-3.0
2.12,10.59,3.63,0.0,0.0
