0.01,8.9,3.67,0.0,0.0
0.02,8.9,3.67,0.0,0.0
0.03,8.9,3.67,0.0,0.0
0.04,8.9,3.67,0.0,0.0
0.05,8.9,3.67,0.0,0.0
0.06,8.83,3.74,-7.0,7.0
0.07,8.73,3.83,-10.0,9.0
0.08,8.68,3.89,-5.0,6.0
0.09,8.59,4.01,-9.0,12.0
0.1,8.51,4.1,-8.0,9.0
0.11,8.44,4.19,-7.0,9.0
0.12,8.36,4.29,-8.0,10.0
0.13,8.26,4.44,-10.0,15.0
0.14,8.18,4.58,-8.0,14.0
0.15,8.1,4.71,-8.0,13.0
0.16,8.03,4.86,-7.0,15.0
0.17,7.96,4.97,-7.0,11.0
0.18,7.87,5.14,-9.0,17.0
0.19,7.79,5.28,-8.0,14.0
0.2,7.71,5.39,-8.0,11.0
0.21,7.64,5.5,-7.0,11.0
0.22,7.56,5.62,-8.0,12.0
0.23,7.47,5.75,-9.0,13.0
0.24,7.39,5.87,-8.0,12.0
0.25,7.31,6.01,-8.0,14.0
0.26,7.27,6.11,-4.0,10.0
0.27,7.15,6.26,-12.0,15.0
0.28,7.07,6.41,-8.0,15.0
0.29,7.03,6.49,-4.0,8.0
0.3,6.96,6.63,-7.0,14.0
0.31,6.89,6.79,-7.0,16.0
0.32,6.79,6.94,-10.0,15.0
0.33,6.74,7.06,-5.0,12.0
0.34,6.67,7.2,-7.0,14.0
0.35000000000000003,6.62,7.37,-5.0,17.0
0.36,6.58,7.62,-4.0,25.0
0.37,6.52,7.85,-6.0,23.0
0.38,6.47,8.05,-5.0,20.0
0.39,6.43,8.18,-4.0,13.0
0.4,6.39,8.27,-4.0,9.0
0.41000000000000003,6.32,8.4,-7.0,13.0
0.42,6.23,8.55,-9.0,15.0
0.43,6.17,8.66,-6.0,11.0
0.44,6.09,8.8,-8.0,14.0
0.45,6.0,8.95,-9.0,15.0
0.46,5.88,9.14,-12.0,19.0
0.47000000000000003,5.81,9.3,-7.0,16.0
0.48,5.76,9.43,-5.0,13.0
0.49,5.7,9.55,-6.0,12.0
0.5,5.68,9.63,-2.0,8.0
0.51,5.65,9.77,-3.0,14.0
0.52,5.64,9.87,-1.0,10.0
0.53,5.64,9.94,0.0,7.0
0.54,5.64,10.04,0.0,10.0
0.55,5.63,10.14,-1.0,10.0
0.56,5.62,10.2,-1.0,6.0
0.5700000000000001,5.62,10.23,0.0,3.0
0.58,5.62,10.28,0.0,5.0
0.59,5.62,10.34,0.0,6.0
0.6,5.62,10.42,0.0,8.0
0.61,5.62,10.48,0.0,6.0
0.62,5.62,10.55,0.0,7.0
0.63,5.62,10.57,0.0,2.0
0.64,5.63,10.61,1.0,4.0
0.65,5.62,10.64,-1.0,3.0
0.66,5.62,10.67,0.0,3.0
0.67,5.62,10.68,0.0,1.0
0.68,5.61,10.74,-1.0,6.0
0.6900000000000001,5.6,10.77,-1.0,3.0
0.7000000000000001,5.59,10.81,-1.0,4.0
0.71,5.59,10.82,0.0,1.0
0.72,5.59,10.87,0.0,5.0
0.73,5.59,10.93,0.0,6.0
0.74,5.59,10.96,0.0,3.0
0.75,5.59,10.96,0.0,0.0
0.76,5.6,11.01,1.0,5.0
0.77,5.63,11.09,3.0,8.0
0.78,5.65,11.13,2.0,4.0
0.79,5.67,11.16,2.0,3.0
0.8,5.69,11.19,2.0,3.0
0.81,5.73,11.24,4.0,5.0
0.8200000000000001,5.75,11.26,2.0,2.0
0.8300000000000001,5.76,11.28,1.0,2.0
0.84,5.87,11.37,11.0,9.0
0.85,5.98,11.47,11.0,10.0
0.86,6.15,11.56,17.0,9.0
0.87,6.21,11.59,6.0,3.0
0.88,6.35,11.66,14.0,7.0
0.89,6.54,11.72,19.0,6.0
0.9,6.61,11.75,7.0,3.0
0.91,6.68,11.76,7.0,1.0
0.92,6.84,11.78,16.0,2.0
0.93,6.96,11.82,12.0,4.0
0.9400000000000001,7.16,11.87,20.0,5.0
0.9500000000000001,7.32,11.89,16.0,2.0
0.96,7.46,11.92,14.0,3.0
0.97,7.64,11.94,18.0,2.0
0.98,7.82,11.96,18.0,2.0
0.99,8.03,11.96,21.0,0.0
1.0,8.2,11.97,17.0,1.0
1.01,8.43,11.98,23.0,1.0
1.02,8.56,11.98,13.0,0.0
1.03,8.79,11.97,23.0,-1.0
1.04,9.05,11.97,26.0,0.0
1.05,9.28,11.96,23.0,-1.0
1.06,9.5,11.96,22.0,0.0
1.07,9.77,11.92,27.0,-4.0
1.08,10.01,11.9,24.0,-2.0
1.09,10.17,11.86,16.0,-4.0
1.1,10.43,11.83,26.0,-3.0
1.11,10.63,11.81,20.0,-2.0
1.12,10.78,11.77,15.0,-4.0
1.1300000000000001,11.02,11.75,24.0,-2.0
1.1400000000000001,11.22,11.7,20.0,-5.0
1.1500000000000001,11.46,11.63,24.0,-7.0
1.16,11.72,11.59,26.0,-4.0
1.17,11.84,11.57,12.0,-2.0
1.18,12.08,11.53,24.0,-4.0
1.19,12.24,11.47,16.0,-6.0
1.2,12.34,11.44,10.0,-3.0
1.21,12.51,11.39,17.0,-5.0
1.22,12.63,11.34,12.0,-5.0
1.23,12.79,11.29,16.0,-5.0
1.24,12.92,11.23,13.0,-6.0
1.25,13.02,11.19,10.0,-4.0
1.26,13.16,11.12,14.0,-7.0
1.27,13.33,11.04,17.0,-8.0
1.28,13.39,10.97,6.0,-7.0
1.29,13.51,10.89,12.0,-8.0
1.3,13.6,10.82,9.0,-7.0
1.31,13.66,10.76,6.0,-6.0
1.32,13.75,10.7,9.0,-6.0
1.33,13.79,10.66,4.0,-4.0
1.34,13.82,10.62,3.0,-4.0
1.35,13.92,10.56,10.0,-6.0
1.36,13.96,10.52,4.0,-4.0
1.37,14.02,10.45,6.0,-7.0
1.3800000000000001,14.07,10.38,5.0,-7.0
1.3900000000000001,14.11,10.32,4.0,-6.0
1.4000000000000001,14.14,10.27,3.0,-5.0
1.41,14.18,10.23,4.0,-4.0
1.42,14.22,10.18,4.0,-5.0
1.43,14.26,10.11,4.0,-7.0
1.44,14.3,10.05,4.0,-6.0
1.45,14.32,10.0,2.0,-5.0
1.46,14.36,9.95,4.0,-5.0
1.47,14.43,9.89,7.0,-6.0
1.48,14.44,9.81,1.0,-8.0
1.49,14.47,9.74,3.0,-7.0
1.5,14.5,9.69,3.0,-5.0
1.51,14.53,9.65,3.0,-4.0
1.52,14.57,9.59,4.0,-6.0
1.53,14.57,9.59,0.0,0.0
1.54,14.59,9.57,2.0,-2.0
1.55,14.61,9.52,2.0,-5.0
1.56,14.66,9.45,5.0,-7.0
1.57,14.68,9.43,2.0,-2.0
1.58,14.68,9.37,0.0,-6.0
1.59,14.69,9.31,1.0,-6.0
1.6,14.69,9.25,0.0,-6.0
1.61,14.68,9.18,-1.0,-7.0
1.62,14.67,9.12,-1.0,-6.0
1.6300000000000001,14.64,9.04,-3.0,-8.0
1.6400000000000001,14.61,8.93,-3.0,-11.0
1.6500000000000001,14.59,8.83,-2.0,-10.0
1.6600000000000001,14.54,8.7,-5.0,-13.0
1.67,14.47,8.57,-7.0,-13.0
1.68,14.37,8.42,-10.0,-15.0
1.69,14.24,8.24,-13.0,-18.0
1.7,14.13,8.06,-11.0,-18.0
1.71,13.99,7.87,-14.0,-19.0
1.72,13.74,7.56,-25.0,-31.0
1.73,13.6,7.38,-14.0,-18.0
1.74,13.49,7.23,-11.0,-15.0
1.75,13.37,7.08,-12.0,-15.0
1.76,13.24,6.91,-13.0,-17.0
1.77,13.09,6.72,-15.0,-19.0
1.78,12.99,6.59,-10.0,-13.0
1.79,12.84,6.41,-15.0,-18.0
1.8,12.72,6.24,-12.0,-17.0
1.81,12.59,6.08,-13.0,-16.0
1.82,12.5,5.96,-9.0,-12.0
1.83,12.37,5.81,-13.0,-15.0
1.84,12.31,5.75,-6.0,-6.0
1.85,12.19,5.65,-12.0,-10.0
1.86,12.13,5.59,-6.0,-6.0
1.87,11.99,5.44,-14.0,-15.0
1.8800000000000001,11.9,5.33,-9.0,-11.0
1.8900000000000001,11.86,5.28,-4.0,-5.0
1.9000000000000001,11.79,5.22,-7.0,-6.0
1.9100000000000001,11.74,5.17,-5.0,-5.0
1.92,11.67,5.12,-7.0,-5.0
1.93,11.59,5.06,-8.0,-6.0
1.94,11.53,5.0,-6.0,-6.0
1.95,11.46,4.92,-7.0,-8.0
1.96,11.37,4.83,-9.0,-9.0
1.97,11.27,4.72,-10.0,-11.0
1.98,11.22,4.65,-5.0,-7.0
1.99,11.17,4.59,-5.0,-6.0
2.0,11.12,4.54,-5.0,-5.0
2.0100000000000002,11.12,4.53,0.0,-1.0
2.02,11.1,4.5,-2.0,-3.0
2.0300000000000002,11.02,4.39,-8.0,-11.0
2.04,10.98,4.32,-4.0,-7.0
2.05,10.93,4.26,-5.0,-6.0
2.06,10.88,4.15,-5.0,-11.0
2.07,10.82,4.05,-6.0,-10.0
2.08,10.79,3.99,-3.0,-6.0
2.09,10.76,3.92,-3.0,-7.0
2.1,10.74,3.87,-2.0,-5.0
2.11,10.71,3.81,-3.0,-6.0
2.12,10.71,3.81,0.0,0.0
2.13,10.71,3.81,0.0,0.0
2.14,10.71,3.81,0.0,0.0
2.15,10.71,3.81,0.0,0.0
2.16,10.71,3.81,0.0,0.0
2.17,10.71,3.81,0.0,0.0
2.18,10.71,3.81,0.0,0.0
2.19,10.71,3.81,0.0,0.0
2.2,10.66,3.75,-5.0,-6.0
2.21,10.63,3.73,-3.0,-2.0
2.22,10.63,3.73,0.0,0.0
2.23,10.63,3.73,0.0,0.0
2.24,10.63,3.73,0.0,0.0
2.25,10.63,3.73,0.0,0.0
2.2600000000000002,10.63,3.73,0.0,0.0
2.27,10.63,3.73,0.0,0.0
