0.01,8.89,3.7,0.0,0.0
0.02,8.88,3.7,-1.0,0.0
0.03,8.88,3.7,0.0,0.0
0.04,8.88,3.7,0.0,0.0
0.05,8.88,3.7,0.0,0.0
0.06,8.88,3.7,0.0,0.0
0.07,8.86,3.74,-2.0,4.0
0.08,8.74,3.86,-12.0,12.0
0.09,8.67,3.95,-7.0,9.0
0.1,8.55,4.09,-12.0,14.0
0.11,8.45,4.25,-10.0,16.0
0.12,8.34,4.36,-11.0,11.0
0.13,8.27,4.49,-7.0,13.0
0.14,8.18,4.62,-9.0,13.0
0.15,8.07,4.79,-11.0,17.0
0.16,8.02,4.88,-5.0,9.0
0.17,7.92,5.03,-10.0,15.0
0.18,7.79,5.21,-13.0,18.0
0.19,7.66,5.42,-13.0,21.0
0.2,7.49,5.66,-17.0,24.0
0.21,7.33,5.93,-16.0,27.0
0.22,7.15,6.19,-18.0,26.0
0.23,7.06,6.39,-9.0,20.0
0.24,6.99,6.51,-7.0,12.0
0.25,6.94,6.6,-5.0,9.0
0.26,6.87,6.73,-7.0,13.0
0.27,6.74,6.89,-13.0,16.0
0.28,6.66,7.02,-8.0,13.0
0.29,6.58,7.14,-8.0,12.0
0.3,6.46,7.3,-12.0,16.0
0.31,6.37,7.43,-9.0,13.0
0.32,6.31,7.52,-6.0,9.0
0.33,6.2,7.69,-11.0,17.0
0.34,6.07,7.89,-13.0,20.0
0.35000000000000003,5.99,8.01,-8.0,12.0
0.36,5.89,8.18,-10.0,17.0
0.37,5.78,8.38,-11.0,20.0
0.38,5.69,8.52,-9.0,14.0
0.39,5.61,8.63,-8.0,11.0
0.4,5.57,8.72,-4.0,9.0
0.41000000000000003,5.5,8.79,-7.0,7.0
0.42,5.43,8.86,-7.0,7.0
0.43,5.34,8.93,-9.0,7.0
0.44,5.28,8.97,-6.0,4.0
0.45,5.19,9.03,-9.0,6.0
0.46,5.15,9.07,-4.0,4.0
0.47000000000000003,5.08,9.14,-7.0,7.0
0.48,5.0,9.23,-8.0,9.0
0.49,4.93,9.31,-7.0,8.0
0.5,4.86,9.39,-7.0,8.0
0.51,4.81,9.47,-5.0,8.0
0.52,4.8,9.51,-1.0,4.0
0.53,4.76,9.58,-4.0,7.0
0.54,4.72,9.64,-4.0,6.0
0.55,4.7,9.69,-2.0,5.0
0.56,4.66,9.73,-4.0,4.0
0.5700000000000001,4.61,9.79,-5.0,6.0
0.58,4.56,9.83,-5.0,4.0
0.59,4.51,9.86,-5.0,3.0
0.6,4.49,9.88,-2.0,2.0
0.61,4.46,9.92,-3.0,4.0
0.62,4.42,9.96,-4.0,4.0
0.63,4.41,9.97,-1.0,1.0
0.64,4.39,9.98,-2.0,1.0
0.65,4.39,9.99,0.0,1.0
0.66,4.36,10.02,-3.0,3.0
0.67,4.37,10.02,1.0,0.0
0.68,4.4,10.02,3.0,0.0
0.6900000000000001,4.41,10.05,1.0,3.0
0.7000000000000001,4.38,10.11,-3.0,6.0
0.71,4.37,10.18,-1.0,7.0
0.72,4.38,10.24,1.0,6.0
0.73,4.36,10.3,-2.0,6.0
0.74,4.34,10.37,-2.0,7.0
0.75,4.32,10.48,-2.0,11.0
0.76,4.29,10.57,-3.0,9.0
0.77,4.27,10.65,-2.0,8.0
0.78,4.26,10.75,-1.0,10.0
0.79,4.25,10.85,-1.0,10.0
0.8,4.22,10.94,-3.0,9.0
0.81,4.21,10.99,-1.0,5.0
0.8200000000000001,4.21,11.03,0.0,4.0
0.8300000000000001,4.21,11.06,0.0,3.0
0.84,4.19,11.11,-2.0,5.0
0.85,4.19,11.16,0.0,5.0
0.86,4.19,11.21,0.0,5.0
0.87,4.21,11.27,2.0,6.0
0.88,4.21,11.32,0.0,5.0
0.89,4.21,11.38,0.0,6.0
0.9,4.21,11.39,0.0,1.0
0.91,4.23,11.46,2.0,7.0
0.92,4.3,11.53,7.0,7.0
0.93,4.39,11.55,9.0,2.0
0.9400000000000001,4.45,11.59,6.0,4.0
0.9500000000000001,4.53,11.64,8.0,5.0
0.96,4.65,11.68,12.0,4.0
0.97,4.85,11.72,20.0,4.0
0.98,4.97,11.75,12.0,3.0
0.99,5.07,11.76,10.0,1.0
1.0,5.1,11.77,3.0,1.0
1.01,5.37,11.82,27.0,5.0
1.02,5.71,11.84,34.0,2.0
1.03,5.83,11.84,12.0,0.0
1.04,5.85,11.85,2.0,1.0
1.05,5.94,11.89,9.0,4.0
1.06,6.19,11.93,25.0,4.0
1.07,6.42,11.93,23.0,0.0
1.08,6.66,11.97,24.0,4.0
1.09,6.87,12.0,21.0,3.0
1.1,7.05,12.0,18.0,0.0
1.11,7.27,12.04,22.0,4.0
1.12,7.52,12.08,25.0,4.0
1.1300000000000001,7.87,12.1,35.0,2.0
1.1400000000000001,8.28,12.15,41.0,5.0
1.1500000000000001,8.53,12.17,25.0,2.0
1.16,8.81,12.22,28.0,5.0
1.17,9.03,12.22,22.0,0.0
1.18,9.27,12.22,24.0,0.0
1.19,9.54,12.22,27.0,0.0
1.2,9.7,12.23,16.0,1.0
1.21,9.97,12.24,27.0,1.0
1.22,10.11,12.24,14.0,0.0
1.23,10.41,12.24,30.0,0.0
1.24,10.58,12.24,17.0,0.0
1.25,10.74,12.27,16.0,3.0
1.26,11.08,12.28,34.0,1.0
1.27,11.36,12.28,28.0,0.0
1.28,11.74,12.3,38.0,2.0
1.29,11.95,12.3,21.0,0.0
1.3,12.23,12.31,28.0,1.0
1.31,12.43,12.32,20.0,1.0
1.32,12.64,12.32,21.0,0.0
1.33,12.87,12.32,23.0,0.0
1.34,13.09,12.32,22.0,0.0
1.35,13.37,12.32,28.0,0.0
1.36,13.66,12.32,29.0,0.0
1.37,13.87,12.32,21.0,0.0
1.3800000000000001,14.12,12.32,25.0,0.0
1.3900000000000001,14.28,12.32,16.0,0.0
1.4000000000000001,14.45,12.3,17.0,-2.0
1.41,14.63,12.28,18.0,-2.0
1.42,14.83,12.25,20.0,-3.0
1.43,14.92,12.18,9.0,-7.0
1.44,15.01,12.12,9.0,-6.0
1.45,15.11,12.09,10.0,-3.0
1.46,15.19,12.04,8.0,-5.0
1.47,15.35,11.98,16.0,-6.0
1.48,15.43,11.97,8.0,-1.0
1.49,15.48,11.96,5.0,-1.0
1.5,15.62,11.94,14.0,-2.0
1.51,15.72,11.9,10.0,-4.0
1.52,15.82,11.87,10.0,-3.0
1.53,15.85,11.86,3.0,-1.0
1.54,15.86,11.86,1.0,0.0
1.55,15.91,11.8,5.0,-6.0
1.56,15.94,11.75,3.0,-5.0
1.57,16.01,11.72,7.0,-3.0
1.58,16.01,11.71,0.0,-1.0
1.59,16.05,11.66,4.0,-5.0
1.6,16.08,11.63,3.0,-3.0
1.61,16.08,11.63,0.0,0.0
1.62,16.12,11.57,4.0,-6.0
1.6300000000000001,16.16,11.52,4.0,-5.0
1.6400000000000001,16.2,11.48,4.0,-4.0
1.6500000000000001,16.24,11.41,4.0,-7.0
1.6600000000000001,16.26,11.38,2.0,-3.0
1.67,16.27,11.37,1.0,-1.0
1.68,16.29,11.34,2.0,-3.0
1.69,16.3,11.32,1.0,-2.0
1.7,16.31,11.29,1.0,-3.0
1.71,16.34,11.25,3.0,-4.0
1.72,16.34,11.2,0.0,-5.0
1.73,16.36,11.09,2.0,-11.0
1.74,16.36,10.98,0.0,-11.0
1.75,16.35,10.81,-1.0,-17.0
1.76,16.32,10.7,-3.0,-11.0
1.77,16.18,10.38,-14.0,-32.0
1.78,16.12,10.22,-6.0,-16.0
1.79,16.08,10.13,-4.0,-9.0
1.8,15.99,10.06,-9.0,-7.0
1.81,15.92,9.98,-7.0,-8.0
1.82,15.85,9.91,-7.0,-7.0
1.83,15.76,9.82,-9.0,-9.0
1.84,15.68,9.73,-8.0,-9.0
1.85,15.53,9.59,-15.0,-14.0
1.86,15.45,9.5,-8.0,-9.0
1.87,15.34,9.35,-11.0,-15.0
1.8800000000000001,15.24,9.25,-10.0,-10.0
1.8900000000000001,15.11,9.13,-13.0,-12.0
1.9000000000000001,14.96,9.0,-15.0,-13.0
1.9100000000000001,14.81,8.85,-15.0,-15.0
1.92,14.69,8.73,-12.0,-12.0
1.93,14.52,8.54,-17.0,-19.0
1.94,14.3,8.31,-22.0,-23.0
1.95,14.12,8.11,-18.0,-20.0
1.96,13.86,7.84,-26.0,-27.0
1.97,13.69,7.67,-17.0,-17.0
1.98,13.48,7.43,-21.0,-24.0
1.99,13.27,7.23,-21.0,-20.0
2.0,13.12,7.09,-15.0,-14.0
2.0100000000000002,12.96,6.96,-16.0,-13.0
2.02,12.81,6.84,-15.0,-12.0
2.0300000000000002,12.71,6.72,-10.0,-12.0
2.04,12.6,6.62,-11.0,-10.0
2.05,12.49,6.5,-11.0,-12.0
2.06,12.38,6.38,-11.0,-12.0
2.07,12.24,6.22,-14.0,-16.0
2.08,12.14,6.09,-10.0,-13.0
2.09,12.01,5.93,-13.0,-16.0
2.1,11.9,5.78,-11.0,-15.0
2.11,11.83,5.63,-7.0,-15.0
2.12,11.76,5.51,-7.0,-12.0
2.13,11.67,5.36,-9.0,-15.0
2.14,11.6,5.22,-7.0,-14.0
2.15,11.52,5.06,-8.0,-16.0
2.16,11.41,4.88,-11.0,-18.0
2.17,11.36,4.79,-5.0,-9.0
2.18,11.3,4.7,-6.0,-9.0
2.19,11.25,4.62,-5.0,-8.0
2.2,11.19,4.55,-6.0,-7.0
2.21,11.11,4.43,-8.0,-12.0
2.22,11.03,4.33,-8.0,-10.0
2.23,10.95,4.24,-8.0,-9.0
2.24,10.88,4.15,-7.0,-9.0
2.25,10.82,4.08,-6.0,-7.0
2.2600000000000002,10.76,4.0,-6.0,-8.0
2.27,10.7,3.91,-6.0,-9.0
2.2800000000000002,10.64,3.85,-6.0,-6.0
2.29,10.61,3.8,-3.0,-5.0
2.3000000000000003,10.59,3.78,-2.0,-2.0
2.31,10.59,3.78,0.0,0.0
2.32,10.59,3.78,0.0,0.0
2.33,10.59,3.78,0.0,0.0
2.34,10.59,3.78,0.0,0.0
2.35,10.59,3.78,0.0,0.0
2.36,10.59,3.78,0.0,0.0
2.37,10.59,3.78,0.0,0.0
