0.01,8.91,3.7,0.0,0.0
0.02,8.91,3.7,0.0,0.0
0.03,8.91,3.7,0.0,0.0
0.04,8.91,3.7,0.0,0.0
0.05,8.91,3.7,0.0,0.0
0.06,8.85,3.75,-6.0,5.0
0.07,8.72,3.83,-13.0,8.0
0.08,8.58,3.92,-14.0,9.0
0.09,8.53,3.97,-5.0,5.0
0.1,8.43,4.05,-10.0,8.0
0.11,8.3,4.14,-13.0,9.0
0.12,8.2,4.22,-10.0,8.0
0.13,8.14,4.27,-6.0,5.0
0.14,8.1,4.33,-4.0,6.0
0.15,8.04,4.42,-6.0,9.0
0.16,7.99,4.49,-5.0,7.0
0.17,7.93,4.57,-6.0,8.0
0.18,7.82,4.69,-11.0,12.0
0.19,7.68,4.85,-14.0,16.0
0.2,7.6,4.97,-8.0,12.0
0.21,7.56,5.03,-4.0,6.0
0.22,7.48,5.14,-8.0,11.0
0.23,7.39,5.29,-9.0,15.0
0.24,7.31,5.42,-8.0,13.0
0.25,7.25,5.52,-6.0,10.0
0.26,7.18,5.61,-7.0,9.0
0.27,7.11,5.7,-7.0,9.0
0.28,7.03,5.82,-8.0,12.0
0.29,6.92,5.95,-11.0,13.0
0.3,6.83,6.05,-9.0,10.0
0.31,6.77,6.12,-6.0,7.0
0.32,6.63,6.26,-14.0,14.0
0.33,6.55,6.36,-8.0,10.0
0.34,6.51,6.41,-4.0,5.0
0.35000000000000003,6.44,6.52,-7.0,11.0
0.36,6.38,6.62,-6.0,10.0
0.37,6.32,6.74,-6.0,12.0
0.38,6.24,6.86,-8.0,12.0
0.39,6.14,6.99,-10.0,13.0
0.4,6.07,7.18,-7.0,19.0
0.41000000000000003,5.99,7.34,-8.0,16.0
0.42,5.93,7.48,-6.0,14.0
0.43,5.91,7.55,-2.0,7.0
0.44,5.88,7.6,-3.0,5.0
0.45,5.86,7.67,-2.0,7.0
0.46,5.83,7.73,-3.0,6.0
0.47000000000000003,5.76,7.82,-7.0,9.0
0.48,5.71,7.89,-5.0,7.0
0.49,5.61,8.01,-10.0,12.0
0.5,5.56,8.11,-5.0,10.0
0.51,5.5,8.19,-6.0,8.0
0.52,5.46,8.27,-4.0,8.0
0.53,5.44,8.32,-2.0,5.0
0.54,5.41,8.37,-3.0,5.0
0.55,5.38,8.43,-3.0,6.0
0.56,5.37,8.47,-1.0,4.0
0.5700000000000001,5.34,8.54,-3.0,7.0
0.58,5.32,8.6,-2.0,6.0
0.59,5.27,8.73,-5.0,13.0
0.6,5.27,8.8,0.0,7.0
0.61,5.26,8.88,-1.0,8.0
0.62,5.26,8.93,0.0,5.0
0.63,5.22,9.01,-4.0,8.0
0.64,5.2,9.06,-2.0,5.0
0.65,5.18,9.12,-2.0,6.0
0.66,5.16,9.17,-2.0,5.0
0.67,5.14,9.24,-2.0,7.0
0.68,5.13,9.29,-1.0,5.0
0.6900000000000001,5.11,9.37,-2.0,8.0
0.7000000000000001,5.1,9.39,-1.0,2.0
0.71,5.1,9.43,0.0,4.0
0.72,5.1,9.49,0.0,6.0
0.73,5.11,9.53,1.0,4.0
0.74,5.12,9.55,1.0,2.0
0.75,5.16,9.58,4.0,3.0
0.76,5.23,9.63,7.0,5.0
0.77,5.25,9.67,2.0,4.0
0.78,5.29,9.73,4.0,6.0
0.79,5.38,9.83,9.0,10.0
0.8,5.45,9.91,7.0,8.0
0.81,5.54,9.99,9.0,8.0
0.8200000000000001,5.61,10.05,7.0,6.0
0.8300000000000001,5.7,10.11,9.0,6.0
0.84,5.79,10.2,9.0,9.0
0.85,5.91,10.27,12.0,7.0
0.86,5.98,10.33,7.0,6.0
0.87,6.13,10.4,15.0,7.0
0.88,6.32,10.48,19.0,8.0
0.89,6.45,10.54,13.0,6.0
0.9,6.56,10.58,11.0,4.0
0.91,6.67,10.61,11.0,3.0
0.92,6.76,10.63,9.0,2.0
0.93,6.89,10.67,13.0,4.0
0.9400000000000001,7.05,10.75,16.0,8.0
0.9500000000000001,7.23,10.83,18.0,8.0
0.96,7.36,10.88,13.0,5.0
0.97,7.47,10.91,11.0,3.0
0.98,7.58,10.93,11.0,2.0
0.99,7.68,10.94,10.0,1.0
1.0,7.73,10.96,5.0,2.0
1.01,7.84,10.97,11.0,1.0
1.02,8.04,10.97,20.0,0.0
1.03,8.25,10.99,21.0,2.0
1.04,8.46,11.04,21.0,5.0
1.05,8.52,11.08,6.0,4.0
1.06,8.59,11.09,7.0,1.0
1.07,8.65,11.09,6.0,0.0
1.08,8.79,11.09,14.0,0.0
1.09,8.98,11.1,19.0,1.0
1.1,9.11,11.11,13.0,1.0
1.11,9.33,11.11,22.0,0.0
1.12,9.51,11.11,18.0,0.0
1.1300000000000001,9.73,11.12,22.0,1.0
1.1400000000000001,9.98,11.13,25.0,1.0
1.1500000000000001,10.14,11.13,16.0,0.0
1.16,10.44,11.13,30.0,0.0
1.17,10.61,11.13,17.0,0.0
1.18,10.82,11.16,21.0,3.0
1.19,11.14,11.21,32.0,5.0
1.2,11.35,11.23,21.0,2.0
1.21,11.53,11.26,18.0,3.0
1.22,11.76,11.26,23.0,0.0
1.23,11.99,11.26,23.0,0.0
1.24,12.2,11.27,21.0,1.0
1.25,12.36,11.25,16.0,-2.0
1.26,12.61,11.2,25.0,-5.0
1.27,12.77,11.19,16.0,-1.0
1.28,12.85,11.16,8.0,-3.0
1.29,12.91,11.14,6.0,-2.0
1.3,13.0,11.12,9.0,-2.0
1.31,13.07,11.1,7.0,-2.0
1.32,13.11,11.07,4.0,-3.0
1.33,13.25,11.03,14.0,-4.0
1.34,13.34,11.02,9.0,-1.0
1.35,13.38,10.99,4.0,-3.0
1.36,13.42,10.97,4.0,-2.0
1.37,13.44,10.94,2.0,-3.0
1.3800000000000001,13.46,10.91,2.0,-3.0
1.3900000000000001,13.52,10.86,6.0,-5.0
1.4000000000000001,13.6,10.83,8.0,-3.0
1.41,13.65,10.8,5.0,-3.0
1.42,13.69,10.77,4.0,-3.0
1.43,13.77,10.72,8.0,-5.0
1.44,13.81,10.7,4.0,-2.0
1.45,13.87,10.67,6.0,-3.0
1.46,13.96,10.64,9.0,-3.0
1.47,14.01,10.59,5.0,-5.0
1.48,14.07,10.55,6.0,-4.0
1.49,14.1,10.53,3.0,-2.0
1.5,14.15,10.5,5.0,-3.0
1.51,14.18,10.46,3.0,-4.0
1.52,14.22,10.43,4.0,-3.0
1.53,14.27,10.39,5.0,-4.0
1.54,14.29,10.37,2.0,-2.0
1.55,14.29,10.36,0.0,-1.0
1.56,14.3,10.34,1.0,-2.0
1.57,14.32,10.3,2.0,-4.0
1.58,14.33,10.28,1.0,-2.0
1.59,14.35,10.27,2.0,-1.0
1.6,14.35,10.26,0.0,-1.0
1.61,14.38,10.21,3.0,-5.0
1.62,14.4,10.17,2.0,-4.0
1.6300000000000001,14.4,10.17,0.0,0.0
1.6400000000000001,14.43,10.12,3.0,-5.0
1.6500000000000001,14.45,10.05,2.0,-7.0
1.6600000000000001,14.45,10.0,0.0,-5.0
1.67,14.47,9.92,2.0,-8.0
1.68,14.48,9.83,1.0,-9.0
1.69,14.48,9.73,0.0,-10.0
1.7,14.46,9.6,-2.0,-13.0
1.71,14.44,9.47,-2.0,-13.0
1.72,14.44,9.39,0.0,-8.0
1.73,14.44,9.29,0.0,-10.0
1.74,14.41,9.17,-3.0,-12.0
1.75,14.39,9.07,-2.0,-10.0
1.76,14.35,8.98,-4.0,-9.0
1.77,14.29,8.88,-6.0,-10.0
1.78,14.24,8.79,-5.0,-9.0
1.79,14.17,8.66,-7.0,-13.0
1.8,14.06,8.49,-11.0,-17.0
1.81,14.01,8.39,-5.0,-10.0
1.82,13.9,8.26,-11.0,-13.0
1.83,13.85,8.18,-5.0,-8.0
1.84,13.8,8.1,-5.0,-8.0
1.85,13.7,7.99,-10.0,-11.0
1.86,13.61,7.92,-9.0,-7.0
1.87,13.53,7.86,-8.0,-6.0
1.8800000000000001,13.45,7.77,-8.0,-9.0
1.8900000000000001,13.36,7.68,-9.0,-9.0
1.9000000000000001,13.26,7.57,-10.0,-11.0
1.9100000000000001,13.16,7.42,-10.0,-15.0
1.92,13.09,7.3,-7.0,-12.0
1.93,12.99,7.13,-10.0,-17.0
1.94,12.88,6.98,-11.0,-15.0
1.95,12.82,6.88,-6.0,-10.0
1.96,12.76,6.81,-6.0,-7.0
1.97,12.66,6.69,-10.0,-12.0
1.98,12.59,6.59,-7.0,-10.0
1.99,12.53,6.49,-6.0,-10.0
2.0,12.46,6.39,-7.0,-10.0
2.0100000000000002,12.41,6.29,-5.0,-10.0
2.02,12.33,6.16,-8.0,-13.0
2.0300000000000002,12.25,6.0,-8.0,-16.0
2.04,12.11,5.83,-14.0,-17.0
2.05,12.01,5.7,-10.0,-13.0
2.06,11.96,5.62,-5.0,-8.0
2.07,11.91,5.53,-5.0,-9.0
2.08,11.88,5.45,-3.0,-8.0
2.09,11.84,5.36,-4.0,-9.0
2.1,11.79,5.27,-5.0,-9.0
2.11,11.72,5.14,-7.0,-13.0
2.12,11.66,5.05,-6.0,-9.0
2.13,11.6,4.96,-6.0,-9.0
2.14,11.53,4.87,-7.0,-9.0
2.15,11.44,4.75,-9.0,-12.0
2.16,11.37,4.64,-7.0,-11.0
2.17,11.29,4.52,-8.0,-12.0
2.18,11.24,4.46,-5.0,-6.0
2.19,11.2,4.4,-4.0,-6.0
2.2,11.15,4.34,-5.0,-6.0
2.21,11.08,4.25,-7.0,-9.0
2.22,11.02,4.19,-6.0,-6.0
2.23,10.99,4.16,-3.0,-3.0
2.24,10.97,4.14,-2.0,-2.0
2.25,10.93,4.08,-4.0,-6.0
2.2600000000000002,10.86,4.01,-7.0,-7.0
2.27,10.8,3.96,-6.0,-5.0
2.2800000000000002,10.77,3.92,-3.0,-4.0
2.29,10.73,3.88,-4.0,-4.0
2.3000000000000003,10.71,3.85,-2.0,-3.0
2.31,10.68,3.81,-3.0,-4.0
2.32,10.67,3.79,-1.0,-2.0
2.33,10.67,3.79,0.0,0.0
2.34,10.66,3.77,-1.0,-2.0
2.35,10.66,3.77,0.0,0.0
2.36,10.66,3.77,0.0,0.0
2.37,10.66,3.77,0.0,0.0
