0.01,8.91,3.72,0.0,0.0
0.02,8.91,3.72,0.0,0.0
0.03,8.91,3.72,0.0,0.0
0.04,8.91,3.72,0.0,0.0
0.05,8.91,3.72,0.0,0.0
0.06,8.91,3.72,0.0,0.0
0.07,8.9,3.72,-1.0,0.0
0.08,8.88,3.75,-2.0,3.0
0.09,8.85,3.78,-3.0,3.0
0.1,8.79,3.85,-6.0,7.0
0.11,8.75,3.91,-4.0,6.0
0.12,8.68,3.98,-7.0,7.0
0.13,8.59,4.07,-9.0,9.0
0.14,8.52,4.15,-7.0,8.0
0.15,8.45,4.25,-7.0,10.0
0.16,8.39,4.33,-6.0,8.0
0.17,8.35,4.4,-4.0,7.0
0.18,8.28,4.51,-7.0,11.0
0.19,8.22,4.59,-6.0,8.0
0.2,8.17,4.66,-5.0,7.0
0.21,8.08,4.74,-9.0,8.0
0.22,7.95,4.86,-13.0,12.0
0.23,7.87,4.93,-8.0,7.0
0.24,7.78,5.04,-9.0,11.0
0.25,7.68,5.17,-10.0,13.0
0.26,7.62,5.26,-6.0,9.0
0.27,7.59,5.3,-3.0,4.0
0.28,7.54,5.35,-5.0,5.0
0.29,7.48,5.45,-6.0,10.0
0.3,7.44,5.51,-4.0,6.0
0.31,7.38,5.59,-6.0,8.0
0.32,7.21,5.79,-17.0,20.0
0.33,7.05,6.0,-16.0,21.0
0.34,6.94,6.15,-11.0,15.0
0.35000000000000003,6.76,6.36,-18.0,21.0
0.36,6.65,6.52,-11.0,16.0
0.37,6.57,6.65,-8.0,13.0
0.38,6.5,6.76,-7.0,11.0
0.39,6.43,6.87,-7.0,11.0
0.4,6.31,7.05,-12.0,18.0
0.41000000000000003,6.19,7.22,-12.0,17.0
0.42,6.12,7.32,-7.0,10.0
0.43,5.98,7.51,-14.0,19.0
0.44,5.84,7.68,-14.0,17.0
0.45,5.77,7.8,-7.0,12.0
0.46,5.72,7.87,-5.0,7.0
0.47000000000000003,5.61,8.06,-11.0,19.0
0.48,5.49,8.25,-12.0,19.0
0.49,5.34,8.46,-15.0,21.0
0.5,5.24,8.58,-10.0,12.0
0.51,5.12,8.7,-12.0,12.0
0.52,4.99,8.86,-13.0,16.0
0.53,4.91,8.97,-8.0,11.0
0.54,4.74,9.17,-17.0,20.0
0.55,4.55,9.36,-19.0,19.0
0.56,4.49,9.43,-6.0,7.0
0.5700000000000001,4.28,9.61,-21.0,18.0
0.58,4.01,9.81,-27.0,20.0
0.59,4.0,9.84,-1.0,3.0
0.6,4.0,9.84,0.0,0.0
0.61,3.98,9.89,-2.0,5.0
0.62,3.97,9.92,-1.0,3.0
0.63,3.96,9.99,-1.0,7.0
0.64,3.9,10.11,-6.0,12.0
0.65,3.85,10.19,-5.0,8.0
0.66,3.78,10.28,-7.0,9.0
0.67,3.6,10.43,-18.0,15.0
0.68,3.56,10.49,-4.0,6.0
0.6900000000000001,3.55,10.53,-1.0,4.0
0.7000000000000001,3.53,10.61,-2.0,8.0
0.71,3.53,10.71,0.0,10.0
0.72,3.51,10.84,-2.0,13.0
0.73,3.51,10.91,0.0,7.0
0.74,3.51,10.97,0.0,6.0
0.75,3.51,11.05,0.0,8.0
0.76,3.51,11.14,0.0,9.0
0.77,3.5,11.22,-1.0,8.0
0.78,3.49,11.24,-1.0,2.0
0.79,3.49,11.29,0.0,5.0
0.8,3.44,11.36,-5.0,7.0
0.81,3.44,11.36,0.0,0.0
0.8200000000000001,3.45,11.39,1.0,3.0
0.8300000000000001,3.47,11.42,2.0,3.0
0.84,3.49,11.49,2.0,7.0
0.85,3.51,11.54,2.0,5.0
0.86,3.53,11.59,2.0,5.0
0.87,3.55,11.67,2.0,8.0
0.88,3.56,11.73,1.0,6.0
0.89,3.59,11.76,3.0,3.0
0.9,3.62,11.81,3.0,5.0
0.91,3.67,11.86,5.0,5.0
0.92,3.74,11.91,7.0,5.0
0.93,3.86,12.03,12.0,12.0
0.9400000000000001,4.01,12.14,15.0,11.0
0.9500000000000001,4.11,12.2,10.0,6.0
0.96,4.27,12.28,16.0,8.0
0.97,4.45,12.37,18.0,9.0
0.98,4.57,12.42,12.0,5.0
0.99,4.67,12.45,10.0,3.0
1.0,4.8,12.47,13.0,2.0
1.01,4.9,12.52,10.0,5.0
1.02,4.98,12.55,8.0,3.0
1.03,5.09,12.57,11.0,2.0
1.04,5.2,12.59,11.0,2.0
1.05,5.34,12.62,14.0,3.0
1.06,5.52,12.65,18.0,3.0
1.07,5.75,12.65,23.0,0.0
1.08,6.06,12.65,31.0,0.0
1.09,6.38,12.67,32.0,2.0
1.1,6.4,12.67,2.0,0.0
1.11,6.46,12.68,6.0,1.0
1.12,6.72,12.68,26.0,0.0
1.1300000000000001,6.98,12.69,26.0,1.0
1.1400000000000001,7.0,12.69,2.0,0.0
1.1500000000000001,7.05,12.69,5.0,0.0
1.16,7.27,12.7,22.0,1.0
1.17,7.46,12.7,19.0,0.0
1.18,7.56,12.71,10.0,1.0
1.19,7.69,12.72,13.0,1.0
1.2,7.88,12.72,19.0,0.0
1.21,8.12,12.71,24.0,-1.0
1.22,8.36,12.71,24.0,0.0
1.23,8.57,12.71,21.0,0.0
1.24,8.7,12.71,13.0,0.0
1.25,8.87,12.71,17.0,0.0
1.26,9.01,12.71,14.0,0.0
1.27,9.14,12.71,13.0,0.0
1.28,9.28,12.69,14.0,-2.0
1.29,9.4,12.69,12.0,0.0
1.3,9.51,12.69,11.0,0.0
1.31,9.72,12.68,21.0,-1.0
1.32,9.88,12.68,16.0,0.0
1.33,10.02,12.67,14.0,-1.0
1.34,10.2,12.66,18.0,-1.0
1.35,10.38,12.64,18.0,-2.0
1.36,10.55,12.62,17.0,-2.0
1.37,10.7,12.61,15.0,-1.0
1.3800000000000001,10.84,12.6,14.0,-1.0
1.3900000000000001,10.93,12.6,9.0,0.0
1.4000000000000001,11.04,12.59,11.0,-1.0
1.41,11.18,12.57,14.0,-2.0
1.42,11.28,12.57,10.0,0.0
1.43,11.34,12.56,6.0,-1.0
1.44,11.43,12.56,9.0,0.0
1.45,11.56,12.56,13.0,0.0
1.46,11.68,12.55,12.0,-1.0
1.47,11.81,12.55,13.0,0.0
1.48,11.91,12.54,10.0,-1.0
1.49,12.06,12.54,15.0,0.0
1.5,12.18,12.53,12.0,-1.0
1.51,12.28,12.52,10.0,-1.0
1.52,12.38,12.51,10.0,-1.0
1.53,12.5,12.51,12.0,0.0
1.54,12.57,12.51,7.0,0.0
1.55,12.68,12.51,11.0,0.0
1.56,12.83,12.51,15.0,0.0
1.57,12.97,12.51,14.0,0.0
1.58,13.1,12.5,13.0,-1.0
1.59,13.28,12.5,18.0,0.0
1.6,13.41,12.5,13.0,0.0
1.61,13.53,12.5,12.0,0.0
1.62,13.66,12.5,13.0,0.0
1.6300000000000001,13.82,12.5,16.0,0.0
1.6400000000000001,13.86,12.5,4.0,0.0
1.6500000000000001,13.86,12.5,0.0,0.0
1.6600000000000001,13.96,12.5,10.0,0.0
1.67,14.1,12.49,14.0,-1.0
1.68,14.23,12.48,13.0,-1.0
1.69,14.38,12.47,15.0,-1.0
1.7,14.45,12.45,7.0,-2.0
1.71,14.53,12.45,8.0,0.0
1.72,14.59,12.43,6.0,-2.0
1.73,14.63,12.42,4.0,-1.0
1.74,14.74,12.39,11.0,-3.0
1.75,14.83,12.36,9.0,-3.0
1.76,14.85,12.36,2.0,0.0
1.77,14.87,12.35,2.0,-1.0
1.78,14.97,12.33,10.0,-2.0
1.79,15.09,12.31,12.0,-2.0
1.8,15.21,12.29,12.0,-2.0
1.81,15.34,12.25,13.0,-4.0
1.82,15.41,12.21,7.0,-4.0
1.83,15.44,12.2,3.0,-1.0
1.84,15.54,12.18,10.0,-2.0
1.85,15.66,12.16,12.0,-2.0
1.86,15.72,12.14,6.0,-2.0
1.87,15.79,12.11,7.0,-3.0
1.8800000000000001,15.85,12.06,6.0,-5.0
1.8900000000000001,15.88,12.04,3.0,-2.0
1.9000000000000001,15.89,12.03,1.0,-1.0
1.9100000000000001,15.95,11.99,6.0,-4.0
1.92,16.02,11.92,7.0,-7.0
1.93,16.04,11.89,2.0,-3.0
1.94,16.11,11.83,7.0,-6.0
1.95,16.15,11.8,4.0,-3.0
1.96,16.16,11.79,1.0,-1.0
1.97,16.18,11.75,2.0,-4.0
1.98,16.2,11.71,2.0,-4.0
1.99,16.21,11.68,1.0,-3.0
2.0,16.22,11.64,1.0,-4.0
2.0100000000000002,16.24,11.6,2.0,-4.0
2.02,16.26,11.56,2.0,-4.0
2.0300000000000002,16.26,11.52,0.0,-4.0
2.04,16.25,11.46,-1.0,-6.0
2.05,16.25,11.38,0.0,-8.0
2.06,16.24,11.31,-1.0,-7.0
2.07,16.22,11.22,-2.0,-9.0
2.08,16.19,11.13,-3.0,-9.0
2.09,16.17,11.03,-2.0,-10.0
2.1,16.15,10.95,-2.0,-8.0
2.11,16.13,10.87,-2.0,-8.0
2.12,16.1,10.77,-3.0,-10.0
2.13,16.04,10.65,-6.0,-12.0
2.14,15.97,10.51,-7.0,-14.0
2.15,15.91,10.39,-6.0,-12.0
2.16,15.83,10.24,-8.0,-15.0
2.17,15.73,10.08,-10.0,-16.0
2.18,15.63,9.92,-10.0,-16.0
2.19,15.52,9.76,-11.0,-16.0
2.2,15.41,9.61,-11.0,-15.0
2.21,15.32,9.45,-9.0,-16.0
2.22,15.24,9.36,-8.0,-9.0
2.23,15.12,9.2,-12.0,-16.0
2.24,15.0,9.05,-12.0,-15.0
2.25,14.9,8.94,-10.0,-11.0
2.2600000000000002,14.77,8.8,-13.0,-14.0
2.27,14.63,8.65,-14.0,-15.0
2.2800000000000002,14.43,8.46,-20.0,-19.0
2.29,14.24,8.29,-19.0,-17.0
2.3000000000000003,14.14,8.19,-10.0,-10.0
2.31,14.03,8.08,-11.0,-11.0
2.32,13.92,7.97,-11.0,-11.0
2.33,13.8,7.86,-12.0,-11.0
2.34,13.73,7.79,-7.0,-7.0
2.35,13.64,7.7,-9.0,-9.0
2.36,13.55,7.63,-9.0,-7.0
2.37,13.48,7.57,-7.0,-6.0
2.38,13.4,7.5,-8.0,-7.0
2.39,13.31,7.44,-9.0,-6.0
2.4,13.2,7.36,-11.0,-8.0
2.41,13.08,7.28,-12.0,-8.0
2.42,12.98,7.2,-10.0,-8.0
2.43,12.87,7.12,-11.0,-8.0
2.44,12.79,7.06,-8.0,-6.0
2.45,12.71,6.99,-8.0,-7.0
2.46,12.63,6.93,-8.0,-6.0
2.47,12.55,6.86,-8.0,-7.0
2.48,12.46,6.8,-9.0,-6.0
2.49,12.38,6.75,-8.0,-5.0
2.5,12.3,6.67,-8.0,-8.0
2.5100000000000002,12.23,6.6,-7.0,-7.0
2.52,12.16,6.54,-7.0,-6.0
2.5300000000000002,12.1,6.46,-6.0,-8.0
2.54,12.03,6.39,-7.0,-7.0
2.5500000000000003,11.94,6.28,-9.0,-11.0
2.56,11.87,6.2,-7.0,-8.0
2.57,11.81,6.11,-6.0,-9.0
2.58,11.71,5.99,-10.0,-12.0
2.59,11.64,5.89,-7.0,-10.0
2.6,11.55,5.76,-9.0,-13.0
2.61,11.49,5.65,-6.0,-11.0
2.62,11.42,5.56,-7.0,-9.0
2.63,11.4,5.52,-2.0,-4.0
2.64,11.37,5.48,-3.0,-4.0
2.65,11.33,5.43,-4.0,-5.0
2.66,11.27,5.34,-6.0,-9.0
2.67,11.23,5.27,-4.0,-7.0
2.68,11.17,5.19,-6.0,-8.0
2.69,11.11,5.09,-6.0,-10.0
2.7,11.05,5.0,-6.0,-9.0
2.71,11.01,4.92,-4.0,-8.0
2.72,10.96,4.84,-5.0,-8.0
2.73,10.93,4.8,-3.0,-4.0
2.74,10.93,4.77,0.0,-3.0
2.75,10.91,4.73,-2.0,-4.0
2.7600000000000002,10.88,4.66,-3.0,-7.0
2.77,10.85,4.58,-3.0,-8.0
2.7800000000000002,10.84,4.53,-1.0,-5.0
2.79,10.83,4.48,-1.0,-5.0
2.8000000000000003,10.81,4.42,-2.0,-6.0
2.81,10.79,4.35,-2.0,-7.0
2.82,10.77,4.31,-2.0,-4.0
2.83,10.74,4.26,-3.0,-5.0
2.84,10.72,4.19,-2.0,-7.0
2.85,10.68,4.11,-4.0,-8.0
2.86,10.67,4.06,-1.0,-5.0
2.87,10.65,4.01,-2.0,-5.0
2.88,10.63,3.95,-2.0,-6.0
2.89,10.6,3.89,-3.0,-6.0
2.9,10.59,3.86,-1.0,-3.0
2.91,10.59,3.83,0.0,-3.0
2.92,10.59,3.83,0.0,0.0
2.93,10.59,3.82,0.0,-1.0
2.94,10.6,3.8,1.0,-2.0
2.95,10.6,3.79,0.0,-1.0
2.96,10.6,3.79,0.0,0.0
2.97,10.6,3.79,0.0,0.0
2.98,10.6,3.79,0.0,0.0
2.99,10.6,3.79,0.0,0.0
3.0,10.6,3.79,0.0,0.0
3.0100000000000002,10.6,3.79,0.0,0.0
3.02,10.6,3.79,0.0,0.0
3.0300000000000002,10.6,3.77,0.0,-2.0
3.04,10.6,3.76,0.0,-1.0
3.0500000000000003,10.6,3.75,0.0,-1.0
3.06,10.6,3.75,0.0,0.0
3.0700000000000003,10.6,3.75,0.0,0.0
3.08,10.6,3.75,0.0,0.0
3.09,10.6,3.75,0.0,0.0
