0.01,8.88,3.71,0.0,0.0
0.02,8.88,3.71,0.0,0.0
0.03,8.88,3.71,0.0,0.0
0.04,8.88,3.71,0.0,0.0
0.05,8.88,3.71,0.0,0.0
0.06,8.88,3.71,0.0,0.0
0.07,8.85,3.74,-3.0,3.0
0.08,8.8,3.79,-5.0,5.0
0.09,8.69,3.89,-11.0,10.0
0.1,8.58,4.01,-11.0,12.0
0.11,8.51,4.07,-7.0,6.0
0.12,8.38,4.19,-13.0,12.0
0.13,8.24,4.28,-14.0,9.0
0.14,8.16,4.35,-8.0,7.0
0.15,8.1,4.41,-6.0,6.0
0.16,8.0,4.5,-10.0,9.0
0.17,7.92,4.56,-8.0,6.0
0.18,7.87,4.61,-5.0,5.0
0.19,7.77,4.68,-10.0,7.0
0.2,7.56,4.85,-21.0,17.0
0.21,7.43,4.99,-13.0,14.0
0.22,7.33,5.09,-10.0,10.0
0.23,7.23,5.18,-10.0,9.0
0.24,7.1,5.3,-13.0,12.0
0.25,6.96,5.42,-14.0,12.0
0.26,6.87,5.5,-9.0,8.0
0.27,6.73,5.62,-14.0,12.0
0.28,6.61,5.7,-12.0,8.0
0.29,6.45,5.83,-16.0,13.0
0.3,6.33,5.94,-12.0,11.0
0.31,6.2,6.04,-13.0,10.0
0.32,6.08,6.17,-12.0,13.0
0.33,5.99,6.26,-9.0,9.0
0.34,5.9,6.36,-9.0,10.0
0.35000000000000003,5.79,6.46,-11.0,10.0
0.36,5.72,6.52,-7.0,6.0
0.37,5.67,6.58,-5.0,6.0
0.38,5.6,6.65,-7.0,7.0
0.39,5.51,6.72,-9.0,7.0
0.4,5.43,6.77,-8.0,5.0
0.41000000000000003,5.27,6.88,-16.0,11.0
0.42,5.12,6.98,-15.0,10.0
0.43,4.99,7.07,-13.0,9.0
0.44,4.88,7.14,-11.0,7.0
0.45,4.73,7.26,-15.0,12.0
0.46,4.62,7.36,-11.0,10.0
0.47000000000000003,4.54,7.43,-8.0,7.0
0.48,4.44,7.51,-10.0,8.0
0.49,4.39,7.55,-5.0,4.0
0.5,4.33,7.61,-6.0,6.0
0.51,4.25,7.68,-8.0,7.0
0.52,4.16,7.75,-9.0,7.0
0.53,4.1,7.83,-6.0,8.0
0.54,4.02,7.92,-8.0,9.0
0.55,3.97,7.99,-5.0,7.0
0.56,3.94,8.02,-3.0,3.0
0.5700000000000001,3.93,8.05,-1.0,3.0
0.58,3.9,8.1,-3.0,5.0
0.59,3.85,8.17,-5.0,7.0
0.6,3.8,8.24,-5.0,7.0
0.61,3.75,8.32,-5.0,8.0
0.62,3.7,8.38,-5.0,6.0
0.63,3.69,8.39,-1.0,1.0
0.64,3.66,8.42,-3.0,3.0
0.65,3.6,8.48,-6.0,6.0
0.66,3.59,8.5,-1.0,2.0
0.67,3.54,8.55,-5.0,5.0
0.68,3.51,8.59,-3.0,4.0
0.6900000000000001,3.51,8.59,0.0,0.0
0.7000000000000001,3.51,8.59,0.0,0.0
0.71,3.47,8.66,-4.0,7.0
0.72,3.45,8.73,-2.0,7.0
0.73,3.46,8.76,1.0,3.0
0.74,3.46,8.84,0.0,8.0
0.75,3.47,8.88,1.0,4.0
0.76,3.49,8.93,2.0,5.0
0.77,3.53,8.99,4.0,6.0
0.78,3.56,9.05,3.0,6.0
0.79,3.59,9.14,3.0,9.0
0.8,3.63,9.23,4.0,9.0
0.81,3.69,9.3,6.0,7.0
0.8200000000000001,3.74,9.36,5.0,6.0
0.8300000000000001,3.83,9.45,9.0,9.0
0.84,3.91,9.51,8.0,6.0
0.85,4.0,9.57,9.0,6.0
0.86,4.14,9.66,14.0,9.0
0.87,4.29,9.74,15.0,8.0
0.88,4.44,9.83,15.0,9.0
0.89,4.56,9.92,12.0,9.0
0.9,4.7,10.0,14.0,8.0
0.91,4.93,10.11,23.0,11.0
0.92,5.25,10.22,32.0,11.0
0.93,5.48,10.31,23.0,9.0
0.9400000000000001,5.72,10.39,24.0,8.0
0.9500000000000001,5.89,10.49,17.0,10.0
0.96,6.06,10.53,17.0,4.0
0.97,6.28,10.58,22.0,5.0
0.98,6.44,10.64,16.0,6.0
0.99,6.61,10.69,17.0,5.0
1.0,6.75,10.77,14.0,8.0
1.01,6.85,10.83,10.0,6.0
1.02,7.0,10.85,15.0,2.0
1.03,7.16,10.89,16.0,4.0
1.04,7.27,10.91,11.0,2.0
1.05,7.44,10.93,17.0,2.0
1.06,7.63,10.97,19.0,4.0
1.07,8.0,11.02,37.0,5.0
1.08,8.15,11.04,15.0,2.0
1.09,8.23,11.06,8.0,2.0
1.1,8.36,11.08,13.0,2.0
1.11,8.54,11.1,18.0,2.0
1.12,8.63,11.12,9.0,2.0
1.1300000000000001,8.69,11.15,6.0,3.0
1.1400000000000001,8.83,11.2,14.0,5.0
1.1500000000000001,8.95,11.23,12.0,3.0
1.16,9.09,11.27,14.0,4.0
1.17,9.31,11.32,22.0,5.0
1.18,9.49,11.38,18.0,6.0
1.19,9.66,11.41,17.0,3.0
1.2,9.91,11.42,25.0,1.0
1.21,10.13,11.42,22.0,0.0
1.22,10.48,11.45,35.0,3.0
1.23,10.78,11.45,30.0,0.0
1.24,10.98,11.46,20.0,1.0
1.25,11.2,11.46,22.0,0.0
1.26,11.47,11.46,27.0,0.0
1.27,11.82,11.46,35.0,0.0
1.28,11.99,11.46,17.0,0.0
1.29,12.11,11.48,12.0,2.0
1.3,12.25,11.49,14.0,1.0
1.31,12.34,11.51,9.0,2.0
1.32,12.51,11.52,17.0,1.0
1.33,12.66,11.54,15.0,2.0
1.34,12.85,11.57,19.0,3.0
1.35,12.95,11.58,10.0,1.0
1.36,13.11,11.6,16.0,2.0
1.37,13.3,11.63,19.0,3.0
1.3800000000000001,13.41,11.64,11.0,1.0
1.3900000000000001,13.54,11.64,13.0,0.0
1.4000000000000001,13.65,11.66,11.0,2.0
1.41,13.81,11.66,16.0,0.0
1.42,13.88,11.66,7.0,0.0
1.43,14.06,11.66,18.0,0.0
1.44,14.28,11.65,22.0,-1.0
1.45,14.42,11.66,14.0,1.0
1.46,14.58,11.66,16.0,0.0
1.47,14.73,11.66,15.0,0.0
1.48,14.78,11.66,5.0,0.0
1.49,14.85,11.67,7.0,1.0
1.5,14.93,11.67,8.0,0.0
1.51,15.03,11.68,10.0,1.0
1.52,15.16,11.68,13.0,0.0
1.53,15.21,11.68,5.0,0.0
1.54,15.33,11.67,12.0,-1.0
1.55,15.48,11.67,15.0,0.0
1.56,15.56,11.67,8.0,0.0
1.57,15.59,11.66,3.0,-1.0
1.58,15.64,11.64,5.0,-2.0
1.59,15.72,11.62,8.0,-2.0
1.6,15.75,11.61,3.0,-1.0
1.61,15.78,11.57,3.0,-4.0
1.62,15.8,11.52,2.0,-5.0
1.6300000000000001,15.81,11.49,1.0,-3.0
1.6400000000000001,15.83,11.45,2.0,-4.0
1.6500000000000001,15.84,11.4,1.0,-5.0
1.6600000000000001,15.86,11.38,2.0,-2.0
1.67,15.86,11.35,0.0,-3.0
1.68,15.86,11.27,0.0,-8.0
1.69,15.87,11.21,1.0,-6.0
1.7,15.87,11.17,0.0,-4.0
1.71,15.87,11.11,0.0,-6.0
1.72,15.87,11.03,0.0,-8.0
1.73,15.87,10.95,0.0,-8.0
1.74,15.87,10.87,0.0,-8.0
1.75,15.85,10.81,-2.0,-6.0
1.76,15.8,10.7,-5.0,-11.0
1.77,15.75,10.53,-5.0,-17.0
1.78,15.71,10.46,-4.0,-7.0
1.79,15.68,10.34,-3.0,-12.0
1.8,15.61,10.2,-7.0,-14.0
1.81,15.56,10.09,-5.0,-11.0
1.82,15.51,9.97,-5.0,-12.0
1.83,15.44,9.82,-7.0,-15.0
1.84,15.39,9.72,-5.0,-10.0
1.85,15.36,9.67,-3.0,-5.0
1.86,15.35,9.66,-1.0,-1.0
1.87,15.29,9.59,-6.0,-7.0
1.8800000000000001,15.19,9.47,-10.0,-12.0
1.8900000000000001,15.06,9.35,-13.0,-12.0
1.9000000000000001,14.95,9.26,-11.0,-9.0
1.9100000000000001,14.84,9.14,-11.0,-12.0
1.92,14.73,9.04,-11.0,-10.0
1.93,14.66,8.93,-7.0,-11.0
1.94,14.57,8.82,-9.0,-11.0
1.95,14.47,8.67,-10.0,-15.0
1.96,14.37,8.5,-10.0,-17.0
1.97,14.23,8.29,-14.0,-21.0
1.98,14.14,8.14,-9.0,-15.0
1.99,14.05,8.0,-9.0,-14.0
2.0,13.92,7.8,-13.0,-20.0
2.0100000000000002,13.84,7.64,-8.0,-16.0
2.02,13.74,7.49,-10.0,-15.0
2.0300000000000002,13.59,7.27,-15.0,-22.0
2.04,13.45,7.05,-14.0,-22.0
2.05,13.34,6.89,-11.0,-16.0
2.06,13.25,6.75,-9.0,-14.0
2.07,13.16,6.64,-9.0,-11.0
2.08,13.04,6.51,-12.0,-13.0
2.09,12.94,6.4,-10.0,-11.0
2.1,12.87,6.29,-7.0,-11.0
2.11,12.79,6.2,-8.0,-9.0
2.12,12.7,6.1,-9.0,-10.0
2.13,12.65,6.05,-5.0,-5.0
2.14,12.57,5.95,-8.0,-10.0
2.15,12.48,5.85,-9.0,-10.0
2.16,12.35,5.7,-13.0,-15.0
2.17,12.27,5.62,-8.0,-8.0
2.18,12.12,5.48,-15.0,-14.0
2.19,12.05,5.4,-7.0,-8.0
2.2,11.97,5.33,-8.0,-7.0
2.21,11.9,5.27,-7.0,-6.0
2.22,11.83,5.21,-7.0,-6.0
2.23,11.73,5.12,-10.0,-9.0
2.24,11.64,5.05,-9.0,-7.0
2.25,11.56,4.98,-8.0,-7.0
2.2600000000000002,11.45,4.89,-11.0,-9.0
2.27,11.37,4.81,-8.0,-8.0
2.2800000000000002,11.25,4.71,-12.0,-10.0
2.29,11.15,4.62,-10.0,-9.0
2.3000000000000003,11.06,4.51,-9.0,-11.0
2.31,11.02,4.45,-4.0,-6.0
2.32,10.98,4.39,-4.0,-6.0
2.33,10.91,4.28,-7.0,-11.0
2.34,10.88,4.21,-3.0,-7.0
2.35,10.83,4.13,-5.0,-8.0
2.36,10.77,4.04,-6.0,-9.0
2.37,10.75,3.99,-2.0,-5.0
2.38,10.7,3.92,-5.0,-7.0
2.39,10.67,3.86,-3.0,-6.0
2.4,10.66,3.83,-1.0,-3.0
2.41,10.64,3.78,-2.0,-5.0
2.42,10.6,3.73,-4.0,-5.0
2.43,10.6,3.72,0.0,-1.0
2.44,10.58,3.71,-2.0,-1.0
2.45,10.58,3.71,0.0,0.0
2.46,10.58,3.71,0.0,0.0
