0.01,888,369,0.0,0.0
0.02,888,369,0.0,0.0
0.03,888,369,0.0,0.0
0.04,888,369,0.0,0.0
0.05,862,386,-2600.0,1700.0
0.06,831,406,-3100.0,2000.0
0.07,794,417,-3700.0,1100.0
0.08,777,421,-1700.0,400.0
0.09,761,432,-1600.0,1100.0
0.1,741,449,-2000.0,1700.0
0.11,722,463,-1900.0,1400.0
0.12,702,476,-2000.0,1300.0
0.13,688,488,-1400.0,1200.0
0.14,670,505,-1800.0,1700.0
0.15,655,519,-1500.0,1400.0
0.16,641,532,-1400.0,1300.0
0.17,625,552,-1600.0,2000.0
0.18,607,576,-1800.0,2400.0
0.19,600,589,-700.0,1300.0
0.2,595,598,-500.0,900.0
0.21,590,611,-500.0,1300.0
0.22,586,622,-400.0,1100.0
0.23,570,643,-1600.0,2100.0
0.24,553,666,-1700.0,2300.0
0.25,528,692,-2500.0,2600.0
0.26,494,725,-3400.0,3300.0
0.27,477,755,-1700.0,3000.0
0.28,474,764,-300.0,900.0
0.29,472,773,-200.0,900.0
0.3,467,785,-500.0,1200.0
0.31,466,800,-100.0,1500.0
0.32,463,820,-300.0,2000.0
0.33,461,838,-200.0,1800.0
0.34,462,854,100.0,1600.0
0.35000000000000003,464,857,200.0,300.0
0.36,466,859,200.0,200.0
0.37,471,862,500.0,300.0
0.38,472,863,100.0,100.0
0.39,473,864,100.0,100.0
0.4,477,870,400.0,600.0
0.41000000000000003,479,872,200.0,200.0
0.42,483,876,400.0,400.0
0.43,486,877,300.0,100.0
0.44,487,882,100.0,500.0
0.45,489,889,200.0,700.0
0.46,491,892,200.0,300.0
0.47000000000000003,496,899,500.0,700.0
0.48,502,904,600.0,500.0
0.49,505,904,300.0,0.0
0.5,508,904,300.0,0.0
0.51,514,906,600.0,200.0
0.52,517,906,300.0,0.0
0.53,521,905,400.0,-100.0
0.54,551,906,3000.0,100.0
0.55,584,913,3300.0,700.0
0.56,602,916,1800.0,300.0
0.5700000000000001,632,912,3000.0,-400.0
0.58,644,911,1200.0,-100.0
0.59,650,912,600.0,100.0
0.6,660,913,1000.0,100.0
0.61,679,915,1900.0,200.0
0.62,702,915,2300.0,0.0
0.63,718,915,1600.0,0.0
0.64,737,917,1900.0,200.0
0.65,764,917,2700.0,0.0
0.66,790,917,2600.0,0.0
0.67,848,915,5800.0,-200.0
0.68,898,909,5000.0,-600.0
0.6900000000000001,941,904,4300.0,-500.0
0.7000000000000001,988,904,4700.0,0.0
0.71,1018,900,3000.0,-400.0
0.72,1044,894,2600.0,-600.0
0.73,1094,886,5000.0,-800.0
0.74,1139,878,4500.0,-800.0
0.75,1171,875,3200.0,-300.0
0.76,1211,876,4000.0,100.0
0.77,1228,875,1700.0,-100.0
0.78,1255,873,2700.0,-200.0
0.79,1282,870,2700.0,-300.0
0.8,1300,867,1800.0,-300.0
0.81,1312,865,1200.0,-200.0
0.8200000000000001,1327,861,1500.0,-400.0
0.8300000000000001,1334,857,700.0,-400.0
0.84,1353,849,1900.0,-800.0
0.85,1362,841,900.0,-800.0
0.86,1362,841,0.0,0.0
0.87,1365,837,300.0,-400.0
0.88,1371,829,600.0,-800.0
0.89,1390,820,1900.0,-900.0
0.9,1416,817,2600.0,-300.0
0.91,1425,815,900.0,-200.0
0.92,1426,814,100.0,-100.0
0.93,1430,809,400.0,-500.0
0.9400000000000001,1438,804,800.0,-500.0
0.9500000000000001,1451,799,1300.0,-500.0
0.96,1460,795,900.0,-400.0
0.97,1473,789,1300.0,-600.0
0.98,1474,785,100.0,-400.0
0.99,1479,779,500.0,-600.0
1.0,1481,778,200.0,-100.0
1.01,1481,777,0.0,-100.0
1.02,1489,773,800.0,-400.0
1.03,1495,769,600.0,-400.0
1.04,1501,766,600.0,-300.0
1.05,1504,764,300.0,-200.0
1.06,1504,764,0.0,0.0
1.07,1504,763,0.0,-100.0
1.08,1505,752,100.0,-1100.0
1.09,1504,744,-100.0,-800.0
1.1,1504,743,0.0,-100.0
1.11,1503,735,-100.0,-800.0
1.12,1496,717,-700.0,-1800.0
1.1300000000000001,1491,707,-500.0,-1000.0
1.1400000000000001,1483,693,-800.0,-1400.0
1.1500000000000001,1464,666,-1900.0,-2700.0
1.16,1446,644,-1800.0,-2200.0
1.17,1424,624,-2200.0,-2000.0
1.18,1403,599,-2100.0,-2500.0
1.19,1388,586,-1500.0,-1300.0
1.2,1380,576,-800.0,-1000.0
1.21,1363,564,-1700.0,-1200.0
1.22,1347,553,-1600.0,-1100.0
1.23,1319,538,-2800.0,-1500.0
1.24,1279,519,-4000.0,-1900.0
1.25,1244,501,-3500.0,-1800.0
1.26,1226,491,-1800.0,-1000.0
1.27,1192,475,-3400.0,-1600.0
1.28,1168,464,-2400.0,-1100.0
1.29,1145,458,-2300.0,-600.0
1.3,1128,450,-1700.0,-800.0
1.31,1113,438,-1500.0,-1200.0
1.32,1101,429,-1200.0,-900.0
1.33,1095,421,-600.0,-800.0
1.34,1088,410,-700.0,-1100.0
1.35,1078,399,-1000.0,-1100.0
1.36,1074,395,-400.0,-400.0
1.37,1073,392,-100.0,-300.0
1.3800000000000001,1071,388,-200.0,-400.0
1.3900000000000001,1068,383,-300.0,-500.0
1.4000000000000001,1067,382,-100.0,-100.0
1.41,1065,380,-200.0,-200.0
1.42,1061,376,-400.0,-400.0
1.43,1057,374,-400.0,-200.0
1.44,1057,374,0.0,0.0
1.45,1053,375,-400.0,100.0
1.46,1052,375,-100.0,0.0
1.47,1053,375,100.0,0.0
