0.01,890,370,0.0,0.0
0.02,890,370,0.0,0.0
0.03,890,370,0.0,0.0
0.04,890,370,0.0,0.0
0.05,890,370,0.0,0.0
0.06,890,370,0.0,0.0
0.07,889,372,-100.0,200.0
0.08,888,375,-100.0,300.0
0.09,887,379,-100.0,400.0
0.1,885,384,-200.0,500.0
0.11,878,397,-700.0,1300.0
0.12,871,410,-700.0,1300.0
0.13,868,415,-300.0,500.0
0.14,863,421,-500.0,600.0
0.15,853,432,-1000.0,1100.0
0.16,846,438,-700.0,600.0
0.17,840,443,-600.0,500.0
0.18,835,448,-500.0,500.0
0.19,829,456,-600.0,800.0
0.2,823,461,-600.0,500.0
0.21,817,465,-600.0,400.0
0.22,813,468,-400.0,300.0
0.23,806,474,-700.0,600.0
0.24,799,481,-700.0,700.0
0.25,798,482,-100.0,100.0
0.26,798,482,0.0,0.0
0.27,796,488,-200.0,600.0
0.28,796,490,0.0,200.0
0.29,795,493,-100.0,300.0
0.3,795,498,0.0,500.0
0.31,794,502,-100.0,400.0
0.32,791,512,-300.0,1000.0
0.33,784,524,-700.0,1200.0
0.34,775,533,-900.0,900.0
0.35000000000000003,773,535,-200.0,200.0
0.36,771,537,-200.0,200.0
0.37,765,544,-600.0,700.0
0.38,756,554,-900.0,1000.0
0.39,746,563,-1000.0,900.0
0.4,741,572,-500.0,900.0
0.41000000000000003,733,584,-800.0,1200.0
0.42,725,593,-800.0,900.0
0.43,720,599,-500.0,600.0
0.44,709,608,-1100.0,900.0
0.45,696,617,-1300.0,900.0
0.46,688,625,-800.0,800.0
0.47000000000000003,683,635,-500.0,1000.0
0.48,677,646,-600.0,1100.0
0.49,670,654,-700.0,800.0
0.5,657,665,-1300.0,1100.0
0.51,655,672,-200.0,700.0
0.52,650,678,-500.0,600.0
0.53,647,685,-300.0,700.0
0.54,643,691,-400.0,600.0
0.55,635,700,-800.0,900.0
0.56,627,710,-800.0,1000.0
0.5700000000000001,621,718,-600.0,800.0
0.58,612,727,-900.0,900.0
0.59,604,738,-800.0,1100.0
0.6,592,746,-1200.0,800.0
0.61,584,756,-800.0,1000.0
0.62,578,764,-600.0,800.0
0.63,572,774,-600.0,1000.0
0.64,565,785,-700.0,1100.0
0.65,562,791,-300.0,600.0
0.66,558,796,-400.0,500.0
0.67,554,801,-400.0,500.0
0.68,547,809,-700.0,800.0
0.6900000000000001,538,818,-900.0,900.0
0.7000000000000001,533,824,-500.0,600.0
0.71,528,833,-500.0,900.0
0.72,521,845,-700.0,1200.0
0.73,518,850,-300.0,500.0
0.74,517,857,-100.0,700.0
0.75,514,863,-300.0,600.0
0.76,512,866,-200.0,300.0
0.77,508,870,-400.0,400.0
0.78,503,875,-500.0,500.0
0.79,500,879,-300.0,400.0
0.8,498,884,-200.0,500.0
0.81,498,890,0.0,600.0
0.8200000000000001,497,894,-100.0,400.0
0.8300000000000001,497,899,0.0,500.0
0.84,498,907,100.0,800.0
0.85,499,911,100.0,400.0
0.86,501,914,200.0,300.0
0.87,504,918,300.0,400.0
0.88,505,922,100.0,400.0
0.89,507,929,200.0,700.0
0.9,511,934,400.0,500.0
0.91,516,938,500.0,400.0
0.92,524,938,800.0,0.0
0.93,529,937,500.0,-100.0
0.9400000000000001,534,938,500.0,100.0
0.9500000000000001,553,942,1900.0,400.0
0.96,561,942,800.0,0.0
0.97,569,944,800.0,200.0
0.98,573,942,400.0,-200.0
0.99,577,937,400.0,-500.0
1.0,593,934,1600.0,-300.0
1.01,608,934,1500.0,0.0
1.02,618,935,1000.0,100.0
1.03,632,940,1400.0,500.0
1.04,653,945,2100.0,500.0
1.05,675,946,2200.0,100.0
1.06,693,949,1800.0,300.0
1.07,706,952,1300.0,300.0
1.08,731,956,2500.0,400.0
1.09,752,957,2100.0,100.0
1.1,783,957,3100.0,0.0
1.11,798,952,1500.0,-500.0
1.12,827,949,2900.0,-300.0
1.1300000000000001,869,950,4200.0,100.0
1.1400000000000001,900,946,3100.0,-400.0
1.1500000000000001,919,941,1900.0,-500.0
1.16,940,937,2100.0,-400.0
1.17,962,933,2200.0,-400.0
1.18,994,927,3200.0,-600.0
1.19,1016,921,2200.0,-600.0
1.2,1040,920,2400.0,-100.0
1.21,1056,917,1600.0,-300.0
1.22,1072,916,1600.0,-100.0
1.23,1094,911,2200.0,-500.0
1.24,1115,908,2100.0,-300.0
1.25,1141,906,2600.0,-200.0
1.26,1158,902,1700.0,-400.0
1.27,1173,900,1500.0,-200.0
1.28,1193,899,2000.0,-100.0
1.29,1210,897,1700.0,-200.0
1.3,1229,892,1900.0,-500.0
1.31,1243,889,1400.0,-300.0
1.32,1254,886,1100.0,-300.0
1.33,1269,882,1500.0,-400.0
1.34,1281,875,1200.0,-700.0
1.35,1288,870,700.0,-500.0
1.36,1298,862,1000.0,-800.0
1.37,1307,855,900.0,-700.0
1.3800000000000001,1315,854,800.0,-100.0
1.3900000000000001,1322,852,700.0,-200.0
1.4000000000000001,1336,850,1400.0,-200.0
1.41,1351,847,1500.0,-300.0
1.42,1359,844,800.0,-300.0
1.43,1374,841,1500.0,-300.0
1.44,1376,838,200.0,-300.0
1.45,1381,834,500.0,-400.0
1.46,1384,829,300.0,-500.0
1.47,1399,827,1500.0,-200.0
1.48,1415,824,1600.0,-300.0
1.49,1413,817,-200.0,-700.0
1.5,1421,815,800.0,-200.0
1.51,1426,812,500.0,-300.0
1.52,1434,809,800.0,-300.0
1.53,1444,806,1000.0,-300.0
1.54,1445,802,100.0,-400.0
1.55,1451,797,600.0,-500.0
1.56,1453,795,200.0,-200.0
1.57,1463,789,1000.0,-600.0
1.58,1472,784,900.0,-500.0
1.59,1475,781,300.0,-300.0
1.6,1482,778,700.0,-300.0
1.61,1484,774,200.0,-400.0
1.62,1487,772,300.0,-200.0
1.6300000000000001,1497,769,1000.0,-300.0
1.6400000000000001,1498,763,100.0,-600.0
1.6500000000000001,1501,760,300.0,-300.0
1.6600000000000001,1503,757,200.0,-300.0
1.67,1504,753,100.0,-400.0
1.68,1507,746,300.0,-700.0
1.69,1505,737,-200.0,-900.0
1.7,1505,729,0.0,-800.0
1.71,1500,715,-500.0,-1400.0
1.72,1492,701,-800.0,-1400.0
1.73,1485,690,-700.0,-1100.0
1.74,1472,671,-1300.0,-1900.0
1.75,1459,654,-1300.0,-1700.0
1.76,1447,637,-1200.0,-1700.0
1.77,1434,621,-1300.0,-1600.0
1.78,1423,606,-1100.0,-1500.0
1.79,1412,597,-1100.0,-900.0
1.8,1401,587,-1100.0,-1000.0
1.81,1392,580,-900.0,-700.0
1.82,1375,567,-1700.0,-1300.0
1.83,1355,553,-2000.0,-1400.0
1.84,1332,541,-2300.0,-1200.0
1.85,1304,529,-2800.0,-1200.0
1.86,1276,514,-2800.0,-1500.0
1.87,1251,499,-2500.0,-1500.0
1.8800000000000001,1218,479,-3300.0,-2000.0
1.8900000000000001,1199,466,-1900.0,-1300.0
1.9000000000000001,1177,454,-2200.0,-1200.0
1.9100000000000001,1159,447,-1800.0,-700.0
1.92,1145,439,-1400.0,-800.0
1.93,1128,432,-1700.0,-700.0
1.94,1115,426,-1300.0,-600.0
1.95,1107,423,-800.0,-300.0
1.96,1098,417,-900.0,-600.0
1.97,1090,412,-800.0,-500.0
1.98,1080,405,-1000.0,-700.0
1.99,1074,401,-600.0,-400.0
2.0,1072,398,-200.0,-300.0
2.0100000000000002,1066,390,-600.0,-800.0
2.02,1062,381,-400.0,-900.0
2.0300000000000002,1061,378,-100.0,-300.0
2.04,1061,374,0.0,-400.0
2.05,1061,374,0.0,0.0
