0.01,888,367,0.0,0.0
0.02,888,367,0.0,0.0
0.03,888,367,0.0,0.0
0.04,888,367,0.0,0.0
0.05,888,367,0.0,0.0
0.06,888,367,0.0,0.0
0.07,888,367,0.0,0.0
0.08,888,368,0.0,100.0
0.09,885,375,-300.0,700.0
0.1,882,382,-300.0,700.0
0.11,881,383,-100.0,100.0
0.12,880,384,-100.0,100.0
0.13,876,389,-400.0,500.0
0.14,869,395,-700.0,600.0
0.15,864,399,-500.0,400.0
0.16,857,404,-700.0,500.0
0.17,852,408,-500.0,400.0
0.18,844,414,-800.0,600.0
0.19,832,423,-1200.0,900.0
0.2,830,426,-200.0,300.0
0.21,824,432,-600.0,600.0
0.22,816,439,-800.0,700.0
0.23,810,445,-600.0,600.0
0.24,804,450,-600.0,500.0
0.25,800,455,-400.0,500.0
0.26,795,460,-500.0,500.0
0.27,790,467,-500.0,700.0
0.28,786,471,-400.0,400.0
0.29,774,481,-1200.0,1000.0
0.3,767,486,-700.0,500.0
0.31,764,489,-300.0,300.0
0.32,755,496,-900.0,700.0
0.33,742,508,-1300.0,1200.0
0.34,730,518,-1200.0,1000.0
0.35000000000000003,720,528,-1000.0,1000.0
0.36,703,544,-1700.0,1600.0
0.37,692,553,-1100.0,900.0
0.38,688,557,-400.0,400.0
0.39,683,563,-500.0,600.0
0.4,676,572,-700.0,900.0
0.41000000000000003,667,582,-900.0,1000.0
0.42,660,594,-700.0,1200.0
0.43,656,606,-400.0,1200.0
0.44,643,627,-1300.0,2100.0
0.45,627,646,-1600.0,1900.0
0.46,614,661,-1300.0,1500.0
0.47000000000000003,605,667,-900.0,600.0
0.48,596,675,-900.0,800.0
0.49,587,683,-900.0,800.0
0.5,580,690,-700.0,700.0
0.51,577,696,-300.0,600.0
0.52,574,703,-300.0,700.0
0.53,571,709,-300.0,600.0
0.54,567,716,-400.0,700.0
0.55,564,721,-300.0,500.0
0.56,561,732,-300.0,1100.0
0.5700000000000001,557,742,-400.0,1000.0
0.58,551,754,-600.0,1200.0
0.59,545,770,-600.0,1600.0
0.6,532,801,-1300.0,3100.0
0.61,527,815,-500.0,1400.0
0.62,525,822,-200.0,700.0
0.63,524,827,-100.0,500.0
0.64,523,833,-100.0,600.0
0.65,522,838,-100.0,500.0
0.66,522,843,0.0,500.0
0.67,520,850,-200.0,700.0
0.68,519,856,-100.0,600.0
0.6900000000000001,517,861,-200.0,500.0
0.7000000000000001,515,866,-200.0,500.0
0.71,514,871,-100.0,500.0
0.72,514,873,0.0,200.0
0.73,513,878,-100.0,500.0
0.74,511,882,-200.0,400.0
0.75,509,888,-200.0,600.0
0.76,508,893,-100.0,500.0
0.77,507,896,-100.0,300.0
0.78,505,902,-200.0,600.0
0.79,504,904,-100.0,200.0
0.8,503,907,-100.0,300.0
0.81,503,911,0.0,400.0
0.8200000000000001,504,912,100.0,100.0
0.8300000000000001,505,914,100.0,200.0
0.84,509,919,400.0,500.0
0.85,516,925,700.0,600.0
0.86,523,933,700.0,800.0
0.87,529,941,600.0,800.0
0.88,538,959,900.0,1800.0
0.89,543,973,500.0,1400.0
0.9,547,981,400.0,800.0
0.91,548,982,100.0,100.0
0.92,554,985,600.0,300.0
0.93,570,990,1600.0,500.0
0.9400000000000001,583,994,1300.0,400.0
0.9500000000000001,597,998,1400.0,400.0
0.96,623,1004,2600.0,600.0
0.97,651,1010,2800.0,600.0
0.98,677,1014,2600.0,400.0
0.99,701,1017,2400.0,300.0
1.0,732,1021,3100.0,400.0
1.01,749,1023,1700.0,200.0
1.02,770,1024,2100.0,100.0
1.03,794,1024,2400.0,0.0
1.04,818,1025,2400.0,100.0
1.05,840,1028,2200.0,300.0
1.06,877,1031,3700.0,300.0
1.07,894,1031,1700.0,0.0
1.08,924,1031,3000.0,0.0
1.09,970,1031,4600.0,0.0
1.1,997,1031,2700.0,0.0
1.11,1030,1030,3300.0,-100.0
1.12,1034,1027,400.0,-300.0
1.1300000000000001,1052,1021,1800.0,-600.0
1.1400000000000001,1058,1018,600.0,-300.0
1.1500000000000001,1069,1016,1100.0,-200.0
1.16,1085,1014,1600.0,-200.0
1.17,1097,1013,1200.0,-100.0
1.18,1117,1010,2000.0,-300.0
1.19,1130,1008,1300.0,-200.0
1.2,1147,1005,1700.0,-300.0
1.21,1168,1002,2100.0,-300.0
1.22,1186,997,1800.0,-500.0
1.23,1201,994,1500.0,-300.0
1.24,1220,990,1900.0,-400.0
1.25,1231,985,1100.0,-500.0
1.26,1243,978,1200.0,-700.0
1.27,1245,975,200.0,-300.0
1.28,1245,974,0.0,-100.0
1.29,1256,965,1100.0,-900.0
1.3,1265,958,900.0,-700.0
1.31,1275,953,1000.0,-500.0
1.32,1287,948,1200.0,-500.0
1.33,1301,944,1400.0,-400.0
1.34,1305,943,400.0,-100.0
1.35,1305,943,0.0,0.0
1.36,1317,940,1200.0,-300.0
1.37,1327,936,1000.0,-400.0
1.3800000000000001,1332,930,500.0,-600.0
1.3900000000000001,1344,922,1200.0,-800.0
1.4000000000000001,1352,916,800.0,-600.0
1.41,1353,915,100.0,-100.0
1.42,1355,912,200.0,-300.0
1.43,1366,906,1100.0,-600.0
1.44,1377,899,1100.0,-700.0
1.45,1387,891,1000.0,-800.0
1.46,1393,884,600.0,-700.0
1.47,1401,872,800.0,-1200.0
1.48,1408,865,700.0,-700.0
1.49,1413,860,500.0,-500.0
1.5,1419,853,600.0,-700.0
1.51,1426,845,700.0,-800.0
1.52,1430,842,400.0,-300.0
1.53,1440,825,1000.0,-1700.0
1.54,1448,812,800.0,-1300.0
1.55,1450,808,200.0,-400.0
1.56,1451,807,100.0,-100.0
1.57,1456,802,500.0,-500.0
1.58,1462,798,600.0,-400.0
1.59,1468,793,600.0,-500.0
1.6,1474,786,600.0,-700.0
1.61,1480,778,600.0,-800.0
1.62,1480,778,0.0,0.0
1.6300000000000001,1483,773,300.0,-500.0
1.6400000000000001,1485,770,200.0,-300.0
1.6500000000000001,1490,764,500.0,-600.0
1.6600000000000001,1495,756,500.0,-800.0
1.67,1500,749,500.0,-700.0
1.68,1500,748,0.0,-100.0
1.69,1503,742,300.0,-600.0
1.7,1506,737,300.0,-500.0
1.71,1508,729,200.0,-800.0
1.72,1509,720,100.0,-900.0
1.73,1508,703,-100.0,-1700.0
1.74,1507,692,-100.0,-1100.0
1.75,1503,684,-400.0,-800.0
1.76,1497,671,-600.0,-1300.0
1.77,1491,662,-600.0,-900.0
1.78,1485,652,-600.0,-1000.0
1.79,1477,637,-800.0,-1500.0
1.8,1471,626,-600.0,-1100.0
1.81,1465,616,-600.0,-1000.0
1.82,1451,597,-1400.0,-1900.0
1.83,1447,588,-400.0,-900.0
1.84,1439,577,-800.0,-1100.0
1.85,1431,568,-800.0,-900.0
1.86,1426,563,-500.0,-500.0
1.87,1414,553,-1200.0,-1000.0
1.8800000000000001,1402,545,-1200.0,-800.0
1.8900000000000001,1387,537,-1500.0,-800.0
1.9000000000000001,1380,532,-700.0,-500.0
1.9100000000000001,1367,524,-1300.0,-800.0
1.92,1355,517,-1200.0,-700.0
1.93,1340,508,-1500.0,-900.0
1.94,1321,498,-1900.0,-1000.0
1.95,1299,489,-2200.0,-900.0
1.96,1289,486,-1000.0,-300.0
1.97,1271,476,-1800.0,-1000.0
1.98,1250,468,-2100.0,-800.0
1.99,1237,461,-1300.0,-700.0
2.0,1217,451,-2000.0,-1000.0
2.0100000000000002,1204,442,-1300.0,-900.0
2.02,1194,437,-1000.0,-500.0
2.0300000000000002,1178,430,-1600.0,-700.0
2.04,1167,426,-1100.0,-400.0
2.05,1164,424,-300.0,-200.0
2.06,1155,419,-900.0,-500.0
2.07,1140,413,-1500.0,-600.0
2.08,1126,408,-1400.0,-500.0
2.09,1116,403,-1000.0,-500.0
2.1,1109,398,-700.0,-500.0
2.11,1107,397,-200.0,-100.0
2.12,1107,396,0.0,-100.0
2.13,1102,392,-500.0,-400.0
2.14,1088,388,-1400.0,-400.0
2.15,1077,386,-1100.0,-200.0
2.16,1075,386,-200.0,0.0
2.17,1075,386,0.0,0.0
2.18,1073,386,-200.0,0.0
2.19,1072,386,-100.0,0.0
2.2,1072,386,0.0,0.0
2.21,1072,386,0.0,0.0
2.22,1072,386,0.0,0.0
2.23,1072,385,0.0,-100.0
2.24,1071,385,-100.0,0.0
2.25,1071,385,0.0,0.0
2.2600000000000002,1071,384,0.0,-100.0
2.27,1070,383,-100.0,-100.0
2.2800000000000002,1070,383,0.0,0.0
2.29,1070,383,0.0,0.0
2.3000000000000003,1070,383,0.0,0.0
2.31,1069,382,-100.0,-100.0
2.32,1067,380,-200.0,-200.0
2.33,1066,379,-100.0,-100.0
2.34,1063,376,-300.0,-300.0
2.35,1063,376,0.0,0.0
