0.01,888,374,0.0,0.0
0.02,888,374,0.0,0.0
0.03,888,374,0.0,0.0
0.04,888,374,0.0,0.0
0.05,888,374,0.0,0.0
0.06,888,374,0.0,0.0
0.07,888,374,0.0,0.0
0.08,888,374,0.0,0.0
0.09,888,374,0.0,0.0
0.1,888,374,0.0,0.0
0.11,886,377,-200.0,300.0
0.12,882,381,-400.0,400.0
0.13,878,386,-400.0,500.0
0.14,873,394,-500.0,800.0
0.15,868,401,-500.0,700.0
0.16,861,413,-700.0,1200.0
0.17,855,423,-600.0,1000.0
0.18,851,429,-400.0,600.0
0.19,848,435,-300.0,600.0
0.2,844,439,-400.0,400.0
0.21,842,442,-200.0,300.0
0.22,839,447,-300.0,500.0
0.23,836,453,-300.0,600.0
0.24,832,460,-400.0,700.0
0.25,822,472,-1000.0,1200.0
0.26,813,480,-900.0,800.0
0.27,807,486,-600.0,600.0
0.28,799,496,-800.0,1000.0
0.29,793,502,-600.0,600.0
0.3,787,508,-600.0,600.0
0.31,780,515,-700.0,700.0
0.32,774,522,-600.0,700.0
0.33,770,528,-400.0,600.0
0.34,764,533,-600.0,500.0
0.35000000000000003,760,538,-400.0,500.0
0.36,757,541,-300.0,300.0
0.37,752,547,-500.0,600.0
0.38,745,552,-700.0,500.0
0.39,739,555,-600.0,300.0
0.4,733,559,-600.0,400.0
0.41000000000000003,728,563,-500.0,400.0
0.42,724,566,-400.0,300.0
0.43,721,570,-300.0,400.0
0.44,714,577,-700.0,700.0
0.45,707,584,-700.0,700.0
0.46,697,593,-1000.0,900.0
0.47000000000000003,688,601,-900.0,800.0
0.48,681,606,-700.0,500.0
0.49,674,612,-700.0,600.0
0.5,665,619,-900.0,700.0
0.51,657,625,-800.0,600.0
0.52,651,630,-600.0,500.0
0.53,644,637,-700.0,700.0
0.54,637,643,-700.0,600.0
0.55,630,649,-700.0,600.0
0.56,623,654,-700.0,500.0
0.5700000000000001,617,661,-600.0,700.0
0.58,610,666,-700.0,500.0
0.59,602,672,-800.0,600.0
0.6,597,677,-500.0,500.0
0.61,589,684,-800.0,700.0
0.62,582,691,-700.0,700.0
0.63,575,699,-700.0,800.0
0.64,569,705,-600.0,600.0
0.65,563,711,-600.0,600.0
0.66,558,717,-500.0,600.0
0.67,555,723,-300.0,600.0
0.68,552,729,-300.0,600.0
0.6900000000000001,549,736,-300.0,700.0
0.7000000000000001,544,745,-500.0,900.0
0.71,541,752,-300.0,700.0
0.72,537,760,-400.0,800.0
0.73,535,765,-200.0,500.0
0.74,531,771,-400.0,600.0
0.75,528,778,-300.0,700.0
0.76,525,783,-300.0,500.0
0.77,522,789,-300.0,600.0
0.78,518,799,-400.0,1000.0
0.79,515,805,-300.0,600.0
0.8,513,810,-200.0,500.0
0.81,509,817,-400.0,700.0
0.8200000000000001,506,823,-300.0,600.0
0.8300000000000001,503,829,-300.0,600.0
0.84,502,832,-100.0,300.0
0.85,502,835,0.0,300.0
0.86,502,837,0.0,200.0
0.87,502,839,0.0,200.0
0.88,502,841,0.0,200.0
0.89,502,843,0.0,200.0
0.9,502,845,0.0,200.0
0.91,502,847,0.0,200.0
0.92,502,849,0.0,200.0
0.93,502,854,0.0,500.0
0.9400000000000001,502,859,0.0,500.0
0.9500000000000001,502,863,0.0,400.0
0.96,502,865,0.0,200.0
0.97,502,868,0.0,300.0
0.98,502,870,0.0,200.0
0.99,502,872,0.0,200.0
1.0,502,874,0.0,200.0
1.01,502,876,0.0,200.0
1.02,502,878,0.0,200.0
1.03,502,880,0.0,200.0
1.04,502,882,0.0,200.0
1.05,502,884,0.0,200.0
1.06,502,887,0.0,300.0
1.07,502,890,0.0,300.0
1.08,501,895,-100.0,500.0
1.09,502,898,100.0,300.0
1.1,503,900,100.0,200.0
1.11,506,903,300.0,300.0
1.12,508,906,200.0,300.0
1.1300000000000001,511,908,300.0,200.0
1.1400000000000001,513,911,200.0,300.0
1.1500000000000001,515,913,200.0,200.0
1.16,515,914,0.0,100.0
1.17,515,914,0.0,0.0
1.18,517,915,200.0,100.0
1.19,518,917,100.0,200.0
1.2,520,918,200.0,100.0
1.21,521,919,100.0,100.0
1.22,524,922,300.0,300.0
1.23,528,925,400.0,300.0
1.24,533,927,500.0,200.0
1.25,541,930,800.0,300.0
1.26,551,934,1000.0,400.0
1.27,560,938,900.0,400.0
1.28,568,940,800.0,200.0
1.29,577,943,900.0,300.0
1.3,590,947,1300.0,400.0
1.31,601,949,1100.0,200.0
1.32,615,954,1400.0,500.0
1.33,628,957,1300.0,300.0
1.34,642,961,1400.0,400.0
1.35,662,963,2000.0,200.0
1.36,684,963,2200.0,0.0
1.37,702,963,1800.0,0.0
1.3800000000000001,725,963,2300.0,0.0
1.3900000000000001,745,963,2000.0,0.0
1.4000000000000001,758,963,1300.0,0.0
1.41,771,963,1300.0,0.0
1.42,784,963,1300.0,0.0
1.43,795,963,1100.0,0.0
1.44,806,961,1100.0,-200.0
1.45,822,958,1600.0,-300.0
1.46,839,957,1700.0,-100.0
1.47,855,953,1600.0,-400.0
1.48,870,951,1500.0,-200.0
1.49,890,947,2000.0,-400.0
1.5,904,947,1400.0,0.0
1.51,914,947,1000.0,0.0
1.52,924,945,1000.0,-200.0
1.53,937,945,1300.0,0.0
1.54,950,943,1300.0,-200.0
1.55,979,938,2900.0,-500.0
1.56,1003,933,2400.0,-500.0
1.57,1014,930,1100.0,-300.0
1.58,1029,927,1500.0,-300.0
1.59,1047,922,1800.0,-500.0
1.6,1058,919,1100.0,-300.0
1.61,1072,916,1400.0,-300.0
1.62,1085,916,1300.0,0.0
1.6300000000000001,1098,915,1300.0,-100.0
1.6400000000000001,1109,913,1100.0,-200.0
1.6500000000000001,1122,912,1300.0,-100.0
1.6600000000000001,1133,912,1100.0,0.0
1.67,1149,910,1600.0,-200.0
1.68,1166,909,1700.0,-100.0
1.69,1180,907,1400.0,-200.0
1.7,1202,903,2200.0,-400.0
1.71,1226,897,2400.0,-600.0
1.72,1249,890,2300.0,-700.0
1.73,1272,882,2300.0,-800.0
1.74,1284,878,1200.0,-400.0
1.75,1291,876,700.0,-200.0
1.76,1297,874,600.0,-200.0
1.77,1308,869,1100.0,-500.0
1.78,1321,866,1300.0,-300.0
1.79,1331,863,1000.0,-300.0
1.8,1344,860,1300.0,-300.0
1.81,1353,857,900.0,-300.0
1.82,1364,854,1100.0,-300.0
1.83,1383,847,1900.0,-700.0
1.84,1392,845,900.0,-200.0
1.85,1406,840,1400.0,-500.0
1.86,1420,836,1400.0,-400.0
1.87,1429,833,900.0,-300.0
1.8800000000000001,1437,829,800.0,-400.0
1.8900000000000001,1447,827,1000.0,-200.0
1.9000000000000001,1454,825,700.0,-200.0
1.9100000000000001,1458,823,400.0,-200.0
1.92,1461,823,300.0,0.0
1.93,1463,821,200.0,-200.0
1.94,1468,819,500.0,-200.0
1.95,1476,816,800.0,-300.0
1.96,1484,812,800.0,-400.0
1.97,1491,808,700.0,-400.0
1.98,1496,805,500.0,-300.0
1.99,1501,801,500.0,-400.0
2.0,1504,798,300.0,-300.0
2.0100000000000002,1505,797,100.0,-100.0
2.02,1505,797,0.0,0.0
2.0300000000000002,1507,795,200.0,-200.0
2.04,1507,794,0.0,-100.0
2.05,1507,792,0.0,-200.0
2.06,1507,790,0.0,-200.0
2.07,1507,788,0.0,-200.0
2.08,1507,787,0.0,-100.0
2.09,1507,784,0.0,-300.0
2.1,1507,782,0.0,-200.0
2.11,1507,780,0.0,-200.0
2.12,1507,778,0.0,-200.0
2.13,1507,777,0.0,-100.0
2.14,1507,776,0.0,-100.0
2.15,1507,775,0.0,-100.0
2.16,1507,773,0.0,-200.0
2.17,1508,770,100.0,-300.0
2.18,1506,765,-200.0,-500.0
2.19,1505,760,-100.0,-500.0
2.2,1505,757,0.0,-300.0
2.21,1505,755,0.0,-200.0
2.22,1505,754,0.0,-100.0
2.23,1504,752,-100.0,-200.0
2.24,1501,747,-300.0,-500.0
2.25,1493,737,-800.0,-1000.0
2.2600000000000002,1487,728,-600.0,-900.0
2.27,1484,725,-300.0,-300.0
2.2800000000000002,1480,721,-400.0,-400.0
2.29,1475,715,-500.0,-600.0
2.3000000000000003,1468,708,-700.0,-700.0
2.31,1459,701,-900.0,-700.0
2.32,1450,693,-900.0,-800.0
2.33,1441,684,-900.0,-900.0
2.34,1431,675,-1000.0,-900.0
2.35,1423,670,-800.0,-500.0
2.36,1411,662,-1200.0,-800.0
2.37,1397,654,-1400.0,-800.0
2.38,1385,646,-1200.0,-800.0
2.39,1372,637,-1300.0,-900.0
2.4,1361,630,-1100.0,-700.0
2.41,1351,624,-1000.0,-600.0
2.42,1340,616,-1100.0,-800.0
2.43,1330,610,-1000.0,-600.0
2.44,1322,606,-800.0,-400.0
2.45,1311,599,-1100.0,-700.0
2.46,1303,597,-800.0,-200.0
2.47,1295,593,-800.0,-400.0
2.48,1285,590,-1000.0,-300.0
2.49,1276,584,-900.0,-600.0
2.5,1266,578,-1000.0,-600.0
2.5100000000000002,1256,573,-1000.0,-500.0
2.52,1245,567,-1100.0,-600.0
2.5300000000000002,1236,561,-900.0,-600.0
2.54,1227,555,-900.0,-600.0
2.5500000000000003,1217,549,-1000.0,-600.0
2.56,1207,543,-1000.0,-600.0
2.57,1196,536,-1100.0,-700.0
2.58,1188,531,-800.0,-500.0
2.59,1178,524,-1000.0,-700.0
2.6,1169,518,-900.0,-600.0
2.61,1161,513,-800.0,-500.0
2.62,1155,510,-600.0,-300.0
2.63,1149,507,-600.0,-300.0
2.64,1141,504,-800.0,-300.0
2.65,1135,500,-600.0,-400.0
2.66,1129,496,-600.0,-400.0
2.67,1123,490,-600.0,-600.0
2.68,1116,484,-700.0,-600.0
2.69,1110,477,-600.0,-700.0
2.7,1102,469,-800.0,-800.0
2.71,1098,465,-400.0,-400.0
2.72,1094,459,-400.0,-600.0
2.73,1090,452,-400.0,-700.0
2.74,1087,447,-300.0,-500.0
2.75,1084,442,-300.0,-500.0
2.7600000000000002,1080,436,-400.0,-600.0
2.77,1077,431,-300.0,-500.0
2.7800000000000002,1074,427,-300.0,-400.0
2.79,1072,424,-200.0,-300.0
2.8000000000000003,1071,421,-100.0,-300.0
2.81,1070,418,-100.0,-300.0
2.82,1070,417,0.0,-100.0
2.83,1070,414,0.0,-300.0
2.84,1070,413,0.0,-100.0
2.85,1070,413,0.0,0.0
2.86,1070,413,0.0,0.0
2.87,1070,412,0.0,-100.0
2.88,1070,411,0.0,-100.0
2.89,1068,408,-200.0,-300.0
2.9,1068,404,0.0,-400.0
2.91,1067,398,-100.0,-600.0
2.92,1066,394,-100.0,-400.0
2.93,1064,389,-200.0,-500.0
2.94,1062,384,-200.0,-500.0
2.95,1062,380,0.0,-400.0
2.96,1062,379,0.0,-100.0
2.97,1062,379,0.0,0.0
2.98,1062,379,0.0,0.0
2.99,1062,379,0.0,0.0
3.0,1062,379,0.0,0.0
3.0100000000000002,1062,379,0.0,0.0
3.02,1062,379,0.0,0.0
3.0300000000000002,1062,379,0.0,0.0
3.04,1062,379,0.0,0.0
3.0500000000000003,1062,379,0.0,0.0
3.06,1062,379,0.0,0.0
