0.01,891,372,0.0,0.0
0.02,891,372,0.0,0.0
0.03,891,372,0.0,0.0
0.04,891,372,0.0,0.0
0.05,891,372,0.0,0.0
0.06,891,372,0.0,0.0
0.07,891,372,0.0,0.0
0.08,891,372,0.0,0.0
0.09,891,372,0.0,0.0
0.1,891,372,0.0,0.0
0.11,891,372,0.0,0.0
0.12,891,372,0.0,0.0
0.13,890,373,-100.0,100.0
0.14,887,374,-300.0,100.0
0.15,881,378,-600.0,400.0
0.16,871,385,-1000.0,700.0
0.17,863,390,-800.0,500.0
0.18,855,393,-800.0,300.0
0.19,845,396,-1000.0,300.0
0.2,835,400,-1000.0,400.0
0.21,826,403,-900.0,300.0
0.22,820,405,-600.0,200.0
0.23,813,408,-700.0,300.0
0.24,807,412,-600.0,400.0
0.25,800,415,-700.0,300.0
0.26,793,420,-700.0,500.0
0.27,787,426,-600.0,600.0
0.28,781,430,-600.0,400.0
0.29,778,434,-300.0,400.0
0.3,773,438,-500.0,400.0
0.31,766,444,-700.0,600.0
0.32,759,451,-700.0,700.0
0.33,756,454,-300.0,300.0
0.34,749,465,-700.0,1100.0
0.35000000000000003,742,475,-700.0,1000.0
0.36,734,485,-800.0,1000.0
0.37,727,492,-700.0,700.0
0.38,721,497,-600.0,500.0
0.39,714,506,-700.0,900.0
0.4,707,517,-700.0,1100.0
0.41000000000000003,701,523,-600.0,600.0
0.42,695,532,-600.0,900.0
0.43,689,542,-600.0,1000.0
0.44,681,555,-800.0,1300.0
0.45,675,567,-600.0,1200.0
0.46,668,576,-700.0,900.0
0.47000000000000003,662,587,-600.0,1100.0
0.48,655,598,-700.0,1100.0
0.49,646,612,-900.0,1400.0
0.5,635,629,-1100.0,1700.0
0.51,624,643,-1100.0,1400.0
0.52,612,659,-1200.0,1600.0
0.53,600,675,-1200.0,1600.0
0.54,590,687,-1000.0,1200.0
0.55,584,694,-600.0,700.0
0.56,577,703,-700.0,900.0
0.5700000000000001,572,711,-500.0,800.0
0.58,564,718,-800.0,700.0
0.59,557,725,-700.0,700.0
0.6,552,731,-500.0,600.0
0.61,548,737,-400.0,600.0
0.62,545,745,-300.0,800.0
0.63,540,754,-500.0,900.0
0.64,535,764,-500.0,1000.0
0.65,528,774,-700.0,1000.0
0.66,525,785,-300.0,1100.0
0.67,522,791,-300.0,600.0
0.68,519,798,-300.0,700.0
0.6900000000000001,517,803,-200.0,500.0
0.7000000000000001,513,809,-400.0,600.0
0.71,510,816,-300.0,700.0
0.72,509,821,-100.0,500.0
0.73,508,826,-100.0,500.0
0.74,507,830,-100.0,400.0
0.75,506,833,-100.0,300.0
0.76,506,835,0.0,200.0
0.77,505,838,-100.0,300.0
0.78,505,840,0.0,200.0
0.79,504,842,-100.0,200.0
0.8,504,847,0.0,500.0
0.81,503,849,-100.0,200.0
0.8200000000000001,503,851,0.0,200.0
0.8300000000000001,503,854,0.0,300.0
0.84,503,856,0.0,200.0
0.85,503,858,0.0,200.0
0.86,502,860,-100.0,200.0
0.87,502,865,0.0,500.0
0.88,502,870,0.0,500.0
0.89,502,874,0.0,400.0
0.9,501,880,-100.0,600.0
0.91,501,884,0.0,400.0
0.92,501,888,0.0,400.0
0.93,501,891,0.0,300.0
0.9400000000000001,501,895,0.0,400.0
0.9500000000000001,501,899,0.0,400.0
0.96,501,901,0.0,200.0
0.97,501,904,0.0,300.0
0.98,502,909,100.0,500.0
0.99,503,911,100.0,200.0
1.0,506,914,300.0,300.0
1.01,509,918,300.0,400.0
1.02,511,922,200.0,400.0
1.03,515,927,400.0,500.0
1.04,517,930,200.0,300.0
1.05,520,934,300.0,400.0
1.06,524,939,400.0,500.0
1.07,531,945,700.0,600.0
1.08,538,952,700.0,700.0
1.09,545,958,700.0,600.0
1.1,553,962,800.0,400.0
1.11,564,966,1100.0,400.0
1.12,575,971,1100.0,500.0
1.1300000000000001,590,977,1500.0,600.0
1.1400000000000001,601,982,1100.0,500.0
1.1500000000000001,614,985,1300.0,300.0
1.16,627,988,1300.0,300.0
1.17,634,991,700.0,300.0
1.18,645,994,1100.0,300.0
1.19,664,996,1900.0,200.0
1.2,676,997,1200.0,100.0
1.21,685,997,900.0,0.0
1.22,698,997,1300.0,0.0
1.23,707,997,900.0,0.0
1.24,716,997,900.0,0.0
1.25,726,997,1000.0,0.0
1.26,733,997,700.0,0.0
1.27,743,997,1000.0,0.0
1.28,752,997,900.0,0.0
1.29,759,997,700.0,0.0
1.3,765,997,600.0,0.0
1.31,771,997,600.0,0.0
1.32,780,997,900.0,0.0
1.33,792,997,1200.0,0.0
1.34,805,995,1300.0,-200.0
1.35,828,992,2300.0,-300.0
1.36,844,990,1600.0,-200.0
1.37,857,990,1300.0,0.0
1.3800000000000001,868,988,1100.0,-200.0
1.3900000000000001,883,986,1500.0,-200.0
1.4000000000000001,900,983,1700.0,-300.0
1.41,918,980,1800.0,-300.0
1.42,929,977,1100.0,-300.0
1.43,937,974,800.0,-300.0
1.44,946,970,900.0,-400.0
1.45,969,961,2300.0,-900.0
1.46,989,954,2000.0,-700.0
1.47,1002,952,1300.0,-200.0
1.48,1013,950,1100.0,-200.0
1.49,1022,948,900.0,-200.0
1.5,1033,946,1100.0,-200.0
1.51,1048,942,1500.0,-400.0
1.52,1058,939,1000.0,-300.0
1.53,1075,936,1700.0,-300.0
1.54,1088,933,1300.0,-300.0
1.55,1109,928,2100.0,-500.0
1.56,1131,924,2200.0,-400.0
1.57,1149,921,1800.0,-300.0
1.58,1170,916,2100.0,-500.0
1.59,1181,913,1100.0,-300.0
1.6,1192,913,1100.0,0.0
1.61,1205,909,1300.0,-400.0
1.62,1221,905,1600.0,-400.0
1.6300000000000001,1229,902,800.0,-300.0
1.6400000000000001,1241,899,1200.0,-300.0
1.6500000000000001,1254,895,1300.0,-400.0
1.6600000000000001,1262,893,800.0,-200.0
1.67,1270,889,800.0,-400.0
1.68,1279,886,900.0,-300.0
1.69,1292,883,1300.0,-300.0
1.7,1305,879,1300.0,-400.0
1.71,1313,877,800.0,-200.0
1.72,1322,873,900.0,-400.0
1.73,1334,870,1200.0,-300.0
1.74,1344,868,1000.0,-200.0
1.75,1357,866,1300.0,-200.0
1.76,1367,864,1000.0,-200.0
1.77,1375,862,800.0,-200.0
1.78,1387,859,1200.0,-300.0
1.79,1399,855,1200.0,-400.0
1.8,1408,852,900.0,-300.0
1.81,1414,850,600.0,-200.0
1.82,1419,849,500.0,-100.0
1.83,1424,847,500.0,-200.0
1.84,1441,840,1700.0,-700.0
1.85,1449,837,800.0,-300.0
1.86,1455,834,600.0,-300.0
1.87,1461,831,600.0,-300.0
1.8800000000000001,1465,828,400.0,-300.0
1.8900000000000001,1467,826,200.0,-200.0
1.9000000000000001,1468,826,100.0,0.0
1.9100000000000001,1468,826,0.0,0.0
1.92,1468,825,0.0,-100.0
1.93,1468,825,0.0,0.0
1.94,1468,825,0.0,0.0
1.95,1468,824,0.0,-100.0
1.96,1469,823,100.0,-100.0
1.97,1470,821,100.0,-200.0
1.98,1472,819,200.0,-200.0
1.99,1475,817,300.0,-200.0
2.0,1478,814,300.0,-300.0
2.0100000000000002,1480,812,200.0,-200.0
2.02,1480,812,0.0,0.0
2.0300000000000002,1482,810,200.0,-200.0
2.04,1486,807,400.0,-300.0
2.05,1488,805,200.0,-200.0
2.06,1491,803,300.0,-200.0
2.07,1494,800,300.0,-300.0
2.08,1494,799,0.0,-100.0
2.09,1496,798,200.0,-100.0
2.1,1498,796,200.0,-200.0
2.11,1500,794,200.0,-200.0
2.12,1502,791,200.0,-300.0
2.13,1505,789,300.0,-200.0
2.14,1505,787,0.0,-200.0
2.15,1505,782,0.0,-500.0
2.16,1505,776,0.0,-600.0
2.17,1505,773,0.0,-300.0
2.18,1505,770,0.0,-300.0
2.19,1505,768,0.0,-200.0
2.2,1505,768,0.0,0.0
2.21,1505,766,0.0,-200.0
2.22,1505,762,0.0,-400.0
2.23,1505,761,0.0,-100.0
2.24,1505,758,0.0,-300.0
2.25,1505,756,0.0,-200.0
2.2600000000000002,1505,755,0.0,-100.0
2.27,1506,751,100.0,-400.0
2.2800000000000002,1503,738,-300.0,-1300.0
2.29,1497,728,-600.0,-1000.0
2.3000000000000003,1493,724,-400.0,-400.0
2.31,1491,721,-200.0,-300.0
2.32,1485,712,-600.0,-900.0
2.33,1477,703,-800.0,-900.0
2.34,1471,696,-600.0,-700.0
2.35,1461,687,-1000.0,-900.0
2.36,1451,677,-1000.0,-1000.0
2.37,1444,669,-700.0,-800.0
2.38,1434,656,-1000.0,-1300.0
2.39,1421,643,-1300.0,-1300.0
2.4,1407,628,-1400.0,-1500.0
2.41,1393,612,-1400.0,-1600.0
2.42,1376,593,-1700.0,-1900.0
2.43,1363,577,-1300.0,-1600.0
2.44,1354,566,-900.0,-1100.0
2.45,1342,552,-1200.0,-1400.0
2.46,1332,540,-1000.0,-1200.0
2.47,1323,532,-900.0,-800.0
2.48,1315,523,-800.0,-900.0
2.49,1301,513,-1400.0,-1000.0
2.5,1291,505,-1000.0,-800.0
2.5100000000000002,1278,496,-1300.0,-900.0
2.52,1268,489,-1000.0,-700.0
2.5300000000000002,1257,484,-1100.0,-500.0
2.54,1244,479,-1300.0,-500.0
2.5500000000000003,1231,475,-1300.0,-400.0
2.56,1223,472,-800.0,-300.0
2.57,1214,468,-900.0,-400.0
2.58,1208,465,-600.0,-300.0
2.59,1203,463,-500.0,-200.0
2.6,1196,459,-700.0,-400.0
2.61,1189,456,-700.0,-300.0
2.62,1184,454,-500.0,-200.0
2.63,1177,450,-700.0,-400.0
2.64,1171,447,-600.0,-300.0
2.65,1166,445,-500.0,-200.0
2.66,1159,441,-700.0,-400.0
2.67,1151,436,-800.0,-500.0
2.68,1142,432,-900.0,-400.0
2.69,1135,428,-700.0,-400.0
2.7,1128,423,-700.0,-500.0
2.71,1123,420,-500.0,-300.0
2.72,1117,416,-600.0,-400.0
2.73,1111,412,-600.0,-400.0
2.74,1106,409,-500.0,-300.0
2.75,1101,406,-500.0,-300.0
2.7600000000000002,1098,403,-300.0,-300.0
2.77,1095,400,-300.0,-300.0
2.7800000000000002,1090,397,-500.0,-300.0
2.79,1087,394,-300.0,-300.0
2.8000000000000003,1085,392,-200.0,-200.0
2.81,1083,391,-200.0,-100.0
2.82,1080,389,-300.0,-200.0
2.83,1077,387,-300.0,-200.0
2.84,1077,387,0.0,0.0
2.85,1077,387,0.0,0.0
2.86,1077,387,0.0,0.0
2.87,1077,387,0.0,0.0
2.88,1077,387,0.0,0.0
2.89,1077,387,0.0,0.0
2.9,1077,387,0.0,0.0
2.91,1075,385,-200.0,-200.0
2.92,1074,384,-100.0,-100.0
2.93,1072,383,-200.0,-100.0
2.94,1071,381,-100.0,-200.0
2.95,1071,381,0.0,0.0
2.96,1070,378,-100.0,-300.0
2.97,1070,377,0.0,-100.0
2.98,1070,376,0.0,-100.0
2.99,1070,376,0.0,0.0
3.0,1070,376,0.0,0.0
3.0100000000000002,1070,376,0.0,0.0
3.02,1070,376,0.0,0.0
3.0300000000000002,1070,376,0.0,0.0
3.04,1070,376,0.0,0.0
3.0500000000000003,1070,376,0.0,0.0
3.06,1070,376,0.0,0.0
