0.1,8.87,3.73,0.0,0.0
0.2,8.87,3.73,0.0,0.0
0.30000000000000004,8.87,3.73,0.0,0.0
0.4,8.87,3.74,0.0,0.1
0.5,8.84,3.76,-0.3,0.2
0.6000000000000001,8.8,3.79,-0.4,0.3
0.7000000000000001,8.74,3.84,-0.6,0.5
0.8,8.69,3.89,-0.5,0.5
0.9,8.62,3.94,-0.7,0.5
1.0,8.53,4.0,-0.9,0.6
1.1,8.43,4.07,-1.0,0.7
1.2000000000000002,8.29,4.17,-1.4,1.0
1.3,8.14,4.27,-1.5,1.0
1.4000000000000001,8.03,4.36,-1.1,0.9
1.5,7.92,4.44,-1.1,0.8
1.6,7.84,4.5,-0.8,0.6
1.7000000000000002,7.74,4.59,-1.0,0.9
1.8,7.65,4.66,-0.9,0.7
1.9000000000000001,7.58,4.72,-0.7,0.6
2.0,7.5,4.79,-0.8,0.7
2.1,7.41,4.87,-0.9,0.8
2.2,7.36,4.92,-0.5,0.5
2.3000000000000003,7.32,4.96,-0.4,0.4
2.4000000000000004,7.24,5.04,-0.8,0.8
2.5,7.16,5.14,-0.8,1.0
2.6,7.09,5.24,-0.7,1.0
2.7,7.01,5.33,-0.8,0.9
2.8000000000000003,6.92,5.45,-0.9,1.2
2.9000000000000004,6.84,5.55,-0.8,1.0
3.0,6.77,5.65,-0.7,1.0
3.1,6.71,5.73,-0.6,0.8
3.2,6.66,5.82,-0.5,0.9
3.3000000000000003,6.57,5.96,-0.9,1.4
3.4000000000000004,6.51,6.06,-0.6,1.0
3.5,6.46,6.13,-0.5,0.7
3.6,6.37,6.24,-0.9,1.1
3.7,6.32,6.31,-0.5,0.7
3.8000000000000003,6.26,6.39,-0.6,0.8
3.9000000000000004,6.13,6.51,-1.3,1.2
4.0,6.02,6.6,-1.1,0.9
4.1000000000000005,5.92,6.69,-1.0,0.9
4.2,5.85,6.75,-0.7,0.6
4.3,5.78,6.84,-0.7,0.9
4.4,5.71,6.93,-0.7,0.9
4.5,5.64,7.02,-0.7,0.9
4.6000000000000005,5.57,7.13,-0.7,1.1
4.7,5.5,7.23,-0.7,1.0
4.800000000000001,5.45,7.3,-0.5,0.7
4.9,5.43,7.33,-0.2,0.3
5.0,5.37,7.42,-0.6,0.9
5.1000000000000005,5.34,7.47,-0.3,0.5
5.2,5.3,7.54,-0.4,0.7
5.300000000000001,5.28,7.58,-0.2,0.4
5.4,5.26,7.62,-0.2,0.4
5.5,5.24,7.68,-0.2,0.6
5.6000000000000005,5.22,7.72,-0.2,0.4
5.7,5.2,7.77,-0.2,0.5
5.800000000000001,5.17,7.86,-0.3,0.9
5.9,5.15,7.92,-0.2,0.6
6.0,5.15,7.92,0.0,0.0
6.1000000000000005,5.15,7.94,0.0,0.2
6.2,5.13,8.02,-0.2,0.8
6.300000000000001,5.11,8.09,-0.2,0.7
6.4,5.09,8.15,-0.2,0.6
6.5,5.06,8.23,-0.3,0.8
6.6000000000000005,5.02,8.32,-0.4,0.9
6.7,5.0,8.42,-0.2,1.0
6.800000000000001,4.99,8.49,-0.1,0.7
6.9,4.98,8.56,-0.1,0.7
7.0,4.98,8.58,0.0,0.2
7.1000000000000005,4.98,8.61,0.0,0.3
7.2,4.99,8.66,0.1,0.5
7.300000000000001,5.0,8.7,0.1,0.4
7.4,5.0,8.77,0.0,0.7
7.5,5.01,8.83,0.1,0.6
7.6000000000000005,5.01,8.9,0.0,0.7
7.7,5.01,8.96,0.0,0.6
7.800000000000001,5.01,9.01,0.0,0.5
7.9,5.02,9.07,0.1,0.6
8.0,5.03,9.12,0.1,0.5
8.1,5.07,9.19,0.4,0.7
8.200000000000001,5.11,9.24,0.4,0.5
8.3,5.17,9.31,0.6,0.7
8.4,5.21,9.35,0.4,0.4
8.5,5.26,9.4,0.5,0.5
8.6,5.32,9.44,0.6,0.4
8.700000000000001,5.35,9.46,0.3,0.2
8.8,5.4,9.5,0.5,0.4
8.9,5.46,9.55,0.6,0.5
9.0,5.52,9.61,0.6,0.6
9.1,5.63,9.67,1.1,0.6
9.200000000000001,5.7,9.71,0.7,0.4
9.3,5.82,9.76,1.2,0.5
9.4,5.93,9.79,1.1,0.3
9.5,6.09,9.84,1.6,0.5
9.600000000000001,6.21,9.86,1.2,0.2
9.700000000000001,6.35,9.89,1.4,0.3
9.8,6.53,9.93,1.8,0.4
9.9,6.69,9.95,1.6,0.2
10.0,6.82,9.97,1.3,0.2
10.100000000000001,7.01,10.0,1.9,0.3
10.200000000000001,7.13,10.02,1.2,0.2
10.3,7.36,10.05,2.3,0.3
10.4,7.58,10.07,2.2,0.2
10.5,7.76,10.09,1.8,0.2
10.600000000000001,8.01,10.1,2.5,0.1
10.700000000000001,8.2,10.12,1.9,0.2
10.8,8.34,10.13,1.4,0.1
10.9,8.6,10.13,2.6,0.0
11.0,8.77,10.09,1.7,-0.4
11.100000000000001,8.88,10.08,1.1,-0.1
11.200000000000001,8.98,10.07,1.0,-0.1
11.3,9.14,10.06,1.6,-0.1
11.4,9.29,10.05,1.5,-0.1
11.5,9.38,10.04,0.9,-0.1
11.600000000000001,9.53,10.02,1.5,-0.2
11.700000000000001,9.67,10.0,1.4,-0.2
11.8,9.85,9.99,1.8,-0.1
11.9,9.97,9.97,1.2,-0.2
12.0,10.15,9.95,1.8,-0.2
12.100000000000001,10.36,9.92,2.1,-0.3
12.200000000000001,10.49,9.9,1.3,-0.2
12.3,10.6,9.88,1.1,-0.2
12.4,10.78,9.85,1.8,-0.3
12.5,10.99,9.8,2.1,-0.5
12.600000000000001,11.27,9.77,2.8,-0.3
12.700000000000001,11.41,9.77,1.4,0.0
12.8,11.53,9.72,1.2,-0.5
12.9,11.69,9.68,1.6,-0.4
13.0,11.83,9.62,1.4,-0.6
13.100000000000001,11.91,9.57,0.8,-0.5
13.200000000000001,11.92,9.56,0.1,-0.1
13.3,11.92,9.56,0.0,0.0
13.4,12.05,9.47,1.3,-0.9
13.5,12.2,9.41,1.5,-0.6
13.600000000000001,12.32,9.36,1.2,-0.5
13.700000000000001,12.44,9.31,1.2,-0.5
13.8,12.58,9.24,1.4,-0.7
13.9,12.71,9.18,1.3,-0.6
14.0,12.91,9.1,2.0,-0.8
14.100000000000001,13.11,9.02,2.0,-0.8
14.200000000000001,13.27,8.94,1.6,-0.8
14.3,13.41,8.87,1.4,-0.7
14.4,13.59,8.79,1.8,-0.8
14.5,13.78,8.67,1.9,-1.2
14.600000000000001,13.94,8.58,1.6,-0.9
14.700000000000001,14.05,8.53,1.1,-0.5
14.8,14.09,8.49,0.4,-0.4
14.9,14.15,8.42,0.6,-0.7
15.0,14.23,8.36,0.8,-0.6
15.100000000000001,14.26,8.33,0.3,-0.3
15.200000000000001,14.32,8.27,0.6,-0.6
15.3,14.4,8.21,0.8,-0.6
15.4,14.47,8.16,0.7,-0.5
15.5,14.52,8.12,0.5,-0.4
15.600000000000001,14.58,8.08,0.6,-0.4
15.700000000000001,14.63,8.04,0.5,-0.4
15.8,14.66,8.01,0.3,-0.3
15.9,14.69,7.97,0.3,-0.4
16.0,14.75,7.91,0.6,-0.6
16.1,14.79,7.85,0.4,-0.6
16.2,14.81,7.82,0.2,-0.3
16.3,14.84,7.76,0.3,-0.6
16.400000000000002,14.87,7.72,0.3,-0.4
16.5,14.89,7.67,0.2,-0.5
16.6,14.94,7.64,0.5,-0.3
16.7,14.97,7.6,0.3,-0.4
16.8,15.01,7.56,0.4,-0.4
16.900000000000002,15.05,7.5,0.4,-0.6
17.0,15.09,7.44,0.4,-0.6
17.1,15.08,7.36,-0.1,-0.8
17.2,15.07,7.27,-0.1,-0.9
17.3,15.03,7.15,-0.4,-1.2
17.400000000000002,14.99,7.02,-0.4,-1.3
17.5,14.97,6.93,-0.2,-0.9
17.6,14.92,6.81,-0.5,-1.2
17.7,14.89,6.66,-0.3,-1.5
17.8,14.85,6.54,-0.4,-1.2
17.900000000000002,14.8,6.45,-0.5,-0.9
18.0,14.71,6.31,-0.9,-1.4
18.1,14.63,6.18,-0.8,-1.3
18.2,14.55,6.08,-0.8,-1.0
18.3,14.42,5.96,-1.3,-1.2
18.400000000000002,14.33,5.88,-0.9,-0.8
18.5,14.24,5.82,-0.9,-0.6
18.6,14.12,5.75,-1.2,-0.7
18.7,13.97,5.67,-1.5,-0.8
18.8,13.81,5.58,-1.6,-0.9
18.900000000000002,13.69,5.51,-1.2,-0.7
19.0,13.47,5.39,-2.2,-1.2
19.1,13.29,5.32,-1.8,-0.7
19.200000000000003,13.17,5.24,-1.2,-0.8
19.3,12.98,5.1,-1.9,-1.4
19.400000000000002,12.78,4.97,-2.0,-1.3
19.5,12.6,4.87,-1.8,-1.0
19.6,12.45,4.78,-1.5,-0.9
19.700000000000003,12.3,4.68,-1.5,-1.0
19.8,12.14,4.59,-1.6,-0.9
19.900000000000002,12.04,4.51,-1.0,-0.8
20.0,11.91,4.43,-1.3,-0.8
20.1,11.74,4.33,-1.7,-1.0
20.200000000000003,11.59,4.25,-1.5,-0.8
20.3,11.5,4.19,-0.9,-0.6
20.400000000000002,11.41,4.14,-0.9,-0.5
20.5,11.27,4.04,-1.4,-1.0
20.6,11.15,3.96,-1.2,-0.8
20.700000000000003,11.04,3.89,-1.1,-0.7
20.8,10.93,3.85,-1.1,-0.4
20.900000000000002,10.84,3.8,-0.9,-0.5
21.0,10.79,3.78,-0.5,-0.2
21.1,10.75,3.76,-0.4,-0.2
21.200000000000003,10.7,3.73,-0.5,-0.3
21.3,10.62,3.68,-0.8,-0.5
21.400000000000002,10.58,3.66,-0.4,-0.2
21.5,10.55,3.66,-0.3,0.0
21.6,10.55,3.66,0.0,0.0
21.700000000000003,10.55,3.66,0.0,0.0
21.8,10.55,3.66,0.0,0.0
