0.1,8.91,3.67,0.0,0.0
0.2,8.91,3.67,0.0,0.0
0.30000000000000004,8.91,3.67,0.0,0.0
0.4,8.91,3.67,0.0,0.0
0.5,8.91,3.67,0.0,0.0
0.6000000000000001,8.91,3.68,0.0,0.1
0.7000000000000001,8.82,3.78,-0.9,1.0
0.8,8.72,3.91,-1.0,1.3
0.9,8.66,3.99,-0.6,0.8
1.0,8.6,4.08,-0.6,0.9
1.1,8.5,4.21,-1.0,1.3
1.2000000000000002,8.4,4.33,-1.0,1.2
1.3,8.33,4.44,-0.7,1.1
1.4000000000000001,8.26,4.55,-0.7,1.1
1.5,8.18,4.63,-0.8,0.8
1.6,8.1,4.73,-0.8,1.0
1.7000000000000002,8.01,4.81,-0.9,0.8
1.8,7.93,4.89,-0.8,0.8
1.9000000000000001,7.85,4.99,-0.8,1.0
2.0,7.74,5.11,-1.1,1.2
2.1,7.62,5.23,-1.2,1.2
2.2,7.48,5.38,-1.4,1.5
2.3000000000000003,7.37,5.5,-1.1,1.2
2.4000000000000004,7.29,5.61,-0.8,1.1
2.5,7.2,5.73,-0.9,1.2
2.6,7.12,5.84,-0.8,1.1
2.7,7.07,5.9,-0.5,0.6
2.8000000000000003,7.01,5.98,-0.6,0.8
2.9000000000000004,6.93,6.09,-0.8,1.1
3.0,6.84,6.2,-0.9,1.1
3.1,6.77,6.28,-0.7,0.8
3.2,6.68,6.39,-0.9,1.1
3.3000000000000003,6.56,6.53,-1.2,1.4
3.4000000000000004,6.47,6.65,-0.9,1.2
3.5,6.39,6.75,-0.8,1.0
3.6,6.27,6.9,-1.2,1.5
3.7,6.19,7.01,-0.8,1.1
3.8000000000000003,6.11,7.13,-0.8,1.2
3.9000000000000004,6.03,7.23,-0.8,1.0
4.0,5.95,7.34,-0.8,1.1
4.1000000000000005,5.89,7.41,-0.6,0.7
4.2,5.85,7.47,-0.4,0.6
4.3,5.77,7.55,-0.8,0.8
4.4,5.71,7.63,-0.6,0.8
4.5,5.64,7.72,-0.7,0.9
4.6000000000000005,5.56,7.8,-0.8,0.8
4.7,5.5,7.9,-0.6,1.0
4.800000000000001,5.44,7.99,-0.6,0.9
4.9,5.38,8.06,-0.6,0.7
5.0,5.32,8.14,-0.6,0.8
5.1000000000000005,5.28,8.21,-0.4,0.7
5.2,5.24,8.28,-0.4,0.7
5.300000000000001,5.19,8.36,-0.5,0.8
5.4,5.15,8.44,-0.4,0.8
5.5,5.11,8.5,-0.4,0.6
5.6000000000000005,5.08,8.55,-0.3,0.5
5.7,5.06,8.6,-0.2,0.5
5.800000000000001,5.03,8.67,-0.3,0.7
5.9,5.0,8.72,-0.3,0.5
6.0,4.99,8.76,-0.1,0.4
6.1000000000000005,4.96,8.83,-0.3,0.7
6.2,4.96,8.87,0.0,0.4
6.300000000000001,4.96,8.9,0.0,0.3
6.4,4.97,8.95,0.1,0.5
6.5,4.98,9.01,0.1,0.6
6.6000000000000005,5.02,9.09,0.4,0.8
6.7,5.06,9.16,0.4,0.7
6.800000000000001,5.11,9.24,0.5,0.8
6.9,5.15,9.32,0.4,0.8
7.0,5.19,9.35,0.4,0.3
7.1000000000000005,5.23,9.38,0.4,0.3
7.2,5.28,9.42,0.5,0.4
7.300000000000001,5.39,9.47,1.1,0.5
7.4,5.49,9.51,1.0,0.4
7.5,5.56,9.53,0.7,0.2
7.6000000000000005,5.7,9.57,1.4,0.4
7.7,5.84,9.6,1.4,0.3
7.800000000000001,5.98,9.64,1.4,0.4
7.9,6.08,9.66,1.0,0.2
8.0,6.2,9.69,1.2,0.3
8.1,6.33,9.72,1.3,0.3
8.200000000000001,6.48,9.75,1.5,0.3
8.3,6.65,9.78,1.7,0.3
8.4,6.81,9.79,1.6,0.1
8.5,6.99,9.82,1.8,0.3
8.6,7.21,9.84,2.2,0.2
8.700000000000001,7.4,9.86,1.9,0.2
8.8,7.64,9.88,2.4,0.2
8.9,7.91,9.88,2.7,0.0
9.0,8.01,9.88,1.0,0.0
9.1,8.13,9.88,1.2,0.0
9.200000000000001,8.29,9.88,1.6,0.0
9.3,8.43,9.88,1.4,0.0
9.4,8.56,9.86,1.3,-0.2
9.5,8.71,9.85,1.5,-0.1
9.600000000000001,8.87,9.85,1.6,0.0
9.700000000000001,9.03,9.85,1.6,0.0
9.8,9.21,9.85,1.8,0.0
9.9,9.43,9.84,2.2,-0.1
10.0,9.55,9.82,1.2,-0.2
10.100000000000001,9.77,9.8,2.2,-0.2
10.200000000000001,10.02,9.78,2.5,-0.2
10.3,10.21,9.75,1.9,-0.3
10.4,10.35,9.72,1.4,-0.3
10.5,10.52,9.68,1.7,-0.4
10.600000000000001,10.58,9.64,0.6,-0.4
10.700000000000001,10.67,9.61,0.9,-0.3
10.8,10.77,9.6,1.0,-0.1
10.9,10.91,9.57,1.4,-0.3
11.0,11.05,9.54,1.4,-0.3
11.100000000000001,11.14,9.52,0.9,-0.2
11.200000000000001,11.25,9.5,1.1,-0.2
11.3,11.33,9.49,0.8,-0.1
11.4,11.47,9.46,1.4,-0.3
11.5,11.66,9.44,1.9,-0.2
11.600000000000001,11.77,9.41,1.1,-0.3
11.700000000000001,11.91,9.39,1.4,-0.2
11.8,12.08,9.34,1.7,-0.5
11.9,12.19,9.29,1.1,-0.5
12.0,12.34,9.26,1.5,-0.3
12.100000000000001,12.5,9.21,1.6,-0.5
12.200000000000001,12.58,9.17,0.8,-0.4
12.3,12.66,9.14,0.8,-0.3
12.4,12.72,9.1,0.6,-0.4
12.5,12.8,9.06,0.8,-0.4
12.600000000000001,12.92,9.03,1.2,-0.3
12.700000000000001,13.01,9.01,0.9,-0.2
12.8,13.13,8.98,1.2,-0.3
12.9,13.29,8.93,1.6,-0.5
13.0,13.36,8.89,0.7,-0.4
13.100000000000001,13.51,8.84,1.5,-0.5
13.200000000000001,13.57,8.79,0.6,-0.5
13.3,13.63,8.73,0.6,-0.6
13.4,13.75,8.67,1.2,-0.6
13.5,13.82,8.63,0.7,-0.4
13.600000000000001,13.88,8.59,0.6,-0.4
13.700000000000001,13.99,8.55,1.1,-0.4
13.8,14.1,8.51,1.1,-0.4
13.9,14.22,8.46,1.2,-0.5
14.0,14.33,8.41,1.1,-0.5
14.100000000000001,14.4,8.36,0.7,-0.5
14.200000000000001,14.42,8.32,0.2,-0.4
14.3,14.5,8.26,0.8,-0.6
14.4,14.55,8.23,0.5,-0.3
14.5,14.58,8.18,0.3,-0.5
14.600000000000001,14.64,8.12,0.6,-0.6
14.700000000000001,14.68,8.05,0.4,-0.7
14.8,14.71,8.01,0.3,-0.4
14.9,14.76,7.96,0.5,-0.5
15.0,14.8,7.92,0.4,-0.4
15.100000000000001,14.84,7.88,0.4,-0.4
15.200000000000001,14.86,7.85,0.2,-0.3
15.3,14.88,7.81,0.2,-0.4
15.4,14.91,7.77,0.3,-0.4
15.5,14.93,7.72,0.2,-0.5
15.600000000000001,14.95,7.68,0.2,-0.4
15.700000000000001,14.96,7.61,0.1,-0.7
15.8,14.96,7.58,0.0,-0.3
15.9,14.97,7.54,0.1,-0.4
16.0,14.97,7.48,0.0,-0.6
16.1,14.97,7.43,0.0,-0.5
16.2,14.98,7.36,0.1,-0.7
16.3,14.98,7.28,0.0,-0.8
16.400000000000002,14.98,7.2,0.0,-0.8
16.5,14.97,7.14,-0.1,-0.6
16.6,14.93,7.03,-0.4,-1.1
16.7,14.89,6.93,-0.4,-1.0
16.8,14.86,6.85,-0.3,-0.8
16.900000000000002,14.81,6.77,-0.5,-0.8
17.0,14.76,6.68,-0.5,-0.9
17.1,14.69,6.56,-0.7,-1.2
17.2,14.63,6.43,-0.6,-1.3
17.3,14.59,6.35,-0.4,-0.8
17.400000000000002,14.55,6.28,-0.4,-0.7
17.5,14.48,6.18,-0.7,-1.0
17.6,14.41,6.08,-0.7,-1.0
17.7,14.35,6.01,-0.6,-0.7
17.8,14.25,5.91,-1.0,-1.0
17.900000000000002,14.1,5.78,-1.5,-1.3
18.0,14.02,5.71,-0.8,-0.7
18.1,13.88,5.62,-1.4,-0.9
18.2,13.76,5.54,-1.2,-0.8
18.3,13.7,5.5,-0.6,-0.4
18.400000000000002,13.56,5.44,-1.4,-0.6
18.5,13.42,5.39,-1.4,-0.5
18.6,13.32,5.36,-1.0,-0.3
18.7,13.19,5.29,-1.3,-0.7
18.8,13.08,5.22,-1.1,-0.7
18.900000000000002,12.98,5.16,-1.0,-0.6
19.0,12.91,5.11,-0.7,-0.5
19.1,12.84,5.07,-0.7,-0.4
19.200000000000003,12.76,5.0,-0.8,-0.7
19.3,12.65,4.95,-1.1,-0.5
19.400000000000002,12.52,4.88,-1.3,-0.7
19.5,12.37,4.81,-1.5,-0.7
19.6,12.29,4.76,-0.8,-0.5
19.700000000000003,12.21,4.7,-0.8,-0.6
19.8,12.04,4.59,-1.7,-1.1
19.900000000000002,11.93,4.5,-1.1,-0.9
20.0,11.91,4.49,-0.2,-0.1
20.1,11.85,4.45,-0.6,-0.4
20.200000000000003,11.82,4.44,-0.3,-0.1
20.3,11.77,4.43,-0.5,-0.1
20.400000000000002,11.65,4.39,-1.2,-0.4
20.5,11.53,4.34,-1.2,-0.5
20.6,11.41,4.28,-1.2,-0.6
20.700000000000003,11.33,4.25,-0.8,-0.3
20.8,11.25,4.21,-0.8,-0.4
20.900000000000002,11.2,4.18,-0.5,-0.3
21.0,11.14,4.14,-0.6,-0.4
21.1,11.06,4.1,-0.8,-0.4
21.200000000000003,11.02,4.07,-0.4,-0.3
21.3,10.96,4.04,-0.6,-0.3
21.400000000000002,10.9,4.01,-0.6,-0.3
21.5,10.86,3.99,-0.4,-0.2
21.6,10.79,3.96,-0.7,-0.3
21.700000000000003,10.78,3.96,-0.1,0.0
21.8,10.78,3.95,0.0,-0.1
21.900000000000002,10.78,3.95,0.0,0.0
22.0,10.72,3.89,-0.6,-0.6
22.1,10.69,3.85,-0.3,-0.4
22.200000000000003,10.68,3.83,-0.1,-0.2
22.3,10.68,3.83,0.0,0.0
22.400000000000002,10.68,3.83,0.0,0.0
22.5,10.68,3.83,0.0,0.0
22.6,10.68,3.83,0.0,0.0
22.700000000000003,10.68,3.83,0.0,0.0
22.8,10.67,3.81,-0.1,-0.2
22.900000000000002,10.63,3.75,-0.4,-0.6
23.0,10.62,3.74,-0.1,-0.1
23.1,10.62,3.74,0.0,0.0
23.200000000000003,10.62,3.73,0.0,-0.1
23.3,10.62,3.73,0.0,0.0
23.400000000000002,10.62,3.73,0.0,0.0
23.5,10.62,3.73,0.0,0.0
