0.1,8.91,3.69,0.0,-0.1
0.2,8.91,3.7,0.0,0.1
0.30000000000000004,8.91,3.7,0.0,0.0
0.4,8.91,3.7,0.0,0.0
0.5,8.91,3.7,0.0,0.0
0.6000000000000001,8.87,3.76,-0.4,0.6
0.7000000000000001,8.8,3.81,-0.7,0.5
0.8,8.73,3.86,-0.7,0.5
0.9,8.64,3.92,-0.9,0.6
1.0,8.55,3.98,-0.9,0.6
1.1,8.54,3.98,-0.1,0.0
1.2000000000000002,8.52,4.01,-0.2,0.3
1.3,8.4,4.12,-1.2,1.1
1.4000000000000001,8.29,4.22,-1.1,1.0
1.5,8.2,4.3,-0.9,0.8
1.6,8.11,4.38,-0.9,0.8
1.7000000000000002,7.97,4.51,-1.4,1.3
1.8,7.86,4.62,-1.1,1.1
1.9000000000000001,7.76,4.72,-1.0,1.0
2.0,7.69,4.8,-0.7,0.8
2.1,7.63,4.86,-0.6,0.6
2.2,7.58,4.92,-0.5,0.6
2.3000000000000003,7.5,5.01,-0.8,0.9
2.4000000000000004,7.45,5.06,-0.5,0.5
2.5,7.4,5.12,-0.5,0.6
2.6,7.33,5.21,-0.7,0.9
2.7,7.26,5.28,-0.7,0.7
2.8000000000000003,7.18,5.38,-0.8,1.0
2.9000000000000004,7.14,5.43,-0.4,0.5
3.0,7.07,5.5,-0.7,0.7
3.1,6.98,5.61,-0.9,1.1
3.2,6.91,5.69,-0.7,0.8
3.3000000000000003,6.83,5.79,-0.8,1.0
3.4000000000000004,6.76,5.86,-0.7,0.7
3.5,6.7,5.93,-0.6,0.7
3.6,6.66,5.98,-0.4,0.5
3.7,6.63,6.01,-0.3,0.3
3.8000000000000003,6.59,6.05,-0.4,0.4
3.9000000000000004,6.55,6.1,-0.4,0.5
4.0,6.47,6.18,-0.8,0.8
4.1000000000000005,6.37,6.29,-1.0,1.1
4.2,6.3,6.39,-0.7,1.0
4.3,6.25,6.45,-0.5,0.6
4.4,6.2,6.52,-0.5,0.7
4.5,6.15,6.59,-0.5,0.7
4.6000000000000005,6.1,6.67,-0.5,0.8
4.7,6.03,6.76,-0.7,0.9
4.800000000000001,5.99,6.83,-0.4,0.7
4.9,5.95,6.88,-0.4,0.5
5.0,5.89,6.96,-0.6,0.8
5.1000000000000005,5.84,7.02,-0.5,0.6
5.2,5.8,7.08,-0.4,0.6
5.300000000000001,5.75,7.15,-0.5,0.7
5.4,5.71,7.21,-0.4,0.6
5.5,5.66,7.28,-0.5,0.7
5.6000000000000005,5.63,7.33,-0.3,0.5
5.7,5.6,7.38,-0.3,0.5
5.800000000000001,5.58,7.42,-0.2,0.4
5.9,5.54,7.48,-0.4,0.6
6.0,5.53,7.52,-0.1,0.4
6.1000000000000005,5.49,7.58,-0.4,0.6
6.2,5.44,7.66,-0.5,0.8
6.300000000000001,5.39,7.73,-0.5,0.7
6.4,5.34,7.81,-0.5,0.8
6.5,5.3,7.88,-0.4,0.7
6.6000000000000005,5.27,7.92,-0.3,0.4
6.7,5.24,7.97,-0.3,0.5
6.800000000000001,5.22,8.03,-0.2,0.6
6.9,5.2,8.07,-0.2,0.4
7.0,5.19,8.13,-0.1,0.6
7.1000000000000005,5.17,8.18,-0.2,0.5
7.2,5.16,8.23,-0.1,0.5
7.300000000000001,5.13,8.31,-0.3,0.8
7.4,5.1,8.36,-0.3,0.5
7.5,5.08,8.43,-0.2,0.7
7.6000000000000005,5.05,8.49,-0.3,0.6
7.7,5.03,8.54,-0.2,0.5
7.800000000000001,5.01,8.57,-0.2,0.3
7.9,5.0,8.62,-0.1,0.5
8.0,4.99,8.65,-0.1,0.3
8.1,4.98,8.69,-0.1,0.4
8.200000000000001,4.98,8.74,0.0,0.5
8.3,4.97,8.79,-0.1,0.5
8.4,4.96,8.83,-0.1,0.4
8.5,4.96,8.88,0.0,0.5
8.6,4.96,8.92,0.0,0.4
8.700000000000001,4.96,8.96,0.0,0.4
8.8,4.97,9.02,0.1,0.6
8.9,4.96,9.05,-0.1,0.3
9.0,4.97,9.09,0.1,0.4
9.1,5.0,9.14,0.3,0.5
9.200000000000001,5.03,9.18,0.3,0.4
9.3,5.08,9.23,0.5,0.5
9.4,5.13,9.27,0.5,0.4
9.5,5.2,9.32,0.7,0.5
9.600000000000001,5.24,9.34,0.4,0.2
9.700000000000001,5.29,9.35,0.5,0.1
9.8,5.34,9.36,0.5,0.1
9.9,5.44,9.36,1.0,0.0
10.0,5.53,9.36,0.9,0.0
10.100000000000001,5.61,9.36,0.8,0.0
10.200000000000001,5.71,9.34,1.0,-0.2
10.3,5.86,9.33,1.5,-0.1
10.4,5.98,9.33,1.2,0.0
10.5,6.14,9.31,1.6,-0.2
10.600000000000001,6.32,9.3,1.8,-0.1
10.700000000000001,6.48,9.28,1.6,-0.2
10.8,6.62,9.27,1.4,-0.1
10.9,6.76,9.24,1.4,-0.3
11.0,6.92,9.23,1.6,-0.1
11.100000000000001,7.05,9.21,1.3,-0.2
11.200000000000001,7.14,9.19,0.9,-0.2
11.3,7.28,9.16,1.4,-0.3
11.4,7.42,9.12,1.4,-0.4
11.5,7.62,9.07,2.0,-0.5
11.600000000000001,7.82,9.03,2.0,-0.4
11.700000000000001,8.02,8.95,2.0,-0.8
11.8,8.19,8.9,1.7,-0.5
11.9,8.38,8.84,1.9,-0.6
12.0,8.51,8.81,1.3,-0.3
12.100000000000001,8.64,8.77,1.3,-0.4
12.200000000000001,8.76,8.74,1.2,-0.3
12.3,8.86,8.72,1.0,-0.2
12.4,9.0,8.7,1.4,-0.2
12.5,9.12,8.68,1.2,-0.2
12.600000000000001,9.25,8.66,1.3,-0.2
12.700000000000001,9.43,8.64,1.8,-0.2
12.8,9.61,8.63,1.8,-0.1
12.9,9.68,8.62,0.7,-0.1
13.0,9.83,8.59,1.5,-0.3
13.100000000000001,9.99,8.56,1.6,-0.3
13.200000000000001,10.13,8.53,1.4,-0.3
13.3,10.35,8.5,2.2,-0.3
13.4,10.61,8.46,2.6,-0.4
13.5,10.82,8.42,2.1,-0.4
13.600000000000001,11.04,8.38,2.2,-0.4
13.700000000000001,11.19,8.35,1.5,-0.3
13.8,11.31,8.31,1.2,-0.4
13.9,11.4,8.28,0.9,-0.3
14.0,11.53,8.25,1.3,-0.3
14.100000000000001,11.64,8.24,1.1,-0.1
14.200000000000001,11.77,8.2,1.3,-0.4
14.3,11.87,8.18,1.0,-0.2
14.4,11.95,8.16,0.8,-0.2
14.5,12.1,8.15,1.5,-0.1
14.600000000000001,12.24,8.14,1.4,-0.1
14.700000000000001,12.34,8.13,1.0,-0.1
14.8,12.49,8.12,1.5,-0.1
14.9,12.6,8.1,1.1,-0.2
15.0,12.73,8.07,1.3,-0.3
15.100000000000001,12.9,8.04,1.7,-0.3
15.200000000000001,13.01,8.04,1.1,0.0
15.3,13.14,8.03,1.3,-0.1
15.4,13.25,8.02,1.1,-0.1
15.5,13.38,8.01,1.3,-0.1
15.600000000000001,13.52,7.99,1.4,-0.2
15.700000000000001,13.63,7.98,1.1,-0.1
15.8,13.7,7.95,0.7,-0.3
15.9,13.77,7.93,0.7,-0.2
16.0,13.86,7.91,0.9,-0.2
16.1,13.97,7.89,1.1,-0.2
16.2,14.05,7.87,0.8,-0.2
16.3,14.17,7.85,1.2,-0.2
16.400000000000002,14.25,7.83,0.8,-0.2
16.5,14.31,7.81,0.6,-0.2
16.6,14.38,7.79,0.7,-0.2
16.7,14.44,7.78,0.6,-0.1
16.8,14.46,7.76,0.2,-0.2
16.900000000000002,14.54,7.75,0.8,-0.1
17.0,14.63,7.72,0.9,-0.3
17.1,14.71,7.7,0.8,-0.2
17.2,14.76,7.68,0.5,-0.2
17.3,14.8,7.67,0.4,-0.1
17.400000000000002,14.85,7.65,0.5,-0.2
17.5,14.9,7.63,0.5,-0.2
17.6,14.95,7.6,0.5,-0.3
17.7,14.99,7.56,0.4,-0.4
17.8,15.04,7.52,0.5,-0.4
17.900000000000002,15.06,7.48,0.2,-0.4
18.0,15.08,7.42,0.2,-0.6
18.1,15.1,7.33,0.2,-0.9
18.2,15.1,7.27,0.0,-0.6
18.3,15.09,7.17,-0.1,-1.0
18.400000000000002,15.08,7.06,-0.1,-1.1
18.5,15.07,6.92,-0.1,-1.4
18.6,15.05,6.81,-0.2,-1.1
18.7,15.02,6.74,-0.3,-0.7
18.8,14.95,6.63,-0.7,-1.1
18.900000000000002,14.88,6.54,-0.7,-0.9
19.0,14.81,6.45,-0.7,-0.9
19.1,14.74,6.39,-0.7,-0.6
19.200000000000003,14.63,6.31,-1.1,-0.8
19.3,14.5,6.26,-1.3,-0.5
19.400000000000002,14.41,6.24,-0.9,-0.2
19.5,14.28,6.21,-1.3,-0.3
19.6,14.14,6.16,-1.4,-0.5
19.700000000000003,14.01,6.1,-1.3,-0.6
19.8,13.87,6.01,-1.4,-0.9
19.900000000000002,13.75,5.93,-1.2,-0.8
20.0,13.64,5.87,-1.1,-0.6
20.1,13.53,5.8,-1.1,-0.7
20.200000000000003,13.41,5.72,-1.2,-0.8
20.3,13.26,5.66,-1.5,-0.6
20.400000000000002,13.14,5.62,-1.2,-0.4
20.5,12.98,5.55,-1.6,-0.7
20.6,12.86,5.49,-1.2,-0.6
20.700000000000003,12.77,5.45,-0.9,-0.4
20.8,12.66,5.38,-1.1,-0.7
20.900000000000002,12.54,5.32,-1.2,-0.6
21.0,12.47,5.29,-0.7,-0.3
21.1,12.35,5.23,-1.2,-0.6
21.200000000000003,12.15,5.12,-2.0,-1.1
21.3,12.02,5.02,-1.3,-1.0
21.400000000000002,11.9,4.92,-1.2,-1.0
21.5,11.78,4.82,-1.2,-1.0
21.6,11.7,4.72,-0.8,-1.0
21.700000000000003,11.6,4.59,-1.0,-1.3
21.8,11.52,4.51,-0.8,-0.8
21.900000000000002,11.48,4.46,-0.4,-0.5
22.0,11.44,4.4,-0.4,-0.6
22.1,11.38,4.34,-0.6,-0.6
22.200000000000003,11.29,4.26,-0.9,-0.8
22.3,11.21,4.2,-0.8,-0.6
22.400000000000002,11.12,4.11,-0.9,-0.9
22.5,11.05,4.05,-0.7,-0.6
22.6,10.99,3.98,-0.6,-0.7
22.700000000000003,10.95,3.93,-0.4,-0.5
22.8,10.95,3.93,0.0,0.0
22.900000000000002,10.95,3.93,0.0,0.0
23.0,10.94,3.93,-0.1,0.0
23.1,10.94,3.93,0.0,0.0
23.200000000000003,10.87,3.88,-0.7,-0.5
23.3,10.77,3.82,-1.0,-0.6
23.400000000000002,10.7,3.77,-0.7,-0.5
23.5,10.7,3.77,0.0,0.0
23.6,10.7,3.77,0.0,0.0
23.700000000000003,10.7,3.76,0.0,-0.1
23.8,10.7,3.76,0.0,0.0
23.900000000000002,10.7,3.76,0.0,0.0
24.0,10.66,3.75,-0.4,-0.1
24.1,10.61,3.72,-0.5,-0.3
24.200000000000003,10.61,3.72,0.0,0.0
24.3,10.61,3.72,0.0,0.0
24.400000000000002,10.61,3.72,0.0,0.0
