0.1,8.93,3.7,0.0,0.0
0.2,8.93,3.7,0.0,0.0
0.30000000000000004,8.93,3.7,0.0,0.0
0.4,8.93,3.71,0.0,0.1
0.5,8.93,3.71,0.0,0.0
0.6000000000000001,8.88,3.78,-0.5,0.7
0.7000000000000001,8.78,3.86,-1.0,0.8
0.8,8.68,3.91,-1.0,0.5
0.9,8.61,3.95,-0.7,0.4
1.0,8.57,3.97,-0.4,0.2
1.1,8.5,4.0,-0.7,0.3
1.2000000000000002,8.4,4.04,-1.0,0.4
1.3,8.26,4.13,-1.4,0.9
1.4000000000000001,8.1,4.22,-1.6,0.9
1.5,8.03,4.28,-0.7,0.6
1.6,7.95,4.34,-0.8,0.6
1.7000000000000002,7.87,4.42,-0.8,0.8
1.8,7.75,4.5,-1.2,0.8
1.9000000000000001,7.64,4.6,-1.1,1.0
2.0,7.54,4.68,-1.0,0.8
2.1,7.43,4.77,-1.1,0.9
2.2,7.34,4.84,-0.9,0.7
2.3000000000000003,7.3,4.88,-0.4,0.4
2.4000000000000004,7.23,4.98,-0.7,1.0
2.5,7.14,5.13,-0.9,1.5
2.6,7.13,5.18,-0.1,0.5
2.7,7.1,5.26,-0.3,0.8
2.8000000000000003,7.06,5.33,-0.4,0.7
2.9000000000000004,6.99,5.41,-0.7,0.8
3.0,6.89,5.49,-1.0,0.8
3.1,6.81,5.56,-0.8,0.7
3.2,6.71,5.66,-1.0,1.0
3.3000000000000003,6.62,5.75,-0.9,0.9
3.4000000000000004,6.55,5.87,-0.7,1.2
3.5,6.49,5.97,-0.6,1.0
3.6,6.39,6.15,-1.0,1.8
3.7,6.32,6.25,-0.7,1.0
3.8000000000000003,6.25,6.36,-0.7,1.1
3.9000000000000004,6.18,6.47,-0.7,1.1
4.0,6.11,6.58,-0.7,1.1
4.1000000000000005,6.07,6.65,-0.4,0.7
4.2,6.01,6.73,-0.6,0.8
4.3,5.96,6.8,-0.5,0.7
4.4,5.91,6.88,-0.5,0.8
4.5,5.85,6.96,-0.6,0.8
4.6000000000000005,5.78,7.07,-0.7,1.1
4.7,5.73,7.15,-0.5,0.8
4.800000000000001,5.67,7.24,-0.6,0.9
4.9,5.59,7.37,-0.8,1.3
5.0,5.51,7.5,-0.8,1.3
5.1000000000000005,5.45,7.63,-0.6,1.3
5.2,5.4,7.73,-0.5,1.0
5.300000000000001,5.37,7.79,-0.3,0.6
5.4,5.32,7.86,-0.5,0.7
5.5,5.28,7.93,-0.4,0.7
5.6000000000000005,5.23,7.99,-0.5,0.6
5.7,5.19,8.05,-0.4,0.6
5.800000000000001,5.16,8.09,-0.3,0.4
5.9,5.16,8.1,0.0,0.1
6.0,5.16,8.1,0.0,0.0
6.1000000000000005,5.12,8.17,-0.4,0.7
6.2,5.08,8.24,-0.4,0.7
6.300000000000001,5.04,8.3,-0.4,0.6
6.4,5.01,8.36,-0.3,0.6
6.5,4.98,8.44,-0.3,0.8
6.6000000000000005,4.96,8.49,-0.2,0.5
6.7,4.91,8.6,-0.5,1.1
6.800000000000001,4.89,8.65,-0.2,0.5
6.9,4.87,8.71,-0.2,0.6
7.0,4.87,8.77,0.0,0.6
7.1000000000000005,4.87,8.83,0.0,0.6
7.2,4.87,8.88,0.0,0.5
7.300000000000001,4.9,8.94,0.3,0.6
7.4,4.93,9.0,0.3,0.6
7.5,4.95,9.05,0.2,0.5
7.6000000000000005,4.96,9.08,0.1,0.3
7.7,4.99,9.13,0.3,0.5
7.800000000000001,5.02,9.18,0.3,0.5
7.9,5.09,9.23,0.7,0.5
8.0,5.16,9.26,0.7,0.3
8.1,5.26,9.3,1.0,0.4
8.200000000000001,5.32,9.33,0.6,0.3
8.3,5.39,9.36,0.7,0.3
8.4,5.53,9.43,1.4,0.7
8.5,5.62,9.46,0.9,0.3
8.6,5.74,9.5,1.2,0.4
8.700000000000001,5.92,9.54,1.8,0.4
8.8,6.02,9.55,1.0,0.1
8.9,6.1,9.57,0.8,0.2
9.0,6.24,9.57,1.4,0.0
9.1,6.42,9.57,1.8,0.0
9.200000000000001,6.53,9.56,1.1,-0.1
9.3,6.75,9.55,2.2,-0.1
9.4,6.95,9.54,2.0,-0.1
9.5,7.1,9.53,1.5,-0.1
9.600000000000001,7.31,9.53,2.1,0.0
9.700000000000001,7.41,9.5,1.0,-0.3
9.8,7.52,9.48,1.1,-0.2
9.9,7.68,9.45,1.6,-0.3
10.0,7.84,9.42,1.6,-0.3
10.100000000000001,7.96,9.42,1.2,0.0
10.200000000000001,8.21,9.43,2.5,0.1
10.3,8.39,9.44,1.8,0.1
10.4,8.51,9.45,1.2,0.1
10.5,8.75,9.48,2.4,0.3
10.600000000000001,8.91,9.51,1.6,0.3
10.700000000000001,9.02,9.51,1.1,0.0
10.8,9.16,9.51,1.4,0.0
10.9,9.29,9.51,1.3,0.0
11.0,9.42,9.48,1.3,-0.3
11.100000000000001,9.61,9.47,1.9,-0.1
11.200000000000001,9.79,9.43,1.8,-0.4
11.3,10.0,9.41,2.1,-0.2
11.4,10.31,9.37,3.1,-0.4
11.5,10.47,9.33,1.6,-0.4
11.600000000000001,10.63,9.27,1.6,-0.6
11.700000000000001,10.77,9.25,1.4,-0.2
11.8,10.89,9.21,1.2,-0.4
11.9,11.02,9.16,1.3,-0.5
12.0,11.25,9.12,2.3,-0.4
12.100000000000001,11.47,9.09,2.2,-0.3
12.200000000000001,11.76,9.05,2.9,-0.4
12.3,11.94,9.02,1.8,-0.3
12.4,12.11,9.0,1.7,-0.2
12.5,12.25,8.98,1.4,-0.2
12.600000000000001,12.28,8.97,0.3,-0.1
12.700000000000001,12.38,8.96,1.0,-0.1
12.8,12.52,8.94,1.4,-0.2
12.9,12.63,8.9,1.1,-0.4
13.0,12.76,8.88,1.3,-0.2
13.100000000000001,12.86,8.84,1.0,-0.4
13.200000000000001,12.98,8.78,1.2,-0.6
13.3,13.09,8.73,1.1,-0.5
13.4,13.22,8.68,1.3,-0.5
13.5,13.29,8.62,0.7,-0.6
13.600000000000001,13.36,8.57,0.7,-0.5
13.700000000000001,13.39,8.54,0.3,-0.3
13.8,13.49,8.49,1.0,-0.5
13.9,13.61,8.43,1.2,-0.6
14.0,13.7,8.4,0.9,-0.3
14.100000000000001,13.82,8.35,1.2,-0.5
14.200000000000001,13.91,8.31,0.9,-0.4
14.3,14.0,8.28,0.9,-0.3
14.4,14.11,8.26,1.1,-0.2
14.5,14.16,8.24,0.5,-0.2
14.600000000000001,14.22,8.2,0.6,-0.4
14.700000000000001,14.29,8.15,0.7,-0.5
14.8,14.3,8.12,0.1,-0.3
14.9,14.34,8.08,0.4,-0.4
15.0,14.4,8.04,0.6,-0.4
15.100000000000001,14.47,8.0,0.7,-0.4
15.200000000000001,14.5,7.96,0.3,-0.4
15.3,14.57,7.92,0.7,-0.4
15.4,14.62,7.89,0.5,-0.3
15.5,14.68,7.86,0.6,-0.3
15.600000000000001,14.75,7.83,0.7,-0.3
15.700000000000001,14.83,7.79,0.8,-0.4
15.8,14.89,7.75,0.6,-0.4
15.9,14.95,7.72,0.6,-0.3
16.0,15.01,7.68,0.6,-0.4
16.1,15.03,7.65,0.2,-0.3
16.2,15.05,7.6,0.2,-0.5
16.3,15.07,7.55,0.2,-0.5
16.400000000000002,15.07,7.47,0.0,-0.8
16.5,15.07,7.39,0.0,-0.8
16.6,15.07,7.33,0.0,-0.6
16.7,15.04,7.27,-0.3,-0.6
16.8,14.99,7.2,-0.5,-0.7
16.900000000000002,14.94,7.12,-0.5,-0.8
17.0,14.88,7.05,-0.6,-0.7
17.1,14.81,6.95,-0.7,-1.0
17.2,14.74,6.86,-0.7,-0.9
17.3,14.65,6.73,-0.9,-1.3
17.400000000000002,14.56,6.63,-0.9,-1.0
17.5,14.46,6.5,-1.0,-1.3
17.6,14.37,6.41,-0.9,-0.9
17.7,14.28,6.32,-0.9,-0.9
17.8,14.13,6.21,-1.5,-1.1
17.900000000000002,14.01,6.13,-1.2,-0.8
18.0,13.84,5.99,-1.7,-1.4
18.1,13.69,5.88,-1.5,-1.1
18.2,13.55,5.8,-1.4,-0.8
18.3,13.42,5.7,-1.3,-1.0
18.400000000000002,13.35,5.64,-0.7,-0.6
18.5,13.27,5.58,-0.8,-0.6
18.6,13.16,5.51,-1.1,-0.7
18.7,13.06,5.45,-1.0,-0.6
18.8,12.94,5.37,-1.2,-0.8
18.900000000000002,12.8,5.3,-1.4,-0.7
19.0,12.62,5.21,-1.8,-0.9
19.1,12.49,5.14,-1.3,-0.7
19.200000000000003,12.35,5.06,-1.4,-0.8
19.3,12.2,4.98,-1.5,-0.8
19.400000000000002,12.11,4.92,-0.9,-0.6
19.5,11.99,4.84,-1.2,-0.8
19.6,11.87,4.76,-1.2,-0.8
19.700000000000003,11.8,4.72,-0.7,-0.4
19.8,11.69,4.64,-1.1,-0.8
19.900000000000002,11.57,4.56,-1.2,-0.8
20.0,11.5,4.51,-0.7,-0.5
20.1,11.42,4.46,-0.8,-0.5
20.200000000000003,11.33,4.39,-0.9,-0.7
20.3,11.25,4.34,-0.8,-0.5
20.400000000000002,11.22,4.31,-0.3,-0.3
20.5,11.17,4.26,-0.5,-0.5
20.6,11.06,4.16,-1.1,-1.0
20.700000000000003,10.96,4.09,-1.0,-0.7
20.8,10.92,4.06,-0.4,-0.3
20.900000000000002,10.85,4.0,-0.7,-0.6
21.0,10.79,3.96,-0.6,-0.4
21.1,10.75,3.91,-0.4,-0.5
21.200000000000003,10.72,3.88,-0.3,-0.3
21.3,10.7,3.85,-0.2,-0.3
21.400000000000002,10.68,3.82,-0.2,-0.3
21.5,10.66,3.79,-0.2,-0.3
21.6,10.65,3.78,-0.1,-0.1
21.700000000000003,10.65,3.78,0.0,0.0
21.8,10.65,3.78,0.0,0.0
21.900000000000002,10.65,3.77,0.0,-0.1
22.0,10.65,3.77,0.0,0.0
