0.1,8.92,3.72,0.0,0.0
0.2,8.92,3.72,0.0,0.0
0.30000000000000004,8.92,3.72,0.0,0.0
0.4,8.92,3.72,0.0,0.0
0.5,8.92,3.72,0.0,0.0
0.6000000000000001,8.92,3.72,0.0,0.0
0.7000000000000001,8.91,3.75,-0.1,0.3
0.8,8.84,3.83,-0.7,0.8
0.9,8.81,3.87,-0.3,0.4
1.0,8.79,3.89,-0.2,0.2
1.1,8.72,3.93,-0.7,0.4
1.2000000000000002,8.68,3.96,-0.4,0.3
1.3,8.62,4.0,-0.6,0.4
1.4000000000000001,8.57,4.03,-0.5,0.3
1.5,8.5,4.07,-0.7,0.4
1.6,8.45,4.11,-0.5,0.4
1.7000000000000002,8.4,4.15,-0.5,0.4
1.8,8.34,4.19,-0.6,0.4
1.9000000000000001,8.28,4.25,-0.6,0.6
2.0,8.2,4.33,-0.8,0.8
2.1,8.13,4.38,-0.7,0.5
2.2,8.03,4.47,-1.0,0.9
2.3000000000000003,7.95,4.55,-0.8,0.8
2.4000000000000004,7.89,4.63,-0.6,0.8
2.5,7.84,4.67,-0.5,0.4
2.6,7.81,4.7,-0.3,0.3
2.7,7.76,4.75,-0.5,0.5
2.8000000000000003,7.69,4.81,-0.7,0.6
2.9000000000000004,7.63,4.88,-0.6,0.7
3.0,7.58,4.94,-0.5,0.6
3.1,7.53,5.0,-0.5,0.6
3.2,7.48,5.06,-0.5,0.6
3.3000000000000003,7.43,5.12,-0.5,0.6
3.4000000000000004,7.38,5.19,-0.5,0.7
3.5,7.32,5.28,-0.6,0.9
3.6,7.26,5.36,-0.6,0.8
3.7,7.16,5.48,-1.0,1.2
3.8000000000000003,7.1,5.55,-0.6,0.7
3.9000000000000004,7.03,5.65,-0.7,1.0
4.0,6.98,5.73,-0.5,0.8
4.1000000000000005,6.92,5.79,-0.6,0.6
4.2,6.87,5.84,-0.5,0.5
4.3,6.81,5.91,-0.6,0.7
4.4,6.78,5.95,-0.3,0.4
4.5,6.74,6.0,-0.4,0.5
4.6000000000000005,6.7,6.04,-0.4,0.4
4.7,6.65,6.1,-0.5,0.6
4.800000000000001,6.61,6.15,-0.4,0.5
4.9,6.56,6.19,-0.5,0.4
5.0,6.52,6.23,-0.4,0.4
5.1000000000000005,6.47,6.29,-0.5,0.6
5.2,6.41,6.34,-0.6,0.5
5.300000000000001,6.36,6.39,-0.5,0.5
5.4,6.3,6.43,-0.6,0.4
5.5,6.26,6.48,-0.4,0.5
5.6000000000000005,6.21,6.53,-0.5,0.5
5.7,6.17,6.59,-0.4,0.6
5.800000000000001,6.12,6.65,-0.5,0.6
5.9,6.09,6.69,-0.3,0.4
6.0,6.04,6.76,-0.5,0.7
6.1000000000000005,5.98,6.84,-0.6,0.8
6.2,5.95,6.88,-0.3,0.4
6.300000000000001,5.92,6.93,-0.3,0.5
6.4,5.87,7.0,-0.5,0.7
6.5,5.83,7.06,-0.4,0.6
6.6000000000000005,5.79,7.13,-0.4,0.7
6.7,5.74,7.2,-0.5,0.7
6.800000000000001,5.69,7.27,-0.5,0.7
6.9,5.64,7.35,-0.5,0.8
7.0,5.59,7.42,-0.5,0.7
7.1000000000000005,5.55,7.49,-0.4,0.7
7.2,5.51,7.53,-0.4,0.4
7.300000000000001,5.46,7.61,-0.5,0.8
7.4,5.43,7.67,-0.3,0.6
7.5,5.38,7.72,-0.5,0.5
7.6000000000000005,5.37,7.76,-0.1,0.4
7.7,5.34,7.8,-0.3,0.4
7.800000000000001,5.31,7.86,-0.3,0.6
7.9,5.29,7.89,-0.2,0.3
8.0,5.26,7.96,-0.3,0.7
8.1,5.25,8.02,-0.1,0.6
8.200000000000001,5.22,8.08,-0.3,0.6
8.3,5.18,8.15,-0.4,0.7
8.4,5.15,8.22,-0.3,0.7
8.5,5.13,8.27,-0.2,0.5
8.6,5.13,8.31,0.0,0.4
8.700000000000001,5.13,8.33,0.0,0.2
8.8,5.13,8.33,0.0,0.0
8.9,5.13,8.33,0.0,0.0
9.0,5.13,8.34,0.0,0.1
9.1,5.14,8.42,0.1,0.8
9.200000000000001,5.13,8.48,-0.1,0.6
9.3,5.12,8.53,-0.1,0.5
9.4,5.1,8.57,-0.2,0.4
9.5,5.07,8.65,-0.3,0.8
9.600000000000001,5.06,8.7,-0.1,0.5
9.700000000000001,5.05,8.77,-0.1,0.7
9.8,5.05,8.81,0.0,0.4
9.9,5.04,8.87,-0.1,0.6
10.0,5.06,8.94,0.2,0.7
10.100000000000001,5.07,8.99,0.1,0.5
10.200000000000001,5.08,9.05,0.1,0.6
10.3,5.09,9.1,0.1,0.5
10.4,5.12,9.15,0.3,0.5
10.5,5.17,9.21,0.5,0.6
10.600000000000001,5.23,9.26,0.6,0.5
10.700000000000001,5.3,9.29,0.7,0.3
10.8,5.36,9.31,0.6,0.2
10.9,5.49,9.36,1.3,0.5
11.0,5.61,9.39,1.2,0.3
11.100000000000001,5.67,9.4,0.6,0.1
11.200000000000001,5.75,9.42,0.8,0.2
11.3,5.87,9.45,1.2,0.3
11.4,6.01,9.47,1.4,0.2
11.5,6.09,9.48,0.8,0.1
11.600000000000001,6.2,9.49,1.1,0.1
11.700000000000001,6.35,9.51,1.5,0.2
11.8,6.43,9.52,0.8,0.1
11.9,6.59,9.54,1.6,0.2
12.0,6.74,9.55,1.5,0.1
12.100000000000001,6.91,9.57,1.7,0.2
12.200000000000001,7.04,9.57,1.3,0.0
12.3,7.15,9.57,1.1,0.0
12.4,7.36,9.59,2.1,0.2
12.5,7.49,9.61,1.3,0.2
12.600000000000001,7.6,9.61,1.1,0.0
12.700000000000001,7.71,9.62,1.1,0.1
12.8,7.83,9.62,1.2,0.0
12.9,8.01,9.63,1.8,0.1
13.0,8.19,9.63,1.8,0.0
13.100000000000001,8.35,9.64,1.6,0.1
13.200000000000001,8.54,9.64,1.9,0.0
13.3,8.65,9.64,1.1,0.0
13.4,8.85,9.63,2.0,-0.1
13.5,9.17,9.6,3.2,-0.3
13.600000000000001,9.24,9.56,0.7,-0.4
13.700000000000001,9.33,9.55,0.9,-0.1
13.8,9.57,9.56,2.4,0.1
13.9,9.74,9.55,1.7,-0.1
14.0,9.89,9.53,1.5,-0.2
14.100000000000001,10.19,9.53,3.0,0.0
14.200000000000001,10.34,9.52,1.5,-0.1
14.3,10.54,9.5,2.0,-0.2
14.4,10.72,9.48,1.8,-0.2
14.5,10.91,9.44,1.9,-0.4
14.600000000000001,11.13,9.4,2.2,-0.4
14.700000000000001,11.31,9.39,1.8,-0.1
14.8,11.42,9.35,1.1,-0.4
14.9,11.6,9.31,1.8,-0.4
15.0,11.75,9.26,1.5,-0.5
15.100000000000001,11.86,9.22,1.1,-0.4
15.200000000000001,12.06,9.15,2.0,-0.7
15.3,12.2,9.1,1.4,-0.5
15.4,12.3,9.06,1.0,-0.4
15.5,12.44,9.02,1.4,-0.4
15.600000000000001,12.58,8.99,1.4,-0.3
15.700000000000001,12.71,8.97,1.3,-0.2
15.8,12.85,8.94,1.4,-0.3
15.9,13.03,8.88,1.8,-0.6
16.0,13.21,8.8,1.8,-0.8
16.1,13.37,8.73,1.6,-0.7
16.2,13.5,8.68,1.3,-0.5
16.3,13.59,8.64,0.9,-0.4
16.400000000000002,13.67,8.6,0.8,-0.4
16.5,13.74,8.57,0.7,-0.3
16.6,13.76,8.57,0.2,0.0
16.7,13.81,8.54,0.5,-0.3
16.8,13.89,8.49,0.8,-0.5
16.900000000000002,13.93,8.45,0.4,-0.4
17.0,13.98,8.39,0.5,-0.6
17.1,14.05,8.32,0.7,-0.7
17.2,14.09,8.27,0.4,-0.5
17.3,14.13,8.23,0.4,-0.4
17.400000000000002,14.19,8.19,0.6,-0.4
17.5,14.26,8.13,0.7,-0.6
17.6,14.34,8.09,0.8,-0.4
17.7,14.43,8.05,0.9,-0.4
17.8,14.46,8.03,0.3,-0.2
17.900000000000002,14.52,7.99,0.6,-0.4
18.0,14.61,7.95,0.9,-0.4
18.1,14.65,7.9,0.4,-0.5
18.2,14.72,7.83,0.7,-0.7
18.3,14.76,7.8,0.4,-0.3
18.400000000000002,14.79,7.74,0.3,-0.6
18.5,14.84,7.67,0.5,-0.7
18.6,14.87,7.62,0.3,-0.5
18.7,14.87,7.62,0.0,0.0
18.8,14.88,7.59,0.1,-0.3
18.900000000000002,14.91,7.5,0.3,-0.9
19.0,14.94,7.44,0.3,-0.6
19.1,14.96,7.41,0.2,-0.3
19.200000000000003,14.97,7.37,0.1,-0.4
19.3,15.01,7.3,0.4,-0.7
19.400000000000002,15.02,7.24,0.1,-0.6
19.5,15.02,7.11,0.0,-1.3
19.6,15.01,6.97,-0.1,-1.4
19.700000000000003,14.98,6.89,-0.3,-0.8
19.8,14.95,6.82,-0.3,-0.7
19.900000000000002,14.87,6.68,-0.8,-1.4
20.0,14.82,6.6,-0.5,-0.8
20.1,14.78,6.55,-0.4,-0.5
20.200000000000003,14.73,6.49,-0.5,-0.6
20.3,14.66,6.42,-0.7,-0.7
20.400000000000002,14.59,6.33,-0.7,-0.9
20.5,14.5,6.22,-0.9,-1.1
20.6,14.41,6.13,-0.9,-0.9
20.700000000000003,14.3,6.02,-1.1,-1.1
20.8,14.22,5.94,-0.8,-0.8
20.900000000000002,14.12,5.84,-1.0,-1.0
21.0,14.01,5.75,-1.1,-0.9
21.1,13.92,5.68,-0.9,-0.7
21.200000000000003,13.83,5.6,-0.9,-0.8
21.3,13.75,5.54,-0.8,-0.6
21.400000000000002,13.66,5.48,-0.9,-0.6
21.5,13.55,5.41,-1.1,-0.7
21.6,13.45,5.36,-1.0,-0.5
21.700000000000003,13.33,5.28,-1.2,-0.8
21.8,13.22,5.21,-1.1,-0.7
21.900000000000002,13.09,5.13,-1.3,-0.8
22.0,12.81,4.98,-2.8,-1.5
22.1,12.65,4.9,-1.6,-0.8
22.200000000000003,12.5,4.81,-1.5,-0.9
22.3,12.43,4.77,-0.7,-0.4
22.400000000000002,12.3,4.69,-1.3,-0.8
22.5,12.13,4.6,-1.7,-0.9
22.6,11.93,4.51,-2.0,-0.9
22.700000000000003,11.77,4.42,-1.6,-0.9
22.8,11.63,4.33,-1.4,-0.9
22.900000000000002,11.47,4.24,-1.6,-0.9
23.0,11.37,4.17,-1.0,-0.7
23.1,11.27,4.11,-1.0,-0.6
23.200000000000003,11.16,4.03,-1.1,-0.8
23.3,11.05,3.96,-1.1,-0.7
23.400000000000002,10.97,3.9,-0.8,-0.6
23.5,10.91,3.85,-0.6,-0.5
23.6,10.83,3.8,-0.8,-0.5
23.700000000000003,10.78,3.78,-0.5,-0.2
23.8,10.72,3.76,-0.6,-0.2
23.900000000000002,10.64,3.74,-0.8,-0.2
24.0,10.57,3.73,-0.7,-0.1
24.1,10.56,3.73,-0.1,0.0
24.200000000000003,10.56,3.73,0.0,0.0
24.3,10.56,3.73,0.0,0.0
24.400000000000002,10.56,3.73,0.0,0.0
