0.1,8.93,3.67,0.0,0.0
0.2,8.93,3.67,0.0,0.0
0.30000000000000004,8.93,3.67,0.0,0.0
0.4,8.92,3.67,-0.1,0.0
0.5,8.91,3.68,-0.1,0.1
0.6000000000000001,8.86,3.72,-0.5,0.4
0.7000000000000001,8.78,3.77,-0.8,0.5
0.8,8.71,3.81,-0.7,0.4
0.9,8.65,3.85,-0.6,0.4
1.0,8.51,3.92,-1.4,0.7
1.1,8.38,4.0,-1.3,0.8
1.2000000000000002,8.27,4.07,-1.1,0.7
1.3,8.18,4.14,-0.9,0.7
1.4000000000000001,8.06,4.2,-1.2,0.6
1.5,7.93,4.28,-1.3,0.8
1.6,7.81,4.38,-1.2,1.0
1.7000000000000002,7.66,4.49,-1.5,1.1
1.8,7.5,4.61,-1.6,1.2
1.9000000000000001,7.4,4.72,-1.0,1.1
2.0,7.3,4.8,-1.0,0.8
2.1,7.23,4.87,-0.7,0.7
2.2,7.11,4.95,-1.2,0.8
2.3000000000000003,7.0,5.02,-1.1,0.7
2.4000000000000004,6.89,5.1,-1.1,0.8
2.5,6.74,5.23,-1.5,1.3
2.6,6.59,5.36,-1.5,1.3
2.7,6.5,5.45,-0.9,0.9
2.8000000000000003,6.4,5.51,-1.0,0.6
2.9000000000000004,6.28,5.62,-1.2,1.1
3.0,6.16,5.74,-1.2,1.2
3.1,6.06,5.83,-1.0,0.9
3.2,6.0,5.89,-0.6,0.6
3.3000000000000003,5.94,5.98,-0.6,0.9
3.4000000000000004,5.86,6.06,-0.8,0.8
3.5,5.8,6.13,-0.6,0.7
3.6,5.72,6.23,-0.8,1.0
3.7,5.61,6.35,-1.1,1.2
3.8000000000000003,5.54,6.45,-0.7,1.0
3.9000000000000004,5.46,6.56,-0.8,1.1
4.0,5.41,6.64,-0.5,0.8
4.1000000000000005,5.34,6.75,-0.7,1.1
4.2,5.28,6.88,-0.6,1.3
4.3,5.23,6.98,-0.5,1.0
4.4,5.19,7.07,-0.4,0.9
4.5,5.16,7.14,-0.3,0.7
4.6000000000000005,5.13,7.23,-0.3,0.9
4.7,5.1,7.33,-0.3,1.0
4.800000000000001,5.08,7.37,-0.2,0.4
4.9,5.07,7.43,-0.1,0.6
5.0,5.06,7.5,-0.1,0.7
5.1000000000000005,5.04,7.58,-0.2,0.8
5.2,5.04,7.63,0.0,0.5
5.300000000000001,5.03,7.7,-0.1,0.7
5.4,5.01,7.77,-0.2,0.7
5.5,5.0,7.83,-0.1,0.6
5.6000000000000005,4.99,7.88,-0.1,0.5
5.7,4.97,7.98,-0.2,1.0
5.800000000000001,4.95,8.04,-0.2,0.6
5.9,4.94,8.09,-0.1,0.5
6.0,4.94,8.14,0.0,0.5
6.1000000000000005,4.94,8.2,0.0,0.6
6.2,4.93,8.25,-0.1,0.5
6.300000000000001,4.93,8.29,0.0,0.4
6.4,4.92,8.33,-0.1,0.4
6.5,4.92,8.36,0.0,0.3
6.6000000000000005,4.92,8.41,0.0,0.5
6.7,4.92,8.42,0.0,0.1
6.800000000000001,4.92,8.42,0.0,0.0
6.9,4.94,8.53,0.2,1.1
7.0,4.96,8.61,0.2,0.8
7.1000000000000005,4.97,8.65,0.1,0.4
7.2,4.97,8.67,0.0,0.2
7.300000000000001,4.98,8.7,0.1,0.3
7.4,4.98,8.74,0.0,0.4
7.5,4.99,8.78,0.1,0.4
7.6000000000000005,4.99,8.84,0.0,0.6
7.7,4.99,8.9,0.0,0.6
7.800000000000001,4.99,8.96,0.0,0.6
7.9,5.01,9.02,0.2,0.6
8.0,5.02,9.07,0.1,0.5
8.1,5.04,9.13,0.2,0.6
8.200000000000001,5.08,9.19,0.4,0.6
8.3,5.1,9.22,0.2,0.3
8.4,5.11,9.23,0.1,0.1
8.5,5.17,9.29,0.6,0.6
8.6,5.25,9.36,0.8,0.7
8.700000000000001,5.31,9.39,0.6,0.3
8.8,5.36,9.43,0.5,0.4
8.9,5.45,9.46,0.9,0.3
9.0,5.54,9.49,0.9,0.3
9.1,5.64,9.53,1.0,0.4
9.200000000000001,5.79,9.58,1.5,0.5
9.3,5.92,9.61,1.3,0.3
9.4,6.02,9.63,1.0,0.2
9.5,6.12,9.66,1.0,0.3
9.600000000000001,6.27,9.68,1.5,0.2
9.700000000000001,6.41,9.7,1.4,0.2
9.8,6.5,9.71,0.9,0.1
9.9,6.63,9.71,1.3,0.0
10.0,6.79,9.73,1.6,0.2
10.100000000000001,6.87,9.73,0.8,0.0
10.200000000000001,6.99,9.73,1.2,0.0
10.3,7.06,9.73,0.7,0.0
10.4,7.17,9.74,1.1,0.1
10.5,7.32,9.75,1.5,0.1
10.600000000000001,7.48,9.75,1.6,0.0
10.700000000000001,7.67,9.74,1.9,-0.1
10.8,7.88,9.74,2.1,0.0
10.9,7.96,9.74,0.8,0.0
11.0,8.09,9.73,1.3,-0.1
11.100000000000001,8.25,9.73,1.6,0.0
11.200000000000001,8.44,9.72,1.9,-0.1
11.3,8.75,9.71,3.1,-0.1
11.4,8.93,9.7,1.8,-0.1
11.5,9.16,9.66,2.3,-0.4
11.600000000000001,9.42,9.63,2.6,-0.3
11.700000000000001,9.54,9.6,1.2,-0.3
11.8,9.68,9.57,1.4,-0.3
11.9,9.79,9.52,1.1,-0.5
12.0,10.11,9.49,3.2,-0.3
12.100000000000001,10.3,9.47,1.9,-0.2
12.200000000000001,10.44,9.45,1.4,-0.2
12.3,10.63,9.44,1.9,-0.1
12.4,10.79,9.41,1.6,-0.3
12.5,10.9,9.38,1.1,-0.3
12.600000000000001,11.02,9.35,1.2,-0.3
12.700000000000001,11.14,9.33,1.2,-0.2
12.8,11.38,9.3,2.4,-0.3
12.9,11.6,9.25,2.2,-0.5
13.0,11.85,9.2,2.5,-0.5
13.100000000000001,12.06,9.15,2.1,-0.5
13.200000000000001,12.15,9.12,0.9,-0.3
13.3,12.16,9.12,0.1,0.0
13.4,12.27,9.09,1.1,-0.3
13.5,12.39,9.06,1.2,-0.3
13.600000000000001,12.56,9.01,1.7,-0.5
13.700000000000001,12.7,8.94,1.4,-0.7
13.8,12.86,8.85,1.6,-0.9
13.9,12.97,8.77,1.1,-0.8
14.0,13.09,8.69,1.2,-0.8
14.100000000000001,13.17,8.65,0.8,-0.4
14.200000000000001,13.22,8.61,0.5,-0.4
14.3,13.25,8.58,0.3,-0.3
14.4,13.26,8.58,0.1,0.0
14.5,13.31,8.57,0.5,-0.1
14.600000000000001,13.44,8.54,1.3,-0.3
14.700000000000001,13.56,8.49,1.2,-0.5
14.8,13.65,8.47,0.9,-0.2
14.9,13.77,8.45,1.2,-0.2
15.0,13.86,8.44,0.9,-0.1
15.100000000000001,14.0,8.42,1.4,-0.2
15.200000000000001,14.04,8.38,0.4,-0.4
15.3,14.12,8.32,0.8,-0.6
15.4,14.18,8.26,0.6,-0.6
15.5,14.24,8.18,0.6,-0.8
15.600000000000001,14.27,8.12,0.3,-0.6
15.700000000000001,14.31,8.07,0.4,-0.5
15.8,14.36,8.04,0.5,-0.3
15.9,14.41,8.02,0.5,-0.2
16.0,14.45,8.0,0.4,-0.2
16.1,14.53,7.98,0.8,-0.2
16.2,14.58,7.95,0.5,-0.3
16.3,14.64,7.91,0.6,-0.4
16.400000000000002,14.7,7.88,0.6,-0.3
16.5,14.75,7.85,0.5,-0.3
16.6,14.79,7.82,0.4,-0.3
16.7,14.81,7.8,0.2,-0.2
16.8,14.81,7.8,0.0,0.0
16.900000000000002,14.81,7.8,0.0,0.0
17.0,14.88,7.73,0.7,-0.7
17.1,14.91,7.68,0.3,-0.5
17.2,14.94,7.63,0.3,-0.5
17.3,14.98,7.59,0.4,-0.4
17.400000000000002,15.0,7.57,0.2,-0.2
17.5,15.01,7.53,0.1,-0.4
17.6,15.02,7.49,0.1,-0.4
17.7,15.03,7.46,0.1,-0.3
17.8,15.03,7.39,0.0,-0.7
17.900000000000002,15.01,7.31,-0.2,-0.8
18.0,14.99,7.22,-0.2,-0.9
18.1,14.99,7.2,0.0,-0.2
18.2,14.97,7.14,-0.2,-0.6
18.3,14.92,7.05,-0.5,-0.9
18.400000000000002,14.88,6.99,-0.4,-0.6
18.5,14.82,6.9,-0.6,-0.9
18.6,14.72,6.79,-1.0,-1.1
18.7,14.65,6.71,-0.7,-0.8
18.8,14.61,6.68,-0.4,-0.3
18.900000000000002,14.51,6.6,-1.0,-0.8
19.0,14.33,6.5,-1.8,-1.0
19.1,14.24,6.45,-0.9,-0.5
19.200000000000003,14.17,6.4,-0.7,-0.5
19.3,14.05,6.32,-1.2,-0.8
19.400000000000002,13.95,6.25,-1.0,-0.7
19.5,13.86,6.18,-0.9,-0.7
19.6,13.77,6.12,-0.9,-0.6
19.700000000000003,13.71,6.08,-0.6,-0.4
19.8,13.61,6.01,-1.0,-0.7
19.900000000000002,13.48,5.95,-1.3,-0.6
20.0,13.24,5.85,-2.4,-1.0
20.1,13.03,5.75,-2.1,-1.0
20.200000000000003,12.83,5.64,-2.0,-1.1
20.3,12.68,5.54,-1.5,-1.0
20.400000000000002,12.53,5.45,-1.5,-0.9
20.5,12.39,5.35,-1.4,-1.0
20.6,12.27,5.28,-1.2,-0.7
20.700000000000003,12.15,5.21,-1.2,-0.7
20.8,12.01,5.12,-1.4,-0.9
20.900000000000002,11.87,5.03,-1.4,-0.9
21.0,11.75,4.93,-1.2,-1.0
21.1,11.66,4.86,-0.9,-0.7
21.200000000000003,11.57,4.77,-0.9,-0.9
21.3,11.49,4.71,-0.8,-0.6
21.400000000000002,11.41,4.63,-0.8,-0.8
21.5,11.32,4.53,-0.9,-1.0
21.6,11.23,4.45,-0.9,-0.8
21.700000000000003,11.16,4.39,-0.7,-0.6
21.8,11.09,4.32,-0.7,-0.7
21.900000000000002,10.99,4.22,-1.0,-1.0
22.0,10.9,4.13,-0.9,-0.9
22.1,10.86,4.08,-0.4,-0.5
22.200000000000003,10.81,4.0,-0.5,-0.8
22.3,10.76,3.92,-0.5,-0.8
22.400000000000002,10.71,3.85,-0.5,-0.7
22.5,10.66,3.77,-0.5,-0.8
22.6,10.64,3.74,-0.2,-0.3
22.700000000000003,10.64,3.74,0.0,0.0
22.8,10.64,3.74,0.0,0.0
22.900000000000002,10.64,3.74,0.0,0.0
23.0,10.64,3.74,0.0,0.0
23.1,10.64,3.74,0.0,0.0
