0.1,8.88,3.67,0.0,0.0
0.2,8.88,3.67,0.0,0.0
0.30000000000000004,8.88,3.67,0.0,0.0
0.4,8.88,3.67,0.0,0.0
0.5,8.83,3.75,-0.5,0.8
0.6000000000000001,8.77,3.81,-0.6,0.6
0.7000000000000001,8.72,3.86,-0.5,0.5
0.8,8.69,3.92,-0.3,0.6
0.9,8.61,4.05,-0.8,1.3
1.0,8.53,4.14,-0.8,0.9
1.1,8.45,4.24,-0.8,1.0
1.2000000000000002,8.38,4.31,-0.7,0.7
1.3,8.29,4.43,-0.9,1.2
1.4000000000000001,8.24,4.49,-0.5,0.6
1.5,8.18,4.56,-0.6,0.7
1.6,8.1,4.67,-0.8,1.1
1.7000000000000002,8.01,4.78,-0.9,1.1
1.8,7.95,4.85,-0.6,0.7
1.9000000000000001,7.89,4.93,-0.6,0.8
2.0,7.82,5.02,-0.7,0.9
2.1,7.72,5.12,-1.0,1.0
2.2,7.65,5.21,-0.7,0.9
2.3000000000000003,7.59,5.3,-0.6,0.9
2.4000000000000004,7.51,5.4,-0.8,1.0
2.5,7.43,5.5,-0.8,1.0
2.6,7.38,5.57,-0.5,0.7
2.7,7.3,5.65,-0.8,0.8
2.8000000000000003,7.23,5.71,-0.7,0.6
2.9000000000000004,7.15,5.78,-0.8,0.7
3.0,7.07,5.85,-0.8,0.7
3.1,6.97,5.95,-1.0,1.0
3.2,6.89,6.04,-0.8,0.9
3.3000000000000003,6.8,6.15,-0.9,1.1
3.4000000000000004,6.71,6.29,-0.9,1.4
3.5,6.62,6.41,-0.9,1.2
3.6,6.56,6.52,-0.6,1.1
3.7,6.47,6.66,-0.9,1.4
3.8000000000000003,6.39,6.79,-0.8,1.3
3.9000000000000004,6.33,6.88,-0.6,0.9
4.0,6.23,6.99,-1.0,1.1
4.1000000000000005,6.14,7.1,-0.9,1.1
4.2,6.05,7.21,-0.9,1.1
4.3,5.96,7.29,-0.9,0.8
4.4,5.89,7.35,-0.7,0.6
4.5,5.78,7.44,-1.1,0.9
4.6000000000000005,5.7,7.51,-0.8,0.7
4.7,5.62,7.57,-0.8,0.6
4.800000000000001,5.55,7.63,-0.7,0.6
4.9,5.48,7.69,-0.7,0.6
5.0,5.42,7.76,-0.6,0.7
5.1000000000000005,5.35,7.81,-0.7,0.5
5.2,5.29,7.88,-0.6,0.7
5.300000000000001,5.22,7.94,-0.7,0.6
5.4,5.16,7.99,-0.6,0.5
5.5,5.14,8.02,-0.2,0.3
5.6000000000000005,5.08,8.09,-0.6,0.7
5.7,5.05,8.15,-0.3,0.6
5.800000000000001,5.01,8.2,-0.4,0.5
5.9,4.99,8.26,-0.2,0.6
6.0,4.98,8.31,-0.1,0.5
6.1000000000000005,4.96,8.38,-0.2,0.7
6.2,4.95,8.44,-0.1,0.6
6.300000000000001,4.94,8.49,-0.1,0.5
6.4,4.93,8.55,-0.1,0.6
6.5,4.93,8.61,0.0,0.6
6.6000000000000005,4.92,8.66,-0.1,0.5
6.7,4.92,8.74,0.0,0.8
6.800000000000001,4.92,8.8,0.0,0.6
6.9,4.92,8.87,0.0,0.7
7.0,4.95,8.99,0.3,1.2
7.1000000000000005,4.97,9.05,0.2,0.6
7.2,5.0,9.09,0.3,0.4
7.300000000000001,5.03,9.14,0.3,0.5
7.4,5.08,9.18,0.5,0.4
7.5,5.14,9.22,0.6,0.4
7.6000000000000005,5.22,9.26,0.8,0.4
7.7,5.3,9.31,0.8,0.5
7.800000000000001,5.38,9.35,0.8,0.4
7.9,5.48,9.38,1.0,0.3
8.0,5.56,9.42,0.8,0.4
8.1,5.64,9.45,0.8,0.3
8.200000000000001,5.74,9.48,1.0,0.3
8.3,5.8,9.49,0.6,0.1
8.4,5.89,9.5,0.9,0.1
8.5,6.02,9.51,1.3,0.1
8.6,6.14,9.52,1.2,0.1
8.700000000000001,6.31,9.54,1.7,0.2
8.8,6.5,9.54,1.9,0.0
8.9,6.71,9.52,2.1,-0.2
9.0,6.92,9.51,2.1,-0.1
9.1,7.19,9.47,2.7,-0.4
9.200000000000001,7.42,9.45,2.3,-0.2
9.3,7.7,9.44,2.8,-0.1
9.4,7.86,9.43,1.6,-0.1
9.5,8.06,9.4,2.0,-0.3
9.600000000000001,8.35,9.37,2.9,-0.3
9.700000000000001,8.57,9.32,2.2,-0.5
9.8,8.76,9.29,1.9,-0.3
9.9,8.98,9.26,2.2,-0.3
10.0,9.19,9.26,2.1,0.0
10.100000000000001,9.46,9.22,2.7,-0.4
10.200000000000001,9.64,9.18,1.8,-0.4
10.3,9.83,9.15,1.9,-0.3
10.4,10.01,9.13,1.8,-0.2
10.5,10.19,9.07,1.8,-0.6
10.600000000000001,10.36,9.04,1.7,-0.3
10.700000000000001,10.54,9.01,1.8,-0.3
10.8,10.68,8.99,1.4,-0.2
10.9,10.8,8.97,1.2,-0.2
11.0,10.96,8.93,1.6,-0.4
11.100000000000001,11.09,8.9,1.3,-0.3
11.200000000000001,11.19,8.87,1.0,-0.3
11.3,11.32,8.81,1.3,-0.6
11.4,11.49,8.78,1.7,-0.3
11.5,11.67,8.75,1.8,-0.3
11.600000000000001,11.81,8.7,1.4,-0.5
11.700000000000001,11.97,8.68,1.6,-0.2
11.8,12.17,8.64,2.0,-0.4
11.9,12.31,8.59,1.4,-0.5
12.0,12.43,8.54,1.2,-0.5
12.100000000000001,12.57,8.49,1.4,-0.5
12.200000000000001,12.73,8.45,1.6,-0.4
12.3,12.87,8.4,1.4,-0.5
12.4,12.97,8.35,1.0,-0.5
12.5,13.12,8.31,1.5,-0.4
12.600000000000001,13.22,8.25,1.0,-0.6
12.700000000000001,13.32,8.21,1.0,-0.4
12.8,13.46,8.17,1.4,-0.4
12.9,13.53,8.15,0.7,-0.2
13.0,13.66,8.12,1.3,-0.3
13.100000000000001,13.74,8.09,0.8,-0.3
13.200000000000001,13.76,8.06,0.2,-0.3
13.3,13.81,8.01,0.5,-0.5
13.4,13.88,7.98,0.7,-0.3
13.5,13.95,7.96,0.7,-0.2
13.600000000000001,14.02,7.93,0.7,-0.3
13.700000000000001,14.09,7.9,0.7,-0.3
13.8,14.17,7.88,0.8,-0.2
13.9,14.27,7.85,1.0,-0.3
14.0,14.36,7.82,0.9,-0.3
14.100000000000001,14.48,7.78,1.2,-0.4
14.200000000000001,14.55,7.74,0.7,-0.4
14.3,14.6,7.71,0.5,-0.3
14.4,14.65,7.68,0.5,-0.3
14.5,14.69,7.66,0.4,-0.2
14.600000000000001,14.74,7.65,0.5,-0.1
14.700000000000001,14.82,7.63,0.8,-0.2
14.8,14.93,7.62,1.1,-0.1
14.9,14.98,7.59,0.5,-0.3
15.0,14.99,7.58,0.1,-0.1
15.100000000000001,15.02,7.55,0.3,-0.3
15.200000000000001,15.07,7.48,0.5,-0.7
15.3,15.09,7.4,0.2,-0.8
15.4,15.1,7.37,0.1,-0.3
15.5,15.1,7.31,0.0,-0.6
15.600000000000001,15.09,7.23,-0.1,-0.8
15.700000000000001,15.05,7.15,-0.4,-0.8
15.8,14.99,7.04,-0.6,-1.1
15.9,14.93,6.93,-0.6,-1.1
16.0,14.86,6.81,-0.7,-1.2
16.1,14.79,6.7,-0.7,-1.1
16.2,14.7,6.59,-0.9,-1.1
16.3,14.63,6.51,-0.7,-0.8
16.400000000000002,14.57,6.44,-0.6,-0.7
16.5,14.51,6.35,-0.6,-0.9
16.6,14.44,6.28,-0.7,-0.7
16.7,14.31,6.18,-1.3,-1.0
16.8,14.17,6.08,-1.4,-1.0
16.900000000000002,14.05,5.98,-1.2,-1.0
17.0,13.96,5.9,-0.9,-0.8
17.1,13.81,5.8,-1.5,-1.0
17.2,13.68,5.73,-1.3,-0.7
17.3,13.55,5.65,-1.3,-0.8
17.400000000000002,13.36,5.55,-1.9,-1.0
17.5,13.2,5.47,-1.6,-0.8
17.6,13.03,5.4,-1.7,-0.7
17.7,12.87,5.33,-1.6,-0.7
17.8,12.72,5.25,-1.5,-0.8
17.900000000000002,12.56,5.17,-1.6,-0.8
18.0,12.41,5.06,-1.5,-1.1
18.1,12.27,5.0,-1.4,-0.6
18.2,12.16,4.94,-1.1,-0.6
18.3,11.98,4.85,-1.8,-0.9
18.400000000000002,11.88,4.8,-1.0,-0.5
18.5,11.74,4.73,-1.4,-0.7
18.6,11.62,4.64,-1.2,-0.9
18.7,11.49,4.56,-1.3,-0.8
18.8,11.42,4.51,-0.7,-0.5
18.900000000000002,11.36,4.47,-0.6,-0.4
19.0,11.3,4.43,-0.6,-0.4
19.1,11.25,4.4,-0.5,-0.3
19.200000000000003,11.18,4.32,-0.7,-0.8
19.3,11.1,4.26,-0.8,-0.6
19.400000000000002,11.04,4.23,-0.6,-0.3
19.5,10.97,4.18,-0.7,-0.5
19.6,10.87,4.1,-1.0,-0.8
19.700000000000003,10.83,4.06,-0.4,-0.4
19.8,10.77,4.0,-0.6,-0.6
19.900000000000002,10.7,3.93,-0.7,-0.7
20.0,10.65,3.87,-0.5,-0.6
20.1,10.64,3.86,-0.1,-0.1
20.200000000000003,10.64,3.86,0.0,0.0
20.3,10.64,3.85,0.0,-0.1
20.400000000000002,10.64,3.85,0.0,0.0
20.5,10.64,3.85,0.0,0.0
20.6,10.64,3.84,0.0,-0.1
20.700000000000003,10.61,3.74,-0.3,-1.0
20.8,10.61,3.74,0.0,0.0
20.900000000000002,10.61,3.74,0.0,0.0
21.0,10.61,3.74,0.0,0.0
21.1,10.61,3.74,0.0,0.0
21.200000000000003,10.61,3.74,0.0,0.0
