0.1,8.9,3.72,0.0,0.0
0.2,8.9,3.72,0.0,0.0
0.30000000000000004,8.9,3.72,0.0,0.0
0.4,8.9,3.72,0.0,0.0
0.5,8.9,3.72,0.0,0.0
0.6000000000000001,8.85,3.74,-0.5,0.2
0.7000000000000001,8.8,3.77,-0.5,0.3
0.8,8.75,3.81,-0.5,0.4
0.9,8.68,3.87,-0.7,0.6
1.0,8.56,3.95,-1.2,0.8
1.1,8.49,4.03,-0.7,0.8
1.2000000000000002,8.43,4.11,-0.6,0.8
1.3,8.39,4.19,-0.4,0.8
1.4000000000000001,8.32,4.3,-0.7,1.1
1.5,8.27,4.37,-0.5,0.7
1.6,8.23,4.43,-0.4,0.6
1.7000000000000002,8.14,4.51,-0.9,0.8
1.8,8.04,4.59,-1.0,0.8
1.9000000000000001,7.91,4.68,-1.3,0.9
2.0,7.8,4.75,-1.1,0.7
2.1,7.72,4.82,-0.8,0.7
2.2,7.64,4.9,-0.8,0.8
2.3000000000000003,7.54,4.99,-1.0,0.9
2.4000000000000004,7.49,5.04,-0.5,0.5
2.5,7.41,5.14,-0.8,1.0
2.6,7.33,5.25,-0.8,1.1
2.7,7.23,5.4,-1.0,1.5
2.8000000000000003,7.14,5.52,-0.9,1.2
2.9000000000000004,7.03,5.67,-1.1,1.5
3.0,6.93,5.83,-1.0,1.6
3.1,6.84,5.92,-0.9,0.9
3.2,6.7,6.07,-1.4,1.5
3.3000000000000003,6.59,6.19,-1.1,1.2
3.4000000000000004,6.49,6.27,-1.0,0.8
3.5,6.35,6.38,-1.4,1.1
3.6,6.2,6.48,-1.5,1.0
3.7,6.05,6.6,-1.5,1.2
3.8000000000000003,5.95,6.67,-1.0,0.7
3.9000000000000004,5.88,6.74,-0.7,0.7
4.0,5.76,6.84,-1.2,1.0
4.1000000000000005,5.68,6.94,-0.8,1.0
4.2,5.58,7.06,-1.0,1.2
4.3,5.49,7.17,-0.9,1.1
4.4,5.38,7.31,-1.1,1.4
4.5,5.34,7.38,-0.4,0.7
4.6000000000000005,5.27,7.46,-0.7,0.8
4.7,5.25,7.5,-0.2,0.4
4.800000000000001,5.22,7.54,-0.3,0.4
4.9,5.19,7.61,-0.3,0.7
5.0,5.16,7.67,-0.3,0.6
5.1000000000000005,5.16,7.67,0.0,0.0
5.2,5.16,7.67,0.0,0.0
5.300000000000001,5.09,7.85,-0.7,1.8
5.4,5.03,7.98,-0.6,1.3
5.5,5.01,8.07,-0.2,0.9
5.6000000000000005,5.02,8.11,0.1,0.4
5.7,5.02,8.18,0.0,0.7
5.800000000000001,5.02,8.23,0.0,0.5
5.9,5.02,8.29,0.0,0.6
6.0,5.02,8.35,0.0,0.6
6.1000000000000005,5.02,8.39,0.0,0.4
6.2,5.01,8.44,-0.1,0.5
6.300000000000001,5.0,8.49,-0.1,0.5
6.4,4.99,8.53,-0.1,0.4
6.5,4.97,8.6,-0.2,0.7
6.6000000000000005,4.97,8.67,0.0,0.7
6.7,4.97,8.73,0.0,0.6
6.800000000000001,4.97,8.77,0.0,0.4
6.9,4.96,8.84,-0.1,0.7
7.0,4.97,8.89,0.1,0.5
7.1000000000000005,4.99,8.93,0.2,0.4
7.2,5.01,8.98,0.2,0.5
7.300000000000001,5.07,9.05,0.6,0.7
7.4,5.13,9.11,0.6,0.6
7.5,5.18,9.15,0.5,0.4
7.6000000000000005,5.26,9.2,0.8,0.5
7.7,5.38,9.27,1.2,0.7
7.800000000000001,5.42,9.29,0.4,0.2
7.9,5.48,9.33,0.6,0.4
8.0,5.56,9.37,0.8,0.4
8.1,5.64,9.4,0.8,0.3
8.200000000000001,5.76,9.45,1.2,0.5
8.3,5.88,9.5,1.2,0.5
8.4,5.99,9.54,1.1,0.4
8.5,6.12,9.59,1.3,0.5
8.6,6.26,9.64,1.4,0.5
8.700000000000001,6.37,9.66,1.1,0.2
8.8,6.44,9.68,0.7,0.2
8.9,6.6,9.71,1.6,0.3
9.0,6.75,9.73,1.5,0.2
9.1,6.8,9.74,0.5,0.1
9.200000000000001,6.94,9.75,1.4,0.1
9.3,7.09,9.76,1.5,0.1
9.4,7.21,9.76,1.2,0.0
9.5,7.4,9.76,1.9,0.0
9.600000000000001,7.54,9.74,1.4,-0.2
9.700000000000001,7.7,9.73,1.6,-0.1
9.8,7.84,9.72,1.4,-0.1
9.9,8.1,9.68,2.6,-0.4
10.0,8.56,9.67,4.6,-0.1
10.100000000000001,8.84,9.64,2.8,-0.3
10.200000000000001,9.06,9.62,2.2,-0.2
10.3,9.26,9.61,2.0,-0.1
10.4,9.43,9.6,1.7,-0.1
10.5,9.55,9.57,1.2,-0.3
10.600000000000001,9.66,9.53,1.1,-0.4
10.700000000000001,9.84,9.5,1.8,-0.3
10.8,9.99,9.47,1.5,-0.3
10.9,10.21,9.42,2.2,-0.5
11.0,10.37,9.37,1.6,-0.5
11.100000000000001,10.5,9.33,1.3,-0.4
11.200000000000001,10.6,9.3,1.0,-0.3
11.3,10.73,9.26,1.3,-0.4
11.4,10.87,9.23,1.4,-0.3
11.5,10.99,9.2,1.2,-0.3
11.600000000000001,11.15,9.16,1.6,-0.4
11.700000000000001,11.34,9.13,1.9,-0.3
11.8,11.48,9.08,1.4,-0.5
11.9,11.7,9.01,2.2,-0.7
12.0,11.93,8.94,2.3,-0.7
12.100000000000001,12.08,8.85,1.5,-0.9
12.200000000000001,12.23,8.77,1.5,-0.8
12.3,12.32,8.74,0.9,-0.3
12.4,12.48,8.71,1.6,-0.3
12.5,12.63,8.69,1.5,-0.2
12.600000000000001,12.81,8.66,1.8,-0.3
12.700000000000001,12.96,8.64,1.5,-0.2
12.8,13.08,8.6,1.2,-0.4
12.9,13.17,8.55,0.9,-0.5
13.0,13.22,8.5,0.5,-0.5
13.100000000000001,13.3,8.44,0.8,-0.6
13.200000000000001,13.4,8.4,1.0,-0.4
13.3,13.49,8.36,0.9,-0.4
13.4,13.61,8.3,1.2,-0.6
13.5,13.73,8.26,1.2,-0.4
13.600000000000001,13.85,8.23,1.2,-0.3
13.700000000000001,14.01,8.19,1.6,-0.4
13.8,14.17,8.16,1.6,-0.3
13.9,14.32,8.12,1.5,-0.4
14.0,14.42,8.09,1.0,-0.3
14.100000000000001,14.5,8.05,0.8,-0.4
14.200000000000001,14.59,8.0,0.9,-0.5
14.3,14.68,7.94,0.9,-0.6
14.4,14.75,7.87,0.7,-0.7
14.5,14.81,7.81,0.6,-0.6
14.600000000000001,14.87,7.73,0.6,-0.8
14.700000000000001,14.9,7.67,0.3,-0.6
14.8,14.92,7.58,0.2,-0.9
14.9,14.94,7.51,0.2,-0.7
15.0,14.96,7.45,0.2,-0.6
15.100000000000001,14.98,7.42,0.2,-0.3
15.200000000000001,14.99,7.36,0.1,-0.6
15.3,15.01,7.3,0.2,-0.6
15.4,15.02,7.21,0.1,-0.9
15.5,15.01,7.12,-0.1,-0.9
15.600000000000001,14.97,7.0,-0.4,-1.2
15.700000000000001,14.94,6.9,-0.3,-1.0
15.8,14.89,6.78,-0.5,-1.2
15.9,14.81,6.62,-0.8,-1.6
16.0,14.75,6.52,-0.6,-1.0
16.1,14.72,6.46,-0.3,-0.6
16.2,14.65,6.34,-0.7,-1.2
16.3,14.56,6.2,-0.9,-1.4
16.400000000000002,14.5,6.1,-0.6,-1.0
16.5,14.44,6.03,-0.6,-0.7
16.6,14.36,5.92,-0.8,-1.1
16.7,14.28,5.8,-0.8,-1.2
16.8,14.19,5.69,-0.9,-1.1
16.900000000000002,14.13,5.62,-0.6,-0.7
17.0,14.03,5.51,-1.0,-1.1
17.1,13.92,5.4,-1.1,-1.1
17.2,13.86,5.34,-0.6,-0.6
17.3,13.78,5.26,-0.8,-0.8
17.400000000000002,13.71,5.21,-0.7,-0.5
17.5,13.66,5.17,-0.5,-0.4
17.6,13.56,5.12,-1.0,-0.5
17.7,13.46,5.07,-1.0,-0.5
17.8,13.32,5.02,-1.4,-0.5
17.900000000000002,13.2,4.98,-1.2,-0.4
18.0,13.08,4.93,-1.2,-0.5
18.1,12.94,4.87,-1.4,-0.6
18.2,12.84,4.83,-1.0,-0.4
18.3,12.7,4.77,-1.4,-0.6
18.400000000000002,12.51,4.69,-1.9,-0.8
18.5,12.33,4.62,-1.8,-0.7
18.6,12.16,4.56,-1.7,-0.6
18.7,12.01,4.52,-1.5,-0.4
18.8,11.81,4.45,-2.0,-0.7
18.900000000000002,11.61,4.37,-2.0,-0.8
19.0,11.41,4.29,-2.0,-0.8
19.1,11.26,4.25,-1.5,-0.4
19.200000000000003,11.17,4.19,-0.9,-0.6
19.3,11.1,4.15,-0.7,-0.4
19.400000000000002,11.0,4.1,-1.0,-0.5
19.5,10.93,4.05,-0.7,-0.5
19.6,10.87,4.02,-0.6,-0.3
19.700000000000003,10.86,4.01,-0.1,-0.1
19.8,10.82,3.96,-0.4,-0.5
19.900000000000002,10.78,3.92,-0.4,-0.4
20.0,10.76,3.9,-0.2,-0.2
20.1,10.75,3.9,-0.1,0.0
20.200000000000003,10.75,3.9,0.0,0.0
20.3,10.75,3.89,0.0,-0.1
20.400000000000002,10.75,3.89,0.0,0.0
20.5,10.75,3.89,0.0,0.0
20.6,10.75,3.89,0.0,0.0
20.700000000000003,10.7,3.83,-0.5,-0.6
20.8,10.62,3.75,-0.8,-0.8
20.900000000000002,10.62,3.75,0.0,0.0
21.0,10.62,3.75,0.0,0.0
21.1,10.62,3.75,0.0,0.0
