0.1,8.88,3.69,0.0,0.0
0.2,8.88,3.69,0.0,0.0
0.30000000000000004,8.88,3.69,0.0,0.0
0.4,8.88,3.69,0.0,0.0
0.5,8.87,3.71,-0.1,0.2
0.6000000000000001,8.84,3.75,-0.3,0.4
0.7000000000000001,8.78,3.82,-0.6,0.7
0.8,8.73,3.87,-0.5,0.5
0.9,8.64,3.97,-0.9,1.0
1.0,8.54,4.07,-1.0,1.0
1.1,8.48,4.14,-0.6,0.7
1.2000000000000002,8.39,4.23,-0.9,0.9
1.3,8.27,4.34,-1.2,1.1
1.4000000000000001,8.19,4.41,-0.8,0.7
1.5,8.08,4.51,-1.1,1.0
1.6,7.95,4.65,-1.3,1.4
1.7000000000000002,7.84,4.75,-1.1,1.0
1.8,7.74,4.87,-1.0,1.2
1.9000000000000001,7.68,4.95,-0.6,0.8
2.0,7.57,5.05,-1.1,1.0
2.1,7.47,5.12,-1.0,0.7
2.2,7.36,5.17,-1.1,0.5
2.3000000000000003,7.29,5.22,-0.7,0.5
2.4000000000000004,7.24,5.26,-0.5,0.4
2.5,7.14,5.33,-1.0,0.7
2.6,7.06,5.39,-0.8,0.6
2.7,6.99,5.46,-0.7,0.7
2.8000000000000003,6.9,5.55,-0.9,0.9
2.9000000000000004,6.82,5.64,-0.8,0.9
3.0,6.73,5.73,-0.9,0.9
3.1,6.63,5.86,-1.0,1.3
3.2,6.56,5.94,-0.7,0.8
3.3000000000000003,6.48,6.04,-0.8,1.0
3.4000000000000004,6.38,6.17,-1.0,1.3
3.5,6.3,6.29,-0.8,1.2
3.6,6.23,6.4,-0.7,1.1
3.7,6.14,6.53,-0.9,1.3
3.8000000000000003,6.06,6.65,-0.8,1.2
3.9000000000000004,6.0,6.76,-0.6,1.1
4.0,5.95,6.84,-0.5,0.8
4.1000000000000005,5.89,6.94,-0.6,1.0
4.2,5.82,7.04,-0.7,1.0
4.3,5.76,7.16,-0.6,1.2
4.4,5.69,7.27,-0.7,1.1
4.5,5.64,7.37,-0.5,1.0
4.6000000000000005,5.61,7.46,-0.3,0.9
4.7,5.58,7.57,-0.3,1.1
4.800000000000001,5.53,7.75,-0.5,1.8
4.9,5.52,7.88,-0.1,1.3
5.0,5.49,8.0,-0.3,1.2
5.1000000000000005,5.46,8.09,-0.3,0.9
5.2,5.41,8.17,-0.5,0.8
5.300000000000001,5.39,8.21,-0.2,0.4
5.4,5.36,8.26,-0.3,0.5
5.5,5.33,8.31,-0.3,0.5
5.6000000000000005,5.31,8.36,-0.2,0.5
5.7,5.28,8.43,-0.3,0.7
5.800000000000001,5.25,8.5,-0.3,0.7
5.9,5.21,8.58,-0.4,0.8
6.0,5.19,8.63,-0.2,0.5
6.1000000000000005,5.17,8.68,-0.2,0.5
6.2,5.15,8.71,-0.2,0.3
6.300000000000001,5.14,8.73,-0.1,0.2
6.4,5.14,8.73,0.0,0.0
6.5,5.13,8.77,-0.1,0.4
6.6000000000000005,5.11,8.81,-0.2,0.4
6.7,5.09,8.85,-0.2,0.4
6.800000000000001,5.08,8.89,-0.1,0.4
6.9,5.06,8.95,-0.2,0.6
7.0,5.04,8.97,-0.2,0.2
7.1000000000000005,5.03,9.0,-0.1,0.3
7.2,5.03,9.03,0.0,0.3
7.300000000000001,5.02,9.08,-0.1,0.5
7.4,5.03,9.16,0.1,0.8
7.5,5.05,9.2,0.2,0.4
7.6000000000000005,5.07,9.25,0.2,0.5
7.7,5.09,9.29,0.2,0.4
7.800000000000001,5.1,9.31,0.1,0.2
7.9,5.11,9.33,0.1,0.2
8.0,5.12,9.36,0.1,0.3
8.1,5.13,9.38,0.1,0.2
8.200000000000001,5.15,9.4,0.2,0.2
8.3,5.15,9.4,0.0,0.0
8.4,5.19,9.43,0.4,0.3
8.5,5.25,9.46,0.6,0.3
8.6,5.32,9.49,0.7,0.3
8.700000000000001,5.41,9.52,0.9,0.3
8.8,5.51,9.54,1.0,0.2
8.9,5.64,9.56,1.3,0.2
9.0,5.75,9.58,1.1,0.2
9.1,5.86,9.6,1.1,0.2
9.200000000000001,6.0,9.62,1.4,0.2
9.3,6.12,9.63,1.2,0.1
9.4,6.2,9.65,0.8,0.2
9.5,6.31,9.65,1.1,0.0
9.600000000000001,6.45,9.66,1.4,0.1
9.700000000000001,6.53,9.66,0.8,0.0
9.8,6.64,9.66,1.1,0.0
9.9,6.79,9.64,1.5,-0.2
10.0,6.93,9.63,1.4,-0.1
10.100000000000001,7.12,9.63,1.9,0.0
10.200000000000001,7.31,9.63,1.9,0.0
10.3,7.45,9.61,1.4,-0.2
10.4,7.6,9.6,1.5,-0.1
10.5,7.71,9.6,1.1,0.0
10.600000000000001,7.9,9.59,1.9,-0.1
10.700000000000001,8.06,9.57,1.6,-0.2
10.8,8.28,9.54,2.2,-0.3
10.9,8.5,9.51,2.2,-0.3
11.0,8.67,9.48,1.7,-0.3
11.100000000000001,8.89,9.45,2.2,-0.3
11.200000000000001,9.05,9.44,1.6,-0.1
11.3,9.28,9.4,2.3,-0.4
11.4,9.54,9.38,2.6,-0.2
11.5,9.79,9.33,2.5,-0.5
11.600000000000001,10.0,9.31,2.1,-0.2
11.700000000000001,10.24,9.28,2.4,-0.3
11.8,10.41,9.27,1.7,-0.1
11.9,10.61,9.27,2.0,0.0
12.0,10.78,9.23,1.7,-0.4
12.100000000000001,10.91,9.22,1.3,-0.1
12.200000000000001,11.1,9.22,1.9,0.0
12.3,11.31,9.2,2.1,-0.2
12.4,11.47,9.16,1.6,-0.4
12.5,11.59,9.13,1.2,-0.3
12.600000000000001,11.71,9.1,1.2,-0.3
12.700000000000001,11.78,9.07,0.7,-0.3
12.8,11.93,9.03,1.5,-0.4
12.9,12.12,8.99,1.9,-0.4
13.0,12.28,8.93,1.6,-0.6
13.100000000000001,12.43,8.87,1.5,-0.6
13.200000000000001,12.61,8.8,1.8,-0.7
13.3,12.7,8.75,0.9,-0.5
13.4,12.82,8.71,1.2,-0.4
13.5,12.93,8.66,1.1,-0.5
13.600000000000001,13.01,8.63,0.8,-0.3
13.700000000000001,13.13,8.6,1.2,-0.3
13.8,13.26,8.56,1.3,-0.4
13.9,13.36,8.52,1.0,-0.4
14.0,13.47,8.48,1.1,-0.4
14.100000000000001,13.49,8.47,0.2,-0.1
14.200000000000001,13.52,8.44,0.3,-0.3
14.3,13.64,8.39,1.2,-0.5
14.4,13.79,8.34,1.5,-0.5
14.5,13.84,8.3,0.5,-0.4
14.600000000000001,13.89,8.27,0.5,-0.3
14.700000000000001,13.99,8.2,1.0,-0.7
14.8,14.08,8.13,0.9,-0.7
14.9,14.17,8.07,0.9,-0.6
15.0,14.27,8.02,1.0,-0.5
15.100000000000001,14.41,7.97,1.4,-0.5
15.200000000000001,14.47,7.91,0.6,-0.6
15.3,14.51,7.88,0.4,-0.3
15.4,14.58,7.83,0.7,-0.5
15.5,14.62,7.79,0.4,-0.4
15.600000000000001,14.68,7.75,0.6,-0.4
15.700000000000001,14.71,7.71,0.3,-0.4
15.8,14.73,7.69,0.2,-0.2
15.9,14.77,7.65,0.4,-0.4
16.0,14.8,7.61,0.3,-0.4
16.1,14.86,7.57,0.6,-0.4
16.2,14.89,7.54,0.3,-0.3
16.3,14.95,7.5,0.6,-0.4
16.400000000000002,15.0,7.45,0.5,-0.5
16.5,15.05,7.41,0.5,-0.4
16.6,15.08,7.36,0.3,-0.5
16.7,15.1,7.27,0.2,-0.9
16.8,15.07,7.11,-0.3,-1.6
16.900000000000002,15.04,6.96,-0.3,-1.5
17.0,15.0,6.84,-0.4,-1.2
17.1,14.96,6.72,-0.4,-1.2
17.2,14.91,6.63,-0.5,-0.9
17.3,14.85,6.55,-0.6,-0.8
17.400000000000002,14.79,6.48,-0.6,-0.7
17.5,14.72,6.4,-0.7,-0.8
17.6,14.64,6.31,-0.8,-0.9
17.7,14.55,6.23,-0.9,-0.8
17.8,14.45,6.14,-1.0,-0.9
17.900000000000002,14.3,6.0,-1.5,-1.4
18.0,14.18,5.88,-1.2,-1.2
18.1,14.05,5.74,-1.3,-1.4
18.2,13.91,5.62,-1.4,-1.2
18.3,13.78,5.49,-1.3,-1.3
18.400000000000002,13.63,5.36,-1.5,-1.3
18.5,13.49,5.26,-1.4,-1.0
18.6,13.33,5.15,-1.6,-1.1
18.7,13.16,5.06,-1.7,-0.9
18.8,13.03,4.99,-1.3,-0.7
18.900000000000002,12.87,4.89,-1.6,-1.0
19.0,12.73,4.82,-1.4,-0.7
19.1,12.59,4.75,-1.4,-0.7
19.200000000000003,12.51,4.7,-0.8,-0.5
19.3,12.38,4.63,-1.3,-0.7
19.400000000000002,12.2,4.53,-1.8,-1.0
19.5,12.09,4.48,-1.1,-0.5
19.6,11.97,4.43,-1.2,-0.5
19.700000000000003,11.82,4.36,-1.5,-0.7
19.8,11.66,4.29,-1.6,-0.7
19.900000000000002,11.54,4.25,-1.2,-0.4
20.0,11.45,4.22,-0.9,-0.3
20.1,11.34,4.17,-1.1,-0.5
20.200000000000003,11.19,4.09,-1.5,-0.8
20.3,11.12,4.08,-0.7,-0.1
20.400000000000002,11.1,4.07,-0.2,-0.1
20.5,11.08,4.05,-0.2,-0.2
20.6,10.96,3.99,-1.2,-0.6
20.700000000000003,10.85,3.93,-1.1,-0.6
20.8,10.78,3.9,-0.7,-0.3
20.900000000000002,10.76,3.88,-0.2,-0.2
21.0,10.69,3.81,-0.7,-0.7
21.1,10.65,3.78,-0.4,-0.3
21.200000000000003,10.61,3.74,-0.4,-0.4
21.3,10.59,3.73,-0.2,-0.1
21.400000000000002,10.59,3.72,0.0,-0.1
21.5,10.59,3.72,0.0,0.0
21.6,10.59,3.72,0.0,0.0
21.700000000000003,10.59,3.72,0.0,0.0
