0.1,8.92,3.69,0.0,0.0
0.2,8.92,3.69,0.0,0.0
0.30000000000000004,8.92,3.69,0.0,0.0
0.4,8.92,3.7,0.0,0.1
0.5,8.89,3.73,-0.3,0.3
0.6000000000000001,8.86,3.77,-0.3,0.4
0.7000000000000001,8.83,3.8,-0.3,0.3
0.8,8.72,3.89,-1.1,0.9
0.9,8.6,3.97,-1.2,0.8
1.0,8.52,4.01,-0.8,0.4
1.1,8.45,4.06,-0.7,0.5
1.2000000000000002,8.35,4.14,-1.0,0.8
1.3,8.25,4.22,-1.0,0.8
1.4000000000000001,8.15,4.29,-1.0,0.7
1.5,8.08,4.33,-0.7,0.4
1.6,8.01,4.38,-0.7,0.5
1.7000000000000002,7.95,4.43,-0.6,0.5
1.8,7.86,4.5,-0.9,0.7
1.9000000000000001,7.78,4.58,-0.8,0.8
2.0,7.72,4.63,-0.6,0.5
2.1,7.65,4.69,-0.7,0.6
2.2,7.57,4.76,-0.8,0.7
2.3000000000000003,7.49,4.84,-0.8,0.8
2.4000000000000004,7.39,4.91,-1.0,0.7
2.5,7.33,4.96,-0.6,0.5
2.6,7.27,5.03,-0.6,0.7
2.7,7.17,5.13,-1.0,1.0
2.8000000000000003,7.09,5.23,-0.8,1.0
2.9000000000000004,7.01,5.31,-0.8,0.8
3.0,6.97,5.35,-0.4,0.4
3.1,6.91,5.44,-0.6,0.9
3.2,6.85,5.53,-0.6,0.9
3.3000000000000003,6.75,5.65,-1.0,1.2
3.4000000000000004,6.67,5.78,-0.8,1.3
3.5,6.6,5.88,-0.7,1.0
3.6,6.53,5.96,-0.7,0.8
3.7,6.48,6.04,-0.5,0.8
3.8000000000000003,6.43,6.1,-0.5,0.6
3.9000000000000004,6.4,6.15,-0.3,0.5
4.0,6.37,6.21,-0.3,0.6
4.1000000000000005,6.32,6.27,-0.5,0.6
4.2,6.3,6.3,-0.2,0.3
4.3,6.24,6.38,-0.6,0.8
4.4,6.17,6.47,-0.7,0.9
4.5,6.12,6.55,-0.5,0.8
4.6000000000000005,6.03,6.65,-0.9,1.0
4.7,5.96,6.74,-0.7,0.9
4.800000000000001,5.87,6.84,-0.9,1.0
4.9,5.81,6.91,-0.6,0.7
5.0,5.76,6.97,-0.5,0.6
5.1000000000000005,5.73,7.0,-0.3,0.3
5.2,5.72,7.01,-0.1,0.1
5.300000000000001,5.69,7.07,-0.3,0.6
5.4,5.63,7.13,-0.6,0.6
5.5,5.6,7.19,-0.3,0.6
5.6000000000000005,5.56,7.25,-0.4,0.6
5.7,5.51,7.32,-0.5,0.7
5.800000000000001,5.46,7.4,-0.5,0.8
5.9,5.43,7.46,-0.3,0.6
6.0,5.37,7.54,-0.6,0.8
6.1000000000000005,5.34,7.59,-0.3,0.5
6.2,5.31,7.65,-0.3,0.6
6.300000000000001,5.26,7.73,-0.5,0.8
6.4,5.23,7.8,-0.3,0.7
6.5,5.18,7.86,-0.5,0.6
6.6000000000000005,5.15,7.92,-0.3,0.6
6.7,5.12,7.97,-0.3,0.5
6.800000000000001,5.09,8.06,-0.3,0.9
6.9,5.04,8.15,-0.5,0.9
7.0,5.02,8.21,-0.2,0.6
7.1000000000000005,5.02,8.24,0.0,0.3
7.2,4.99,8.29,-0.3,0.5
7.300000000000001,4.97,8.34,-0.2,0.5
7.4,4.95,8.38,-0.2,0.4
7.5,4.94,8.44,-0.1,0.6
7.6000000000000005,4.93,8.48,-0.1,0.4
7.7,4.92,8.54,-0.1,0.6
7.800000000000001,4.92,8.59,0.0,0.5
7.9,4.91,8.66,-0.1,0.7
8.0,4.91,8.7,0.0,0.4
8.1,4.91,8.75,0.0,0.5
8.200000000000001,4.92,8.78,0.1,0.3
8.3,4.93,8.82,0.1,0.4
8.4,4.95,8.86,0.2,0.4
8.5,4.99,8.9,0.4,0.4
8.6,5.02,8.94,0.3,0.4
8.700000000000001,5.07,8.98,0.5,0.4
8.8,5.11,9.01,0.4,0.3
8.9,5.18,9.05,0.7,0.4
9.0,5.21,9.08,0.3,0.3
9.1,5.25,9.11,0.4,0.3
9.200000000000001,5.32,9.16,0.7,0.5
9.3,5.41,9.2,0.9,0.4
9.4,5.5,9.25,0.9,0.5
9.5,5.64,9.29,1.4,0.4
9.600000000000001,5.79,9.34,1.5,0.5
9.700000000000001,5.93,9.38,1.4,0.4
9.8,6.05,9.4,1.2,0.2
9.9,6.13,9.42,0.8,0.2
10.0,6.23,9.43,1.0,0.1
10.100000000000001,6.36,9.45,1.3,0.2
10.200000000000001,6.5,9.47,1.4,0.2
10.3,6.64,9.5,1.4,0.3
10.4,6.76,9.5,1.2,0.0
10.5,6.92,9.5,1.6,0.0
10.600000000000001,7.03,9.5,1.1,0.0
10.700000000000001,7.12,9.49,0.9,-0.1
10.8,7.29,9.49,1.7,0.0
10.9,7.46,9.47,1.7,-0.2
11.0,7.59,9.47,1.3,0.0
11.100000000000001,7.71,9.47,1.2,0.0
11.200000000000001,7.82,9.47,1.1,0.0
11.3,7.91,9.47,0.9,0.0
11.4,8.04,9.46,1.3,-0.1
11.5,8.19,9.45,1.5,-0.1
11.600000000000001,8.32,9.43,1.3,-0.2
11.700000000000001,8.48,9.42,1.6,-0.1
11.8,8.62,9.4,1.4,-0.2
11.9,8.75,9.4,1.3,0.0
12.0,8.92,9.4,1.7,0.0
12.100000000000001,9.07,9.38,1.5,-0.2
12.200000000000001,9.27,9.37,2.0,-0.1
12.3,9.42,9.35,1.5,-0.2
12.4,9.55,9.34,1.3,-0.1
12.5,9.77,9.34,2.2,0.0
12.600000000000001,9.95,9.33,1.8,-0.1
12.700000000000001,10.16,9.32,2.1,-0.1
12.8,10.33,9.29,1.7,-0.3
12.9,10.5,9.26,1.7,-0.3
13.0,10.72,9.23,2.2,-0.3
13.100000000000001,10.84,9.2,1.2,-0.3
13.200000000000001,10.89,9.19,0.5,-0.1
13.3,11.03,9.17,1.4,-0.2
13.4,11.1,9.15,0.7,-0.2
13.5,11.22,9.12,1.2,-0.3
13.600000000000001,11.3,9.09,0.8,-0.3
13.700000000000001,11.34,9.07,0.4,-0.2
13.8,11.4,9.05,0.6,-0.2
13.9,11.51,9.03,1.1,-0.2
14.0,11.69,9.0,1.8,-0.3
14.100000000000001,11.78,8.98,0.9,-0.2
14.200000000000001,11.89,8.94,1.1,-0.4
14.3,12.04,8.92,1.5,-0.2
14.4,12.13,8.91,0.9,-0.1
14.5,12.34,8.88,2.1,-0.3
14.600000000000001,12.64,8.85,3.0,-0.3
14.700000000000001,12.9,8.8,2.6,-0.5
14.8,13.08,8.74,1.8,-0.6
14.9,13.23,8.68,1.5,-0.6
15.0,13.4,8.64,1.7,-0.4
15.100000000000001,13.54,8.59,1.4,-0.5
15.200000000000001,13.63,8.51,0.9,-0.8
15.3,13.72,8.45,0.9,-0.6
15.4,13.78,8.42,0.6,-0.3
15.5,13.87,8.36,0.9,-0.6
15.600000000000001,13.94,8.31,0.7,-0.5
15.700000000000001,14.01,8.29,0.7,-0.2
15.8,14.13,8.26,1.2,-0.3
15.9,14.28,8.22,1.5,-0.4
16.0,14.38,8.18,1.0,-0.4
16.1,14.43,8.12,0.5,-0.6
16.2,14.53,8.06,1.0,-0.6
16.3,14.58,8.0,0.5,-0.6
16.400000000000002,14.65,7.96,0.7,-0.4
16.5,14.7,7.92,0.5,-0.4
16.6,14.75,7.87,0.5,-0.5
16.7,14.79,7.81,0.4,-0.6
16.8,14.81,7.78,0.2,-0.3
16.900000000000002,14.82,7.75,0.1,-0.3
17.0,14.84,7.72,0.2,-0.3
17.1,14.85,7.7,0.1,-0.2
17.2,14.87,7.67,0.2,-0.3
17.3,14.89,7.62,0.2,-0.5
17.400000000000002,14.9,7.6,0.1,-0.2
17.5,14.92,7.57,0.2,-0.3
17.6,14.94,7.52,0.2,-0.5
17.7,14.96,7.46,0.2,-0.6
17.8,14.99,7.37,0.3,-0.9
17.900000000000002,15.01,7.29,0.2,-0.8
18.0,15.02,7.22,0.1,-0.7
18.1,15.02,7.14,0.0,-0.8
18.2,15.01,7.04,-0.1,-1.0
18.3,14.99,6.93,-0.2,-1.1
18.400000000000002,14.97,6.85,-0.2,-0.8
18.5,14.93,6.76,-0.4,-0.9
18.6,14.9,6.69,-0.3,-0.7
18.7,14.85,6.62,-0.5,-0.7
18.8,14.81,6.56,-0.4,-0.6
18.900000000000002,14.74,6.49,-0.7,-0.7
19.0,14.68,6.43,-0.6,-0.6
19.1,14.61,6.36,-0.7,-0.7
19.200000000000003,14.51,6.27,-1.0,-0.9
19.3,14.44,6.21,-0.7,-0.6
19.400000000000002,14.35,6.13,-0.9,-0.8
19.5,14.25,6.03,-1.0,-1.0
19.6,14.17,5.95,-0.8,-0.8
19.700000000000003,14.1,5.87,-0.7,-0.8
19.8,14.04,5.8,-0.6,-0.7
19.900000000000002,13.96,5.71,-0.8,-0.9
20.0,13.87,5.62,-0.9,-0.9
20.1,13.8,5.55,-0.7,-0.7
20.200000000000003,13.73,5.5,-0.7,-0.5
20.3,13.64,5.44,-0.9,-0.6
20.400000000000002,13.52,5.36,-1.2,-0.8
20.5,13.41,5.3,-1.1,-0.6
20.6,13.28,5.22,-1.3,-0.8
20.700000000000003,13.16,5.15,-1.2,-0.7
20.8,13.05,5.09,-1.1,-0.6
20.900000000000002,12.89,5.03,-1.6,-0.6
21.0,12.78,4.98,-1.1,-0.5
21.1,12.71,4.94,-0.7,-0.4
21.200000000000003,12.59,4.89,-1.2,-0.5
21.3,12.45,4.83,-1.4,-0.6
21.400000000000002,12.31,4.79,-1.4,-0.4
21.5,12.16,4.73,-1.5,-0.6
21.6,12.08,4.7,-0.8,-0.3
21.700000000000003,11.99,4.64,-0.9,-0.6
21.8,11.86,4.55,-1.3,-0.9
21.900000000000002,11.75,4.48,-1.1,-0.7
22.0,11.63,4.41,-1.2,-0.7
22.1,11.56,4.36,-0.7,-0.5
22.200000000000003,11.47,4.3,-0.9,-0.6
22.3,11.38,4.23,-0.9,-0.7
22.400000000000002,11.33,4.21,-0.5,-0.2
22.5,11.31,4.18,-0.2,-0.3
22.6,11.24,4.13,-0.7,-0.5
22.700000000000003,11.15,4.07,-0.9,-0.6
22.8,11.12,4.04,-0.3,-0.3
22.900000000000002,11.08,4.0,-0.4,-0.4
23.0,11.01,3.93,-0.7,-0.7
23.1,10.93,3.85,-0.8,-0.8
23.200000000000003,10.84,3.78,-0.9,-0.7
23.3,10.79,3.74,-0.5,-0.4
23.400000000000002,10.75,3.72,-0.4,-0.2
23.5,10.75,3.71,0.0,-0.1
23.6,10.75,3.71,0.0,0.0
23.700000000000003,10.75,3.71,0.0,0.0
23.8,10.7,3.71,-0.5,0.0
23.900000000000002,10.61,3.69,-0.9,-0.2
24.0,10.58,3.69,-0.3,0.0
24.1,10.58,3.69,0.0,0.0
24.200000000000003,10.58,3.69,0.0,0.0
24.3,10.58,3.69,0.0,0.0
24.400000000000002,10.58,3.69,0.0,0.0
