602,964,605,963,1418,1185
602,964,605,963,1418,1185
602,964,605,963,1418,1185
602,964,605,963,1418,1185
602,964,605,963,1418,1185
602,964,605,963,1418,1185
602,965,605,963,1418,1185
604,969,605,963,1418,1185
604,972,605,963,1418,1185
606,978,605,963,1418,1185
608,983,605,963,1418,1185
611,989,605,963,1418,1185
616,999,605,963,1418,1185
620,1008,605,963,1418,1185
626,1018,605,963,1418,1185
630,1028,605,963,1418,1185
635,1037,605,963,1418,1185
640,1044,605,963,1418,1185
648,1053,605,963,1418,1185
656,1061,605,963,1418,1185
666,1068,605,963,1418,1185
676,1073,605,963,1418,1185
687,1079,605,963,1418,1185
696,1084,605,963,1418,1185
711,1089,605,963,1418,1185
724,1096,605,963,1418,1185
733,1100,605,963,1418,1185
745,1103,605,963,1418,1185
756,1108,605,963,1418,1185
771,1112,605,963,1418,1185
782,1116,605,963,1418,1185
797,1120,605,963,1418,1185
810,1122,605,963,1418,1185
829,1124,605,963,1418,1185
846,1127,605,963,1418,1185
859,1130,605,963,1418,1185
875,1132,605,963,1418,1185
895,1138,605,963,1418,1185
916,1141,605,963,1418,1185
927,1145,605,963,1418,1185
945,1149,605,963,1418,1185
962,1152,605,963,1418,1185
976,1156,605,963,1418,1185
991,1160,605,963,1418,1185
1003,1161,605,963,1418,1185
1020,1166,605,963,1418,1185
1032,1168,605,963,1418,1185
1051,1170,605,963,1418,1185
1066,1172,605,963,1418,1185
1083,1173,605,963,1418,1185
1102,1174,605,963,1418,1185
1115,1174,605,963,1418,1185
1133,1175,605,963,1418,1185
1147,1176,605,963,1418,1185
1166,1177,605,963,1418,1185
1189,1177,605,963,1418,1185
1207,1179,605,963,1418,1185
1219,1181,605,963,1418,1185
1229,1181,605,963,1418,1185
1242,1181,605,963,1418,1185
1251,1181,605,963,1418,1185
1263,1182,605,963,1418,1185
1273,1182,605,963,1418,1185
1282,1182,605,963,1418,1185
1293,1182,605,963,1418,1185
1301,1182,605,963,1418,1185
1308,1182,605,963,1418,1185
1317,1182,605,963,1418,1185
1322,1181,605,963,1418,1185
1327,1181,605,963,1418,1185
1335,1181,605,963,1418,1185
1341,1181,605,963,1418,1185
1347,1181,605,963,1418,1185
1358,1181,605,963,1418,1185
1369,1181,605,963,1418,1185
1373,1181,605,963,1418,1185
1381,1180,605,963,1418,1185
1387,1179,605,963,1418,1185
1390,1179,605,963,1418,1185
1393,1179,605,963,1418,1185
1398,1179,605,963,1418,1185
1400,1179,605,963,1418,1185
1404,1178,605,963,1418,1185
1410,1178,605,963,1418,1185
1413,1179,605,963,1418,1185
1417,1180,605,963,1418,1185
1419,1180,605,963,1418,1185
1419,1180,605,963,1418,1185
1419,1180,605,963,1418,1185
