340,1079,340,1085,1462,1134
340,1079,340,1085,1462,1134
340,1079,340,1085,1462,1134
340,1079,340,1085,1462,1134
340,1079,340,1085,1462,1134
340,1079,340,1085,1462,1134
340,1079,340,1085,1462,1134
340,1079,340,1085,1462,1134
341,1079,340,1085,1462,1134
359,1084,340,1085,1462,1134
373,1085,340,1085,1462,1134
386,1086,340,1085,1462,1134
390,1086,340,1085,1462,1134
395,1086,340,1085,1462,1134
404,1085,340,1085,1462,1134
412,1083,340,1085,1462,1134
420,1081,340,1085,1462,1134
431,1079,340,1085,1462,1134
442,1077,340,1085,1462,1134
451,1076,340,1085,1462,1134
460,1076,340,1085,1462,1134
472,1074,340,1085,1462,1134
479,1073,340,1085,1462,1134
487,1073,340,1085,1462,1134
497,1072,340,1085,1462,1134
503,1071,340,1085,1462,1134
510,1070,340,1085,1462,1134
518,1070,340,1085,1462,1134
526,1067,340,1085,1462,1134
533,1066,340,1085,1462,1134
541,1064,340,1085,1462,1134
550,1062,340,1085,1462,1134
557,1061,340,1085,1462,1134
564,1060,340,1085,1462,1134
572,1058,340,1085,1462,1134
581,1056,340,1085,1462,1134
588,1056,340,1085,1462,1134
595,1056,340,1085,1462,1134
602,1056,340,1085,1462,1134
611,1056,340,1085,1462,1134
620,1056,340,1085,1462,1134
628,1058,340,1085,1462,1134
638,1059,340,1085,1462,1134
646,1061,340,1085,1462,1134
657,1062,340,1085,1462,1134
667,1066,340,1085,1462,1134
679,1071,340,1085,1462,1134
691,1074,340,1085,1462,1134
709,1080,340,1085,1462,1134
722,1084,340,1085,1462,1134
736,1089,340,1085,1462,1134
750,1092,340,1085,1462,1134
761,1095,340,1085,1462,1134
772,1100,340,1085,1462,1134
785,1104,340,1085,1462,1134
796,1107,340,1085,1462,1134
809,1111,340,1085,1462,1134
821,1114,340,1085,1462,1134
833,1117,340,1085,1462,1134
850,1120,340,1085,1462,1134
859,1123,340,1085,1462,1134
872,1126,340,1085,1462,1134
885,1129,340,1085,1462,1134
893,1131,340,1085,1462,1134
903,1133,340,1085,1462,1134
915,1136,340,1085,1462,1134
925,1138,340,1085,1462,1134
935,1139,340,1085,1462,1134
946,1142,340,1085,1462,1134
952,1142,340,1085,1462,1134
962,1144,340,1085,1462,1134
971,1145,340,1085,1462,1134
981,1146,340,1085,1462,1134
988,1146,340,1085,1462,1134
999,1148,340,1085,1462,1134
1013,1148,340,1085,1462,1134
1023,1149,340,1085,1462,1134
1034,1150,340,1085,1462,1134
1046,1150,340,1085,1462,1134
1057,1150,340,1085,1462,1134
1065,1150,340,1085,1462,1134
1075,1150,340,1085,1462,1134
1087,1152,340,1085,1462,1134
1099,1153,340,1085,1462,1134
1107,1153,340,1085,1462,1134
1123,1153,340,1085,1462,1134
1133,1153,340,1085,1462,1134
1145,1153,340,1085,1462,1134
1161,1152,340,1085,1462,1134
1173,1152,340,1085,1462,1134
1183,1151,340,1085,1462,1134
1191,1150,340,1085,1462,1134
1202,1149,340,1085,1462,1134
1208,1148,340,1085,1462,1134
1211,1147,340,1085,1462,1134
1219,1146,340,1085,1462,1134
1233,1146,340,1085,1462,1134
1241,1146,340,1085,1462,1134
1249,1144,340,1085,1462,1134
1257,1144,340,1085,1462,1134
1267,1142,340,1085,1462,1134
1274,1141,340,1085,1462,1134
1277,1141,340,1085,1462,1134
1282,1139,340,1085,1462,1134
1290,1138,340,1085,1462,1134
1296,1137,340,1085,1462,1134
1306,1136,340,1085,1462,1134
1321,1135,340,1085,1462,1134
1332,1134,340,1085,1462,1134
1342,1134,340,1085,1462,1134
1350,1134,340,1085,1462,1134
1359,1134,340,1085,1462,1134
1365,1133,340,1085,1462,1134
1373,1133,340,1085,1462,1134
1388,1133,340,1085,1462,1134
1403,1133,340,1085,1462,1134
1411,1133,340,1085,1462,1134
1417,1133,340,1085,1462,1134
1422,1133,340,1085,1462,1134
1422,1133,340,1085,1462,1134
1426,1133,340,1085,1462,1134
1438,1135,340,1085,1462,1134
1444,1136,340,1085,1462,1134
1444,1136,340,1085,1462,1134
1444,1136,340,1085,1462,1134
1444,1136,340,1085,1462,1134
1444,1136,340,1085,1462,1134
1445,1136,340,1085,1462,1134
1450,1135,340,1085,1462,1134
1458,1134,340,1085,1462,1134
1463,1134,340,1085,1462,1134
1464,1134,340,1085,1462,1134
1464,1134,340,1085,1462,1134
1464,1134,340,1085,1462,1134
1464,1134,340,1085,1462,1134
1464,1134,340,1085,1462,1134
1464,1133,340,1085,1462,1134
