448,946,451,943,1318,893
448,946,451,943,1318,893
448,946,451,943,1318,893
448,946,451,943,1318,893
448,946,451,943,1318,893
448,946,451,943,1318,893
449,946,451,943,1318,893
466,943,451,943,1318,893
494,942,451,943,1318,893
509,942,451,943,1318,893
521,942,451,943,1318,893
531,942,451,943,1318,893
541,943,451,943,1318,893
551,943,451,943,1318,893
556,943,451,943,1318,893
567,943,451,943,1318,893
575,943,451,943,1318,893
585,942,451,943,1318,893
598,943,451,943,1318,893
609,942,451,943,1318,893
623,942,451,943,1318,893
634,942,451,943,1318,893
642,942,451,943,1318,893
650,941,451,943,1318,893
656,940,451,943,1318,893
667,940,451,943,1318,893
675,938,451,943,1318,893
686,936,451,943,1318,893
698,933,451,943,1318,893
708,930,451,943,1318,893
723,926,451,943,1318,893
741,921,451,943,1318,893
753,920,451,943,1318,893
765,918,451,943,1318,893
778,916,451,943,1318,893
784,915,451,943,1318,893
791,915,451,943,1318,893
802,915,451,943,1318,893
813,915,451,943,1318,893
821,915,451,943,1318,893
833,915,451,943,1318,893
847,915,451,943,1318,893
860,916,451,943,1318,893
881,916,451,943,1318,893
906,916,451,943,1318,893
924,917,451,943,1318,893
943,917,451,943,1318,893
952,917,451,943,1318,893
962,918,451,943,1318,893
969,919,451,943,1318,893
980,919,451,943,1318,893
995,920,451,943,1318,893
1012,922,451,943,1318,893
1038,925,451,943,1318,893
1058,925,451,943,1318,893
1067,923,451,943,1318,893
1079,923,451,943,1318,893
1086,923,451,943,1318,893
1096,922,451,943,1318,893
1104,921,451,943,1318,893
1113,921,451,943,1318,893
1121,920,451,943,1318,893
1127,919,451,943,1318,893
1134,917,451,943,1318,893
1143,916,451,943,1318,893
1151,915,451,943,1318,893
1157,914,451,943,1318,893
1166,913,451,943,1318,893
1179,912,451,943,1318,893
1190,910,451,943,1318,893
1198,908,451,943,1318,893
1207,906,451,943,1318,893
1220,905,451,943,1318,893
1226,904,451,943,1318,893
1232,902,451,943,1318,893
1236,901,451,943,1318,893
1242,900,451,943,1318,893
1247,900,451,943,1318,893
1250,900,451,943,1318,893
1258,899,451,943,1318,893
1270,899,451,943,1318,893
1276,899,451,943,1318,893
1277,899,451,943,1318,893
1277,899,451,943,1318,893
1281,899,451,943,1318,893
1285,900,451,943,1318,893
1286,900,451,943,1318,893
1287,899,451,943,1318,893
1289,899,451,943,1318,893
1291,898,451,943,1318,893
1296,897,451,943,1318,893
1299,896,451,943,1318,893
1303,895,451,943,1318,893
1308,895,451,943,1318,893
1311,894,451,943,1318,893
1312,894,451,943,1318,893
1312,894,451,943,1318,893
1312,894,451,943,1318,893
1312,894,451,943,1318,893
1312,894,451,943,1318,893
1312,894,451,943,1318,893
1312,894,451,943,1318,893
1312,894,451,943,1318,893
