590,1089,586,1092,1620,1173
590,1089,586,1092,1620,1173
590,1089,586,1092,1620,1173
590,1089,586,1092,1620,1173
590,1089,586,1092,1620,1173
590,1089,586,1092,1620,1173
590,1089,586,1092,1620,1173
590,1088,586,1092,1620,1173
609,1092,586,1092,1620,1173
646,1097,586,1092,1620,1173
676,1100,586,1092,1620,1173
708,1101,586,1092,1620,1173
724,1100,586,1092,1620,1173
735,1098,586,1092,1620,1173
753,1091,586,1092,1620,1173
764,1086,586,1092,1620,1173
775,1079,586,1092,1620,1173
784,1074,586,1092,1620,1173
799,1067,586,1092,1620,1173
810,1060,586,1092,1620,1173
820,1055,586,1092,1620,1173
832,1050,586,1092,1620,1173
843,1045,586,1092,1620,1173
852,1043,586,1092,1620,1173
863,1039,586,1092,1620,1173
871,1037,586,1092,1620,1173
882,1036,586,1092,1620,1173
891,1034,586,1092,1620,1173
901,1032,586,1092,1620,1173
913,1032,586,1092,1620,1173
923,1031,586,1092,1620,1173
939,1031,586,1092,1620,1173
952,1030,586,1092,1620,1173
962,1030,586,1092,1620,1173
970,1031,586,1092,1620,1173
986,1032,586,1092,1620,1173
1000,1033,586,1092,1620,1173
1011,1034,586,1092,1620,1173
1024,1035,586,1092,1620,1173
1040,1038,586,1092,1620,1173
1052,1041,586,1092,1620,1173
1067,1045,586,1092,1620,1173
1078,1047,586,1092,1620,1173
1096,1053,586,1092,1620,1173
1111,1060,586,1092,1620,1173
1131,1066,586,1092,1620,1173
1149,1073,586,1092,1620,1173
1163,1079,586,1092,1620,1173
1179,1085,586,1092,1620,1173
1192,1089,586,1092,1620,1173
1208,1095,586,1092,1620,1173
1222,1099,586,1092,1620,1173
1242,1104,586,1092,1620,1173
1266,1110,586,1092,1620,1173
1284,1113,586,1092,1620,1173
1304,1117,586,1092,1620,1173
1315,1119,586,1092,1620,1173
1329,1121,586,1092,1620,1173
1339,1125,586,1092,1620,1173
1346,1126,586,1092,1620,1173
1355,1129,586,1092,1620,1173
1367,1133,586,1092,1620,1173
1375,1136,586,1092,1620,1173
1384,1138,586,1092,1620,1173
1390,1140,586,1092,1620,1173
1399,1143,586,1092,1620,1173
1414,1147,586,1092,1620,1173
1426,1150,586,1092,1620,1173
1441,1152,586,1092,1620,1173
1453,1154,586,1092,1620,1173
1459,1154,586,1092,1620,1173
1464,1154,586,1092,1620,1173
1469,1154,586,1092,1620,1173
1475,1155,586,1092,1620,1173
1480,1156,586,1092,1620,1173
1492,1159,586,1092,1620,1173
1505,1162,586,1092,1620,1173
1514,1163,586,1092,1620,1173
1526,1164,586,1092,1620,1173
1535,1166,586,1092,1620,1173
1543,1167,586,1092,1620,1173
1546,1167,586,1092,1620,1173
1553,1167,586,1092,1620,1173
1562,1169,586,1092,1620,1173
1571,1170,586,1092,1620,1173
1571,1170,586,1092,1620,1173
1571,1170,586,1092,1620,1173
1571,1170,586,1092,1620,1173
1573,1170,586,1092,1620,1173
1581,1171,586,1092,1620,1173
1587,1172,586,1092,1620,1173
1590,1172,586,1092,1620,1173
1590,1172,586,1092,1620,1173
1590,1172,586,1092,1620,1173
1596,1173,586,1092,1620,1173
1601,1174,586,1092,1620,1173
1607,1175,586,1092,1620,1173
1610,1176,586,1092,1620,1173
1613,1176,586,1092,1620,1173
1615,1176,586,1092,1620,1173
1616,1176,586,1092,1620,1173
1616,1176,586,1092,1620,1173
1616,1176,586,1092,1620,1173
1616,1176,586,1092,1620,1173
1616,1176,586,1092,1620,1173
