364,1188,368,1188,1681,1002
364,1188,368,1188,1681,1002
364,1188,368,1188,1681,1002
364,1188,368,1188,1681,1002
364,1188,368,1188,1681,1002
364,1188,368,1188,1681,1002
366,1189,368,1188,1681,1002
376,1189,368,1188,1681,1002
389,1189,368,1188,1681,1002
398,1189,368,1188,1681,1002
408,1188,368,1188,1681,1002
418,1186,368,1188,1681,1002
428,1183,368,1188,1681,1002
439,1181,368,1188,1681,1002
458,1177,368,1188,1681,1002
479,1171,368,1188,1681,1002
494,1166,368,1188,1681,1002
513,1158,368,1188,1681,1002
527,1151,368,1188,1681,1002
536,1147,368,1188,1681,1002
545,1141,368,1188,1681,1002
551,1137,368,1188,1681,1002
561,1132,368,1188,1681,1002
573,1126,368,1188,1681,1002
583,1122,368,1188,1681,1002
596,1118,368,1188,1681,1002
607,1115,368,1188,1681,1002
621,1110,368,1188,1681,1002
634,1106,368,1188,1681,1002
651,1102,368,1188,1681,1002
667,1098,368,1188,1681,1002
679,1094,368,1188,1681,1002
696,1091,368,1188,1681,1002
710,1088,368,1188,1681,1002
725,1087,368,1188,1681,1002
739,1086,368,1188,1681,1002
751,1087,368,1188,1681,1002
766,1088,368,1188,1681,1002
782,1090,368,1188,1681,1002
795,1092,368,1188,1681,1002
814,1096,368,1188,1681,1002
835,1102,368,1188,1681,1002
851,1105,368,1188,1681,1002
873,1111,368,1188,1681,1002
890,1115,368,1188,1681,1002
909,1119,368,1188,1681,1002
923,1120,368,1188,1681,1002
935,1121,368,1188,1681,1002
948,1121,368,1188,1681,1002
954,1121,368,1188,1681,1002
961,1122,368,1188,1681,1002
969,1122,368,1188,1681,1002
981,1122,368,1188,1681,1002
989,1122,368,1188,1681,1002
1003,1122,368,1188,1681,1002
1018,1121,368,1188,1681,1002
1029,1121,368,1188,1681,1002
1047,1120,368,1188,1681,1002
1065,1120,368,1188,1681,1002
1074,1120,368,1188,1681,1002
1087,1119,368,1188,1681,1002
1096,1118,368,1188,1681,1002
1110,1115,368,1188,1681,1002
1122,1112,368,1188,1681,1002
1138,1110,368,1188,1681,1002
1151,1106,368,1188,1681,1002
1166,1104,368,1188,1681,1002
1183,1100,368,1188,1681,1002
1191,1097,368,1188,1681,1002
1202,1091,368,1188,1681,1002
1211,1085,368,1188,1681,1002
1216,1082,368,1188,1681,1002
1222,1078,368,1188,1681,1002
1232,1074,368,1188,1681,1002
1243,1070,368,1188,1681,1002
1252,1067,368,1188,1681,1002
1267,1062,368,1188,1681,1002
1282,1059,368,1188,1681,1002
1292,1056,368,1188,1681,1002
1307,1053,368,1188,1681,1002
1318,1050,368,1188,1681,1002
1333,1048,368,1188,1681,1002
1344,1043,368,1188,1681,1002
1359,1039,368,1188,1681,1002
1372,1037,368,1188,1681,1002
1385,1036,368,1188,1681,1002
1396,1033,368,1188,1681,1002
1404,1031,368,1188,1681,1002
1414,1028,368,1188,1681,1002
1424,1026,368,1188,1681,1002
1436,1022,368,1188,1681,1002
1444,1021,368,1188,1681,1002
1455,1019,368,1188,1681,1002
1465,1018,368,1188,1681,1002
1473,1017,368,1188,1681,1002
1484,1017,368,1188,1681,1002
1493,1018,368,1188,1681,1002
1502,1018,368,1188,1681,1002
1511,1018,368,1188,1681,1002
1519,1018,368,1188,1681,1002
1534,1020,368,1188,1681,1002
1544,1021,368,1188,1681,1002
1556,1021,368,1188,1681,1002
1564,1021,368,1188,1681,1002
1569,1021,368,1188,1681,1002
1574,1020,368,1188,1681,1002
1584,1020,368,1188,1681,1002
1592,1020,368,1188,1681,1002
1598,1020,368,1188,1681,1002
1607,1020,368,1188,1681,1002
1612,1020,368,1188,1681,1002
1621,1019,368,1188,1681,1002
1629,1018,368,1188,1681,1002
1636,1017,368,1188,1681,1002
1643,1015,368,1188,1681,1002
1646,1014,368,1188,1681,1002
1649,1011,368,1188,1681,1002
1653,1009,368,1188,1681,1002
1655,1007,368,1188,1681,1002
1658,1005,368,1188,1681,1002
1660,1004,368,1188,1681,1002
1661,1003,368,1188,1681,1002
1663,1002,368,1188,1681,1002
1665,1001,368,1188,1681,1002
1667,1000,368,1188,1681,1002
1669,998,368,1188,1681,1002
1670,998,368,1188,1681,1002
1671,997,368,1188,1681,1002
1676,998,368,1188,1681,1002
1679,999,368,1188,1681,1002
1680,999,368,1188,1681,1002
1681,1000,368,1188,1681,1002
1682,1002,368,1188,1681,1002
1683,1005,368,1188,1681,1002
1685,1010,368,1188,1681,1002
1685,1010,368,1188,1681,1002
1685,1010,368,1188,1681,1002
