375,876,375,878,1612,891
375,876,375,878,1612,891
375,876,375,878,1612,891
375,876,375,878,1612,891
375,876,375,878,1612,891
375,876,375,878,1612,891
375,876,375,878,1612,891
375,876,375,878,1612,891
375,876,375,878,1612,891
377,876,375,878,1612,891
379,876,375,878,1612,891
381,876,375,878,1612,891
387,873,375,878,1612,891
394,871,375,878,1612,891
404,867,375,878,1612,891
414,865,375,878,1612,891
422,863,375,878,1612,891
435,861,375,878,1612,891
445,859,375,878,1612,891
455,858,375,878,1612,891
466,857,375,878,1612,891
476,855,375,878,1612,891
488,854,375,878,1612,891
498,854,375,878,1612,891
511,854,375,878,1612,891
524,855,375,878,1612,891
534,857,375,878,1612,891
548,859,375,878,1612,891
559,861,375,878,1612,891
571,864,375,878,1612,891
580,866,375,878,1612,891
592,869,375,878,1612,891
602,872,375,878,1612,891
609,875,375,878,1612,891
622,879,375,878,1612,891
633,884,375,878,1612,891
647,889,375,878,1612,891
663,894,375,878,1612,891
680,895,375,878,1612,891
701,899,375,878,1612,891
713,900,375,878,1612,891
729,901,375,878,1612,891
741,901,375,878,1612,891
760,902,375,878,1612,891
770,903,375,878,1612,891
786,904,375,878,1612,891
798,905,375,878,1612,891
813,906,375,878,1612,891
823,908,375,878,1612,891
837,908,375,878,1612,891
853,909,375,878,1612,891
866,909,375,878,1612,891
880,909,375,878,1612,891
889,909,375,878,1612,891
907,908,375,878,1612,891
923,908,375,878,1612,891
948,908,375,878,1612,891
974,907,375,878,1612,891
992,907,375,878,1612,891
1013,904,375,878,1612,891
1031,901,375,878,1612,891
1051,898,375,878,1612,891
1067,896,375,878,1612,891
1079,894,375,878,1612,891
1092,889,375,878,1612,891
1103,887,375,878,1612,891
1120,884,375,878,1612,891
1132,882,375,878,1612,891
1149,880,375,878,1612,891
1166,878,375,878,1612,891
1178,878,375,878,1612,891
1192,877,375,878,1612,891
1203,877,375,878,1612,891
1217,877,375,878,1612,891
1231,877,375,878,1612,891
1243,877,375,878,1612,891
1262,877,375,878,1612,891
1278,879,375,878,1612,891
1298,880,375,878,1612,891
1311,881,375,878,1612,891
1329,883,375,878,1612,891
1342,886,375,878,1612,891
1349,887,375,878,1612,891
1359,889,375,878,1612,891
1369,891,375,878,1612,891
1390,894,375,878,1612,891
1407,897,375,878,1612,891
1431,902,375,878,1612,891
1446,904,375,878,1612,891
1456,904,375,878,1612,891
1464,904,375,878,1612,891
1472,905,375,878,1612,891
1482,906,375,878,1612,891
1489,906,375,878,1612,891
1491,906,375,878,1612,891
1495,906,375,878,1612,891
1500,906,375,878,1612,891
1511,906,375,878,1612,891
1527,906,375,878,1612,891
1537,906,375,878,1612,891
1546,906,375,878,1612,891
1551,904,375,878,1612,891
1556,903,375,878,1612,891
1563,902,375,878,1612,891
1567,902,375,878,1612,891
1575,901,375,878,1612,891
1580,900,375,878,1612,891
1585,899,375,878,1612,891
1589,898,375,878,1612,891
1592,898,375,878,1612,891
1595,897,375,878,1612,891
1599,897,375,878,1612,891
1604,897,375,878,1612,891
1605,897,375,878,1612,891
1605,897,375,878,1612,891
1605,897,375,878,1612,891
1605,897,375,878,1612,891
1605,897,375,878,1612,891
1605,897,375,878,1612,891
1605,897,375,878,1612,891
1605,897,375,878,1612,891
1605,897,375,878,1612,891
1605,896,375,878,1612,891
1605,896,375,878,1612,891
1606,895,375,878,1612,891
1608,894,375,878,1612,891
1609,893,375,878,1612,891
1609,893,375,878,1612,891
1609,893,375,878,1612,891
1609,893,375,878,1612,891
1609,893,375,878,1612,891
1609,893,375,878,1612,891
