475,907,476,911,1596,1056
475,907,476,911,1596,1056
475,907,476,911,1596,1056
475,907,476,911,1596,1056
475,907,476,911,1596,1056
475,907,476,911,1596,1056
477,914,476,911,1596,1056
487,922,476,911,1596,1056
505,923,476,911,1596,1056
528,921,476,911,1596,1056
543,916,476,911,1596,1056
565,910,476,911,1596,1056
590,906,476,911,1596,1056
624,901,476,911,1596,1056
657,901,476,911,1596,1056
688,898,476,911,1596,1056
734,898,476,911,1596,1056
763,898,476,911,1596,1056
791,895,476,911,1596,1056
814,894,476,911,1596,1056
826,893,476,911,1596,1056
841,893,476,911,1596,1056
852,893,476,911,1596,1056
867,893,476,911,1596,1056
880,893,476,911,1596,1056
888,893,476,911,1596,1056
898,893,476,911,1596,1056
909,895,476,911,1596,1056
920,896,476,911,1596,1056
933,898,476,911,1596,1056
944,902,476,911,1596,1056
951,905,476,911,1596,1056
960,909,476,911,1596,1056
975,915,476,911,1596,1056
991,922,476,911,1596,1056
1004,928,476,911,1596,1056
1021,936,476,911,1596,1056
1038,944,476,911,1596,1056
1053,951,476,911,1596,1056
1075,961,476,911,1596,1056
1088,969,476,911,1596,1056
1104,977,476,911,1596,1056
1114,983,476,911,1596,1056
1128,989,476,911,1596,1056
1141,994,476,911,1596,1056
1151,998,476,911,1596,1056
1165,1004,476,911,1596,1056
1176,1007,476,911,1596,1056
1187,1010,476,911,1596,1056
1198,1013,476,911,1596,1056
1206,1015,476,911,1596,1056
1216,1018,476,911,1596,1056
1225,1019,476,911,1596,1056
1238,1021,476,911,1596,1056
1250,1022,476,911,1596,1056
1258,1023,476,911,1596,1056
1268,1026,476,911,1596,1056
1277,1027,476,911,1596,1056
1291,1027,476,911,1596,1056
1305,1029,476,911,1596,1056
1314,1029,476,911,1596,1056
1325,1029,476,911,1596,1056
1335,1029,476,911,1596,1056
1347,1029,476,911,1596,1056
1354,1029,476,911,1596,1056
1361,1029,476,911,1596,1056
1367,1030,476,911,1596,1056
1375,1031,476,911,1596,1056
1390,1032,476,911,1596,1056
1400,1034,476,911,1596,1056
1406,1034,476,911,1596,1056
1411,1035,476,911,1596,1056
1419,1036,476,911,1596,1056
1430,1038,476,911,1596,1056
1436,1038,476,911,1596,1056
1441,1039,476,911,1596,1056
1450,1040,476,911,1596,1056
1458,1041,476,911,1596,1056
1468,1043,476,911,1596,1056
1473,1044,476,911,1596,1056
1480,1044,476,911,1596,1056
1488,1044,476,911,1596,1056
1494,1045,476,911,1596,1056
1498,1046,476,911,1596,1056
1505,1046,476,911,1596,1056
1517,1048,476,911,1596,1056
1527,1049,476,911,1596,1056
1537,1051,476,911,1596,1056
1541,1052,476,911,1596,1056
1545,1052,476,911,1596,1056
1547,1052,476,911,1596,1056
1548,1053,476,911,1596,1056
1550,1053,476,911,1596,1056
1554,1053,476,911,1596,1056
1560,1055,476,911,1596,1056
1564,1055,476,911,1596,1056
1567,1056,476,911,1596,1056
1571,1056,476,911,1596,1056
1576,1056,476,911,1596,1056
1580,1056,476,911,1596,1056
1581,1056,476,911,1596,1056
1584,1056,476,911,1596,1056
1588,1057,476,911,1596,1056
1590,1057,476,911,1596,1056
1591,1057,476,911,1596,1056
1591,1056,476,911,1596,1056
1592,1056,476,911,1596,1056
1594,1056,476,911,1596,1056
1594,1057,476,911,1596,1056
