423,1172,425,1170,1550,934
423,1172,425,1170,1550,934
423,1172,425,1170,1550,934
423,1172,425,1170,1550,934
423,1172,425,1170,1550,934
423,1172,425,1170,1550,934
423,1172,425,1170,1550,934
423,1172,425,1170,1550,934
432,1171,425,1170,1550,934
447,1166,425,1170,1550,934
460,1160,425,1170,1550,934
474,1154,425,1170,1550,934
487,1146,425,1170,1550,934
499,1141,425,1170,1550,934
515,1131,425,1170,1550,934
533,1121,425,1170,1550,934
544,1116,425,1170,1550,934
558,1109,425,1170,1550,934
573,1101,425,1170,1550,934
582,1095,425,1170,1550,934
591,1090,425,1170,1550,934
601,1084,425,1170,1550,934
609,1080,425,1170,1550,934
621,1076,425,1170,1550,934
634,1073,425,1170,1550,934
648,1069,425,1170,1550,934
663,1068,425,1170,1550,934
685,1066,425,1170,1550,934
704,1066,425,1170,1550,934
717,1067,425,1170,1550,934
733,1067,425,1170,1550,934
753,1067,425,1170,1550,934
768,1069,425,1170,1550,934
786,1071,425,1170,1550,934
802,1073,425,1170,1550,934
825,1074,425,1170,1550,934
838,1074,425,1170,1550,934
858,1075,425,1170,1550,934
876,1075,425,1170,1550,934
907,1077,425,1170,1550,934
937,1077,425,1170,1550,934
967,1075,425,1170,1550,934
992,1074,425,1170,1550,934
1028,1074,425,1170,1550,934
1057,1072,425,1170,1550,934
1080,1072,425,1170,1550,934
1100,1072,425,1170,1550,934
1119,1071,425,1170,1550,934
1128,1070,425,1170,1550,934
1140,1068,425,1170,1550,934
1156,1066,425,1170,1550,934
1170,1064,425,1170,1550,934
1180,1061,425,1170,1550,934
1196,1058,425,1170,1550,934
1214,1054,425,1170,1550,934
1225,1052,425,1170,1550,934
1242,1050,425,1170,1550,934
1256,1049,425,1170,1550,934
1278,1046,425,1170,1550,934
1300,1042,425,1170,1550,934
1313,1040,425,1170,1550,934
1329,1035,425,1170,1550,934
1342,1031,425,1170,1550,934
1347,1027,425,1170,1550,934
1350,1025,425,1170,1550,934
1356,1022,425,1170,1550,934
1365,1018,425,1170,1550,934
1371,1015,425,1170,1550,934
1382,1011,425,1170,1550,934
1395,1005,425,1170,1550,934
1406,1001,425,1170,1550,934
1415,996,425,1170,1550,934
1423,992,425,1170,1550,934
1432,987,425,1170,1550,934
1443,983,425,1170,1550,934
1456,978,425,1170,1550,934
1461,974,425,1170,1550,934
1468,970,425,1170,1550,934
1476,965,425,1170,1550,934
1481,960,425,1170,1550,934
1484,956,425,1170,1550,934
1491,952,425,1170,1550,934
1497,947,425,1170,1550,934
1502,943,425,1170,1550,934
1507,939,425,1170,1550,934
1510,937,425,1170,1550,934
1513,935,425,1170,1550,934
1518,932,425,1170,1550,934
1523,929,425,1170,1550,934
1528,927,425,1170,1550,934
1530,927,425,1170,1550,934
1533,927,425,1170,1550,934
1538,927,425,1170,1550,934
1542,926,425,1170,1550,934
1548,927,425,1170,1550,934
1550,928,425,1170,1550,934
1552,928,425,1170,1550,934
1555,930,425,1170,1550,934
1556,932,425,1170,1550,934
1556,932,425,1170,1550,934
1556,932,425,1170,1550,934
