409,1104,408,1103,1581,1063
409,1104,408,1103,1581,1063
409,1104,408,1103,1581,1063
409,1104,408,1103,1581,1063
409,1104,408,1103,1581,1063
409,1104,408,1103,1581,1063
412,1104,408,1103,1581,1063
432,1104,408,1103,1581,1063
455,1106,408,1103,1581,1063
466,1108,408,1103,1581,1063
474,1109,408,1103,1581,1063
481,1110,408,1103,1581,1063
488,1109,408,1103,1581,1063
500,1110,408,1103,1581,1063
515,1110,408,1103,1581,1063
526,1110,408,1103,1581,1063
539,1110,408,1103,1581,1063
548,1110,408,1103,1581,1063
558,1110,408,1103,1581,1063
565,1111,408,1103,1581,1063
573,1112,408,1103,1581,1063
585,1112,408,1103,1581,1063
596,1112,408,1103,1581,1063
613,1113,408,1103,1581,1063
628,1113,408,1103,1581,1063
640,1114,408,1103,1581,1063
652,1114,408,1103,1581,1063
665,1114,408,1103,1581,1063
674,1114,408,1103,1581,1063
687,1114,408,1103,1581,1063
702,1114,408,1103,1581,1063
713,1114,408,1103,1581,1063
725,1113,408,1103,1581,1063
742,1112,408,1103,1581,1063
757,1111,408,1103,1581,1063
774,1109,408,1103,1581,1063
787,1107,408,1103,1581,1063
798,1104,408,1103,1581,1063
813,1103,408,1103,1581,1063
827,1101,408,1103,1581,1063
835,1101,408,1103,1581,1063
848,1100,408,1103,1581,1063
864,1099,408,1103,1581,1063
874,1098,408,1103,1581,1063
889,1097,408,1103,1581,1063
906,1096,408,1103,1581,1063
918,1095,408,1103,1581,1063
936,1094,408,1103,1581,1063
950,1092,408,1103,1581,1063
973,1090,408,1103,1581,1063
990,1086,408,1103,1581,1063
1002,1084,408,1103,1581,1063
1012,1082,408,1103,1581,1063
1029,1077,408,1103,1581,1063
1046,1072,408,1103,1581,1063
1059,1068,408,1103,1581,1063
1082,1065,408,1103,1581,1063
1100,1061,408,1103,1581,1063
1118,1060,408,1103,1581,1063
1128,1059,408,1103,1581,1063
1137,1058,408,1103,1581,1063
1144,1057,408,1103,1581,1063
1155,1057,408,1103,1581,1063
1167,1057,408,1103,1581,1063
1177,1056,408,1103,1581,1063
1190,1055,408,1103,1581,1063
1199,1055,408,1103,1581,1063
1206,1055,408,1103,1581,1063
1222,1055,408,1103,1581,1063
1242,1056,408,1103,1581,1063
1258,1056,408,1103,1581,1063
1283,1056,408,1103,1581,1063
1306,1056,408,1103,1581,1063
1319,1056,408,1103,1581,1063
1333,1056,408,1103,1581,1063
1350,1056,408,1103,1581,1063
1360,1056,408,1103,1581,1063
1372,1056,408,1103,1581,1063
1384,1056,408,1103,1581,1063
1395,1056,408,1103,1581,1063
1408,1056,408,1103,1581,1063
1419,1056,408,1103,1581,1063
1431,1058,408,1103,1581,1063
1449,1058,408,1103,1581,1063
1460,1059,408,1103,1581,1063
1461,1059,408,1103,1581,1063
1465,1059,408,1103,1581,1063
1472,1059,408,1103,1581,1063
1479,1060,408,1103,1581,1063
1487,1060,408,1103,1581,1063
1495,1060,408,1103,1581,1063
1501,1060,408,1103,1581,1063
1509,1060,408,1103,1581,1063
1515,1060,408,1103,1581,1063
1522,1061,408,1103,1581,1063
1534,1062,408,1103,1581,1063
1536,1063,408,1103,1581,1063
1536,1063,408,1103,1581,1063
1536,1063,408,1103,1581,1063
1538,1062,408,1103,1581,1063
1541,1061,408,1103,1581,1063
1542,1061,408,1103,1581,1063
1546,1061,408,1103,1581,1063
1549,1060,408,1103,1581,1063
1550,1060,408,1103,1581,1063
1554,1060,408,1103,1581,1063
1555,1060,408,1103,1581,1063
1556,1060,408,1103,1581,1063
1560,1060,408,1103,1581,1063
1561,1060,408,1103,1581,1063
1561,1060,408,1103,1581,1063
1561,1060,408,1103,1581,1063
1561,1060,408,1103,1581,1063
1561,1060,408,1103,1581,1063
1563,1061,408,1103,1581,1063
1567,1062,408,1103,1581,1063
1571,1063,408,1103,1581,1063
1573,1063,408,1103,1581,1063
1573,1063,408,1103,1581,1063
1573,1063,408,1103,1581,1063
1576,1063,408,1103,1581,1063
1577,1063,408,1103,1581,1063
1577,1063,408,1103,1581,1063
1577,1063,408,1103,1581,1063
