634,875,631,880,1461,1048
634,875,631,880,1461,1048
634,875,631,880,1461,1048
634,875,631,880,1461,1048
634,875,631,880,1461,1048
635,875,631,880,1461,1048
635,875,631,880,1461,1048
637,875,631,880,1461,1048
644,875,631,880,1461,1048
656,874,631,880,1461,1048
665,874,631,880,1461,1048
675,873,631,880,1461,1048
683,872,631,880,1461,1048
689,872,631,880,1461,1048
698,871,631,880,1461,1048
705,870,631,880,1461,1048
715,870,631,880,1461,1048
725,870,631,880,1461,1048
733,870,631,880,1461,1048
745,870,631,880,1461,1048
754,871,631,880,1461,1048
767,872,631,880,1461,1048
779,874,631,880,1461,1048
789,875,631,880,1461,1048
802,877,631,880,1461,1048
811,879,631,880,1461,1048
821,881,631,880,1461,1048
829,884,631,880,1461,1048
835,886,631,880,1461,1048
846,889,631,880,1461,1048
856,892,631,880,1461,1048
859,894,631,880,1461,1048
861,894,631,880,1461,1048
865,896,631,880,1461,1048
874,899,631,880,1461,1048
883,903,631,880,1461,1048
895,909,631,880,1461,1048
904,912,631,880,1461,1048
914,916,631,880,1461,1048
931,921,631,880,1461,1048
945,928,631,880,1461,1048
952,930,631,880,1461,1048
966,934,631,880,1461,1048
977,935,631,880,1461,1048
990,938,631,880,1461,1048
1001,941,631,880,1461,1048
1011,944,631,880,1461,1048
1020,945,631,880,1461,1048
1026,947,631,880,1461,1048
1029,948,631,880,1461,1048
1037,950,631,880,1461,1048
1049,952,631,880,1461,1048
1058,955,631,880,1461,1048
1069,959,631,880,1461,1048
1077,963,631,880,1461,1048
1088,968,631,880,1461,1048
1097,972,631,880,1461,1048
1108,978,631,880,1461,1048
1119,983,631,880,1461,1048
1127,986,631,880,1461,1048
1141,991,631,880,1461,1048
1154,996,631,880,1461,1048
1164,999,631,880,1461,1048
1174,1002,631,880,1461,1048
1180,1005,631,880,1461,1048
1190,1008,631,880,1461,1048
1198,1010,631,880,1461,1048
1203,1010,631,880,1461,1048
1210,1012,631,880,1461,1048
1216,1013,631,880,1461,1048
1221,1014,631,880,1461,1048
1231,1016,631,880,1461,1048
1241,1019,631,880,1461,1048
1256,1022,631,880,1461,1048
1270,1024,631,880,1461,1048
1279,1025,631,880,1461,1048
1293,1029,631,880,1461,1048
1309,1032,631,880,1461,1048
1316,1032,631,880,1461,1048
1323,1032,631,880,1461,1048
1330,1033,631,880,1461,1048
1339,1034,631,880,1461,1048
1346,1035,631,880,1461,1048
1351,1036,631,880,1461,1048
1358,1037,631,880,1461,1048
1364,1038,631,880,1461,1048
1369,1039,631,880,1461,1048
1373,1039,631,880,1461,1048
1377,1040,631,880,1461,1048
1383,1040,631,880,1461,1048
1391,1040,631,880,1461,1048
1395,1040,631,880,1461,1048
1404,1040,631,880,1461,1048
1410,1040,631,880,1461,1048
1416,1042,631,880,1461,1048
1421,1041,631,880,1461,1048
1427,1041,631,880,1461,1048
1436,1041,631,880,1461,1048
1443,1041,631,880,1461,1048
1446,1041,631,880,1461,1048
1446,1041,631,880,1461,1048
1446,1041,631,880,1461,1048
1446,1041,631,880,1461,1048
1449,1041,631,880,1461,1048
1454,1042,631,880,1461,1048
1455,1043,631,880,1461,1048
1455,1043,631,880,1461,1048
1455,1043,631,880,1461,1048
1455,1043,631,880,1461,1048
1455,1043,631,880,1461,1048
1455,1043,631,880,1461,1048
1455,1043,631,880,1461,1048
1455,1043,631,880,1461,1048
1456,1043,631,880,1461,1048
