0.1,882,371,0.0,0.0
0.2,882,371,0.0,0.0
0.30000000000000004,882,371,0.0,0.0
0.4,882,371,0.0,0.0
0.5,881,371,-10.0,0.0
0.6000000000000001,868,389,-130.0,180.0
0.7000000000000001,841,424,-270.0,350.0
0.8,822,447,-190.0,230.0
0.9,809,461,-130.0,140.0
1.0,800,470,-90.0,90.0
1.1,789,479,-110.0,90.0
1.2000000000000002,776,492,-130.0,130.0
1.3,760,507,-160.0,150.0
1.4000000000000001,736,530,-240.0,230.0
1.5,718,553,-180.0,230.0
1.6,707,569,-110.0,160.0
1.7000000000000002,690,593,-170.0,240.0
1.8,676,606,-140.0,130.0
1.9000000000000001,665,615,-110.0,90.0
2.0,655,622,-100.0,70.0
2.1,642,633,-130.0,110.0
2.2,632,640,-100.0,70.0
2.3000000000000003,620,648,-120.0,80.0
2.4000000000000004,610,655,-100.0,70.0
2.5,600,663,-100.0,80.0
2.6,585,677,-150.0,140.0
2.7,570,691,-150.0,140.0
2.8000000000000003,558,703,-120.0,120.0
2.9000000000000004,545,721,-130.0,180.0
3.0,534,734,-110.0,130.0
3.1,520,749,-140.0,150.0
3.2,509,759,-110.0,100.0
3.3000000000000003,499,769,-100.0,100.0
3.4000000000000004,486,789,-130.0,200.0
3.5,480,797,-60.0,80.0
3.6,475,804,-50.0,70.0
3.7,465,821,-100.0,170.0
3.8000000000000003,454,838,-110.0,170.0
3.9000000000000004,450,846,-40.0,80.0
4.0,442,860,-80.0,140.0
4.1000000000000005,439,869,-30.0,90.0
4.2,436,878,-30.0,90.0
4.3,435,887,-10.0,90.0
4.4,432,902,-30.0,150.0
4.5,429,914,-30.0,120.0
4.6000000000000005,426,926,-30.0,120.0
4.7,423,939,-30.0,130.0
4.800000000000001,420,951,-30.0,120.0
4.9,418,961,-20.0,100.0
5.0,417,966,-10.0,50.0
5.1000000000000005,415,972,-20.0,60.0
5.2,415,979,0.0,70.0
5.300000000000001,415,982,0.0,30.0
5.4,415,989,0.0,70.0
5.5,417,993,20.0,40.0
5.6000000000000005,419,997,20.0,40.0
5.7,425,1001,60.0,40.0
5.800000000000001,434,1007,90.0,60.0
5.9,446,1013,120.0,60.0
6.0,456,1015,100.0,20.0
6.1000000000000005,472,1019,160.0,40.0
6.2,490,1024,180.0,50.0
6.300000000000001,504,1027,140.0,30.0
6.4,522,1033,180.0,60.0
6.5,541,1040,190.0,70.0
6.6000000000000005,570,1047,290.0,70.0
6.7,587,1051,170.0,40.0
6.800000000000001,605,1056,180.0,50.0
6.9,617,1059,120.0,30.0
7.0,633,1067,160.0,80.0
7.1000000000000005,650,1074,170.0,70.0
7.2,667,1079,170.0,50.0
7.300000000000001,685,1083,180.0,40.0
7.4,697,1087,120.0,40.0
7.5,712,1091,150.0,40.0
7.6000000000000005,726,1096,140.0,50.0
7.7,745,1102,190.0,60.0
7.800000000000001,761,1106,160.0,40.0
7.9,788,1115,270.0,90.0
8.0,826,1126,380.0,110.0
8.1,854,1135,280.0,90.0
8.200000000000001,881,1142,270.0,70.0
8.3,910,1148,290.0,60.0
8.4,942,1152,320.0,40.0
8.5,966,1156,240.0,40.0
8.6,993,1159,270.0,30.0
8.700000000000001,1008,1161,150.0,20.0
8.8,1031,1161,230.0,0.0
8.9,1048,1161,170.0,0.0
9.0,1071,1162,230.0,10.0
9.1,1087,1162,160.0,0.0
9.200000000000001,1105,1162,180.0,0.0
9.3,1127,1163,220.0,10.0
9.4,1148,1165,210.0,20.0
9.5,1172,1166,240.0,10.0
9.600000000000001,1192,1166,200.0,0.0
9.700000000000001,1210,1166,180.0,0.0
9.8,1224,1166,140.0,0.0
9.9,1246,1166,220.0,0.0
10.0,1273,1166,270.0,0.0
10.100000000000001,1288,1165,150.0,-10.0
10.200000000000001,1308,1163,200.0,-20.0
10.3,1321,1161,130.0,-20.0
10.4,1336,1157,150.0,-40.0
10.5,1351,1157,150.0,0.0
10.600000000000001,1357,1157,60.0,0.0
10.700000000000001,1368,1156,110.0,-10.0
10.8,1382,1155,140.0,-10.0
10.9,1397,1153,150.0,-20.0
11.0,1407,1151,100.0,-20.0
11.100000000000001,1427,1149,200.0,-20.0
11.200000000000001,1444,1146,170.0,-30.0
11.3,1446,1145,20.0,-10.0
11.4,1457,1140,110.0,-50.0
11.5,1463,1137,60.0,-30.0
11.600000000000001,1472,1133,90.0,-40.0
11.700000000000001,1481,1129,90.0,-40.0
11.8,1485,1126,40.0,-30.0
11.9,1493,1121,80.0,-50.0
12.0,1498,1119,50.0,-20.0
12.100000000000001,1505,1114,70.0,-50.0
12.200000000000001,1510,1111,50.0,-30.0
12.3,1513,1107,30.0,-40.0
12.4,1516,1102,30.0,-50.0
12.5,1517,1094,10.0,-80.0
12.600000000000001,1521,1082,40.0,-120.0
12.700000000000001,1522,1073,10.0,-90.0
12.8,1521,1060,-10.0,-130.0
12.9,1518,1046,-30.0,-140.0
13.0,1516,1034,-20.0,-120.0
13.100000000000001,1510,1017,-60.0,-170.0
13.200000000000001,1503,1002,-70.0,-150.0
13.3,1493,983,-100.0,-190.0
13.4,1482,963,-110.0,-200.0
13.5,1473,947,-90.0,-160.0
13.600000000000001,1459,924,-140.0,-230.0
13.700000000000001,1446,906,-130.0,-180.0
13.8,1427,878,-190.0,-280.0
13.9,1413,853,-140.0,-250.0
14.0,1402,837,-110.0,-160.0
14.100000000000001,1386,811,-160.0,-260.0
14.200000000000001,1372,789,-140.0,-220.0
14.3,1354,760,-180.0,-290.0
14.4,1342,738,-120.0,-220.0
14.5,1325,714,-170.0,-240.0
14.600000000000001,1313,699,-120.0,-150.0
14.700000000000001,1303,685,-100.0,-140.0
14.8,1291,669,-120.0,-160.0
14.9,1281,655,-100.0,-140.0
15.0,1273,644,-80.0,-110.0
15.100000000000001,1266,634,-70.0,-100.0
15.200000000000001,1257,620,-90.0,-140.0
15.3,1246,604,-110.0,-160.0
15.4,1237,591,-90.0,-130.0
15.5,1226,577,-110.0,-140.0
15.600000000000001,1216,563,-100.0,-140.0
15.700000000000001,1203,546,-130.0,-170.0
15.8,1190,530,-130.0,-160.0
15.9,1182,522,-80.0,-80.0
16.0,1172,509,-100.0,-130.0
16.1,1163,500,-90.0,-90.0
16.2,1154,491,-90.0,-90.0
16.3,1148,485,-60.0,-60.0
16.400000000000002,1139,478,-90.0,-70.0
16.5,1130,471,-90.0,-70.0
16.6,1118,460,-120.0,-110.0
16.7,1105,451,-130.0,-90.0
16.8,1100,445,-50.0,-60.0
16.900000000000002,1093,437,-70.0,-80.0
17.0,1088,431,-50.0,-60.0
17.1,1081,422,-70.0,-90.0
17.2,1076,413,-50.0,-90.0
17.3,1071,404,-50.0,-90.0
17.400000000000002,1064,394,-70.0,-100.0
17.5,1061,389,-30.0,-50.0
17.6,1059,385,-20.0,-40.0
17.7,1058,384,-10.0,-10.0
17.8,1058,384,0.0,0.0
17.900000000000002,1058,384,0.0,0.0
18.0,1058,384,0.0,0.0
18.1,1058,384,0.0,0.0
18.2,1058,384,0.0,0.0
