0.1,928,382,0.0,0.0
0.2,928,382,0.0,0.0
0.30000000000000004,928,382,0.0,0.0
0.4,928,382,0.0,0.0
0.5,928,382,0.0,0.0
0.6000000000000001,928,382,0.0,0.0
0.7000000000000001,928,382,0.0,0.0
0.8,926,399,-20.0,170.0
0.9,925,409,-10.0,100.0
1.0,925,411,0.0,20.0
1.1,925,411,0.0,0.0
1.2000000000000002,925,411,0.0,0.0
1.3,925,412,0.0,10.0
1.4000000000000001,923,420,-20.0,80.0
1.5,916,432,-70.0,120.0
1.6,911,440,-50.0,80.0
1.7000000000000002,907,445,-40.0,50.0
1.8,900,455,-70.0,100.0
1.9000000000000001,894,465,-60.0,100.0
2.0,889,473,-50.0,80.0
2.1,884,481,-50.0,80.0
2.2,880,488,-40.0,70.0
2.3000000000000003,876,494,-40.0,60.0
2.4000000000000004,872,498,-40.0,40.0
2.5,868,503,-40.0,50.0
2.6,860,511,-80.0,80.0
2.7,854,518,-60.0,70.0
2.8000000000000003,850,524,-40.0,60.0
2.9000000000000004,845,530,-50.0,60.0
3.0,835,540,-100.0,100.0
3.1,828,548,-70.0,80.0
3.2,824,554,-40.0,60.0
3.3000000000000003,815,565,-90.0,110.0
3.4000000000000004,804,579,-110.0,140.0
3.5,799,587,-50.0,80.0
3.6,790,600,-90.0,130.0
3.7,780,616,-100.0,160.0
3.8000000000000003,769,633,-110.0,170.0
3.9000000000000004,759,649,-100.0,160.0
4.0,749,666,-100.0,170.0
4.1000000000000005,741,680,-80.0,140.0
4.2,733,694,-80.0,140.0
4.3,727,706,-60.0,120.0
4.4,726,711,-10.0,50.0
4.5,719,725,-70.0,140.0
4.6000000000000005,710,741,-90.0,160.0
4.7,705,750,-50.0,90.0
4.800000000000001,700,762,-50.0,120.0
4.9,694,777,-60.0,150.0
5.0,689,789,-50.0,120.0
5.1000000000000005,683,805,-60.0,160.0
5.2,677,820,-60.0,150.0
5.300000000000001,670,834,-70.0,140.0
5.4,663,847,-70.0,130.0
5.5,659,855,-40.0,80.0
5.6000000000000005,656,861,-30.0,60.0
5.7,656,861,0.0,0.0
5.800000000000001,656,861,0.0,0.0
5.9,656,861,0.0,0.0
6.0,653,863,-30.0,20.0
6.1000000000000005,642,875,-110.0,120.0
6.2,634,885,-80.0,100.0
6.300000000000001,629,891,-50.0,60.0
6.4,621,901,-80.0,100.0
6.5,612,912,-90.0,110.0
6.6000000000000005,608,919,-40.0,70.0
6.7,607,921,-10.0,20.0
6.800000000000001,602,929,-50.0,80.0
6.9,593,938,-90.0,90.0
7.0,587,945,-60.0,70.0
7.1000000000000005,582,954,-50.0,90.0
7.2,577,964,-50.0,100.0
7.300000000000001,572,974,-50.0,100.0
7.4,565,980,-70.0,60.0
7.5,560,987,-50.0,70.0
7.6000000000000005,555,996,-50.0,90.0
7.7,545,1009,-100.0,130.0
7.800000000000001,534,1021,-110.0,120.0
7.9,524,1031,-100.0,100.0
8.0,516,1037,-80.0,60.0
8.1,515,1038,-10.0,10.0
8.200000000000001,514,1043,-10.0,50.0
8.3,505,1059,-90.0,160.0
8.4,498,1070,-70.0,110.0
8.5,489,1082,-90.0,120.0
8.6,484,1091,-50.0,90.0
8.700000000000001,481,1096,-30.0,50.0
8.8,477,1102,-40.0,60.0
8.9,468,1109,-90.0,70.0
9.0,464,1112,-40.0,30.0
9.1,463,1115,-10.0,30.0
9.200000000000001,459,1121,-40.0,60.0
9.3,453,1131,-60.0,100.0
9.4,450,1138,-30.0,70.0
9.5,446,1146,-40.0,80.0
9.600000000000001,440,1157,-60.0,110.0
9.700000000000001,437,1167,-30.0,100.0
9.8,436,1171,-10.0,40.0
9.9,436,1171,0.0,0.0
10.0,435,1172,-10.0,10.0
10.100000000000001,434,1176,-10.0,40.0
10.200000000000001,430,1180,-40.0,40.0
10.3,418,1190,-120.0,100.0
10.4,410,1196,-80.0,60.0
10.5,409,1196,-10.0,0.0
10.600000000000001,405,1200,-40.0,40.0
10.700000000000001,404,1200,-10.0,0.0
10.8,401,1201,-30.0,10.0
10.9,401,1201,0.0,0.0
11.0,401,1201,0.0,0.0
11.100000000000001,401,1201,0.0,0.0
11.200000000000001,402,1199,10.0,-20.0
11.3,412,1190,100.0,-90.0
11.4,427,1181,150.0,-90.0
11.5,436,1175,90.0,-60.0
11.600000000000001,442,1171,60.0,-40.0
11.700000000000001,456,1165,140.0,-60.0
11.8,470,1160,140.0,-50.0
11.9,477,1157,70.0,-30.0
12.0,496,1151,190.0,-60.0
12.100000000000001,507,1148,110.0,-30.0
12.200000000000001,514,1146,70.0,-20.0
12.3,535,1140,210.0,-60.0
12.4,555,1134,200.0,-60.0
12.5,576,1128,210.0,-60.0
12.600000000000001,593,1122,170.0,-60.0
12.700000000000001,614,1116,210.0,-60.0
12.8,630,1112,160.0,-40.0
12.9,648,1107,180.0,-50.0
13.0,666,1103,180.0,-40.0
13.100000000000001,679,1098,130.0,-50.0
13.200000000000001,689,1095,100.0,-30.0
13.3,702,1092,130.0,-30.0
13.4,720,1088,180.0,-40.0
13.5,735,1084,150.0,-40.0
13.600000000000001,751,1077,160.0,-70.0
13.700000000000001,772,1069,210.0,-80.0
13.8,791,1062,190.0,-70.0
13.9,814,1053,230.0,-90.0
14.0,831,1047,170.0,-60.0
14.100000000000001,849,1043,180.0,-40.0
14.200000000000001,862,1041,130.0,-20.0
14.3,874,1039,120.0,-20.0
14.4,885,1037,110.0,-20.0
14.5,902,1035,170.0,-20.0
14.600000000000001,917,1034,150.0,-10.0
14.700000000000001,935,1034,180.0,0.0
14.8,951,1033,160.0,-10.0
14.9,961,1032,100.0,-10.0
15.0,969,1032,80.0,0.0
15.100000000000001,980,1032,110.0,0.0
15.200000000000001,996,1030,160.0,-20.0
15.3,1011,1028,150.0,-20.0
15.4,1027,1027,160.0,-10.0
15.5,1059,1024,320.0,-30.0
15.600000000000001,1089,1021,300.0,-30.0
15.700000000000001,1107,1020,180.0,-10.0
15.8,1118,1019,110.0,-10.0
15.9,1136,1019,180.0,0.0
16.0,1157,1016,210.0,-30.0
16.1,1177,1015,200.0,-10.0
16.2,1199,1015,220.0,0.0
16.3,1225,1014,260.0,-10.0
16.400000000000002,1247,1013,220.0,-10.0
16.5,1279,1012,320.0,-10.0
16.6,1309,1010,300.0,-20.0
16.7,1311,1010,20.0,0.0
16.8,1313,1010,20.0,0.0
16.900000000000002,1325,1011,120.0,10.0
17.0,1335,1011,100.0,0.0
17.1,1345,1011,100.0,0.0
17.2,1353,1011,80.0,0.0
17.3,1359,1011,60.0,0.0
17.400000000000002,1368,1011,90.0,0.0
17.5,1384,1011,160.0,0.0
17.6,1402,1010,180.0,-10.0
17.7,1420,1010,180.0,0.0
17.8,1421,1010,10.0,0.0
17.900000000000002,1423,1010,20.0,0.0
18.0,1428,1010,50.0,0.0
18.1,1430,1010,20.0,0.0
18.2,1431,1010,10.0,0.0
18.3,1438,1011,70.0,10.0
18.400000000000002,1444,1011,60.0,0.0
18.5,1454,1013,100.0,20.0
18.6,1456,1013,20.0,0.0
18.7,1458,1014,20.0,10.0
18.8,1460,1014,20.0,0.0
18.900000000000002,1461,1014,10.0,0.0
19.0,1468,1016,70.0,20.0
19.1,1471,1017,30.0,10.0
19.200000000000003,1472,1018,10.0,10.0
19.3,1478,1020,60.0,20.0
19.400000000000002,1481,1021,30.0,10.0
19.5,1483,1021,20.0,0.0
19.6,1485,1022,20.0,10.0
19.700000000000003,1487,1023,20.0,10.0
19.8,1490,1024,30.0,10.0
19.900000000000002,1494,1026,40.0,20.0
20.0,1495,1026,10.0,0.0
20.1,1495,1026,0.0,0.0
20.200000000000003,1495,1026,0.0,0.0
20.3,1495,1026,0.0,0.0
20.400000000000002,1494,1026,-10.0,0.0
20.5,1490,1026,-40.0,0.0
20.6,1487,1024,-30.0,-20.0
20.700000000000003,1480,1020,-70.0,-40.0
20.8,1469,1013,-110.0,-70.0
20.900000000000002,1464,1009,-50.0,-40.0
21.0,1456,1004,-80.0,-50.0
21.1,1446,996,-100.0,-80.0
21.200000000000003,1433,987,-130.0,-90.0
21.3,1419,975,-140.0,-120.0
21.400000000000002,1403,962,-160.0,-130.0
21.5,1388,948,-150.0,-140.0
21.6,1374,936,-140.0,-120.0
21.700000000000003,1363,924,-110.0,-120.0
21.8,1348,909,-150.0,-150.0
21.900000000000002,1336,897,-120.0,-120.0
22.0,1324,880,-120.0,-170.0
22.1,1309,860,-150.0,-200.0
22.200000000000003,1299,844,-100.0,-160.0
22.3,1294,834,-50.0,-100.0
22.400000000000002,1285,820,-90.0,-140.0
22.5,1274,800,-110.0,-200.0
22.6,1264,785,-100.0,-150.0
22.700000000000003,1253,764,-110.0,-210.0
22.8,1243,746,-100.0,-180.0
22.900000000000002,1237,736,-60.0,-100.0
23.0,1229,725,-80.0,-110.0
23.1,1218,712,-110.0,-130.0
23.200000000000003,1209,702,-90.0,-100.0
23.3,1203,694,-60.0,-80.0
23.400000000000002,1198,687,-50.0,-70.0
23.5,1193,678,-50.0,-90.0
23.6,1187,670,-60.0,-80.0
23.700000000000003,1178,657,-90.0,-130.0
23.8,1168,641,-100.0,-160.0
23.900000000000002,1159,628,-90.0,-130.0
24.0,1147,608,-120.0,-200.0
24.1,1136,593,-110.0,-150.0
24.200000000000003,1128,580,-80.0,-130.0
24.3,1121,570,-70.0,-100.0
24.400000000000002,1115,560,-60.0,-100.0
24.5,1107,548,-80.0,-120.0
24.6,1102,538,-50.0,-100.0
24.700000000000003,1095,525,-70.0,-130.0
24.8,1086,510,-90.0,-150.0
24.900000000000002,1079,494,-70.0,-160.0
25.0,1072,477,-70.0,-170.0
25.1,1068,464,-40.0,-130.0
25.200000000000003,1062,446,-60.0,-180.0
25.3,1060,439,-20.0,-70.0
25.400000000000002,1059,436,-10.0,-30.0
25.5,1056,428,-30.0,-80.0
25.6,1054,424,-20.0,-40.0
25.700000000000003,1054,422,0.0,-20.0
25.8,1052,417,-20.0,-50.0
25.900000000000002,1050,410,-20.0,-70.0
26.0,1049,406,-10.0,-40.0
26.1,1048,403,-10.0,-30.0
26.200000000000003,1048,401,0.0,-20.0
26.3,1046,398,-20.0,-30.0
26.400000000000002,1045,394,-10.0,-40.0
26.5,1043,390,-20.0,-40.0
26.6,1041,384,-20.0,-60.0
26.700000000000003,1039,379,-20.0,-50.0
26.8,1039,377,0.0,-20.0
26.900000000000002,1039,377,0.0,0.0
27.0,1039,377,0.0,0.0
