0.1,890,382,0.0,0.0
0.2,890,382,0.0,0.0
0.30000000000000004,890,382,0.0,0.0
0.4,890,383,0.0,10.0
0.5,886,391,-40.0,80.0
0.6000000000000001,882,397,-40.0,60.0
0.7000000000000001,874,408,-80.0,110.0
0.8,867,419,-70.0,110.0
0.9,865,422,-20.0,30.0
1.0,861,427,-40.0,50.0
1.1,854,433,-70.0,60.0
1.2000000000000002,845,444,-90.0,110.0
1.3,837,454,-80.0,100.0
1.4000000000000001,828,465,-90.0,110.0
1.5,814,481,-140.0,160.0
1.6,805,493,-90.0,120.0
1.7000000000000002,794,507,-110.0,140.0
1.8,781,522,-130.0,150.0
1.9000000000000001,772,534,-90.0,120.0
2.0,762,543,-100.0,90.0
2.1,748,559,-140.0,160.0
2.2,732,577,-160.0,180.0
2.3000000000000003,719,593,-130.0,160.0
2.4000000000000004,702,614,-170.0,210.0
2.5,690,631,-120.0,170.0
2.6,678,647,-120.0,160.0
2.7,666,664,-120.0,170.0
2.8000000000000003,658,676,-80.0,120.0
2.9000000000000004,651,687,-70.0,110.0
3.0,650,689,-10.0,20.0
3.1,644,699,-60.0,100.0
3.2,632,715,-120.0,160.0
3.3000000000000003,621,731,-110.0,160.0
3.4000000000000004,616,741,-50.0,100.0
3.5,606,757,-100.0,160.0
3.6,597,770,-90.0,130.0
3.7,592,779,-50.0,90.0
3.8000000000000003,586,787,-60.0,80.0
3.9000000000000004,579,796,-70.0,90.0
4.0,572,806,-70.0,100.0
4.1000000000000005,565,817,-70.0,110.0
4.2,557,829,-80.0,120.0
4.3,553,835,-40.0,60.0
4.4,547,843,-60.0,80.0
4.5,541,855,-60.0,120.0
4.6000000000000005,538,860,-30.0,50.0
4.7,538,862,0.0,20.0
4.800000000000001,536,865,-20.0,30.0
4.9,531,876,-50.0,110.0
5.0,528,882,-30.0,60.0
5.1000000000000005,525,890,-30.0,80.0
5.2,523,898,-20.0,80.0
5.300000000000001,522,903,-10.0,50.0
5.4,520,911,-20.0,80.0
5.5,518,916,-20.0,50.0
5.6000000000000005,517,921,-10.0,50.0
5.7,515,931,-20.0,100.0
5.800000000000001,514,938,-10.0,70.0
5.9,513,946,-10.0,80.0
6.0,512,951,-10.0,50.0
6.1000000000000005,511,956,-10.0,50.0
6.2,511,962,0.0,60.0
6.300000000000001,511,970,0.0,80.0
6.4,512,975,10.0,50.0
6.5,513,983,10.0,80.0
6.6000000000000005,514,987,10.0,40.0
6.7,515,991,10.0,40.0
6.800000000000001,518,996,30.0,50.0
6.9,520,1003,20.0,70.0
7.0,522,1006,20.0,30.0
7.1000000000000005,523,1009,10.0,30.0
7.2,524,1012,10.0,30.0
7.300000000000001,527,1016,30.0,40.0
7.4,531,1020,40.0,40.0
7.5,533,1023,20.0,30.0
7.6000000000000005,538,1027,50.0,40.0
7.7,541,1029,30.0,20.0
7.800000000000001,548,1034,70.0,50.0
7.9,552,1037,40.0,30.0
8.0,556,1039,40.0,20.0
8.1,560,1041,40.0,20.0
8.200000000000001,568,1045,80.0,40.0
8.3,574,1048,60.0,30.0
8.4,581,1052,70.0,40.0
8.5,592,1057,110.0,50.0
8.6,602,1061,100.0,40.0
8.700000000000001,609,1064,70.0,30.0
8.8,619,1067,100.0,30.0
8.9,627,1069,80.0,20.0
9.0,634,1072,70.0,30.0
9.1,637,1073,30.0,10.0
9.200000000000001,648,1073,110.0,0.0
9.3,653,1074,50.0,10.0
9.4,657,1076,40.0,20.0
9.5,662,1077,50.0,10.0
9.600000000000001,671,1080,90.0,30.0
9.700000000000001,677,1081,60.0,10.0
9.8,680,1081,30.0,0.0
9.9,684,1082,40.0,10.0
10.0,696,1083,120.0,10.0
10.100000000000001,706,1085,100.0,20.0
10.200000000000001,714,1086,80.0,10.0
10.3,723,1088,90.0,20.0
10.4,740,1090,170.0,20.0
10.5,752,1092,120.0,20.0
10.600000000000001,759,1094,70.0,20.0
10.700000000000001,772,1097,130.0,30.0
10.8,790,1100,180.0,30.0
10.9,803,1103,130.0,30.0
11.0,815,1106,120.0,30.0
11.100000000000001,836,1109,210.0,30.0
11.200000000000001,849,1112,130.0,30.0
11.3,863,1113,140.0,10.0
11.4,876,1115,130.0,20.0
11.5,884,1116,80.0,10.0
11.600000000000001,898,1119,140.0,30.0
11.700000000000001,913,1121,150.0,20.0
11.8,929,1121,160.0,0.0
11.9,944,1122,150.0,10.0
12.0,953,1123,90.0,10.0
12.100000000000001,961,1125,80.0,20.0
12.200000000000001,974,1126,130.0,10.0
12.3,987,1126,130.0,0.0
12.4,990,1126,30.0,0.0
12.5,998,1126,80.0,0.0
12.600000000000001,1014,1128,160.0,20.0
12.700000000000001,1025,1129,110.0,10.0
12.8,1036,1130,110.0,10.0
12.9,1038,1131,20.0,10.0
13.0,1047,1132,90.0,10.0
13.100000000000001,1057,1133,100.0,10.0
13.200000000000001,1070,1133,130.0,0.0
13.3,1083,1133,130.0,0.0
13.4,1098,1133,150.0,0.0
13.5,1111,1134,130.0,10.0
13.600000000000001,1122,1135,110.0,10.0
13.700000000000001,1137,1136,150.0,10.0
13.8,1146,1136,90.0,0.0
13.9,1156,1136,100.0,0.0
14.0,1165,1136,90.0,0.0
14.100000000000001,1169,1136,40.0,0.0
14.200000000000001,1180,1137,110.0,10.0
14.3,1196,1137,160.0,0.0
14.4,1214,1137,180.0,0.0
14.5,1224,1138,100.0,10.0
14.600000000000001,1243,1138,190.0,0.0
14.700000000000001,1259,1139,160.0,10.0
14.8,1266,1139,70.0,0.0
14.9,1276,1139,100.0,0.0
15.0,1291,1139,150.0,0.0
15.100000000000001,1309,1138,180.0,-10.0
15.200000000000001,1319,1137,100.0,-10.0
15.3,1334,1137,150.0,0.0
15.4,1356,1136,220.0,-10.0
15.5,1381,1135,250.0,-10.0
15.600000000000001,1403,1135,220.0,0.0
15.700000000000001,1406,1135,30.0,0.0
15.8,1412,1134,60.0,-10.0
15.9,1424,1132,120.0,-20.0
16.0,1427,1131,30.0,-10.0
16.1,1433,1128,60.0,-30.0
16.2,1435,1127,20.0,-10.0
16.3,1439,1126,40.0,-10.0
16.400000000000002,1445,1126,60.0,0.0
16.5,1449,1125,40.0,-10.0
16.6,1453,1123,40.0,-20.0
16.7,1459,1122,60.0,-10.0
16.8,1469,1121,100.0,-10.0
16.900000000000002,1475,1119,60.0,-20.0
17.0,1480,1118,50.0,-10.0
17.1,1489,1117,90.0,-10.0
17.2,1497,1115,80.0,-20.0
17.3,1504,1114,70.0,-10.0
17.400000000000002,1517,1110,130.0,-40.0
17.5,1525,1107,80.0,-30.0
17.6,1530,1104,50.0,-30.0
17.7,1536,1099,60.0,-50.0
17.8,1543,1095,70.0,-40.0
17.900000000000002,1547,1093,40.0,-20.0
18.0,1552,1089,50.0,-40.0
18.1,1555,1086,30.0,-30.0
18.2,1561,1080,60.0,-60.0
18.3,1565,1075,40.0,-50.0
18.400000000000002,1566,1074,10.0,-10.0
18.5,1566,1074,0.0,0.0
18.6,1568,1072,20.0,-20.0
18.7,1572,1067,40.0,-50.0
18.8,1574,1064,20.0,-30.0
18.900000000000002,1577,1060,30.0,-40.0
19.0,1579,1057,20.0,-30.0
19.1,1582,1054,30.0,-30.0
19.200000000000003,1589,1050,70.0,-40.0
19.3,1591,1048,20.0,-20.0
19.400000000000002,1591,1047,0.0,-10.0
19.5,1596,1046,50.0,-10.0
19.6,1604,1042,80.0,-40.0
19.700000000000003,1604,1042,0.0,0.0
19.8,1606,1038,20.0,-40.0
19.900000000000002,1609,1034,30.0,-40.0
20.0,1612,1029,30.0,-50.0
20.1,1615,1022,30.0,-70.0
20.200000000000003,1617,1016,20.0,-60.0
20.3,1619,1008,20.0,-80.0
20.400000000000002,1622,1003,30.0,-50.0
20.5,1625,996,30.0,-70.0
20.6,1628,990,30.0,-60.0
20.700000000000003,1629,988,10.0,-20.0
20.8,1629,984,0.0,-40.0
20.900000000000002,1630,978,10.0,-60.0
21.0,1628,968,-20.0,-100.0
21.1,1623,950,-50.0,-180.0
21.200000000000003,1620,939,-30.0,-110.0
21.3,1612,926,-80.0,-130.0
21.400000000000002,1606,915,-60.0,-110.0
21.5,1602,908,-40.0,-70.0
21.6,1594,897,-80.0,-110.0
21.700000000000003,1590,892,-40.0,-50.0
21.8,1583,882,-70.0,-100.0
21.900000000000002,1577,874,-60.0,-80.0
22.0,1574,869,-30.0,-50.0
22.1,1567,860,-70.0,-90.0
22.200000000000003,1556,846,-110.0,-140.0
22.3,1550,838,-60.0,-80.0
22.400000000000002,1543,832,-70.0,-60.0
22.5,1538,826,-50.0,-60.0
22.6,1529,817,-90.0,-90.0
22.700000000000003,1519,807,-100.0,-100.0
22.8,1509,797,-100.0,-100.0
22.900000000000002,1500,788,-90.0,-90.0
23.0,1490,778,-100.0,-100.0
23.1,1480,766,-100.0,-120.0
23.200000000000003,1469,754,-110.0,-120.0
23.3,1463,747,-60.0,-70.0
23.400000000000002,1448,733,-150.0,-140.0
23.5,1431,717,-170.0,-160.0
23.6,1425,712,-60.0,-50.0
23.700000000000003,1415,703,-100.0,-90.0
23.8,1405,693,-100.0,-100.0
23.900000000000002,1394,684,-110.0,-90.0
24.0,1383,674,-110.0,-100.0
24.1,1366,661,-170.0,-130.0
24.200000000000003,1353,649,-130.0,-120.0
24.3,1343,640,-100.0,-90.0
24.400000000000002,1330,625,-130.0,-150.0
24.5,1317,609,-130.0,-160.0
24.6,1308,600,-90.0,-90.0
24.700000000000003,1296,588,-120.0,-120.0
24.8,1289,580,-70.0,-80.0
24.900000000000002,1281,570,-80.0,-100.0
25.0,1270,560,-110.0,-100.0
25.1,1259,550,-110.0,-100.0
25.200000000000003,1245,538,-140.0,-120.0
25.3,1230,525,-150.0,-130.0
25.400000000000002,1221,517,-90.0,-80.0
25.5,1205,502,-160.0,-150.0
25.6,1189,489,-160.0,-130.0
25.700000000000003,1175,476,-140.0,-130.0
25.8,1163,466,-120.0,-100.0
25.900000000000002,1152,458,-110.0,-80.0
26.0,1144,451,-80.0,-70.0
26.1,1139,447,-50.0,-40.0
26.200000000000003,1135,444,-40.0,-30.0
26.3,1127,436,-80.0,-80.0
26.400000000000002,1123,431,-40.0,-50.0
26.5,1112,422,-110.0,-90.0
26.6,1100,413,-120.0,-90.0
26.700000000000003,1091,406,-90.0,-70.0
26.8,1078,398,-130.0,-80.0
26.900000000000002,1070,394,-80.0,-40.0
27.0,1069,394,-10.0,0.0
27.1,1069,394,0.0,0.0
27.200000000000003,1062,389,-70.0,-50.0
27.3,1058,386,-40.0,-30.0
27.400000000000002,1056,385,-20.0,-10.0
27.5,1053,383,-30.0,-20.0
27.6,1052,383,-10.0,0.0
27.700000000000003,1052,383,0.0,0.0
27.8,1052,383,0.0,0.0
27.900000000000002,1052,383,0.0,0.0
28.0,1052,383,0.0,0.0
28.1,1052,383,0.0,0.0
28.200000000000003,1052,383,0.0,0.0
28.3,1052,383,0.0,0.0
28.400000000000002,1049,381,-30.0,-20.0
