0.1,890,371,0.0,0.0
0.2,890,371,0.0,0.0
0.30000000000000004,890,371,0.0,0.0
0.4,890,372,0.0,10.0
0.5,890,372,0.0,0.0
0.6000000000000001,890,372,0.0,0.0
0.7000000000000001,890,372,0.0,0.0
0.8,890,372,0.0,0.0
0.9,888,372,-20.0,0.0
1.0,878,380,-100.0,80.0
1.1,866,387,-120.0,70.0
1.2000000000000002,858,393,-80.0,60.0
1.3,853,395,-50.0,20.0
1.4000000000000001,848,398,-50.0,30.0
1.5,844,401,-40.0,30.0
1.6,834,404,-100.0,30.0
1.7000000000000002,821,409,-130.0,50.0
1.8,809,414,-120.0,50.0
1.9000000000000001,805,417,-40.0,30.0
2.0,793,422,-120.0,50.0
2.1,783,427,-100.0,50.0
2.2,777,432,-60.0,50.0
2.3000000000000003,765,438,-120.0,60.0
2.4000000000000004,754,445,-110.0,70.0
2.5,745,452,-90.0,70.0
2.6,739,456,-60.0,40.0
2.7,727,466,-120.0,100.0
2.8000000000000003,717,475,-100.0,90.0
2.9000000000000004,703,485,-140.0,100.0
3.0,691,497,-120.0,120.0
3.1,680,505,-110.0,80.0
3.2,665,517,-150.0,120.0
3.3000000000000003,656,526,-90.0,90.0
3.4000000000000004,647,536,-90.0,100.0
3.5,642,542,-50.0,60.0
3.6,637,549,-50.0,70.0
3.7,620,565,-170.0,160.0
3.8000000000000003,610,577,-100.0,120.0
3.9000000000000004,599,589,-110.0,120.0
4.0,587,600,-120.0,110.0
4.1000000000000005,576,612,-110.0,120.0
4.2,566,621,-100.0,90.0
4.3,557,628,-90.0,70.0
4.4,549,635,-80.0,70.0
4.5,540,644,-90.0,90.0
4.6000000000000005,531,656,-90.0,120.0
4.7,527,664,-40.0,80.0
4.800000000000001,524,670,-30.0,60.0
4.9,517,681,-70.0,110.0
5.0,509,694,-80.0,130.0
5.1000000000000005,503,702,-60.0,80.0
5.2,497,710,-60.0,80.0
5.300000000000001,490,718,-70.0,80.0
5.4,484,728,-60.0,100.0
5.5,479,735,-50.0,70.0
5.6000000000000005,475,744,-40.0,90.0
5.7,470,757,-50.0,130.0
5.800000000000001,468,766,-20.0,90.0
5.9,466,779,-20.0,130.0
6.0,463,791,-30.0,120.0
6.1000000000000005,460,808,-30.0,170.0
6.2,459,813,-10.0,50.0
6.300000000000001,457,822,-20.0,90.0
6.4,453,835,-40.0,130.0
6.5,452,841,-10.0,60.0
6.6000000000000005,452,850,0.0,90.0
6.7,450,866,-20.0,160.0
6.800000000000001,449,881,-10.0,150.0
6.9,447,897,-20.0,160.0
7.0,445,909,-20.0,120.0
7.1000000000000005,443,920,-20.0,110.0
7.2,444,929,10.0,90.0
7.300000000000001,444,939,0.0,100.0
7.4,444,949,0.0,100.0
7.5,444,963,0.0,140.0
7.6000000000000005,446,975,20.0,120.0
7.7,446,985,0.0,100.0
7.800000000000001,448,1000,20.0,150.0
7.9,449,1014,10.0,140.0
8.0,450,1022,10.0,80.0
8.1,452,1026,20.0,40.0
8.200000000000001,453,1031,10.0,50.0
8.3,455,1040,20.0,90.0
8.4,456,1046,10.0,60.0
8.5,458,1052,20.0,60.0
8.6,459,1059,10.0,70.0
8.700000000000001,460,1066,10.0,70.0
8.8,461,1077,10.0,110.0
8.9,462,1085,10.0,80.0
9.0,462,1090,0.0,50.0
9.1,462,1097,0.0,70.0
9.200000000000001,462,1102,0.0,50.0
9.3,462,1109,0.0,70.0
9.4,462,1117,0.0,80.0
9.5,464,1122,20.0,50.0
9.600000000000001,464,1128,0.0,60.0
9.700000000000001,464,1133,0.0,50.0
9.8,465,1139,10.0,60.0
9.9,466,1143,10.0,40.0
10.0,466,1146,0.0,30.0
10.100000000000001,467,1148,10.0,20.0
10.200000000000001,467,1152,0.0,40.0
10.3,468,1157,10.0,50.0
10.4,468,1160,0.0,30.0
10.5,468,1164,0.0,40.0
10.600000000000001,468,1168,0.0,40.0
10.700000000000001,468,1174,0.0,60.0
10.8,467,1178,-10.0,40.0
10.9,467,1181,0.0,30.0
11.0,467,1182,0.0,10.0
11.100000000000001,467,1183,0.0,10.0
11.200000000000001,467,1184,0.0,10.0
11.3,467,1184,0.0,0.0
11.4,467,1184,0.0,0.0
11.5,468,1185,10.0,10.0
11.600000000000001,468,1186,0.0,10.0
11.700000000000001,468,1187,0.0,10.0
11.8,469,1187,10.0,0.0
11.9,476,1187,70.0,0.0
12.0,483,1188,70.0,10.0
12.100000000000001,491,1188,80.0,0.0
12.200000000000001,496,1188,50.0,0.0
12.3,504,1187,80.0,-10.0
12.4,513,1186,90.0,-10.0
12.5,520,1186,70.0,0.0
12.600000000000001,531,1184,110.0,-20.0
12.700000000000001,539,1183,80.0,-10.0
12.8,553,1181,140.0,-20.0
12.9,565,1179,120.0,-20.0
13.0,582,1176,170.0,-30.0
13.100000000000001,601,1173,190.0,-30.0
13.200000000000001,615,1171,140.0,-20.0
13.3,630,1169,150.0,-20.0
13.4,639,1168,90.0,-10.0
13.5,654,1165,150.0,-30.0
13.600000000000001,668,1162,140.0,-30.0
13.700000000000001,676,1160,80.0,-20.0
13.8,684,1158,80.0,-20.0
13.9,693,1156,90.0,-20.0
14.0,703,1153,100.0,-30.0
14.100000000000001,719,1148,160.0,-50.0
14.200000000000001,732,1145,130.0,-30.0
14.3,745,1141,130.0,-40.0
14.4,758,1137,130.0,-40.0
14.5,768,1134,100.0,-30.0
14.600000000000001,773,1133,50.0,-10.0
14.700000000000001,788,1128,150.0,-50.0
14.8,797,1125,90.0,-30.0
14.9,797,1124,0.0,-10.0
15.0,801,1123,40.0,-10.0
15.100000000000001,808,1122,70.0,-10.0
15.200000000000001,818,1119,100.0,-30.0
15.3,829,1115,110.0,-40.0
15.4,845,1111,160.0,-40.0
15.5,856,1106,110.0,-50.0
15.600000000000001,871,1102,150.0,-40.0
15.700000000000001,883,1099,120.0,-30.0
15.8,898,1095,150.0,-40.0
15.9,925,1089,270.0,-60.0
16.0,952,1082,270.0,-70.0
16.1,980,1077,280.0,-50.0
16.2,1007,1069,270.0,-80.0
16.3,1018,1065,110.0,-40.0
16.400000000000002,1024,1062,60.0,-30.0
16.5,1032,1060,80.0,-20.0
16.6,1042,1058,100.0,-20.0
16.7,1046,1057,40.0,-10.0
16.8,1054,1056,80.0,-10.0
16.900000000000002,1067,1053,130.0,-30.0
17.0,1074,1052,70.0,-10.0
17.1,1088,1050,140.0,-20.0
17.2,1101,1048,130.0,-20.0
17.3,1112,1046,110.0,-20.0
17.400000000000002,1125,1045,130.0,-10.0
17.5,1138,1044,130.0,-10.0
17.6,1144,1042,60.0,-20.0
17.7,1148,1042,40.0,0.0
17.8,1159,1040,110.0,-20.0
17.900000000000002,1163,1039,40.0,-10.0
18.0,1167,1038,40.0,-10.0
18.1,1178,1038,110.0,0.0
18.2,1182,1036,40.0,-20.0
18.3,1185,1036,30.0,0.0
18.400000000000002,1197,1035,120.0,-10.0
18.5,1204,1034,70.0,-10.0
18.6,1209,1034,50.0,0.0
18.7,1215,1033,60.0,-10.0
18.8,1226,1032,110.0,-10.0
18.900000000000002,1240,1032,140.0,0.0
19.0,1246,1031,60.0,-10.0
19.1,1251,1031,50.0,0.0
19.200000000000003,1261,1031,100.0,0.0
19.3,1267,1031,60.0,0.0
19.400000000000002,1275,1031,80.0,0.0
19.5,1290,1031,150.0,0.0
19.6,1296,1030,60.0,-10.0
19.700000000000003,1296,1030,0.0,0.0
19.8,1299,1030,30.0,0.0
19.900000000000002,1305,1029,60.0,-10.0
20.0,1315,1027,100.0,-20.0
20.1,1321,1026,60.0,-10.0
20.200000000000003,1323,1025,20.0,-10.0
20.3,1323,1025,0.0,0.0
20.400000000000002,1323,1025,0.0,0.0
20.5,1324,1024,10.0,-10.0
20.6,1328,1024,40.0,0.0
20.700000000000003,1339,1023,110.0,-10.0
20.8,1344,1022,50.0,-10.0
20.900000000000002,1353,1021,90.0,-10.0
21.0,1362,1020,90.0,-10.0
21.1,1366,1020,40.0,0.0
21.200000000000003,1376,1019,100.0,-10.0
21.3,1388,1019,120.0,0.0
21.400000000000002,1391,1019,30.0,0.0
21.5,1398,1019,70.0,0.0
21.6,1399,1018,10.0,-10.0
21.700000000000003,1399,1018,0.0,0.0
21.8,1402,1018,30.0,0.0
21.900000000000002,1416,1017,140.0,-10.0
22.0,1431,1014,150.0,-30.0
22.1,1433,1014,20.0,0.0
22.200000000000003,1437,1013,40.0,-10.0
22.3,1445,1011,80.0,-20.0
22.400000000000002,1447,1010,20.0,-10.0
22.5,1451,1009,40.0,-10.0
22.6,1461,1007,100.0,-20.0
22.700000000000003,1467,1007,60.0,0.0
22.8,1477,1005,100.0,-20.0
22.900000000000002,1480,1004,30.0,-10.0
23.0,1483,1004,30.0,0.0
23.1,1493,1003,100.0,-10.0
23.200000000000003,1496,1001,30.0,-20.0
23.3,1498,1001,20.0,0.0
23.400000000000002,1504,1000,60.0,-10.0
23.5,1511,999,70.0,-10.0
23.6,1515,999,40.0,0.0
23.700000000000003,1522,999,70.0,0.0
23.8,1535,997,130.0,-20.0
23.900000000000002,1539,997,40.0,0.0
24.0,1540,996,10.0,-10.0
24.1,1543,996,30.0,0.0
24.200000000000003,1548,996,50.0,0.0
24.3,1556,996,80.0,0.0
24.400000000000002,1557,996,10.0,0.0
24.5,1557,996,0.0,0.0
24.6,1557,996,0.0,0.0
24.700000000000003,1557,996,0.0,0.0
24.8,1557,996,0.0,0.0
24.900000000000002,1557,997,0.0,10.0
25.0,1557,996,0.0,-10.0
25.1,1557,996,0.0,0.0
25.200000000000003,1557,996,0.0,0.0
25.3,1557,996,0.0,0.0
25.400000000000002,1557,996,0.0,0.0
25.5,1557,995,0.0,-10.0
25.6,1554,987,-30.0,-80.0
25.700000000000003,1550,970,-40.0,-170.0
25.8,1547,955,-30.0,-150.0
25.900000000000002,1544,939,-30.0,-160.0
26.0,1541,931,-30.0,-80.0
26.1,1537,922,-40.0,-90.0
26.200000000000003,1535,913,-20.0,-90.0
26.3,1530,898,-50.0,-150.0
26.400000000000002,1524,884,-60.0,-140.0
26.5,1522,868,-20.0,-160.0
26.6,1516,847,-60.0,-210.0
26.700000000000003,1511,829,-50.0,-180.0
26.8,1509,811,-20.0,-180.0
26.900000000000002,1506,792,-30.0,-190.0
27.0,1499,770,-70.0,-220.0
27.1,1493,757,-60.0,-130.0
27.200000000000003,1486,738,-70.0,-190.0
27.3,1477,723,-90.0,-150.0
27.400000000000002,1467,703,-100.0,-200.0
27.5,1458,687,-90.0,-160.0
27.6,1441,662,-170.0,-250.0
27.700000000000003,1427,639,-140.0,-230.0
27.8,1414,618,-130.0,-210.0
27.900000000000002,1402,601,-120.0,-170.0
28.0,1392,588,-100.0,-130.0
28.1,1383,575,-90.0,-130.0
28.200000000000003,1372,564,-110.0,-110.0
28.3,1363,552,-90.0,-120.0
28.400000000000002,1353,541,-100.0,-110.0
28.5,1336,526,-170.0,-150.0
28.6,1315,512,-210.0,-140.0
28.700000000000003,1301,503,-140.0,-90.0
28.8,1290,496,-110.0,-70.0
28.900000000000002,1284,491,-60.0,-50.0
29.0,1271,483,-130.0,-80.0
29.1,1247,473,-240.0,-100.0
29.200000000000003,1238,466,-90.0,-70.0
29.3,1222,458,-160.0,-80.0
29.400000000000002,1199,446,-230.0,-120.0
29.5,1186,438,-130.0,-80.0
29.6,1178,433,-80.0,-50.0
29.700000000000003,1164,425,-140.0,-80.0
29.8,1149,417,-150.0,-80.0
29.900000000000002,1141,413,-80.0,-40.0
30.0,1134,408,-70.0,-50.0
30.1,1121,402,-130.0,-60.0
30.200000000000003,1107,398,-140.0,-40.0
30.3,1096,394,-110.0,-40.0
30.400000000000002,1083,389,-130.0,-50.0
30.5,1075,384,-80.0,-50.0
30.6,1064,379,-110.0,-50.0
30.700000000000003,1055,376,-90.0,-30.0
30.8,1052,375,-30.0,-10.0
30.900000000000002,1052,375,0.0,0.0
31.0,1052,375,0.0,0.0
31.1,1052,375,0.0,0.0
