0.1,897,382,0.0,10.0
0.2,897,382,0.0,0.0
0.30000000000000004,897,382,0.0,0.0
0.4,897,382,0.0,0.0
0.5,897,382,0.0,0.0
0.6000000000000001,878,393,-190.0,110.0
0.7000000000000001,848,417,-300.0,240.0
0.8,825,440,-230.0,230.0
0.9,807,461,-180.0,210.0
1.0,801,471,-60.0,100.0
1.1,797,475,-40.0,40.0
1.2000000000000002,797,476,0.0,10.0
1.3,792,483,-50.0,70.0
1.4000000000000001,780,503,-120.0,200.0
1.5,766,524,-140.0,210.0
1.6,748,554,-180.0,300.0
1.7000000000000002,732,576,-160.0,220.0
1.8,713,595,-190.0,190.0
1.9000000000000001,705,605,-80.0,100.0
2.0,701,611,-40.0,60.0
2.1,696,616,-50.0,50.0
2.2,691,621,-50.0,50.0
2.3000000000000003,676,631,-150.0,100.0
2.4000000000000004,661,647,-150.0,160.0
2.5,641,665,-200.0,180.0
2.6,613,690,-280.0,250.0
2.7,584,716,-290.0,260.0
2.8000000000000003,563,729,-210.0,130.0
2.9000000000000004,548,739,-150.0,100.0
3.0,545,740,-30.0,10.0
3.1,539,743,-60.0,30.0
3.2,529,751,-100.0,80.0
3.3000000000000003,519,762,-100.0,110.0
3.4000000000000004,510,775,-90.0,130.0
3.5,497,791,-130.0,160.0
3.6,489,802,-80.0,110.0
3.7,483,813,-60.0,110.0
3.8000000000000003,480,818,-30.0,50.0
3.9000000000000004,468,829,-120.0,110.0
4.0,457,842,-110.0,130.0
4.1000000000000005,448,854,-90.0,120.0
4.2,440,862,-80.0,80.0
4.3,433,869,-70.0,70.0
4.4,431,873,-20.0,40.0
4.5,429,875,-20.0,20.0
4.6000000000000005,425,881,-40.0,60.0
4.7,422,887,-30.0,60.0
4.800000000000001,415,897,-70.0,100.0
4.9,405,909,-100.0,120.0
5.0,401,917,-40.0,80.0
5.1000000000000005,399,923,-20.0,60.0
5.2,393,930,-60.0,70.0
5.300000000000001,391,934,-20.0,40.0
5.4,390,936,-10.0,20.0
5.5,390,936,0.0,0.0
5.6000000000000005,390,936,0.0,0.0
5.7,390,936,0.0,0.0
5.800000000000001,398,936,80.0,0.0
5.9,412,936,140.0,0.0
6.0,428,936,160.0,0.0
6.1000000000000005,444,936,160.0,0.0
6.2,470,936,260.0,0.0
6.300000000000001,489,935,190.0,-10.0
6.4,505,934,160.0,-10.0
6.5,518,934,130.0,0.0
6.6000000000000005,529,933,110.0,-10.0
6.7,545,932,160.0,-10.0
6.800000000000001,570,929,250.0,-30.0
6.9,597,925,270.0,-40.0
7.0,611,922,140.0,-30.0
7.1000000000000005,630,919,190.0,-30.0
7.2,664,913,340.0,-60.0
7.300000000000001,704,907,400.0,-60.0
7.4,756,904,520.0,-30.0
7.5,801,903,450.0,-10.0
7.6000000000000005,823,901,220.0,-20.0
7.7,840,904,170.0,30.0
7.800000000000001,860,904,200.0,0.0
7.9,893,906,330.0,20.0
8.0,933,908,400.0,20.0
8.1,966,908,330.0,0.0
8.200000000000001,1006,907,400.0,-10.0
8.3,1043,904,370.0,-30.0
8.4,1067,904,240.0,0.0
8.5,1092,905,250.0,10.0
8.6,1115,905,230.0,0.0
8.700000000000001,1137,905,220.0,0.0
8.8,1151,905,140.0,0.0
8.9,1165,905,140.0,0.0
9.0,1179,904,140.0,-10.0
9.1,1189,903,100.0,-10.0
9.200000000000001,1202,901,130.0,-20.0
9.3,1217,900,150.0,-10.0
9.4,1237,899,200.0,-10.0
9.5,1259,899,220.0,0.0
9.600000000000001,1273,901,140.0,20.0
9.700000000000001,1287,901,140.0,0.0
9.8,1300,903,130.0,20.0
9.9,1309,904,90.0,10.0
10.0,1329,906,200.0,20.0
10.100000000000001,1347,906,180.0,0.0
10.200000000000001,1370,908,230.0,20.0
10.3,1387,909,170.0,10.0
10.4,1400,911,130.0,20.0
10.5,1416,913,160.0,20.0
10.600000000000001,1430,913,140.0,0.0
10.700000000000001,1439,914,90.0,10.0
10.8,1451,915,120.0,10.0
10.9,1461,916,100.0,10.0
11.0,1472,917,110.0,10.0
11.100000000000001,1477,918,50.0,10.0
11.200000000000001,1477,918,0.0,0.0
11.3,1488,919,110.0,10.0
11.4,1508,919,200.0,0.0
11.5,1530,919,220.0,0.0
11.600000000000001,1535,919,50.0,0.0
11.700000000000001,1537,919,20.0,0.0
11.8,1544,921,70.0,20.0
11.9,1552,922,80.0,10.0
12.0,1557,923,50.0,10.0
12.100000000000001,1566,924,90.0,10.0
12.200000000000001,1572,925,60.0,10.0
12.3,1579,928,70.0,30.0
12.4,1581,929,20.0,10.0
12.5,1582,930,10.0,10.0
12.600000000000001,1586,931,40.0,10.0
12.700000000000001,1587,931,10.0,0.0
12.8,1587,931,0.0,0.0
12.9,1587,931,0.0,0.0
13.0,1587,931,0.0,0.0
13.100000000000001,1586,931,-10.0,0.0
13.200000000000001,1575,919,-110.0,-120.0
13.3,1557,904,-180.0,-150.0
13.4,1531,885,-260.0,-190.0
13.5,1515,874,-160.0,-110.0
13.600000000000001,1499,861,-160.0,-130.0
13.700000000000001,1487,849,-120.0,-120.0
13.8,1479,843,-80.0,-60.0
13.9,1462,829,-170.0,-140.0
14.0,1441,814,-210.0,-150.0
14.100000000000001,1427,804,-140.0,-100.0
14.200000000000001,1411,790,-160.0,-140.0
14.3,1385,770,-260.0,-200.0
14.4,1368,752,-170.0,-180.0
14.5,1358,738,-100.0,-140.0
14.600000000000001,1345,721,-130.0,-170.0
14.700000000000001,1335,706,-100.0,-150.0
14.8,1324,690,-110.0,-160.0
14.9,1311,671,-130.0,-190.0
15.0,1302,657,-90.0,-140.0
15.100000000000001,1292,642,-100.0,-150.0
15.200000000000001,1279,627,-130.0,-150.0
15.3,1268,616,-110.0,-110.0
15.4,1258,603,-100.0,-130.0
15.5,1251,593,-70.0,-100.0
15.600000000000001,1239,578,-120.0,-150.0
15.700000000000001,1224,562,-150.0,-160.0
15.8,1211,549,-130.0,-130.0
15.9,1201,535,-100.0,-140.0
16.0,1186,515,-150.0,-200.0
16.1,1174,502,-120.0,-130.0
16.2,1163,487,-110.0,-150.0
16.3,1153,476,-100.0,-110.0
16.400000000000002,1144,466,-90.0,-100.0
16.5,1135,456,-90.0,-100.0
16.6,1126,446,-90.0,-100.0
16.7,1118,439,-80.0,-70.0
16.8,1110,429,-80.0,-100.0
16.900000000000002,1098,413,-120.0,-160.0
17.0,1091,404,-70.0,-90.0
17.1,1088,399,-30.0,-50.0
17.2,1084,393,-40.0,-60.0
17.3,1082,391,-20.0,-20.0
17.400000000000002,1082,391,0.0,0.0
17.5,1082,391,0.0,0.0
17.6,1082,391,0.0,0.0
17.7,1073,384,-90.0,-70.0
17.8,1064,379,-90.0,-50.0
17.900000000000002,1063,380,-10.0,10.0
18.0,1057,380,-60.0,0.0
