0.1,881,375,0.0,0.0
0.2,881,375,0.0,0.0
0.30000000000000004,881,375,0.0,0.0
0.4,881,376,0.0,10.0
0.5,880,379,-10.0,30.0
0.6000000000000001,873,400,-70.0,210.0
0.7000000000000001,866,416,-70.0,160.0
0.8,857,431,-90.0,150.0
0.9,851,442,-60.0,110.0
1.0,843,456,-80.0,140.0
1.1,836,468,-70.0,120.0
1.2000000000000002,832,475,-40.0,70.0
1.3,825,483,-70.0,80.0
1.4000000000000001,815,497,-100.0,140.0
1.5,808,507,-70.0,100.0
1.6,803,515,-50.0,80.0
1.7000000000000002,800,519,-30.0,40.0
1.8,795,526,-50.0,70.0
1.9000000000000001,790,533,-50.0,70.0
2.0,783,540,-70.0,70.0
2.1,767,549,-160.0,90.0
2.2,750,561,-170.0,120.0
2.3000000000000003,738,570,-120.0,90.0
2.4000000000000004,729,576,-90.0,60.0
2.5,724,582,-50.0,60.0
2.6,720,587,-40.0,50.0
2.7,711,596,-90.0,90.0
2.8000000000000003,702,604,-90.0,80.0
2.9000000000000004,696,611,-60.0,70.0
3.0,689,620,-70.0,90.0
3.1,681,629,-80.0,90.0
3.2,673,638,-80.0,90.0
3.3000000000000003,668,647,-50.0,90.0
3.4000000000000004,662,656,-60.0,90.0
3.5,652,672,-100.0,160.0
3.6,639,692,-130.0,200.0
3.7,625,712,-140.0,200.0
3.8000000000000003,615,727,-100.0,150.0
3.9000000000000004,610,737,-50.0,100.0
4.0,600,748,-100.0,110.0
4.1000000000000005,586,763,-140.0,150.0
4.2,577,777,-90.0,140.0
4.3,572,785,-50.0,80.0
4.4,563,796,-90.0,110.0
4.5,555,806,-80.0,100.0
4.6000000000000005,546,816,-90.0,100.0
4.7,538,825,-80.0,90.0
4.800000000000001,528,835,-100.0,100.0
4.9,516,848,-120.0,130.0
5.0,501,862,-150.0,140.0
5.1000000000000005,493,870,-80.0,80.0
5.2,481,882,-120.0,120.0
5.300000000000001,471,891,-100.0,90.0
5.4,459,903,-120.0,120.0
5.5,450,913,-90.0,100.0
5.6000000000000005,445,918,-50.0,50.0
5.7,435,926,-100.0,80.0
5.800000000000001,426,932,-90.0,60.0
5.9,420,935,-60.0,30.0
6.0,408,942,-120.0,70.0
6.1000000000000005,396,949,-120.0,70.0
6.2,386,953,-100.0,40.0
6.300000000000001,381,957,-50.0,40.0
6.4,374,961,-70.0,40.0
6.5,369,963,-50.0,20.0
6.6000000000000005,358,968,-110.0,50.0
6.7,355,971,-30.0,30.0
6.800000000000001,354,971,-10.0,0.0
6.9,348,974,-60.0,30.0
7.0,347,975,-10.0,10.0
7.1000000000000005,346,975,-10.0,0.0
7.2,346,975,0.0,0.0
7.300000000000001,342,978,-40.0,30.0
7.4,336,982,-60.0,40.0
7.5,335,982,-10.0,0.0
7.6000000000000005,335,982,0.0,0.0
7.7,335,982,0.0,0.0
7.800000000000001,335,982,0.0,0.0
7.9,335,982,0.0,0.0
8.0,331,987,-40.0,50.0
8.1,327,991,-40.0,40.0
8.200000000000001,326,991,-10.0,0.0
8.3,326,991,0.0,0.0
8.4,327,991,10.0,0.0
8.5,327,991,0.0,0.0
8.6,327,991,0.0,0.0
8.700000000000001,336,989,90.0,-20.0
8.8,347,987,110.0,-20.0
8.9,362,985,150.0,-20.0
9.0,374,984,120.0,-10.0
9.1,379,984,50.0,0.0
9.200000000000001,391,983,120.0,-10.0
9.3,420,980,290.0,-30.0
9.4,437,980,170.0,0.0
9.5,441,980,40.0,0.0
9.600000000000001,453,979,120.0,-10.0
9.700000000000001,465,979,120.0,0.0
9.8,479,978,140.0,-10.0
9.9,498,977,190.0,-10.0
10.0,520,975,220.0,-20.0
10.100000000000001,535,975,150.0,0.0
10.200000000000001,549,975,140.0,0.0
10.3,567,974,180.0,-10.0
10.4,583,972,160.0,-20.0
10.5,605,973,220.0,10.0
10.600000000000001,627,974,220.0,10.0
10.700000000000001,644,976,170.0,20.0
10.8,676,981,320.0,50.0
10.9,704,985,280.0,40.0
11.0,718,987,140.0,20.0
11.100000000000001,722,988,40.0,10.0
11.200000000000001,734,989,120.0,10.0
11.3,761,992,270.0,30.0
11.4,784,992,230.0,0.0
11.5,819,993,350.0,10.0
11.600000000000001,848,993,290.0,0.0
11.700000000000001,868,993,200.0,0.0
11.8,893,993,250.0,0.0
11.9,915,993,220.0,0.0
12.0,932,993,170.0,0.0
12.100000000000001,964,992,320.0,-10.0
12.200000000000001,997,992,330.0,0.0
12.3,1016,993,190.0,10.0
12.4,1039,995,230.0,20.0
12.5,1053,996,140.0,10.0
12.600000000000001,1060,998,70.0,20.0
12.700000000000001,1069,1000,90.0,20.0
12.8,1090,1006,210.0,60.0
12.9,1112,1012,220.0,60.0
13.0,1135,1019,230.0,70.0
13.100000000000001,1159,1024,240.0,50.0
13.200000000000001,1187,1026,280.0,20.0
13.3,1210,1026,230.0,0.0
13.4,1247,1026,370.0,0.0
13.5,1291,1024,440.0,-20.0
13.600000000000001,1328,1021,370.0,-30.0
13.700000000000001,1351,1015,230.0,-60.0
13.8,1354,1014,30.0,-10.0
13.9,1368,1014,140.0,0.0
14.0,1381,1013,130.0,-10.0
14.100000000000001,1393,1012,120.0,-10.0
14.200000000000001,1405,1011,120.0,-10.0
14.3,1416,1011,110.0,0.0
14.4,1434,1011,180.0,0.0
14.5,1446,1010,120.0,-10.0
14.600000000000001,1457,1010,110.0,0.0
14.700000000000001,1465,1008,80.0,-20.0
14.8,1467,1006,20.0,-20.0
14.9,1467,1004,0.0,-20.0
15.0,1466,998,-10.0,-60.0
15.100000000000001,1461,993,-50.0,-50.0
15.200000000000001,1461,992,0.0,-10.0
15.3,1459,991,-20.0,-10.0
15.4,1458,992,-10.0,10.0
15.5,1458,992,0.0,0.0
15.600000000000001,1457,992,-10.0,0.0
15.700000000000001,1451,991,-60.0,-10.0
15.8,1444,988,-70.0,-30.0
15.9,1430,979,-140.0,-90.0
16.0,1420,970,-100.0,-90.0
16.1,1407,947,-130.0,-230.0
16.2,1389,909,-180.0,-380.0
16.3,1379,880,-100.0,-290.0
16.400000000000002,1369,858,-100.0,-220.0
16.5,1362,842,-70.0,-160.0
16.6,1346,813,-160.0,-290.0
16.7,1320,775,-260.0,-380.0
16.8,1303,738,-170.0,-370.0
16.900000000000002,1293,714,-100.0,-240.0
17.0,1273,675,-200.0,-390.0
17.1,1257,646,-160.0,-290.0
17.2,1247,627,-100.0,-190.0
17.3,1228,598,-190.0,-290.0
17.400000000000002,1219,578,-90.0,-200.0
17.5,1214,564,-50.0,-140.0
17.6,1200,544,-140.0,-200.0
17.7,1185,519,-150.0,-250.0
17.8,1178,507,-70.0,-120.0
17.900000000000002,1162,486,-160.0,-210.0
18.0,1141,460,-210.0,-260.0
18.1,1137,455,-40.0,-50.0
18.2,1131,445,-60.0,-100.0
18.3,1118,433,-130.0,-120.0
18.400000000000002,1114,429,-40.0,-40.0
18.5,1109,422,-50.0,-70.0
18.6,1095,409,-140.0,-130.0
18.7,1088,404,-70.0,-50.0
18.8,1085,400,-30.0,-40.0
18.900000000000002,1078,392,-70.0,-80.0
19.0,1073,388,-50.0,-40.0
19.1,1070,385,-30.0,-30.0
19.200000000000003,1069,384,-10.0,-10.0
19.3,1069,384,0.0,0.0
