0.1,902,377,0.0,0.0
0.2,902,378,0.0,10.0
0.30000000000000004,902,378,0.0,0.0
0.4,902,378,0.0,0.0
0.5,896,384,-60.0,60.0
0.6000000000000001,886,405,-100.0,210.0
0.7000000000000001,877,425,-90.0,200.0
0.8,871,439,-60.0,140.0
0.9,866,447,-50.0,80.0
1.0,860,454,-60.0,70.0
1.1,859,459,-10.0,50.0
1.2000000000000002,850,471,-90.0,120.0
1.3,835,488,-150.0,170.0
1.4000000000000001,831,497,-40.0,90.0
1.5,828,502,-30.0,50.0
1.6,821,511,-70.0,90.0
1.7000000000000002,815,519,-60.0,80.0
1.8,810,529,-50.0,100.0
1.9000000000000001,799,545,-110.0,160.0
2.0,791,561,-80.0,160.0
2.1,784,575,-70.0,140.0
2.2,779,589,-50.0,140.0
2.3000000000000003,774,604,-50.0,150.0
2.4000000000000004,773,616,-10.0,120.0
2.5,770,629,-30.0,130.0
2.6,763,647,-70.0,180.0
2.7,758,661,-50.0,140.0
2.8000000000000003,751,677,-70.0,160.0
2.9000000000000004,745,692,-60.0,150.0
3.0,742,700,-30.0,80.0
3.1,738,708,-40.0,80.0
3.2,732,726,-60.0,180.0
3.3000000000000003,722,748,-100.0,220.0
3.4000000000000004,710,766,-120.0,180.0
3.5,695,793,-150.0,270.0
3.6,688,807,-70.0,140.0
3.7,683,815,-50.0,80.0
3.8000000000000003,676,824,-70.0,90.0
3.9000000000000004,670,837,-60.0,130.0
4.0,665,847,-50.0,100.0
4.1000000000000005,657,860,-80.0,130.0
4.2,648,875,-90.0,150.0
4.3,643,885,-50.0,100.0
4.4,638,896,-50.0,110.0
4.5,630,907,-80.0,110.0
4.6000000000000005,627,915,-30.0,80.0
4.7,622,926,-50.0,110.0
4.800000000000001,614,938,-80.0,120.0
4.9,610,947,-40.0,90.0
5.0,607,952,-30.0,50.0
5.1000000000000005,603,957,-40.0,50.0
5.2,598,962,-50.0,50.0
5.300000000000001,595,966,-30.0,40.0
5.4,587,971,-80.0,50.0
5.5,580,978,-70.0,70.0
5.6000000000000005,577,982,-30.0,40.0
5.7,575,985,-20.0,30.0
5.800000000000001,573,989,-20.0,40.0
5.9,570,995,-30.0,60.0
6.0,569,1000,-10.0,50.0
6.1000000000000005,568,1003,-10.0,30.0
6.2,567,1005,-10.0,20.0
6.300000000000001,565,1010,-20.0,50.0
6.4,564,1015,-10.0,50.0
6.5,564,1015,0.0,0.0
6.6000000000000005,564,1015,0.0,0.0
6.7,564,1015,0.0,0.0
6.800000000000001,564,1015,0.0,0.0
6.9,564,1015,0.0,0.0
7.0,577,1008,130.0,-70.0
7.1000000000000005,607,1001,300.0,-70.0
7.2,618,998,110.0,-30.0
7.300000000000001,625,998,70.0,0.0
7.4,635,998,100.0,0.0
7.5,646,998,110.0,0.0
7.6000000000000005,661,999,150.0,10.0
7.7,680,999,190.0,0.0
7.800000000000001,696,1001,160.0,20.0
7.9,715,1003,190.0,20.0
8.0,730,1007,150.0,40.0
8.1,746,1010,160.0,30.0
8.200000000000001,775,1014,290.0,40.0
8.3,808,1021,330.0,70.0
8.4,825,1026,170.0,50.0
8.5,844,1031,190.0,50.0
8.6,870,1034,260.0,30.0
8.700000000000001,900,1038,300.0,40.0
8.8,922,1041,220.0,30.0
8.9,943,1042,210.0,10.0
9.0,962,1046,190.0,40.0
9.1,975,1048,130.0,20.0
9.200000000000001,989,1052,140.0,40.0
9.3,1007,1056,180.0,40.0
9.4,1037,1061,300.0,50.0
9.5,1072,1066,350.0,50.0
9.600000000000001,1107,1073,350.0,70.0
9.700000000000001,1133,1075,260.0,20.0
9.8,1152,1079,190.0,40.0
9.9,1158,1081,60.0,20.0
10.0,1163,1084,50.0,30.0
10.100000000000001,1175,1089,120.0,50.0
10.200000000000001,1190,1095,150.0,60.0
10.3,1207,1100,170.0,50.0
10.4,1220,1103,130.0,30.0
10.5,1231,1107,110.0,40.0
10.600000000000001,1249,1110,180.0,30.0
10.700000000000001,1267,1113,180.0,30.0
10.8,1279,1116,120.0,30.0
10.9,1293,1119,140.0,30.0
11.0,1308,1120,150.0,10.0
11.100000000000001,1328,1123,200.0,30.0
11.200000000000001,1347,1125,190.0,20.0
11.3,1364,1126,170.0,10.0
11.4,1369,1129,50.0,30.0
11.5,1376,1132,70.0,30.0
11.600000000000001,1394,1135,180.0,30.0
11.700000000000001,1418,1137,240.0,20.0
11.8,1428,1140,100.0,30.0
11.9,1438,1141,100.0,10.0
12.0,1445,1142,70.0,10.0
12.100000000000001,1464,1144,190.0,20.0
12.200000000000001,1483,1144,190.0,0.0
12.3,1493,1143,100.0,-10.0
12.4,1503,1144,100.0,10.0
12.5,1511,1143,80.0,-10.0
12.600000000000001,1523,1143,120.0,0.0
12.700000000000001,1531,1144,80.0,10.0
12.8,1532,1144,10.0,0.0
12.9,1541,1144,90.0,0.0
13.0,1557,1143,160.0,-10.0
13.100000000000001,1561,1142,40.0,-10.0
13.200000000000001,1561,1142,0.0,0.0
13.3,1562,1142,10.0,0.0
13.4,1564,1139,20.0,-30.0
13.5,1563,1139,-10.0,0.0
13.600000000000001,1562,1138,-10.0,-10.0
13.700000000000001,1560,1136,-20.0,-20.0
13.8,1559,1136,-10.0,0.0
13.9,1559,1132,0.0,-40.0
14.0,1558,1128,-10.0,-40.0
14.100000000000001,1557,1127,-10.0,-10.0
14.200000000000001,1555,1123,-20.0,-40.0
14.3,1555,1120,0.0,-30.0
14.4,1553,1118,-20.0,-20.0
14.5,1546,1109,-70.0,-90.0
14.600000000000001,1540,1100,-60.0,-90.0
14.700000000000001,1532,1088,-80.0,-120.0
14.8,1512,1066,-200.0,-220.0
14.9,1504,1056,-80.0,-100.0
15.0,1490,1037,-140.0,-190.0
15.100000000000001,1469,1011,-210.0,-260.0
15.200000000000001,1462,1001,-70.0,-100.0
15.3,1453,987,-90.0,-140.0
15.4,1432,959,-210.0,-280.0
15.5,1420,945,-120.0,-140.0
15.600000000000001,1410,929,-100.0,-160.0
15.700000000000001,1393,906,-170.0,-230.0
15.8,1378,888,-150.0,-180.0
15.9,1370,875,-80.0,-130.0
16.0,1360,864,-100.0,-110.0
16.1,1352,852,-80.0,-120.0
16.2,1346,841,-60.0,-110.0
16.3,1338,829,-80.0,-120.0
16.400000000000002,1318,803,-200.0,-260.0
16.5,1304,779,-140.0,-240.0
16.6,1290,755,-140.0,-240.0
16.7,1274,731,-160.0,-240.0
16.8,1261,711,-130.0,-200.0
16.900000000000002,1251,692,-100.0,-190.0
17.0,1243,676,-80.0,-160.0
17.1,1234,657,-90.0,-190.0
17.2,1221,630,-130.0,-270.0
17.3,1212,610,-90.0,-200.0
17.400000000000002,1199,585,-130.0,-250.0
17.5,1185,561,-140.0,-240.0
17.6,1170,536,-150.0,-250.0
17.7,1159,519,-110.0,-170.0
17.8,1147,501,-120.0,-180.0
17.900000000000002,1138,486,-90.0,-150.0
18.0,1126,470,-120.0,-160.0
18.1,1120,458,-60.0,-120.0
18.2,1111,443,-90.0,-150.0
18.3,1107,436,-40.0,-70.0
18.400000000000002,1104,429,-30.0,-70.0
18.5,1097,419,-70.0,-100.0
18.6,1091,410,-60.0,-90.0
18.7,1086,403,-50.0,-70.0
18.8,1080,396,-60.0,-70.0
18.900000000000002,1074,389,-60.0,-70.0
19.0,1066,382,-80.0,-70.0
19.1,1065,381,-10.0,-10.0
19.200000000000003,1065,381,0.0,0.0
