0.1,911,374,0.0,0.0
0.2,911,374,0.0,0.0
0.30000000000000004,911,374,0.0,0.0
0.4,911,374,0.0,0.0
0.5,910,374,-10.0,0.0
0.6000000000000001,869,417,-410.0,430.0
0.7000000000000001,824,470,-450.0,530.0
0.8,805,502,-190.0,320.0
0.9,796,519,-90.0,170.0
1.0,789,530,-70.0,110.0
1.1,780,544,-90.0,140.0
1.2000000000000002,768,561,-120.0,170.0
1.3,755,583,-130.0,220.0
1.4000000000000001,743,606,-120.0,230.0
1.5,731,628,-120.0,220.0
1.6,716,658,-150.0,300.0
1.7000000000000002,710,673,-60.0,150.0
1.8,700,692,-100.0,190.0
1.9000000000000001,686,722,-140.0,300.0
2.0,675,746,-110.0,240.0
2.1,667,767,-80.0,210.0
2.2,662,781,-50.0,140.0
2.3000000000000003,657,799,-50.0,180.0
2.4000000000000004,652,808,-50.0,90.0
2.5,650,813,-20.0,50.0
2.6,644,822,-60.0,90.0
2.7,634,838,-100.0,160.0
2.8000000000000003,628,854,-60.0,160.0
2.9000000000000004,623,865,-50.0,110.0
3.0,610,886,-130.0,210.0
3.1,603,905,-70.0,190.0
3.2,597,919,-60.0,140.0
3.3000000000000003,594,928,-30.0,90.0
3.4000000000000004,589,938,-50.0,100.0
3.5,585,947,-40.0,90.0
3.6,579,958,-60.0,110.0
3.7,571,970,-80.0,120.0
3.8000000000000003,568,974,-30.0,40.0
3.9000000000000004,567,976,-10.0,20.0
4.0,567,977,0.0,10.0
4.1000000000000005,567,977,0.0,0.0
4.2,567,977,0.0,0.0
4.3,575,977,80.0,0.0
4.4,602,977,270.0,0.0
4.5,630,977,280.0,0.0
4.6000000000000005,645,980,150.0,30.0
4.7,659,985,140.0,50.0
4.800000000000001,685,989,260.0,40.0
4.9,713,995,280.0,60.0
5.0,749,1002,360.0,70.0
5.1000000000000005,786,1009,370.0,70.0
5.2,811,1013,250.0,40.0
5.300000000000001,840,1018,290.0,50.0
5.4,857,1023,170.0,50.0
5.5,865,1027,80.0,40.0
5.6000000000000005,884,1035,190.0,80.0
5.7,895,1040,110.0,50.0
5.800000000000001,906,1047,110.0,70.0
5.9,925,1055,190.0,80.0
6.0,947,1063,220.0,80.0
6.1000000000000005,963,1071,160.0,80.0
6.2,979,1077,160.0,60.0
6.300000000000001,1004,1082,250.0,50.0
6.4,1018,1087,140.0,50.0
6.5,1035,1092,170.0,50.0
6.6000000000000005,1052,1097,170.0,50.0
6.7,1069,1105,170.0,80.0
6.800000000000001,1091,1114,220.0,90.0
6.9,1117,1123,260.0,90.0
7.0,1130,1126,130.0,30.0
7.1000000000000005,1143,1131,130.0,50.0
7.2,1157,1133,140.0,20.0
7.300000000000001,1177,1137,200.0,40.0
7.4,1200,1138,230.0,10.0
7.5,1227,1138,270.0,0.0
7.6000000000000005,1246,1138,190.0,0.0
7.7,1275,1136,290.0,-20.0
7.800000000000001,1292,1136,170.0,0.0
7.9,1298,1136,60.0,0.0
8.0,1309,1136,110.0,0.0
8.1,1328,1136,190.0,0.0
8.200000000000001,1354,1136,260.0,0.0
8.3,1372,1136,180.0,0.0
8.4,1389,1138,170.0,20.0
8.5,1411,1141,220.0,30.0
8.6,1428,1142,170.0,10.0
8.700000000000001,1438,1144,100.0,20.0
8.8,1444,1144,60.0,0.0
8.9,1450,1144,60.0,0.0
9.0,1460,1143,100.0,-10.0
9.1,1475,1141,150.0,-20.0
9.200000000000001,1484,1138,90.0,-30.0
9.3,1492,1137,80.0,-10.0
9.4,1498,1134,60.0,-30.0
9.5,1505,1133,70.0,-10.0
9.600000000000001,1510,1133,50.0,0.0
9.700000000000001,1511,1133,10.0,0.0
9.8,1511,1133,0.0,0.0
9.9,1511,1133,0.0,0.0
10.0,1511,1133,0.0,0.0
10.100000000000001,1511,1133,0.0,0.0
10.200000000000001,1511,1133,0.0,0.0
10.3,1511,1133,0.0,0.0
10.4,1505,1126,-60.0,-70.0
10.5,1486,1107,-190.0,-190.0
10.600000000000001,1457,1075,-290.0,-320.0
10.700000000000001,1440,1047,-170.0,-280.0
10.8,1429,1031,-110.0,-160.0
10.9,1423,1020,-60.0,-110.0
11.0,1417,1004,-60.0,-160.0
11.100000000000001,1411,989,-60.0,-150.0
11.200000000000001,1405,969,-60.0,-200.0
11.3,1401,940,-40.0,-290.0
11.4,1396,907,-50.0,-330.0
11.5,1387,879,-90.0,-280.0
11.600000000000001,1382,850,-50.0,-290.0
11.700000000000001,1375,825,-70.0,-250.0
11.8,1353,790,-220.0,-350.0
11.9,1329,752,-240.0,-380.0
12.0,1320,733,-90.0,-190.0
12.100000000000001,1311,711,-90.0,-220.0
12.200000000000001,1293,686,-180.0,-250.0
12.3,1283,667,-100.0,-190.0
12.4,1272,652,-110.0,-150.0
12.5,1256,626,-160.0,-260.0
12.600000000000001,1241,606,-150.0,-200.0
12.700000000000001,1221,582,-200.0,-240.0
12.8,1195,555,-260.0,-270.0
12.9,1176,534,-190.0,-210.0
13.0,1165,523,-110.0,-110.0
13.100000000000001,1147,505,-180.0,-180.0
13.200000000000001,1132,489,-150.0,-160.0
13.3,1124,477,-80.0,-120.0
13.4,1112,461,-120.0,-160.0
13.5,1103,447,-90.0,-140.0
13.600000000000001,1097,436,-60.0,-110.0
13.700000000000001,1093,427,-40.0,-90.0
13.8,1086,415,-70.0,-120.0
13.9,1083,408,-30.0,-70.0
14.0,1080,401,-30.0,-70.0
14.100000000000001,1079,396,-10.0,-50.0
14.200000000000001,1076,391,-30.0,-50.0
14.3,1071,382,-50.0,-90.0
14.4,1068,377,-30.0,-50.0
14.5,1068,377,0.0,0.0
