0.1,890,381,0.0,0.0
0.2,890,381,0.0,0.0
0.30000000000000004,890,382,0.0,10.0
0.4,889,396,-10.0,140.0
0.5,886,411,-30.0,150.0
0.6000000000000001,881,421,-50.0,100.0
0.7000000000000001,876,432,-50.0,110.0
0.8,873,441,-30.0,90.0
0.9,864,455,-90.0,140.0
1.0,856,474,-80.0,190.0
1.1,850,491,-60.0,170.0
1.2000000000000002,847,507,-30.0,160.0
1.3,845,521,-20.0,140.0
1.4000000000000001,842,537,-30.0,160.0
1.5,834,557,-80.0,200.0
1.6,829,576,-50.0,190.0
1.7000000000000002,827,589,-20.0,130.0
1.8,827,599,0.0,100.0
1.9000000000000001,824,611,-30.0,120.0
2.0,820,628,-40.0,170.0
2.1,820,648,0.0,200.0
2.2,820,664,0.0,160.0
2.3000000000000003,816,683,-40.0,190.0
2.4000000000000004,812,697,-40.0,140.0
2.5,806,709,-60.0,120.0
2.6,801,719,-50.0,100.0
2.7,794,730,-70.0,110.0
2.8000000000000003,788,743,-60.0,130.0
2.9000000000000004,784,754,-40.0,110.0
3.0,782,762,-20.0,80.0
3.1,781,772,-10.0,100.0
3.2,781,784,0.0,120.0
3.3000000000000003,779,799,-20.0,150.0
3.4000000000000004,778,810,-10.0,110.0
3.5,777,824,-10.0,140.0
3.6,777,835,0.0,110.0
3.7,772,853,-50.0,180.0
3.8000000000000003,767,866,-50.0,130.0
3.9000000000000004,762,881,-50.0,150.0
4.0,752,900,-100.0,190.0
4.1000000000000005,742,918,-100.0,180.0
4.2,736,936,-60.0,180.0
4.3,726,951,-100.0,150.0
4.4,717,965,-90.0,140.0
4.5,712,974,-50.0,90.0
4.6000000000000005,709,983,-30.0,90.0
4.7,704,994,-50.0,110.0
4.800000000000001,699,1003,-50.0,90.0
4.9,696,1012,-30.0,90.0
5.0,691,1020,-50.0,80.0
5.1000000000000005,687,1029,-40.0,90.0
5.2,684,1037,-30.0,80.0
5.300000000000001,684,1041,0.0,40.0
5.4,683,1048,-10.0,70.0
5.5,683,1053,0.0,50.0
5.6000000000000005,683,1059,0.0,60.0
5.7,684,1062,10.0,30.0
5.800000000000001,684,1064,0.0,20.0
5.9,683,1068,-10.0,40.0
6.0,683,1068,0.0,0.0
6.1000000000000005,683,1068,0.0,0.0
6.2,682,1069,-10.0,10.0
6.300000000000001,680,1072,-20.0,30.0
6.4,680,1073,0.0,10.0
6.5,680,1073,0.0,0.0
6.6000000000000005,680,1073,0.0,0.0
6.7,680,1073,0.0,0.0
6.800000000000001,680,1073,0.0,0.0
6.9,693,1065,130.0,-80.0
7.0,716,1059,230.0,-60.0
7.1000000000000005,725,1057,90.0,-20.0
7.2,730,1057,50.0,0.0
7.300000000000001,741,1057,110.0,0.0
7.4,756,1056,150.0,-10.0
7.5,773,1056,170.0,0.0
7.6000000000000005,780,1056,70.0,0.0
7.7,793,1055,130.0,-10.0
7.800000000000001,814,1055,210.0,0.0
7.9,841,1054,270.0,-10.0
8.0,863,1054,220.0,0.0
8.1,889,1055,260.0,10.0
8.200000000000001,906,1055,170.0,0.0
8.3,917,1055,110.0,0.0
8.4,931,1056,140.0,10.0
8.5,953,1056,220.0,0.0
8.6,972,1056,190.0,0.0
8.700000000000001,995,1057,230.0,10.0
8.8,1023,1057,280.0,0.0
8.9,1048,1056,250.0,-10.0
9.0,1070,1056,220.0,0.0
9.1,1087,1057,170.0,10.0
9.200000000000001,1106,1057,190.0,0.0
9.3,1123,1058,170.0,10.0
9.4,1149,1057,260.0,-10.0
9.5,1167,1055,180.0,-20.0
9.600000000000001,1176,1052,90.0,-30.0
9.700000000000001,1186,1051,100.0,-10.0
9.8,1201,1048,150.0,-30.0
9.9,1215,1047,140.0,-10.0
10.0,1230,1046,150.0,-10.0
10.100000000000001,1249,1045,190.0,-10.0
10.200000000000001,1263,1045,140.0,0.0
10.3,1271,1046,80.0,10.0
10.4,1275,1046,40.0,0.0
10.5,1284,1046,90.0,0.0
10.600000000000001,1300,1046,160.0,0.0
10.700000000000001,1319,1043,190.0,-30.0
10.8,1325,1042,60.0,-10.0
10.9,1333,1041,80.0,-10.0
11.0,1340,1040,70.0,-10.0
11.100000000000001,1348,1039,80.0,-10.0
11.200000000000001,1354,1038,60.0,-10.0
11.3,1357,1038,30.0,0.0
11.4,1358,1038,10.0,0.0
11.5,1361,1038,30.0,0.0
11.600000000000001,1370,1038,90.0,0.0
11.700000000000001,1375,1038,50.0,0.0
11.8,1378,1039,30.0,10.0
11.9,1380,1039,20.0,0.0
12.0,1378,1038,-20.0,-10.0
12.100000000000001,1380,1038,20.0,0.0
12.200000000000001,1384,1038,40.0,0.0
12.3,1381,1035,-30.0,-30.0
12.4,1378,1033,-30.0,-20.0
12.5,1376,1030,-20.0,-30.0
12.600000000000001,1370,1015,-60.0,-150.0
12.700000000000001,1363,1001,-70.0,-140.0
12.8,1357,988,-60.0,-130.0
12.9,1345,969,-120.0,-190.0
13.0,1340,960,-50.0,-90.0
13.100000000000001,1340,954,0.0,-60.0
13.200000000000001,1343,945,30.0,-90.0
13.3,1347,931,40.0,-140.0
13.4,1351,917,40.0,-140.0
13.5,1345,902,-60.0,-150.0
13.600000000000001,1336,883,-90.0,-190.0
13.700000000000001,1324,865,-120.0,-180.0
13.8,1314,849,-100.0,-160.0
13.9,1304,832,-100.0,-170.0
14.0,1293,815,-110.0,-170.0
14.100000000000001,1281,795,-120.0,-200.0
14.200000000000001,1269,772,-120.0,-230.0
14.3,1259,750,-100.0,-220.0
14.4,1252,728,-70.0,-220.0
14.5,1248,713,-40.0,-150.0
14.600000000000001,1242,696,-60.0,-170.0
14.700000000000001,1237,682,-50.0,-140.0
14.8,1230,665,-70.0,-170.0
14.9,1222,647,-80.0,-180.0
15.0,1215,633,-70.0,-140.0
15.100000000000001,1204,613,-110.0,-200.0
15.200000000000001,1186,589,-180.0,-240.0
15.3,1176,575,-100.0,-140.0
15.4,1168,563,-80.0,-120.0
15.5,1155,548,-130.0,-150.0
15.600000000000001,1144,535,-110.0,-130.0
15.700000000000001,1134,525,-100.0,-100.0
15.8,1126,514,-80.0,-110.0
15.9,1113,499,-130.0,-150.0
16.0,1093,479,-200.0,-200.0
16.1,1082,464,-110.0,-150.0
16.2,1071,449,-110.0,-150.0
16.3,1058,428,-130.0,-210.0
16.400000000000002,1052,413,-60.0,-150.0
16.5,1049,403,-30.0,-100.0
16.6,1046,391,-30.0,-120.0
16.7,1046,387,0.0,-40.0
16.8,1045,381,-10.0,-60.0
16.900000000000002,1045,378,0.0,-30.0
17.0,1045,377,0.0,-10.0
17.1,1045,377,0.0,0.0
