0.1,891,364,0.0,0.0
0.2,891,364,0.0,0.0
0.30000000000000004,891,364,0.0,0.0
0.4,891,364,0.0,0.0
0.5,891,364,0.0,0.0
0.6000000000000001,891,364,0.0,0.0
0.7000000000000001,890,365,-10.0,10.0
0.8,870,379,-200.0,140.0
0.9,843,391,-270.0,120.0
1.0,834,396,-90.0,50.0
1.1,826,400,-80.0,40.0
1.2000000000000002,810,407,-160.0,70.0
1.3,797,415,-130.0,80.0
1.4000000000000001,786,424,-110.0,90.0
1.5,780,431,-60.0,70.0
1.6,776,435,-40.0,40.0
1.7000000000000002,771,441,-50.0,60.0
1.8,765,453,-60.0,120.0
1.9000000000000001,758,465,-70.0,120.0
2.0,751,475,-70.0,100.0
2.1,744,485,-70.0,100.0
2.2,736,503,-80.0,180.0
2.3000000000000003,723,524,-130.0,210.0
2.4000000000000004,708,543,-150.0,190.0
2.5,698,561,-100.0,180.0
2.6,691,572,-70.0,110.0
2.7,686,582,-50.0,100.0
2.8000000000000003,682,591,-40.0,90.0
2.9000000000000004,676,602,-60.0,110.0
3.0,669,614,-70.0,120.0
3.1,661,626,-80.0,120.0
3.2,655,636,-60.0,100.0
3.3000000000000003,647,649,-80.0,130.0
3.4000000000000004,636,671,-110.0,220.0
3.5,621,697,-150.0,260.0
3.6,610,718,-110.0,210.0
3.7,598,741,-120.0,230.0
3.8000000000000003,588,760,-100.0,190.0
3.9000000000000004,582,770,-60.0,100.0
4.0,578,779,-40.0,90.0
4.1000000000000005,572,789,-60.0,100.0
4.2,566,798,-60.0,90.0
4.3,562,807,-40.0,90.0
4.4,555,819,-70.0,120.0
4.5,548,834,-70.0,150.0
4.6000000000000005,541,854,-70.0,200.0
4.7,536,875,-50.0,210.0
4.800000000000001,534,890,-20.0,150.0
4.9,532,901,-20.0,110.0
5.0,529,910,-30.0,90.0
5.1000000000000005,526,919,-30.0,90.0
5.2,525,922,-10.0,30.0
5.300000000000001,525,922,0.0,0.0
5.4,525,922,0.0,0.0
5.5,522,934,-30.0,120.0
5.6000000000000005,516,950,-60.0,160.0
5.7,510,964,-60.0,140.0
5.800000000000001,504,976,-60.0,120.0
5.9,500,984,-40.0,80.0
6.0,497,989,-30.0,50.0
6.1000000000000005,494,993,-30.0,40.0
6.2,491,997,-30.0,40.0
6.300000000000001,489,1001,-20.0,40.0
6.4,484,1008,-50.0,70.0
6.5,481,1012,-30.0,40.0
6.6000000000000005,477,1019,-40.0,70.0
6.7,476,1021,-10.0,20.0
6.800000000000001,473,1024,-30.0,30.0
6.9,470,1029,-30.0,50.0
7.0,465,1035,-50.0,60.0
7.1000000000000005,462,1039,-30.0,40.0
7.2,462,1040,0.0,10.0
7.300000000000001,462,1040,0.0,0.0
7.4,461,1041,-10.0,10.0
7.5,459,1043,-20.0,20.0
7.6000000000000005,458,1044,-10.0,10.0
7.7,458,1044,0.0,0.0
7.800000000000001,458,1044,0.0,0.0
7.9,458,1044,0.0,0.0
8.0,458,1045,0.0,10.0
8.1,457,1045,-10.0,0.0
8.200000000000001,452,1049,-50.0,40.0
8.3,449,1051,-30.0,20.0
8.4,449,1051,0.0,0.0
8.5,449,1050,0.0,-10.0
8.6,449,1050,0.0,0.0
8.700000000000001,449,1050,0.0,0.0
8.8,449,1050,0.0,0.0
8.9,454,1049,50.0,-10.0
9.0,488,1039,340.0,-100.0
9.1,511,1034,230.0,-50.0
9.200000000000001,530,1033,190.0,-10.0
9.3,547,1031,170.0,-20.0
9.4,571,1028,240.0,-30.0
9.5,609,1021,380.0,-70.0
9.600000000000001,645,1012,360.0,-90.0
9.700000000000001,674,1005,290.0,-70.0
9.8,699,1000,250.0,-50.0
9.9,719,995,200.0,-50.0
10.0,733,994,140.0,-10.0
10.100000000000001,756,992,230.0,-20.0
10.200000000000001,785,991,290.0,-10.0
10.3,810,993,250.0,20.0
10.4,838,996,280.0,30.0
10.5,860,996,220.0,0.0
10.600000000000001,876,998,160.0,20.0
10.700000000000001,896,999,200.0,10.0
10.8,914,1001,180.0,20.0
10.9,929,1002,150.0,10.0
11.0,941,1003,120.0,10.0
11.100000000000001,953,1004,120.0,10.0
11.200000000000001,969,1005,160.0,10.0
11.3,997,1007,280.0,20.0
11.4,1033,1007,360.0,0.0
11.5,1063,1007,300.0,0.0
11.600000000000001,1102,1007,390.0,0.0
11.700000000000001,1134,1007,320.0,0.0
11.8,1157,1007,230.0,0.0
11.9,1195,1006,380.0,-10.0
12.0,1224,1004,290.0,-20.0
12.100000000000001,1239,1004,150.0,0.0
12.200000000000001,1256,1004,170.0,0.0
12.3,1276,1003,200.0,-10.0
12.4,1304,998,280.0,-50.0
12.5,1320,998,160.0,0.0
12.600000000000001,1329,998,90.0,0.0
12.700000000000001,1347,996,180.0,-20.0
12.8,1362,994,150.0,-20.0
12.9,1382,994,200.0,0.0
13.0,1399,992,170.0,-20.0
13.100000000000001,1418,992,190.0,0.0
13.200000000000001,1436,991,180.0,-10.0
13.3,1464,989,280.0,-20.0
13.4,1490,988,260.0,-10.0
13.5,1498,986,80.0,-20.0
13.600000000000001,1501,986,30.0,0.0
13.700000000000001,1511,986,100.0,0.0
13.8,1527,986,160.0,0.0
13.9,1543,986,160.0,0.0
14.0,1553,986,100.0,0.0
14.100000000000001,1560,986,70.0,0.0
14.200000000000001,1583,984,230.0,-20.0
14.3,1597,983,140.0,-10.0
14.4,1605,983,80.0,0.0
14.5,1620,982,150.0,-10.0
14.600000000000001,1636,981,160.0,-10.0
14.700000000000001,1644,981,80.0,0.0
14.8,1650,981,60.0,0.0
14.9,1652,981,20.0,0.0
15.0,1658,980,60.0,-10.0
15.100000000000001,1675,978,170.0,-20.0
15.200000000000001,1695,977,200.0,-10.0
15.3,1696,976,10.0,-10.0
15.4,1696,976,0.0,0.0
15.5,1696,976,0.0,0.0
15.600000000000001,1696,976,0.0,0.0
15.700000000000001,1696,976,0.0,0.0
15.8,1696,976,0.0,0.0
15.9,1690,970,-60.0,-60.0
16.0,1677,961,-130.0,-90.0
16.1,1665,951,-120.0,-100.0
16.2,1654,942,-110.0,-90.0
16.3,1631,929,-230.0,-130.0
16.400000000000002,1598,914,-330.0,-150.0
16.5,1580,905,-180.0,-90.0
16.6,1565,896,-150.0,-90.0
16.7,1545,883,-200.0,-130.0
16.8,1526,867,-190.0,-160.0
16.900000000000002,1508,851,-180.0,-160.0
17.0,1477,829,-310.0,-220.0
17.1,1456,813,-210.0,-160.0
17.2,1431,791,-250.0,-220.0
17.3,1410,772,-210.0,-190.0
17.400000000000002,1388,752,-220.0,-200.0
17.5,1363,726,-250.0,-260.0
17.6,1346,703,-170.0,-230.0
17.7,1331,685,-150.0,-180.0
17.8,1311,659,-200.0,-260.0
17.900000000000002,1281,627,-300.0,-320.0
18.0,1262,603,-190.0,-240.0
18.1,1243,574,-190.0,-290.0
18.2,1227,550,-160.0,-240.0
18.3,1218,538,-90.0,-120.0
18.400000000000002,1212,528,-60.0,-100.0
18.5,1201,510,-110.0,-180.0
18.6,1191,494,-100.0,-160.0
18.7,1184,483,-70.0,-110.0
18.8,1176,475,-80.0,-80.0
18.900000000000002,1169,468,-70.0,-70.0
19.0,1158,460,-110.0,-80.0
19.1,1153,457,-50.0,-30.0
19.200000000000003,1145,452,-80.0,-50.0
19.3,1123,440,-220.0,-120.0
19.400000000000002,1108,430,-150.0,-100.0
19.5,1096,421,-120.0,-90.0
19.6,1081,410,-150.0,-110.0
19.700000000000003,1069,402,-120.0,-80.0
19.8,1064,398,-50.0,-40.0
19.900000000000002,1054,389,-100.0,-90.0
20.0,1047,383,-70.0,-60.0
20.1,1044,379,-30.0,-40.0
20.200000000000003,1042,376,-20.0,-30.0
20.3,1042,376,0.0,0.0
20.400000000000002,1042,376,0.0,0.0
