0.1,888,372,0.0,0.0
0.2,888,372,0.0,0.0
0.30000000000000004,888,372,0.0,0.0
0.4,888,372,0.0,0.0
0.5,888,372,0.0,0.0
0.6000000000000001,888,372,0.0,0.0
0.7000000000000001,887,375,-10.0,30.0
0.8,885,385,-20.0,100.0
0.9,883,399,-20.0,140.0
1.0,883,408,0.0,90.0
1.1,881,411,-20.0,30.0
1.2000000000000002,881,412,0.0,10.0
1.3,881,412,0.0,0.0
1.4000000000000001,876,424,-50.0,120.0
1.5,876,425,0.0,10.0
1.6,873,430,-30.0,50.0
1.7000000000000002,868,443,-50.0,130.0
1.8,861,455,-70.0,120.0
1.9000000000000001,857,460,-40.0,50.0
2.0,853,467,-40.0,70.0
2.1,846,477,-70.0,100.0
2.2,838,491,-80.0,140.0
2.3000000000000003,831,502,-70.0,110.0
2.4000000000000004,830,501,-10.0,-10.0
2.5,817,521,-130.0,200.0
2.6,813,529,-40.0,80.0
2.7,811,534,-20.0,50.0
2.8000000000000003,809,543,-20.0,90.0
2.9000000000000004,805,553,-40.0,100.0
3.0,798,567,-70.0,140.0
3.1,795,575,-30.0,80.0
3.2,794,583,-10.0,80.0
3.3000000000000003,791,599,-30.0,160.0
3.4000000000000004,790,611,-10.0,120.0
3.5,788,622,-20.0,110.0
3.6,785,632,-30.0,100.0
3.7,783,646,-20.0,140.0
3.8000000000000003,781,658,-20.0,120.0
3.9000000000000004,776,672,-50.0,140.0
4.0,772,688,-40.0,160.0
4.1000000000000005,769,703,-30.0,150.0
4.2,759,728,-100.0,250.0
4.3,748,756,-110.0,280.0
4.4,742,773,-60.0,170.0
4.5,738,791,-40.0,180.0
4.6000000000000005,735,806,-30.0,150.0
4.7,733,821,-20.0,150.0
4.800000000000001,731,833,-20.0,120.0
4.9,731,846,0.0,130.0
5.0,729,856,-20.0,100.0
5.1000000000000005,727,868,-20.0,120.0
5.2,724,882,-30.0,140.0
5.300000000000001,723,893,-10.0,110.0
5.4,721,904,-20.0,110.0
5.5,719,914,-20.0,100.0
5.6000000000000005,717,924,-20.0,100.0
5.7,715,936,-20.0,120.0
5.800000000000001,710,947,-50.0,110.0
5.9,704,960,-60.0,130.0
6.0,700,970,-40.0,100.0
6.1000000000000005,696,983,-40.0,130.0
6.2,691,999,-50.0,160.0
6.300000000000001,687,1011,-40.0,120.0
6.4,684,1020,-30.0,90.0
6.5,681,1028,-30.0,80.0
6.6000000000000005,679,1034,-20.0,60.0
6.7,678,1044,-10.0,100.0
6.800000000000001,675,1051,-30.0,70.0
6.9,673,1058,-20.0,70.0
7.0,672,1064,-10.0,60.0
7.1000000000000005,672,1067,0.0,30.0
7.2,672,1070,0.0,30.0
7.300000000000001,670,1073,-20.0,30.0
7.4,670,1077,0.0,40.0
7.5,671,1081,10.0,40.0
7.6000000000000005,671,1087,0.0,60.0
7.7,674,1095,30.0,80.0
7.800000000000001,675,1100,10.0,50.0
7.9,676,1109,10.0,90.0
8.0,682,1118,60.0,90.0
8.1,683,1119,10.0,10.0
8.200000000000001,683,1120,0.0,10.0
8.3,686,1122,30.0,20.0
8.4,687,1122,10.0,0.0
8.5,689,1123,20.0,10.0
8.6,703,1129,140.0,60.0
8.700000000000001,715,1132,120.0,30.0
8.8,719,1134,40.0,20.0
8.9,720,1134,10.0,0.0
9.0,733,1137,130.0,30.0
9.1,767,1140,340.0,30.0
9.200000000000001,802,1144,350.0,40.0
9.3,806,1144,40.0,0.0
9.4,806,1144,0.0,0.0
9.5,807,1144,10.0,0.0
9.600000000000001,828,1145,210.0,10.0
9.700000000000001,852,1146,240.0,10.0
9.8,881,1147,290.0,10.0
9.9,896,1148,150.0,10.0
10.0,907,1149,110.0,10.0
10.100000000000001,918,1149,110.0,0.0
10.200000000000001,930,1149,120.0,0.0
10.3,939,1150,90.0,10.0
10.4,951,1150,120.0,0.0
10.5,958,1150,70.0,0.0
10.600000000000001,965,1149,70.0,-10.0
10.700000000000001,971,1149,60.0,0.0
10.8,983,1148,120.0,-10.0
10.9,996,1147,130.0,-10.0
11.0,1019,1147,230.0,0.0
11.100000000000001,1027,1147,80.0,0.0
11.200000000000001,1035,1147,80.0,0.0
11.3,1048,1147,130.0,0.0
11.4,1068,1146,200.0,-10.0
11.5,1086,1146,180.0,0.0
11.600000000000001,1093,1145,70.0,-10.0
11.700000000000001,1109,1144,160.0,-10.0
11.8,1123,1144,140.0,0.0
11.9,1134,1142,110.0,-20.0
12.0,1153,1139,190.0,-30.0
12.100000000000001,1181,1137,280.0,-20.0
12.200000000000001,1193,1135,120.0,-20.0
12.3,1210,1130,170.0,-50.0
12.4,1222,1126,120.0,-40.0
12.5,1235,1122,130.0,-40.0
12.600000000000001,1243,1119,80.0,-30.0
12.700000000000001,1257,1114,140.0,-50.0
12.8,1276,1109,190.0,-50.0
12.9,1287,1105,110.0,-40.0
13.0,1298,1102,110.0,-30.0
13.100000000000001,1308,1098,100.0,-40.0
13.200000000000001,1319,1093,110.0,-50.0
13.3,1333,1086,140.0,-70.0
13.4,1340,1081,70.0,-50.0
13.5,1348,1075,80.0,-60.0
13.600000000000001,1356,1070,80.0,-50.0
13.700000000000001,1367,1061,110.0,-90.0
13.8,1376,1054,90.0,-70.0
13.9,1380,1050,40.0,-40.0
14.0,1385,1045,50.0,-50.0
14.100000000000001,1390,1039,50.0,-60.0
14.200000000000001,1393,1036,30.0,-30.0
14.3,1398,1031,50.0,-50.0
14.4,1403,1026,50.0,-50.0
14.5,1408,1021,50.0,-50.0
14.600000000000001,1413,1014,50.0,-70.0
14.700000000000001,1418,1007,50.0,-70.0
14.8,1422,1001,40.0,-60.0
14.9,1425,995,30.0,-60.0
15.0,1427,991,20.0,-40.0
15.100000000000001,1431,981,40.0,-100.0
15.200000000000001,1434,973,30.0,-80.0
15.3,1437,966,30.0,-70.0
15.4,1440,961,30.0,-50.0
15.5,1440,959,0.0,-20.0
15.600000000000001,1441,957,10.0,-20.0
15.700000000000001,1446,950,50.0,-70.0
15.8,1450,945,40.0,-50.0
15.9,1452,941,20.0,-40.0
16.0,1456,933,40.0,-80.0
16.1,1459,927,30.0,-60.0
16.2,1462,918,30.0,-90.0
16.3,1467,905,50.0,-130.0
16.400000000000002,1470,891,30.0,-140.0
16.5,1475,881,50.0,-100.0
16.6,1477,870,20.0,-110.0
16.7,1481,857,40.0,-130.0
16.8,1482,848,10.0,-90.0
16.900000000000002,1486,836,40.0,-120.0
17.0,1490,821,40.0,-150.0
17.1,1492,809,20.0,-120.0
17.2,1493,804,10.0,-50.0
17.3,1494,795,10.0,-90.0
17.400000000000002,1494,783,0.0,-120.0
17.5,1492,771,-20.0,-120.0
17.6,1490,760,-20.0,-110.0
17.7,1489,747,-10.0,-130.0
17.8,1486,734,-30.0,-130.0
17.900000000000002,1484,715,-20.0,-190.0
18.0,1482,697,-20.0,-180.0
18.1,1482,685,0.0,-120.0
18.2,1481,682,-10.0,-30.0
18.3,1481,682,0.0,0.0
18.400000000000002,1481,682,0.0,0.0
18.5,1477,672,-40.0,-100.0
18.6,1470,659,-70.0,-130.0
18.7,1462,645,-80.0,-140.0
18.8,1456,636,-60.0,-90.0
18.900000000000002,1442,614,-140.0,-220.0
19.0,1426,589,-160.0,-250.0
19.1,1417,574,-90.0,-150.0
19.200000000000003,1410,565,-70.0,-90.0
19.3,1403,555,-70.0,-100.0
19.400000000000002,1394,543,-90.0,-120.0
19.5,1383,529,-110.0,-140.0
19.6,1375,520,-80.0,-90.0
19.700000000000003,1365,510,-100.0,-100.0
19.8,1348,498,-170.0,-120.0
19.900000000000002,1331,486,-170.0,-120.0
20.0,1318,477,-130.0,-90.0
20.1,1298,465,-200.0,-120.0
20.200000000000003,1280,454,-180.0,-110.0
20.3,1259,443,-210.0,-110.0
20.400000000000002,1244,438,-150.0,-50.0
20.5,1227,429,-170.0,-90.0
20.6,1210,420,-170.0,-90.0
20.700000000000003,1195,415,-150.0,-50.0
20.8,1185,411,-100.0,-40.0
20.900000000000002,1175,406,-100.0,-50.0
21.0,1160,401,-150.0,-50.0
21.1,1150,397,-100.0,-40.0
21.200000000000003,1137,392,-130.0,-50.0
21.3,1121,389,-160.0,-30.0
21.400000000000002,1110,387,-110.0,-20.0
21.5,1091,383,-190.0,-40.0
21.6,1067,382,-240.0,-10.0
21.700000000000003,1059,380,-80.0,-20.0
21.8,1059,380,0.0,0.0
21.900000000000002,1059,380,0.0,0.0
22.0,1059,380,0.0,0.0
