0.1,920,372,0.0,0.0
0.2,920,372,0.0,0.0
0.30000000000000004,920,372,0.0,0.0
0.4,920,375,0.0,30.0
0.5,917,389,-30.0,140.0
0.6000000000000001,912,411,-50.0,220.0
0.7000000000000001,905,434,-70.0,230.0
0.8,901,455,-40.0,210.0
0.9,895,473,-60.0,180.0
1.0,891,485,-40.0,120.0
1.1,889,493,-20.0,80.0
1.2000000000000002,886,502,-30.0,90.0
1.3,882,513,-40.0,110.0
1.4000000000000001,879,528,-30.0,150.0
1.5,874,541,-50.0,130.0
1.6,868,559,-60.0,180.0
1.7000000000000002,861,577,-70.0,180.0
1.8,856,589,-50.0,120.0
1.9000000000000001,850,608,-60.0,190.0
2.0,845,624,-50.0,160.0
2.1,837,641,-80.0,170.0
2.2,827,668,-100.0,270.0
2.3000000000000003,821,686,-60.0,180.0
2.4000000000000004,812,706,-90.0,200.0
2.5,806,721,-60.0,150.0
2.6,797,741,-90.0,200.0
2.7,787,765,-100.0,240.0
2.8000000000000003,782,784,-50.0,190.0
2.9000000000000004,771,810,-110.0,260.0
3.0,758,835,-130.0,250.0
3.1,747,857,-110.0,220.0
3.2,741,868,-60.0,110.0
3.3000000000000003,732,884,-90.0,160.0
3.4000000000000004,720,910,-120.0,260.0
3.5,713,924,-70.0,140.0
3.6,711,932,-20.0,80.0
3.7,709,941,-20.0,90.0
3.8000000000000003,708,947,-10.0,60.0
3.9000000000000004,705,955,-30.0,80.0
4.0,700,968,-50.0,130.0
4.1000000000000005,697,977,-30.0,90.0
4.2,691,992,-60.0,150.0
4.3,688,1003,-30.0,110.0
4.4,682,1017,-60.0,140.0
4.5,675,1032,-70.0,150.0
4.6000000000000005,668,1046,-70.0,140.0
4.7,664,1055,-40.0,90.0
4.800000000000001,659,1069,-50.0,140.0
4.9,652,1087,-70.0,180.0
5.0,649,1098,-30.0,110.0
5.1000000000000005,645,1107,-40.0,90.0
5.2,643,1114,-20.0,70.0
5.300000000000001,640,1126,-30.0,120.0
5.4,639,1130,-10.0,40.0
5.5,638,1138,-10.0,80.0
5.6000000000000005,632,1152,-60.0,140.0
5.7,630,1161,-20.0,90.0
5.800000000000001,629,1167,-10.0,60.0
5.9,628,1170,-10.0,30.0
6.0,628,1170,0.0,0.0
6.1000000000000005,628,1171,0.0,10.0
6.2,628,1175,0.0,40.0
6.300000000000001,628,1178,0.0,30.0
6.4,628,1180,0.0,20.0
6.5,628,1180,0.0,0.0
6.6000000000000005,628,1180,0.0,0.0
6.7,628,1181,0.0,10.0
6.800000000000001,628,1181,0.0,0.0
6.9,628,1181,0.0,0.0
7.0,633,1180,50.0,-10.0
7.1000000000000005,645,1178,120.0,-20.0
7.2,657,1176,120.0,-20.0
7.300000000000001,658,1176,10.0,0.0
7.4,658,1176,0.0,0.0
7.5,663,1175,50.0,-10.0
7.6000000000000005,677,1175,140.0,0.0
7.7,688,1175,110.0,0.0
7.800000000000001,700,1176,120.0,10.0
7.9,710,1176,100.0,0.0
8.0,724,1176,140.0,0.0
8.1,746,1177,220.0,10.0
8.200000000000001,760,1178,140.0,10.0
8.3,769,1179,90.0,10.0
8.4,779,1181,100.0,20.0
8.5,792,1181,130.0,0.0
8.6,805,1181,130.0,0.0
8.700000000000001,823,1180,180.0,-10.0
8.8,833,1179,100.0,-10.0
8.9,842,1177,90.0,-20.0
9.0,860,1173,180.0,-40.0
9.1,879,1169,190.0,-40.0
9.200000000000001,901,1164,220.0,-50.0
9.3,918,1158,170.0,-60.0
9.4,938,1149,200.0,-90.0
9.5,953,1141,150.0,-80.0
9.600000000000001,975,1131,220.0,-100.0
9.700000000000001,992,1122,170.0,-90.0
9.8,1012,1109,200.0,-130.0
9.9,1030,1097,180.0,-120.0
10.0,1049,1089,190.0,-80.0
10.100000000000001,1061,1084,120.0,-50.0
10.200000000000001,1072,1080,110.0,-40.0
10.3,1099,1073,270.0,-70.0
10.4,1129,1066,300.0,-70.0
10.5,1145,1061,160.0,-50.0
10.600000000000001,1161,1054,160.0,-70.0
10.700000000000001,1170,1049,90.0,-50.0
10.8,1187,1043,170.0,-60.0
10.9,1199,1037,120.0,-60.0
11.0,1215,1027,160.0,-100.0
11.100000000000001,1227,1021,120.0,-60.0
11.200000000000001,1240,1011,130.0,-100.0
11.3,1251,1004,110.0,-70.0
11.4,1264,996,130.0,-80.0
11.5,1275,989,110.0,-70.0
11.600000000000001,1289,982,140.0,-70.0
11.700000000000001,1299,977,100.0,-50.0
11.8,1305,973,60.0,-40.0
11.9,1309,969,40.0,-40.0
12.0,1315,965,60.0,-40.0
12.100000000000001,1322,963,70.0,-20.0
12.200000000000001,1324,963,20.0,0.0
12.3,1324,963,0.0,0.0
12.4,1326,961,20.0,-20.0
12.5,1334,955,80.0,-60.0
12.600000000000001,1343,948,90.0,-70.0
12.700000000000001,1345,945,20.0,-30.0
12.8,1352,938,70.0,-70.0
12.9,1361,932,90.0,-60.0
13.0,1363,930,20.0,-20.0
13.100000000000001,1367,926,40.0,-40.0
13.200000000000001,1372,924,50.0,-20.0
13.3,1376,922,40.0,-20.0
13.4,1377,921,10.0,-10.0
13.5,1377,921,0.0,0.0
13.600000000000001,1377,921,0.0,0.0
13.700000000000001,1378,921,10.0,0.0
13.8,1379,920,10.0,-10.0
13.9,1381,915,20.0,-50.0
14.0,1383,905,20.0,-100.0
14.100000000000001,1377,879,-60.0,-260.0
14.200000000000001,1374,861,-30.0,-180.0
14.3,1374,846,0.0,-150.0
14.4,1372,842,-20.0,-40.0
14.5,1372,840,0.0,-20.0
14.600000000000001,1367,834,-50.0,-60.0
14.700000000000001,1358,821,-90.0,-130.0
14.8,1343,797,-150.0,-240.0
14.9,1331,777,-120.0,-200.0
15.0,1320,750,-110.0,-270.0
15.100000000000001,1310,733,-100.0,-170.0
15.200000000000001,1306,723,-40.0,-100.0
15.3,1298,709,-80.0,-140.0
15.4,1285,687,-130.0,-220.0
15.5,1268,655,-170.0,-320.0
15.600000000000001,1248,625,-200.0,-300.0
15.700000000000001,1234,593,-140.0,-320.0
15.8,1223,569,-110.0,-240.0
15.9,1203,541,-200.0,-280.0
16.0,1188,520,-150.0,-210.0
16.1,1174,496,-140.0,-240.0
16.2,1162,478,-120.0,-180.0
16.3,1151,461,-110.0,-170.0
16.400000000000002,1139,447,-120.0,-140.0
16.5,1130,437,-90.0,-100.0
16.6,1119,427,-110.0,-100.0
16.7,1108,420,-110.0,-70.0
16.8,1096,412,-120.0,-80.0
16.900000000000002,1088,408,-80.0,-40.0
17.0,1080,404,-80.0,-40.0
17.1,1074,401,-60.0,-30.0
17.2,1064,394,-100.0,-70.0
17.3,1053,388,-110.0,-60.0
17.400000000000002,1043,381,-100.0,-70.0
17.5,1043,380,0.0,-10.0
17.6,1043,380,0.0,0.0
