0.1,887,375,0.0,0.0
0.2,887,375,0.0,0.0
0.30000000000000004,887,375,0.0,0.0
0.4,887,375,0.0,0.0
0.5,887,375,0.0,0.0
0.6000000000000001,887,375,0.0,0.0
0.7000000000000001,887,375,0.0,0.0
0.8,884,379,-30.0,40.0
0.9,856,407,-280.0,280.0
1.0,843,421,-130.0,140.0
1.1,843,421,0.0,0.0
1.2000000000000002,843,421,0.0,0.0
1.3,843,421,0.0,0.0
1.4000000000000001,843,421,0.0,0.0
1.5,835,427,-80.0,60.0
1.6,817,438,-180.0,110.0
1.7000000000000002,798,451,-190.0,130.0
1.8,783,461,-150.0,100.0
1.9000000000000001,768,473,-150.0,120.0
2.0,751,484,-170.0,110.0
2.1,733,496,-180.0,120.0
2.2,720,505,-130.0,90.0
2.3000000000000003,710,514,-100.0,90.0
2.4000000000000004,703,521,-70.0,70.0
2.5,696,526,-70.0,50.0
2.6,683,537,-130.0,110.0
2.7,675,543,-80.0,60.0
2.8000000000000003,664,550,-110.0,70.0
2.9000000000000004,648,562,-160.0,120.0
3.0,637,569,-110.0,70.0
3.1,628,576,-90.0,70.0
3.2,615,586,-130.0,100.0
3.3000000000000003,601,596,-140.0,100.0
3.4000000000000004,593,603,-80.0,70.0
3.5,583,612,-100.0,90.0
3.6,575,619,-80.0,70.0
3.7,564,630,-110.0,110.0
3.8000000000000003,559,638,-50.0,80.0
3.9000000000000004,551,649,-80.0,110.0
4.0,544,658,-70.0,90.0
4.1000000000000005,535,666,-90.0,80.0
4.2,528,675,-70.0,90.0
4.3,521,682,-70.0,70.0
4.4,510,694,-110.0,120.0
4.5,499,702,-110.0,80.0
4.6000000000000005,491,710,-80.0,80.0
4.7,478,726,-130.0,160.0
4.800000000000001,469,740,-90.0,140.0
4.9,460,751,-90.0,110.0
5.0,453,762,-70.0,110.0
5.1000000000000005,448,770,-50.0,80.0
5.2,441,780,-70.0,100.0
5.300000000000001,435,789,-60.0,90.0
5.4,427,804,-80.0,150.0
5.5,420,814,-70.0,100.0
5.6000000000000005,414,821,-60.0,70.0
5.7,414,822,0.0,10.0
5.800000000000001,414,822,0.0,0.0
5.9,399,841,-150.0,190.0
6.0,391,855,-80.0,140.0
6.1000000000000005,386,861,-50.0,60.0
6.2,385,863,-10.0,20.0
6.300000000000001,385,863,0.0,0.0
6.4,385,863,0.0,0.0
6.5,385,863,0.0,0.0
6.6000000000000005,383,864,-20.0,10.0
6.7,375,883,-80.0,190.0
6.800000000000001,368,901,-70.0,180.0
6.9,366,912,-20.0,110.0
7.0,366,914,0.0,20.0
7.1000000000000005,367,922,10.0,80.0
7.2,370,928,30.0,60.0
7.300000000000001,375,937,50.0,90.0
7.4,381,944,60.0,70.0
7.5,388,949,70.0,50.0
7.6000000000000005,400,956,120.0,70.0
7.7,402,958,20.0,20.0
7.800000000000001,406,961,40.0,30.0
7.9,415,968,90.0,70.0
8.0,426,973,110.0,50.0
8.1,436,978,100.0,50.0
8.200000000000001,449,981,130.0,30.0
8.3,470,986,210.0,50.0
8.4,488,992,180.0,60.0
8.5,507,997,190.0,50.0
8.6,519,1000,120.0,30.0
8.700000000000001,531,1002,120.0,20.0
8.8,564,1006,330.0,40.0
8.9,581,1008,170.0,20.0
9.0,606,1008,250.0,0.0
9.1,629,1012,230.0,40.0
9.200000000000001,658,1014,290.0,20.0
9.3,684,1014,260.0,0.0
9.4,710,1015,260.0,10.0
9.5,737,1016,270.0,10.0
9.600000000000001,765,1019,280.0,30.0
9.700000000000001,791,1023,260.0,40.0
9.8,808,1025,170.0,20.0
9.9,825,1027,170.0,20.0
10.0,846,1028,210.0,10.0
10.100000000000001,867,1029,210.0,10.0
10.200000000000001,893,1029,260.0,0.0
10.3,915,1030,220.0,10.0
10.4,935,1030,200.0,0.0
10.5,953,1029,180.0,-10.0
10.600000000000001,970,1028,170.0,-10.0
10.700000000000001,984,1028,140.0,0.0
10.8,996,1028,120.0,0.0
10.9,1013,1028,170.0,0.0
11.0,1029,1028,160.0,0.0
11.100000000000001,1049,1027,200.0,-10.0
11.200000000000001,1065,1025,160.0,-20.0
11.3,1077,1023,120.0,-20.0
11.4,1091,1021,140.0,-20.0
11.5,1104,1018,130.0,-30.0
11.600000000000001,1109,1016,50.0,-20.0
11.700000000000001,1123,1012,140.0,-40.0
11.8,1135,1006,120.0,-60.0
11.9,1145,1002,100.0,-40.0
12.0,1153,999,80.0,-30.0
12.100000000000001,1165,994,120.0,-50.0
12.200000000000001,1177,990,120.0,-40.0
12.3,1188,987,110.0,-30.0
12.4,1203,983,150.0,-40.0
12.5,1212,980,90.0,-30.0
12.600000000000001,1226,977,140.0,-30.0
12.700000000000001,1240,975,140.0,-20.0
12.8,1255,973,150.0,-20.0
12.9,1272,969,170.0,-40.0
13.0,1285,967,130.0,-20.0
13.100000000000001,1296,964,110.0,-30.0
13.200000000000001,1304,962,80.0,-20.0
13.3,1315,959,110.0,-30.0
13.4,1323,954,80.0,-50.0
13.5,1329,950,60.0,-40.0
13.600000000000001,1336,945,70.0,-50.0
13.700000000000001,1340,942,40.0,-30.0
13.8,1345,936,50.0,-60.0
13.9,1347,932,20.0,-40.0
14.0,1351,928,40.0,-40.0
14.100000000000001,1355,923,40.0,-50.0
14.200000000000001,1358,919,30.0,-40.0
14.3,1362,912,40.0,-70.0
14.4,1367,907,50.0,-50.0
14.5,1372,903,50.0,-40.0
14.600000000000001,1374,898,20.0,-50.0
14.700000000000001,1376,889,20.0,-90.0
14.8,1377,880,10.0,-90.0
14.9,1377,869,0.0,-110.0
15.0,1377,859,0.0,-100.0
15.100000000000001,1375,844,-20.0,-150.0
15.200000000000001,1373,831,-20.0,-130.0
15.3,1368,816,-50.0,-150.0
15.4,1363,802,-50.0,-140.0
15.5,1358,791,-50.0,-110.0
15.600000000000001,1352,778,-60.0,-130.0
15.700000000000001,1345,765,-70.0,-130.0
15.8,1339,753,-60.0,-120.0
15.9,1332,741,-70.0,-120.0
16.0,1322,727,-100.0,-140.0
16.1,1312,712,-100.0,-150.0
16.2,1304,701,-80.0,-110.0
16.3,1291,684,-130.0,-170.0
16.400000000000002,1285,674,-60.0,-100.0
16.5,1277,666,-80.0,-80.0
16.6,1272,659,-50.0,-70.0
16.7,1257,644,-150.0,-150.0
16.8,1247,635,-100.0,-90.0
16.900000000000002,1235,625,-120.0,-100.0
17.0,1222,613,-130.0,-120.0
17.1,1212,603,-100.0,-100.0
17.2,1202,592,-100.0,-110.0
17.3,1187,580,-150.0,-120.0
17.400000000000002,1177,571,-100.0,-90.0
17.5,1166,561,-110.0,-100.0
17.6,1152,550,-140.0,-110.0
17.7,1138,539,-140.0,-110.0
17.8,1127,525,-110.0,-140.0
17.900000000000002,1116,510,-110.0,-150.0
18.0,1111,501,-50.0,-90.0
18.1,1107,491,-40.0,-100.0
18.2,1101,480,-60.0,-110.0
18.3,1096,471,-50.0,-90.0
18.400000000000002,1092,463,-40.0,-80.0
18.5,1088,452,-40.0,-110.0
18.6,1085,444,-30.0,-80.0
18.7,1080,434,-50.0,-100.0
18.8,1077,426,-30.0,-80.0
18.900000000000002,1074,417,-30.0,-90.0
19.0,1071,411,-30.0,-60.0
19.1,1070,406,-10.0,-50.0
19.200000000000003,1070,403,0.0,-30.0
19.3,1070,403,0.0,0.0
19.400000000000002,1070,403,0.0,0.0
19.5,1067,393,-30.0,-100.0
19.6,1065,386,-20.0,-70.0
19.700000000000003,1064,385,-10.0,-10.0
19.8,1064,385,0.0,0.0
19.900000000000002,1064,385,0.0,0.0
20.0,1064,385,0.0,0.0
20.1,1064,385,0.0,0.0
