0.1,908,381,0.0,0.0
0.2,908,381,0.0,0.0
0.30000000000000004,908,381,0.0,0.0
0.4,908,381,0.0,0.0
0.5,908,381,0.0,0.0
0.6000000000000001,908,381,0.0,0.0
0.7000000000000001,908,381,0.0,0.0
0.8,908,386,0.0,50.0
0.9,909,402,10.0,160.0
1.0,910,420,10.0,180.0
1.1,909,425,-10.0,50.0
1.2000000000000002,903,431,-60.0,60.0
1.3,900,438,-30.0,70.0
1.4000000000000001,885,453,-150.0,150.0
1.5,871,465,-140.0,120.0
1.6,862,472,-90.0,70.0
1.7000000000000002,841,481,-210.0,90.0
1.8,823,490,-180.0,90.0
1.9000000000000001,808,498,-150.0,80.0
2.0,789,508,-190.0,100.0
2.1,778,516,-110.0,80.0
2.2,768,522,-100.0,60.0
2.3000000000000003,751,533,-170.0,110.0
2.4000000000000004,738,541,-130.0,80.0
2.5,722,551,-160.0,100.0
2.6,708,561,-140.0,100.0
2.7,698,568,-100.0,70.0
2.8000000000000003,687,577,-110.0,90.0
2.9000000000000004,678,585,-90.0,80.0
3.0,668,593,-100.0,80.0
3.1,661,599,-70.0,60.0
3.2,652,605,-90.0,60.0
3.3000000000000003,639,615,-130.0,100.0
3.4000000000000004,626,626,-130.0,110.0
3.5,609,644,-170.0,180.0
3.6,601,657,-80.0,130.0
3.7,594,666,-70.0,90.0
3.8000000000000003,587,677,-70.0,110.0
3.9000000000000004,579,690,-80.0,130.0
4.0,573,706,-60.0,160.0
4.1000000000000005,563,731,-100.0,250.0
4.2,550,753,-130.0,220.0
4.3,542,765,-80.0,120.0
4.4,542,767,0.0,20.0
4.5,533,780,-90.0,130.0
4.6000000000000005,526,790,-70.0,100.0
4.7,521,799,-50.0,90.0
4.800000000000001,513,813,-80.0,140.0
4.9,504,826,-90.0,130.0
5.0,493,841,-110.0,150.0
5.1000000000000005,482,855,-110.0,140.0
5.2,473,866,-90.0,110.0
5.300000000000001,463,876,-100.0,100.0
5.4,455,886,-80.0,100.0
5.5,444,894,-110.0,80.0
5.6000000000000005,432,903,-120.0,90.0
5.7,423,910,-90.0,70.0
5.800000000000001,416,915,-70.0,50.0
5.9,412,917,-40.0,20.0
6.0,408,919,-40.0,20.0
6.1000000000000005,404,921,-40.0,20.0
6.2,403,922,-10.0,10.0
6.300000000000001,401,923,-20.0,10.0
6.4,391,926,-100.0,30.0
6.5,385,926,-60.0,0.0
6.6000000000000005,385,926,0.0,0.0
6.7,385,926,0.0,0.0
6.800000000000001,384,928,-10.0,20.0
6.9,373,933,-110.0,50.0
7.0,372,933,-10.0,0.0
7.1000000000000005,372,934,0.0,10.0
7.2,371,935,-10.0,10.0
7.300000000000001,363,944,-80.0,90.0
7.4,356,954,-70.0,100.0
7.5,352,962,-40.0,80.0
7.6000000000000005,352,963,0.0,10.0
7.7,351,964,-10.0,10.0
7.800000000000001,351,964,0.0,0.0
7.9,351,964,0.0,0.0
8.0,351,964,0.0,0.0
8.1,351,964,0.0,0.0
8.200000000000001,353,964,20.0,0.0
8.3,364,962,110.0,-20.0
8.4,387,962,230.0,0.0
8.5,421,962,340.0,0.0
8.6,437,961,160.0,-10.0
8.700000000000001,463,960,260.0,-10.0
8.8,486,961,230.0,10.0
8.9,508,961,220.0,0.0
9.0,527,963,190.0,20.0
9.1,542,965,150.0,20.0
9.200000000000001,568,970,260.0,50.0
9.3,602,974,340.0,40.0
9.4,625,976,230.0,20.0
9.5,665,979,400.0,30.0
9.600000000000001,689,981,240.0,20.0
9.700000000000001,714,983,250.0,20.0
9.8,742,988,280.0,50.0
9.9,761,992,190.0,40.0
10.0,788,994,270.0,20.0
10.100000000000001,818,997,300.0,30.0
10.200000000000001,855,998,370.0,10.0
10.3,888,998,330.0,0.0
10.4,909,996,210.0,-20.0
10.5,933,993,240.0,-30.0
10.600000000000001,979,991,460.0,-20.0
10.700000000000001,1015,991,360.0,0.0
10.8,1038,989,230.0,-20.0
10.9,1070,992,320.0,30.0
11.0,1093,994,230.0,20.0
11.100000000000001,1128,998,350.0,40.0
11.200000000000001,1154,1001,260.0,30.0
11.3,1171,1003,170.0,20.0
11.4,1191,1006,200.0,30.0
11.5,1210,1010,190.0,40.0
11.600000000000001,1238,1013,280.0,30.0
11.700000000000001,1254,1014,160.0,10.0
11.8,1266,1017,120.0,30.0
11.9,1284,1020,180.0,30.0
12.0,1297,1023,130.0,30.0
12.100000000000001,1308,1025,110.0,20.0
12.200000000000001,1325,1026,170.0,10.0
12.3,1351,1030,260.0,40.0
12.4,1364,1030,130.0,0.0
12.5,1377,1032,130.0,20.0
12.600000000000001,1390,1032,130.0,0.0
12.700000000000001,1405,1033,150.0,10.0
12.8,1432,1033,270.0,0.0
12.9,1448,1033,160.0,0.0
13.0,1455,1033,70.0,0.0
13.100000000000001,1470,1033,150.0,0.0
13.200000000000001,1478,1033,80.0,0.0
13.3,1488,1034,100.0,10.0
13.4,1495,1034,70.0,0.0
13.5,1495,1034,0.0,0.0
13.600000000000001,1511,1037,160.0,30.0
13.700000000000001,1543,1038,320.0,10.0
13.8,1558,1040,150.0,20.0
13.9,1560,1041,20.0,10.0
14.0,1561,1041,10.0,0.0
14.100000000000001,1561,1041,0.0,0.0
14.200000000000001,1561,1041,0.0,0.0
14.3,1562,1042,10.0,10.0
14.4,1571,1043,90.0,10.0
14.5,1590,1045,190.0,20.0
14.600000000000001,1592,1045,20.0,0.0
14.700000000000001,1592,1045,0.0,0.0
14.8,1597,1046,50.0,10.0
14.9,1601,1045,40.0,-10.0
15.0,1607,1045,60.0,0.0
15.100000000000001,1623,1047,160.0,20.0
15.200000000000001,1633,1047,100.0,0.0
15.3,1633,1047,0.0,0.0
15.4,1636,1045,30.0,-20.0
15.5,1640,1044,40.0,-10.0
15.600000000000001,1640,1044,0.0,0.0
15.700000000000001,1640,1044,0.0,0.0
15.8,1640,1044,0.0,0.0
15.9,1640,1044,0.0,0.0
16.0,1637,1041,-30.0,-30.0
16.1,1627,1034,-100.0,-70.0
16.2,1614,1025,-130.0,-90.0
16.3,1602,1017,-120.0,-80.0
16.400000000000002,1595,1011,-70.0,-60.0
16.5,1590,1007,-50.0,-40.0
16.6,1582,1001,-80.0,-60.0
16.7,1576,996,-60.0,-50.0
16.8,1562,985,-140.0,-110.0
16.900000000000002,1552,977,-100.0,-80.0
17.0,1538,967,-140.0,-100.0
17.1,1526,957,-120.0,-100.0
17.2,1517,947,-90.0,-100.0
17.3,1509,938,-80.0,-90.0
17.400000000000002,1500,928,-90.0,-100.0
17.5,1494,920,-60.0,-80.0
17.6,1488,912,-60.0,-80.0
17.7,1481,901,-70.0,-110.0
17.8,1470,888,-110.0,-130.0
17.900000000000002,1463,877,-70.0,-110.0
18.0,1453,863,-100.0,-140.0
18.1,1447,857,-60.0,-60.0
18.2,1445,854,-20.0,-30.0
18.3,1430,843,-150.0,-110.0
18.400000000000002,1422,835,-80.0,-80.0
18.5,1416,829,-60.0,-60.0
18.6,1401,818,-150.0,-110.0
18.7,1393,809,-80.0,-90.0
18.8,1387,801,-60.0,-80.0
18.900000000000002,1382,794,-50.0,-70.0
19.0,1369,783,-130.0,-110.0
19.1,1342,763,-270.0,-200.0
19.200000000000003,1326,750,-160.0,-130.0
19.3,1323,747,-30.0,-30.0
19.400000000000002,1317,740,-60.0,-70.0
19.5,1311,732,-60.0,-80.0
19.6,1304,721,-70.0,-110.0
19.700000000000003,1301,717,-30.0,-40.0
19.8,1295,710,-60.0,-70.0
19.900000000000002,1285,698,-100.0,-120.0
20.0,1279,688,-60.0,-100.0
20.1,1273,676,-60.0,-120.0
20.200000000000003,1267,660,-60.0,-160.0
20.3,1260,648,-70.0,-120.0
20.400000000000002,1256,640,-40.0,-80.0
20.5,1248,625,-80.0,-150.0
20.6,1240,612,-80.0,-130.0
20.700000000000003,1236,605,-40.0,-70.0
20.8,1229,597,-70.0,-80.0
20.900000000000002,1221,586,-80.0,-110.0
21.0,1213,577,-80.0,-90.0
21.1,1197,562,-160.0,-150.0
21.200000000000003,1185,553,-120.0,-90.0
21.3,1176,543,-90.0,-100.0
21.400000000000002,1165,531,-110.0,-120.0
21.5,1157,524,-80.0,-70.0
21.6,1148,515,-90.0,-90.0
21.700000000000003,1138,507,-100.0,-80.0
21.8,1130,498,-80.0,-90.0
21.900000000000002,1121,487,-90.0,-110.0
22.0,1115,477,-60.0,-100.0
22.1,1102,461,-130.0,-160.0
22.200000000000003,1092,453,-100.0,-80.0
22.3,1088,447,-40.0,-60.0
22.400000000000002,1080,436,-80.0,-110.0
22.5,1073,428,-70.0,-80.0
22.6,1069,422,-40.0,-60.0
22.700000000000003,1064,416,-50.0,-60.0
22.8,1058,407,-60.0,-90.0
22.900000000000002,1054,400,-40.0,-70.0
23.0,1051,395,-30.0,-50.0
23.1,1048,390,-30.0,-50.0
23.200000000000003,1045,384,-30.0,-60.0
23.3,1044,380,-10.0,-40.0
23.400000000000002,1044,379,0.0,-10.0
23.5,1044,379,0.0,0.0
23.6,1043,379,-10.0,0.0
