0.01,7.7959927140255,7.75261324041811,-0.00417987513410267,-0.000302895322068508
0.02,7.79595091527416,7.75261021146489,-0.0526616545478475,-0.00381613524309543
0.03,7.79542429872868,7.75257205011246,-1.11057786130164,-0.0412678460691929
0.04,7.78431852011566,7.75215937165177,-3.89864697291431,0.636787394040272
0.05,7.74533205038652,7.75852724559217,-2.71055882667488,0.545836824961299
0.06,7.71822646211977,7.76398561384179,-3.80772547283295,0.833885356879271
0.07,7.68014920739144,7.77232446741058,-4.45266865205536,0.714598742163641
0.08,7.63562252087089,7.77947045483222,-4.81331073621467,0.939585280371613
0.09,7.58748941350874,7.78886630763593,-7.70853845586545,1.69827118554782
0.1,7.51040402895009,7.80584901949141,-10.3264701181367,1.91803258933838
0.11,7.40713932776872,7.82502934538479,-9.36082786682864,2.02093994673929
0.12,7.31353104910043,7.84523874485219,-13.5938957992866,2.50074790188011
0.13,7.17759209110757,7.87024622387099,-16.7669978134602,3.07785900199979
0.14,7.00992211297296,7.90102481389099,-20.1654809221903,3.65638819918228
0.15,6.80826730375106,7.93758869588281,-27.3869486733557,3.78547888963743
0.16,6.5343978170175,7.97544348477918,-32.0623031006416,3.94489876076918
0.17,6.21377478601109,8.01489247238687,-35.5017719864374,3.6850961231023
0.18,5.85875706614672,8.0517434336179,-40.7268234055359,3.01911496025387
0.19,5.45148883209136,8.08193458322044,-44.8092839097726,2.28085904463455
0.2,5.00339599299363,8.10474317366678,-48.9831244987666,1.55710286823378
0.21,4.51356474800596,8.12031420234912,-48.0762026131881,0.895224562980168
0.22,4.03280272187408,8.12926644797892,-52.0495221684626,-0.709731157335014
0.23,3.51230750018946,8.12216913640557,-55.8029974729382,-3.18116797112271
0.24,2.95427752546007,8.09035745669434,-51.091077520855,-4.61433629220469
0.25,2.44336675025153,8.0442140937723,-49.7897892881525,-5.58577564421139
0.26,1.94546885737,7.98835633733018,-51.133322356224,-7.20630187981461
0.27,1.43413563380776,7.91629331853204,-51.060482354632,-10.846294831038
0.28,0.92353081026144,7.80783037022166,-48.7048885860282,-12.191833126198
0.29,0.436481924401158,7.68591203895968,-52.4127608877904,-15.9646634840903
0.3,-0.0876456844767458,7.52626540411877,-52.3786496298415,-18.638473586797
0.31,-0.611432180775161,7.3398806682508,-48.8523020478006,-20.1088735520675
0.32,-1.09995520125317,7.13879193273013,-49.4733924886947,-23.3549029773153
0.33,-1.59468912614011,6.90524290295698,-50.9599742680299,-26.0991451150586
0.34,-2.10428886882041,6.64425145180639,-50.4341584024957,-27.8713607612142
0.35,-2.60863045284537,6.36553784419425,-51.9251429211032,-32.1945964268326
0.36,-3.1278818820564,6.04359187992592,-48.2886147794558,-33.5210536580386
0.37,-3.61076802985096,5.70838134334554,-45.9524558449202,-33.9259885199608
0.38,-4.07029258830016,5.36912145814593,-42.3132364743874,-35.5813581972191
0.39,-4.49342495304403,5.01330787617374,-42.2322543355096,-39.9833125554263
0.4,-4.91574749639913,4.61347475061947,-39.7878249256299,-40.4797205484749
0.41,-5.31362574565543,4.20867754513473,-33.6752669700346,-41.5081996840538
0.42,-5.65037841535577,3.79359554829419,-29.954036519821,-43.914384876705
0.43,-5.94991878055398,3.35445169952714,-26.5384239567555,-41.7736364789416
0.44,-6.21530302012154,2.93671533473772,-21.5382893942061,-46.2236312863634
0.45,-6.4306859140636,2.47447902187409,-17.7390408878423,-49.6602382572606
0.46,-6.60807632294202,1.97787663930148,-15.9206701375564,-50.9632530597287
0.47,-6.76728302431759,1.46824410870419,-11.4460531438452,-48.69387269948
0.48,-6.88174355575604,0.981305381709393,-7.30324064308201,-48.400027645917
0.49,-6.95477596218686,0.497305105250223,-5.89741159961283,-48.9833788665083
0.5,-7.01375007818299,0.00747131658514055,-3.78603411903349,-48.7150495174126
0.51,-7.05161041937332,-0.479679178588986,-1.85515643329479,-46.8978228311461
0.52,-7.07016198370627,-0.948657406900447,-0.90695667740146,-48.6009827674606
0.53,-7.07923155048028,-1.43466723457505,1.27513790934941,-40.2803093262109
0.54,-7.06648017138679,-1.83747032783716,3.51289769452654,-35.8531189176623
0.55,-7.03135119444153,-2.19600151701378,4.74685057123008,-35.5360797563471
0.56,-6.98388268872922,-2.55136231457726,6.28407850639725,-34.6884279994388
0.57,-6.92104190366525,-2.89824659457164,8.55267104006838,-31.8432172113334
0.58,-6.83551519326457,-3.21667876668498,10.8135833191502,-30.7768273190448
0.59,-6.72737936007307,-3.52444703987543,15.2795093840785,-28.4858449860267
0.6,-6.57458426623228,-3.80930548973569,17.5936266372473,-25.9446808964875
0.61,-6.39864799985981,-4.06875229870057,22.0165645682677,-26.5685561240968
0.62,-6.17848235417713,-4.33443785994154,23.6390227918812,-25.8808792535538
0.63,-5.94209212625832,-4.59324665247707,26.2868289943422,-24.9284810891298
0.64,-5.6792238363149,-4.84253146336837,27.4674856325495,-23.6031953725105
0.65,-5.4045489799894,-5.07856341709348,27.9493869331471,-21.9825721388792
0.66,-5.12505511065793,-5.29838913848227,30.0549371237645,-20.3525021390122
0.67,-4.82450573942029,-5.50191415987239,31.3758461653174,-19.1025342499558
0.68,-4.51074727776711,-5.69293950237195,29.3819385571646,-16.0930612857113
0.69,-4.21692789219547,-5.85387011522906,32.2873718934298,-15.966140560491
0.7,-3.89405417326117,-6.01353152083397,31.682872493462,-14.0026674864655
0.71,-3.57722544832655,-6.15355819569863,35.2213782449395,-13.3754057708632
0.72,-3.22501166587715,-6.28731225340726,36.607853585135,-11.8413464989138
0.73,-2.8589331300258,-6.4057257183964,39.707495049357,-10.1900280986584
0.74,-2.46185817953223,-6.50762599938298,46.4795139225437,-9.01079592604548
0.75,-1.99706304030679,-6.59773395864344,45.9676806758699,-7.54715252495366
0.76,-1.5373862335481,-6.67320548389297,48.0703541533823,-6.09291798966121
0.77,-1.05668269201427,-6.73413466378959,55.0153887423532,-4.12797979683326
0.78,-0.506528804590741,-6.77541446175792,53.0206024853118,-1.41542729591748
0.79,0.0236772202623765,-6.78956873471709,52.575122855882,0.616303400029405
0.8,0.549428448821196,-6.7834057007168,53.2546700087694,4.26149966878908
0.81,1.08197514890889,-6.74079070402891,54.7240100963554,9.36710724820609
0.82,1.62921524987244,-6.64711963154685,52.6955417658638,12.0199777944662
0.83,2.15617066753108,-6.52691985360218,46.8447477543139,14.3388422828548
0.84,2.62461814507422,-6.38353143077364,48.0459234625152,19.6174340046583
0.85,3.10507737969937,-6.18735709072705,45.0311601050526,22.6729014260733
0.86,3.5553889807499,-5.96062807646632,38.4466746323087,26.5751009565957
0.87,3.93985572707299,-5.69487706690036,37.3995046867454,29.7715344751053
0.88,4.31385077394044,-5.39716172214931,35.1557979333155,33.1410236791863
0.89,4.6654087532736,-5.06575148535745,30.5881319651669,35.2654587731257
0.9,4.97129007292527,-4.71309689762619,24.8267920720655,35.2926325515556
0.91,5.21955799364592,-4.36017057211064,23.0761171696236,38.7867159231854
0.92,5.45031916534216,-3.97230341287878,20.6950994071415,38.9075332100909
0.93,5.65727015941357,-3.58322808077787,16.562064877064,37.3157956938517
0.94,5.82289080818421,-3.21007012383936,15.3871428440853,38.2329535109487
0.95,5.97676223662507,-2.82774058872987,13.3389358740398,34.8568878575922
0.96,6.11015159536546,-2.47917171015395,10.9849826866576,32.0951585901243
0.97,6.22000142223204,-2.15822012425271,8.9985974424593,28.0251332963149
0.98,6.30998739665663,-1.87796879128956,7.1596752316136,23.3481424773971
0.99,6.38158414897277,-1.64448736651559,5.84287326783972,20.3699490529867
1,6.44001288165117,-1.44078787598572,4.09825745608341,14.6460452415909
1.01,6.480995456212,-1.29432742356981,3.536599899296,12.3421652234672
1.02,6.51636145520496,-1.17090577133514,2.61144664201609,9.41302909383994
1.03,6.54247592162512,-1.07677548039674,1.09874918680752,5.09549978465502
1.04,6.5534634134932,-1.02582048255019,0.388881668521535,3.04566470665432
1.05,6.55735223017841,-0.995363835483644,0.00584313576696971,1.57905536368637
1.06,6.55741066153608,-0.979573281846781,-0.00508762389337392,1.17451090290402
1.07,6.55735978529715,-0.96782817281774,0.00248253389063535,0.873996813960332
1.08,6.55738461063605,-0.959088204678137,-0.00121164731847756,0.119622318684509
1.09,6.55737249416287,-0.957891981491292,0.00110197142140223,-0.0394847588433334
1.1,6.55738351387708,-0.958286829079725,-0.00197829620969259,0.0129953901759183
1.11,6.55736373091499,-0.958156875177966,0.00343896209331618,-0.00408923496403313
1.12,6.55739812053592,-0.958197767527607,-0.000906076960127677,0.00122850930771579
1.13,6.55738905976632,-0.958185482434529,-0.37431570389499,-9.983964581739e-05
1.14,6.55364590272737,-0.958186480830988,-0.798331292166665,-0.00167515467625057
1.15,6.5456625898057,-0.95820323237775,-0.746486380912614,0.0089112875820585
1.16,6.53819772599658,-0.958114119501929,-1.49199490216807,-0.0394068288998239
1.17,6.52327777697489,-0.958508187790928,-1.50956103079061,0.295798086036647
1.18,6.50818216666699,-0.955550206930561,-2.66341678909416,0.372760066067523
1.19,6.48154799877605,-0.951822606269886,-3.61832203142765,0.618952894518865
1.2,6.44536477846177,-0.945633077324697,-5.33028247780045,0.78041150345094
1.21,6.39206195368377,-0.937828962290188,-6.96101158443208,0.920288787989743
1.22,6.32245183783944,-0.928626074410291,-8.65639774475042,1.29387210809443
1.23,6.23588786039194,-0.915687353329346,-11.4237750775539,1.80738210606735
1.24,6.1216501096164,-0.897613532268673,-14.9024936463679,2.44553421490636
1.25,5.97262517315272,-0.873158190119609,-19.2076059204202,2.88020101372416
1.26,5.78054911394852,-0.844356179982368,-22.9148422676356,3.32872118418172
1.27,5.55140069127216,-0.81106896814055,-29.3355299911014,3.94538745808088
1.28,5.25804539136115,-0.771615093559742,-34.6241917964765,4.03229183527723
1.29,4.91180347339639,-0.731292175206969,-35.9165824036642,3.86619895089625
1.3,4.55263764935974,-0.692630185698007,-36.492481638302,3.72442706273556
1.31,4.18771283297672,-0.655385915070651,-38.1833719706707,3.35261853970329
1.32,3.80587911327002,-0.621859729673618,-37.6991865210721,2.83755142643195
1.33,3.4288872480593,-0.593484215409299,-34.8642642390323,2.20162128908318
1.34,3.08024460566897,-0.571468002518467,-30.4496442517324,1.76400991092692
1.35,2.77574816315165,-0.553827903409198,-27.2223886256378,1.26843658912834
1.36,2.50352427689527,-0.541143537517914,-20.279131162934,0.750584286534184
1.37,2.30073296526593,-0.533637694652572,-14.5435708861361,0.371195421823023
1.38,2.15529725640457,-0.529925740434342,-12.2831263160907,0.389271366650856
1.39,2.03246599324366,-0.526033026767834,-11.0780399041538,0.387381830704414
1.4,1.92168559420213,-0.52215920846079,-8.3206449397758,0.386372467986573
1.41,1.83847914480437,-0.518295483780924,-7.00558778671538,0.389696078773261
1.42,1.76842326693722,-0.514398522993191,-7.20069401921946,0.376825798782288
1.43,1.69641632674502,-0.510630265005368,-8.20208996573888,0.428108536485672
1.44,1.61439542708763,-0.506349179640512,-9.15201879033871,0.139948132892342
1.45,1.52287523918424,-0.504949698311588,-9.26114792617409,-0.0358179869807129
1.46,1.4302637599225,-0.505307878181395,-9.52661911720609,0.0104527914536412
1.47,1.33499756875044,-0.505203350266859,-8.82301027143808,-0.00294806715031015
1.48,1.24676746603606,-0.505232830938362,-7.79694942565456,0.00080288181546484
1.49,1.16879797177952,-0.505224802120207,-6.80300003344769,-0.000210280702661603
1.5,1.10076797144504,-0.505226904927234,-5.40858550257608,5.24887774466798e-05
1.51,1.04668211641928,-0.50522638003946,-4.61909667218934,-1.22588216355801e-05
1.52,1.00049114969739,-0.505226502627676,-2.99455225335123,2.57056653740761e-06
1.53,0.970545627163873,-0.505226476922011,-1.49928749844968,-4.29404756197016e-07
1.54,0.955552752179376,-0.505226481216058,-0.969448800986528,2.56517695973457e-08
1.55,0.945858264169511,-0.50522648095954,-0.554105959365092,2.27181273793065e-08
1.56,0.94031720457586,-0.505226480732359,-1.10738021552861,-1.52569179512341e-08
1.57,0.929243402420574,-0.505226480884928,-1.65304074896396,6.75706157693412e-09
1.58,0.912712994930934,-0.505226480817358,-1.74702022988548,-2.55012677641275e-09
1.59,0.89524279263208,-0.505226480842859,-2.52635940270006,8.79329942193863e-10
1.6,0.869979198605079,-0.505226480834066,-2.90556248380304,-2.85238499486695e-10
1.61,0.840923573767049,-0.505226480836918,-3.66632048719919,8.83182416089312e-11
1.62,0.804260368895057,-0.505226480836035,-4.08184349835826,-2.630118345337e-11
1.63,0.763441933911474,-0.505226480836298,-4.2454912015396,7.56061879769732e-12
1.64,0.720987021896078,-0.505226480836222,-4.30092651196565,-2.09832151654155e-12
1.65,0.677977756776422,-0.505226480836243,-3.7097124486126,5.6621374255883e-13
1.66,0.640880632290296,-0.505226480836238,-3.54227558978594,-1.4432899320127e-13
1.67,0.605457876392436,-0.505226480836239,-3.46376118453217,3.33066907387547e-14
1.68,0.570820264547115,-0.505226480836239,-3.22597885284106,0
1.69,0.538560476018704,-0.505226480836239,-3.41834718340088,0
1.7,0.504377004184695,-0.505226480836239,-3.14188621025445,0
1.71,0.472958142082151,-0.505226480836239,-3.69595174636834,0
1.72,0.435998624618467,-0.505226480836239,-3.67650442749092,0
1.73,0.399233580343558,-0.505226480836239,-3.48403944417077,0
1.74,0.36439318590185,-0.505226480836239,-4.16523907615446,0
1.75,0.322740795140306,-0.505226480836239,-3.6782372847568,0
1.76,0.285958422292738,-0.505226480836239,-3.7423589088495,0
1.77,0.248534833204243,-0.505226480836239,-3.57565513117846,0
1.78,0.212778281892458,-0.505226480836239,-2.98685442506376,0
1.79,0.182909737641821,-0.505226480836239,-2.49075965317296,0
1.8,0.158002141110091,-0.505226480836239,-1.56975556746646,0
1.81,0.142304585435426,-0.505226480836239,-1.2152831475606,0
1.82,0.13015175395982,-0.505226480836239,-0.991860879608021,0
1.83,0.12023314516374,-0.505226480836239,-0.313455862903159,0
1.84,0.117098586534709,-0.505226480836239,-0.442495002993147,0
1.85,0.112673636504777,-0.505226480836239,-0.354536262081881,0
1.86,0.109128273883958,-0.505226480836239,0.0180325720830238,0
1.87,0.109308599604788,-0.505226480836239,-0.0015859555242595,0
1.88,0.109292740049546,-0.505226480836239,-0.000657679559894209,0
1.89,0.109286163253947,-0.505226480836239,0.000515788145726004,0
1.9,0.109291321135404,-0.505226480836239,-0.000237954604102864,0
1.91,0.109288941589363,-0.505226480836239,9.16134588635487e-05,0
1.92,0.109289857723952,-0.505226480836239,-3.19852838437384e-05,0
1.93,0.109289537871113,-0.505226480836239,1.04686276675148e-05,0
1.94,0.10928964255739,-0.505226480836239,-3.26480107948335e-06,0
1.95,0.109289609909379,-0.505226480836239,9.78581843336102e-07,0
1.96,0.109289619695198,-0.505226480836239,-1.9912304305425e-07,-1.11022302462516e-14
1.97,0.109289617703967,-0.505226480836239,-1.97876937058084e-08,0
1.98,0.10928961750609,-0.505226480836239,-1.82981546581473e-09,0
1.99,0.109289617487792,-0.505226480836239,-1.45235212745121e-10,0
2,0.10928961748634,-0.505226480836239,-1.45235212745121e-10,0
0.01,7.97814207650273,8.37979094076655,0.0164003505989996,0.00354498803538661
0.02,7.97830608000872,8.3798263906469,-0.0705972494017715,-0.0152598203889909
0.03,7.9776001075147,8.37967379244301,-0.734985923585185,-0.153647553322145
0.04,7.97025024827885,8.37813731690979,-5.25879989284634,-0.774703491237716
0.05,7.91766224935039,8.37039028199741,-4.35724625882816,-0.379305270500652
0.06,7.87408978676211,8.36659722929241,-6.46189923746752,-0.387735026581382
0.07,7.80947079438743,8.36271987902659,-8.29632418275832,-0.390278921168452
0.08,7.72650755255985,8.35881708981491,-9.53090754096735,-0.382342359435839
0.09,7.63119847715017,8.35499366622055,-14.1550209917129,-0.382593929496267
0.1,7.48964826723305,8.35116772692559,-17.8175792442311,-0.432610801621003
0.11,7.31147247479073,8.34684161890938,-20.1562993360479,-0.220660266074191
0.12,7.10990948143026,8.34463501624863,-27.1786991662422,0.051071771574307
0.13,6.83812248976783,8.34514573396438,-30.4170671513651,-0.0933150304383901
0.14,6.53395181825418,8.34421258365999,-32.2170620421748,0.238797435596183
0.15,6.21178119783243,8.34660055801596,-36.3204655922093,0.778250499939226
0.16,5.84857654191034,8.35438306301535,-39.7439057876271,0.230716792697017
0.17,5.45113748403407,8.35669023094232,-42.7293308926625,-0.389810627955356
0.18,5.02384417510744,8.35279212466276,-42.377594971331,-1.05330286868845
0.19,4.60006822539413,8.34225909597588,-42.6467699983512,-1.92127667336166
0.2,4.17360052541062,8.32304632924226,-41.0522727171636,-2.46998325012449
0.21,3.76307779823899,8.29834649674102,-35.4412862125426,-3.36757571320998
0.22,3.40866493611356,8.26467073960892,-35.5739149857298,-4.51468052599271
0.23,3.05292578625626,8.21952393434899,-36.0454357408284,-5.98487368128513
0.24,2.69247142884798,8.15967519753614,-33.0204448106531,-7.33227873947015
0.25,2.36226698074145,8.08635241014144,-31.5468439615973,-7.93499641686903
0.26,2.04679854112548,8.00700244597275,-31.6701665966729,-8.85225822178235
0.27,1.73009687515875,7.91847986375492,-31.8976431315163,-9.61823730247389
0.28,1.41112044384358,7.82229749073019,-32.6224531034296,-9.88877246644284
0.29,1.08489591280929,7.72340976606576,-35.5078722839906,-10.6133465157495
0.3,0.729817189969383,7.61727630090826,-36.8893168772564,-11.205563774583
0.31,0.360924021196819,7.50522066316243,-36.2511613196783,-11.3612952495243
0.32,-0.00158759199996492,7.39160771066719,-36.2838724647857,-11.6958620984666
0.33,-0.364426316647822,7.27464908968252,-36.7279324160636,-12.1967124632111
0.34,-0.731705640808458,7.15268196505041,-36.5261731708498,-12.1388497938013
0.35,-1.09696737251696,7.0312934671124,-35.6789737453553,-11.909202637423
0.36,-1.45375710997051,6.91220144073817,-35.1340980902265,-13.0034883387514
0.37,-1.80509809087277,6.78216655735066,-33.2620999269821,-13.9158100832619
0.38,-2.1377190901426,6.64300845651804,-30.0930106021663,-13.6823818938405
0.39,-2.43864919616426,6.50618463757963,-29.1978461035074,-14.3755423748027
0.4,-2.73062765719933,6.36242921383161,-29.7494914907491,-15.7422442371745
0.41,-3.02812257210682,6.20500677145986,-28.9682746889324,-16.409993896881
0.42,-3.31780531899615,6.04090683249105,-27.0406308313042,-16.7977456622095
0.43,-3.58821162730919,5.87292937586896,-26.8812624483038,-18.9870403872809
0.44,-3.85702425179223,5.68305897199615,-27.2150471703621,-21.2961023755438
0.45,-4.12917472349585,5.47009794824071,-26.6287803393455,-22.1305885619729
0.46,-4.3954625268893,5.24879206262098,-26.9990795706902,-23.5159866497425
0.47,-4.66545332259621,5.01363219612355,-28.3254492843027,-25.9527202304051
0.48,-4.94870781543923,4.7541049938195,-27.4207772745521,-27.0975074434304
0.49,-5.22291558818475,4.4831299193852,-25.6294938714123,-27.9441301304105
0.5,-5.47921052689888,4.20368861808109,-24.6916908614296,-29.3500066853418
0.51,-5.72612743551317,3.91018855122768,-23.5506327515044,-28.6738134611983
0.52,-5.96163376302822,3.62345041661569,-21.404397558377,-29.3213526470621
0.53,-6.17567773861199,3.33023689014507,-19.2592928577911,-31.1832374766349
0.54,-6.3682706671899,3.01840451537872,-16.1369585233376,-29.3910575863872
0.55,-6.52964025242328,2.72449393951485,-13.5868838382978,-31.5855698771818
0.56,-6.66550909080625,2.40863824074303,-11.5792556561334,-33.1552287535214
0.57,-6.78130164736759,2.07708595320782,-9.58073053289246,-31.6910156521333
0.58,-6.87710895269651,1.76017579668649,-7.53834661223998,-32.3060367293174
0.59,-6.95249241881891,1.43711542939331,-6.21490411441101,-33.4292733491382
0.6,-7.01464145996302,1.10282269590193,-6.31237411382006,-37.1179198323366
0.61,-7.07776520110122,0.731643497578564,-5.63287109394333,-37.2022966465222
0.62,-7.13409391204066,0.359620531113342,-4.07568066425954,-33.5043556691964
0.63,-7.17485071868325,0.0245769744213782,-2.89870581369911,-37.781356233705
0.64,-7.20383777682024,-0.353236587915672,-1.39488811921664,-38.0499004670834
0.65,-7.21778665801241,-0.733735592586506,-0.122676591554249,-34.8164788296868
0.66,-7.21901342392795,-1.08190038088337,1.66028670449441,-37.200452574504
0.67,-7.20241055688301,-1.45390490662841,4.26783291027917,-37.9053235829504
0.68,-7.15973222778022,-1.83295814245792,7.56287668309215,-37.6786184411322
0.69,-7.08410346094929,-2.20974432686924,10.9026600965015,-37.5547456151811
0.7,-6.97507685998428,-2.58529178302105,14.0781577863358,-37.9443493805987
0.71,-6.83429528212092,-2.96473527682704,15.8774898791965,-38.8029280090734
0.72,-6.67552038332896,-3.35276455691777,16.7411752107462,-35.0684813770472
0.73,-6.50810863122149,-3.70344937068824,19.3312202265289,-32.719688294592
0.74,-6.31479642895621,-4.03064625363416,22.7297928023332,-33.693157322716
0.75,-6.08749850093287,-4.36757782686132,25.34301822336,-32.0313350299934
0.76,-5.83406831869927,-4.68789117716126,26.3447382043541,-29.4772965332354
0.77,-5.57062093665573,-4.98266414249361,25.3791414317682,-26.1744959074539
0.78,-5.31682952233805,-5.24440910156815,23.7567166867166,-22.5554953657311
0.79,-5.07926235547089,-5.46996405522546,25.0010747867805,-19.5654801239175
0.8,-4.82925160760308,-5.66561885646463,31.0085320414851,-18.2773840261625
0.81,-4.51916628718823,-5.84839269672626,37.186089469048,-16.7412148508335
0.82,-4.14730539249775,-6.01580484523459,39.6316346960075,-13.7848533988274
0.83,-3.75098904553768,-6.15365337922287,41.4556591963855,-11.3545827203965
0.84,-3.33643245357382,-6.26719920642683,43.9016523809048,-8.75171651051936
0.85,-2.89741592976477,-6.35471637153203,46.1910717926191,-6.86459664348762
0.86,-2.43550521183858,-6.4233623379669,52.655040980246,-6.44926013553215
0.87,-1.90895480203612,-6.48785493932222,60.777249185474,-5.84946773770865
0.88,-1.30118231018138,-6.54634961669931,64.1630118138554,-4.39052150869257
0.89,-0.659552192042827,-6.59025483178624,64.0025684781875,-2.98294420165757
0.9,-0.0195265072609517,-6.62008427380281,63.1916225983208,-2.5951602120112
0.91,0.612389718722256,-6.64603587592292,63.8703070575356,-1.65711136862585
0.92,1.25109278929761,-6.66260698960918,64.7049927499574,0.212262376469585
0.93,1.89814271679719,-6.66048436584449,63.3023269576565,2.07067706299204
0.94,2.53116598637375,-6.63977759521457,61.4001174096303,4.941287424018
0.95,3.14516716047005,-6.59036472097439,56.1399846641084,8.2475386553857
0.96,3.70656700711114,-6.50788933442053,49.3434939145811,10.9020091120576
0.97,4.20000194625695,-6.39886924329995,44.1051741359976,13.0320615449703
0.98,4.64105368761692,-6.26854862785025,37.9579218306344,15.5948906691393
0.99,5.02063290592327,-6.11259972115886,32.0943129788263,19.1431857806164
1,5.34157603571153,-5.92116786335269,27.6854952184603,22.7969328255362
1.01,5.61843098789613,-5.69319853509733,23.5836928643312,25.5356257756639
1.02,5.85426791653945,-5.43784227734069,20.9863363889762,27.9440863353528
1.03,6.06413128042921,-5.15840141398717,19.702228882211,29.878793285477
1.04,6.26115356925132,-4.85961348113239,19.3461160300557,31.5844627832883
1.05,6.45461472955188,-4.54376885329951,19.5997081880667,33.4746062863066
1.06,6.65061181143254,-4.20902279043645,19.6150660583002,35.064913861657
1.07,6.84676247201554,-3.85837365181988,19.3081133384191,35.8238832129322
1.08,7.03984360539974,-3.50013481969055,18.2895089303881,35.8589813490827
1.09,7.22273869470362,-3.14154500619973,16.3980944939124,35.4155414274141
1.1,7.38671963964274,-2.78738959192559,14.3929690370311,34.3500008403475
1.11,7.53064933001305,-2.44388958352211,12.0159801770369,32.5460177198231
1.12,7.65080913178342,-2.11842940632388,9.56080563960446,30.4300613224141
1.13,7.74641718817947,-1.81412879309974,6.89161969284324,27.4488022570662
1.14,7.8153333851079,-1.53964077052908,4.25456535731321,23.9697777141461
1.15,7.85787903868103,-1.29994299338761,2.24346934605091,20.7841129273201
1.16,7.88031373214154,-1.09210186411441,1.21748675414697,17.4496075391415
1.17,7.89248859968301,-0.917605788723,0.931585591933448,14.1660089480783
1.18,7.90180445560234,-0.775945699242216,0.413492375158242,10.9097498308585
1.19,7.90593937935393,-0.666848200933631,-0.0761949444048504,7.70024307038009
1.2,7.90517742990988,-0.58984577022983,0.0364234862609614,5.18125496776759
1.21,7.90554166477249,-0.538033220552155,-0.111555106588224,3.02069737287973
1.22,7.9044261137066,-0.507826246823357,-0.427529066287047,1.69647319908836
1.23,7.90015082304373,-0.490861514832474,-0.419448530412936,1.00797901443226
1.24,7.89595633773961,-0.480781724688151,-0.3942596603145,0.424818020540041
1.25,7.89201374113646,-0.476533544482751,-0.407748002079877,0.381781440120599
1.26,7.88793626111566,-0.472715730081545,-0.406739154180258,0.264801295168149
1.27,7.88386886957386,-0.470067717129863,-0.398985977300725,-0.0264073509625651
1.28,7.87987900980085,-0.470331790639489,-0.408955838189051,-0.0122564250152724
1.29,7.87578945141896,-0.470454354889642,-0.426065120150465,0.00989455266662276
1.3,7.87152880021746,-0.470355409362975,-0.275398989423614,-0.00330067273650037
1.31,7.86877481032322,-0.47038841609034,-0.295229869118963,0.00034760127389788
1.32,7.86582251163203,-0.470384940077601,-0.410171436274975,0.000315448940024776
1.33,7.86172079726928,-0.470381785588201,-0.443754886363745,-0.000197287174175109
1.34,7.85728324840564,-0.470383758459943,-0.764176259005112,6.94020460823008e-05
1.35,7.84964148581559,-0.470383064439482,-1.36442977821387,-9.61478567373941e-05
1.36,7.83599718803345,-0.470384025918049,-1.9046337404915,0.000282994966466221
1.37,7.81695085062854,-0.470381195968385,-2.6289769213955,-0.000387062580453623
1.38,7.79066108141458,-0.470385066594189,-4.18649290043653,-0.000679124023766908
1.39,7.74879615241022,-0.470391857834427,-6.36159802452969,0.00493747724665816
1.4,7.68518017216492,-0.47034248306196,-7.58525302642372,-0.0136863754081618
1.41,7.60932764190068,-0.470479346816042,-8.75097511263414,0.0144153856582951
1.42,7.52181789077434,-0.470335192959459,-11.4306372543918,0.283218541188412
1.43,7.40751151823043,-0.467503007547575,-14.7228177537204,0.901161187666566
1.44,7.26028334069322,-0.458491395670909,-18.4350615473003,1.2010924415748
1.45,7.07593272522022,-0.446480471255161,-22.8460471552787,1.17501378931847
1.46,6.84747225366743,-0.434730333361977,-27.4933634753425,1.49832331686757
1.47,6.57253861891401,-0.419747100193301,-31.3403187233328,1.50368504480587
1.48,6.25913543168068,-0.404710249745242,-34.6201023027926,1.73721070595378
1.49,5.91293440865275,-0.387338142685704,-38.3780213438267,2.34374502190426
1.5,5.52915419521449,-0.363900692466662,-41.3659672692766,2.2760922654312
1.51,5.11549452252172,-0.34113976981235,-42.5564942754213,2.40254560601243
1.52,4.68992957976751,-0.317114313752225,-42.8325844468948,2.2750966422005
1.53,4.26160373529856,-0.29436334733022,-42.0326404526643,1.89998874855425
1.54,3.84127733077192,-0.275363459844678,-39.5131146467217,1.90521135829185
1.55,3.4461461843047,-0.256311346261759,-36.6529282264395,1.6153175660727
1.56,3.0796169020403,-0.240158170601032,-33.2208538491487,1.57729344687108
1.57,2.74740836354882,-0.224385236132322,-28.8485404110716,1.33952480582329
1.58,2.4589229594381,-0.210989988074089,-26.5832775575224,1.03738031503425
1.59,2.19309018386288,-0.200616184923746,-24.1429865633965,1.2333481697694
1.6,1.95166031822891,-0.188282703226052,-20.5973419913647,0.793719851168137
1.61,1.74568689831527,-0.180345504714371,-17.9647937271736,0.310638251189913
1.62,1.56603896104353,-0.177239122202472,-15.6697315851322,0.352026211927764
1.63,1.40934164519221,-0.173718860083194,-14.5689952383501,0.511930262999957
1.64,1.26365169280871,-0.168599557453194,-13.5479060962824,0.799975048516549
1.65,1.12817263184588,-0.160599806968029,-12.8062487248357,1.11264867851925
1.66,1.00011014459752,-0.149473320182836,-12.7174588739177,1.43129351175385
1.67,0.872935555858348,-0.135160385065298,-10.3320373187085,1.31112929783424
1.68,0.769615182671263,-0.122049092086956,-8.70325712171298,1.11926069095787
1.69,0.682582611454134,-0.110856485177377,-8.37311862004471,1.16264362015743
1.7,0.598851425253687,-0.0992300489758026,-7.09185690400533,1.16100875236698
1.71,0.527932856213633,-0.0876199614521328,-5.88354424233331,1.19214493111277
1.72,0.4690974137903,-0.0756985121410051,-4.55433022875654,1.05332456186843
1.73,0.423554111502735,-0.0651652665223208,-3.0489590695538,0.732622504164635
1.74,0.393064520807197,-0.0578390414806744,-1.85233729512398,0.452768022293733
1.75,0.374541147855957,-0.0533113612577371,-0.840126959929943,0.132804922432142
1.76,0.366139878256657,-0.0519833120334157,-0.193203170023915,-0.0328083208178641
1.77,0.364207846556418,-0.0523113952415943,0.00516595362910488,0.00264821633047807
1.78,0.364259506092709,-0.0522849130782895,0.00706950567974096,0.00362403183103086
1.79,0.364330201149507,-0.0522486727599792,-0.00419871597789889,-0.00215238250631175
1.8,0.364288213989728,-0.0522701965850423,0.00117362637304663,0.000601634615815527
1.81,0.364299950253458,-0.0522641802388842,-1.95168391226019e-05,-1.00048927635654e-05
1.82,0.364299755085067,-0.0522642802878118,-0.000168767214614451,-8.65149255853404e-05
1.83,0.364298067412921,-0.0522651454370677,8.54673887440427e-05,4.38130403117298e-05
1.84,0.364298922086808,-0.0522647073066646,-2.08075894125859e-05,-1.06665684646012e-05
1.85,0.364298714010914,-0.0522648139723492,-1.42230739408333e-06,-7.29115654657386e-07
1.86,0.36429869978784,-0.0522648212635058,3.86333955382234e-06,1.98045890936749e-06
1.87,0.364298738421236,-0.0522648014589167,-1.70679904099025e-06,-8.74954256963045e-07
1.88,0.364298721353245,-0.0522648102084592,3.52377194090536e-07,1.80638679708744e-07
1.89,0.364298724877017,-0.0522648084020724,6.62829902076112e-08,3.39785678760141e-08
1.9,0.364298725539847,-0.0522648080622868,-8.56225812473355e-08,-4.38925965018377e-08
1.91,0.364298724683621,-0.0522648085012127,3.34264615986513e-08,1.71353667366425e-08
1.92,0.364298725017886,-0.0522648083298591,-5.56913404281545e-09,-2.85489826223895e-09
1.93,0.364298724962195,-0.052264808358408,-2.08614792107653e-09,-1.06942163458079e-09
1.94,0.364298724941333,-0.0522648083691023,1.84848802931015e-09,9.4759061708416e-10
1.95,0.364298724959818,-0.0522648083596263,-6.4110383668492e-10,-3.28647525860148e-10
1.96,0.364298724953407,-0.0522648083629128,1.42696965355071e-10,7.31484317562092e-11
1.97,0.364298724954834,-0.0522648083621813,-3.36786154520041e-11,-1.72639680329212e-11
1.98,0.364298724954497,-0.052264808362354,-4.52415882534751e-12,-2.32106001085697e-12
1.99,0.364298724954452,-0.0522648083623772,1.04916075827077e-12,5.39152056333592e-13
2,0.364298724954462,-0.0522648083623718,1.04916075827077e-12,5.39152056333592e-13
0.01,7.72313296903461,8.48432055749129,-0.00911351527896898,-0.00198400287931833
0.02,7.72304183388182,8.48430071746249,-0.0735884553614952,-0.0160201308554875
0.03,7.7223059493282,8.48414051615394,0.300622758156965,0.0654452644800685
0.04,7.72531217690977,8.48479496879874,-2.95579024053207,-0.574564401383704
0.05,7.69575427450445,8.4790493247849,-2.92554972683652,-0.412402469550166
0.06,7.66649877723609,8.4749253000894,-3.65295774862897,-0.37311410497427
0.07,7.6299691997498,8.47119415903966,-4.79439198862339,-0.388828763096427
0.08,7.58202527986356,8.46730587140869,-6.26665247761995,-0.391134775818358
0.09,7.51935875508736,8.46339452365051,-7.84037798106132,-0.375512931000088
0.1,7.44095497527675,8.45963939434051,-10.2559107920373,-0.400238766493288
0.11,7.33839586735638,8.45563700667558,-14.478922703156,-0.420792061284203
0.12,7.19360664032482,8.45142908606273,-17.1457135013391,-0.224696552824888
0.13,7.02214950531143,8.44918212053449,-17.4698688177761,0.0136026857605387
0.14,6.84745081713367,8.44931814739209,-20.6877989316514,0.0275562115163552
0.15,6.64057282781715,8.44959370950725,-26.1750004249498,-0.0115820605731898
0.16,6.37882282356765,8.44947788890152,-30.751957684112,-0.0115295583386299
0.17,6.07130324672653,8.44936259331814,-34.8582813268031,0.0267685234186743
0.18,5.7227204334585,8.44963027855232,-39.1939005010767,0.0142934441656806
0.19,5.33078142844774,8.44977321299398,-43.0460876777699,-0.288832712604403
0.2,4.90032055167004,8.44688488586794,-45.0258365656254,-1.07761241815041
0.21,4.45006218601378,8.43610876168643,-47.3302252524749,-2.11517133767831
0.22,3.97675993348903,8.41495704830965,-51.2433373799582,-2.64366066755723
0.23,3.46432655968945,8.38852044163408,-52.4209064133647,-3.24583992977185
0.24,2.94011749555581,8.35606204233636,-50.8511138236498,-4.54068382526209
0.25,2.43160635731931,8.31065520408374,-49.5313584545978,-5.43199626503998
0.26,1.93629277277333,8.25633524143334,-49.0991319096301,-6.20932147901883
0.27,1.44530145367703,8.19424202664315,-49.9225957648013,-7.86027140754477
0.28,0.946075496029016,8.1156393125677,-49.7074513477495,-9.22073685087348
0.29,0.449000982551521,8.02343194405897,-47.6860195325515,-9.57887217844471
0.3,-0.0278592127739945,7.92764322227452,-45.7634231316636,-9.72055828008989
0.31,-0.48549344409063,7.83043763947362,-44.374514170835,-10.4476567867457
0.32,-0.92923858579898,7.72596107160616,-43.3359896538416,-11.0708253029379
0.33,-1.3625984823374,7.61525281857678,-42.3142231748429,-11.0009072368122
0.34,-1.78574071408583,7.50524374620866,-41.109364917463,-11.3186492336074
0.35,-2.19683436326046,7.39205725387259,-38.9996363092623,-11.7799841461038
0.36,-2.58683072635308,7.27425741241155,-35.4414010774199,-11.4467635626645
0.37,-2.94124473712728,7.15978977678491,-32.8500574304103,-11.2951462637341
0.38,-3.26974531143138,7.04683831414757,-31.8814970544808,-11.8119550736784
0.39,-3.58856028197619,6.92871876341078,-30.9490208545052,-12.4448454316409
0.4,-3.89805049052124,6.80427030909437,-29.8113768529421,-13.1600008956164
0.41,-4.19616425905066,6.67267030013821,-28.7075995176068,-14.0762314926804
0.42,-4.48324025422673,6.5319079852114,-28.2139055916109,-15.1111539737931
0.43,-4.76537931014284,6.38079644547347,-28.2170828251187,-16.302928434712
0.44,-5.04755013839402,6.21776716112635,-27.5944204687885,-17.8656624964438
0.45,-5.32349434308191,6.03911053616192,-26.3058835251286,-19.5416527844975
0.46,-5.5865531783332,5.84369400831694,-25.2407713664356,-20.9814199622477
0.47,-5.83896089199755,5.63387980869446,-24.428457352837,-22.2371108930597
0.48,-6.08324546552592,5.41150869976387,-23.385210481467,-23.3714856427306
0.49,-6.31709757034059,5.17779384333656,-21.9421607847801,-24.3771120070268
0.5,-6.53651917818839,4.93402272326629,-20.3159747583254,-25.1024657455026
0.51,-6.73967892577165,4.68299806581127,-18.4552322246067,-25.5241464580767
0.52,-6.92423124801771,4.4277566012305,-16.4085638553875,-25.8006483088502
0.53,-7.08831688657159,4.169750118142,-14.9384329638717,-26.2409828972019
0.54,-7.23770121621031,3.90734028916998,-13.7760815575681,-27.1926552406499
0.55,-7.37546203178599,3.63541373676348,-12.192225919496,-28.0349507550159
0.56,-7.49738429098095,3.35506422921332,-10.692541993766,-28.7895858135972
0.57,-7.60430971091861,3.06716837107735,-9.74750320181226,-30.1406384651346
0.58,-7.70178474293673,2.765761986426,-9.00592234237143,-31.7563431302058
0.59,-7.79184396636044,2.44819855512394,-8.053090141303,-33.5500644707949
0.6,-7.87237486777347,2.112697910416,-6.8384923365219,-35.7765056406881
0.61,-7.94075979113869,1.75493285400911,-5.68476943218004,-37.9079064476551
0.62,-7.99760748546049,1.37585378953256,-4.76472965271526,-39.2995995498785
0.63,-8.04525478198765,0.982857794033779,-3.75762280702769,-40.3851702293839
0.64,-8.08283101005792,0.579006091739939,-2.35838106869899,-41.7134308909824
0.65,-8.10641482074491,0.161871782830115,-0.467799052477602,-42.5175686348574
0.66,-8.11109281126969,-0.263303903518459,1.33611804508629,-42.4110248474126
0.67,-8.09773163081883,-0.687414151992585,2.6984308815603,-41.9807151728537
0.68,-8.07074732200322,-1.10722130372112,4.04820624674773,-41.3710707254078
0.69,-8.03026525953575,-1.5209320109752,5.32585896493298,-40.1132359307422
0.7,-7.97700666988642,-1.92206437028262,6.58385665431869,-38.4403818967862
0.71,-7.91116810334323,-2.30646818925048,7.92204632360232,-36.7267415855872
0.72,-7.83194764010721,-2.67373560510635,8.93601911714272,-34.7396562537447
0.73,-7.74258744893578,-3.0211321676438,9.46340037431987,-32.8971835456934
0.74,-7.64795344519258,-3.35010400310074,10.0685675069,-31.0787649642596
0.75,-7.54726777012358,-3.66089165274333,11.9435162017071,-29.7368072876011
0.76,-7.42783260810651,-3.95825972561934,15.1039193297111,-29.834116696176
0.77,-7.2767934148094,-4.2566008925811,17.5316103884846,-29.3821224593748
0.78,-7.10147731092455,-4.55042211717485,19.0372419987074,-27.9454880237851
0.79,-6.91110489093748,-4.8298769974127,20.8077427913477,-27.0358538307248
0.8,-6.703027463024,-5.10023553571995,22.478048558542,-26.2058060554801
0.81,-6.47824697743858,-5.36229359627475,24.4150281164738,-25.017880043641
0.82,-6.23409669627384,-5.61247239671116,28.5408598535204,-24.6279226638682
0.83,-5.94868809773864,-5.85875162334984,32.7745279987269,-25.1892705934944
0.84,-5.62094281775137,-6.11064432928479,34.3007185852334,-24.6370455810204
0.85,-5.27793563189904,-6.35701478509499,34.452445945467,-22.0820157916751
0.86,-4.93341117244437,-6.57783494301174,35.3537168052756,-19.8748013448639
0.87,-4.57987400439161,-6.77658295646038,37.1514080160797,-18.733439246444
0.88,-4.20835992423081,-6.96391734892482,38.9390770103142,-17.2726455633372
0.89,-3.81896915412767,-7.13664380455819,41.1211066865579,-15.6758107039679
0.9,-3.40775808726209,-7.29340191159787,43.281970231586,-13.9108111508014
0.91,-2.97493838494623,-7.43251002310588,43.3557689846123,-10.9440478622282
0.92,-2.54138069510011,-7.54195050172817,43.0293198041748,-7.70594754223834
0.93,-2.11108749705836,-7.61900997715055,44.9702986611872,-5.56092594045472
0.94,-1.66138451044649,-7.6746192365551,47.7616376198585,-3.69696545045493
0.95,-1.1837681342479,-7.71158889105965,50.1249632052733,-1.359909222802
0.96,-0.682518502195172,-7.72518798328767,51.3327618347114,0.754810707825193
0.97,-0.169190883848057,-7.71763987620941,52.1546018803822,2.50351552847903
0.98,0.352355134955765,-7.69260472092462,54.3167344973638,4.34163622498129
0.99,0.895522479929403,-7.64918835867481,55.3510342835592,6.00226110662909
1,1.44903282276499,-7.58916574760852,54.0292483502524,7.3893552658566
1.01,1.98932530626752,-7.51527219494995,52.7536403544279,8.76804738529211
1.02,2.5168617098118,-7.42759172109703,51.4126800211521,10.4983760937825
1.03,3.03098851002332,-7.32260796015921,49.2523921855667,12.2856137915472
1.04,3.52351243187899,-7.19975182224374,46.639864612159,13.464792750833
1.05,3.98991107800058,-7.06510389473541,44.7357218002383,14.6707826911035
1.06,4.43726829600296,-6.91839606782437,42.8906905595595,16.0068861388096
1.07,4.86617520159855,-6.75832720643627,38.3868233390849,16.508545083702
1.08,5.2500434349894,-6.59324175559926,34.2167033118947,17.2065606658389
1.09,5.59221046810835,-6.42117614894087,33.5087343728328,20.1531809709479
1.1,5.92729781183668,-6.21964433923139,32.7457967422939,23.2800978307078
1.11,6.25475577925962,-5.98684336092431,30.301623736399,24.9628062524686
1.12,6.55777201662361,-5.73721529839962,26.8884553606182,27.0319445882366
1.13,6.82665657022979,-5.46689585251726,23.1759207148065,28.4380309187473
1.14,7.05841577737785,-5.18251554332978,19.5882362636879,27.8471138042743
1.15,7.25429814001473,-4.90404440528704,16.1610976754105,29.0172024871496
1.16,7.41590911676884,-4.61387238041554,13.889365545223,32.7446345331868
1.17,7.55480277222107,-4.28642603508368,12.2594691376609,35.3126888601033
1.18,7.67739746359768,-3.93329914648264,9.22018194016001,34.4820333042808
1.19,7.76959928299928,-3.58847881343983,5.89284581214615,32.8103154419445
1.2,7.82852774112074,-3.26037565902039,4.11890293055155,32.4451092826614
1.21,7.86971677042625,-2.93592456619378,3.50212016952325,31.3780055512504
1.22,7.90473797212149,-2.62214451068127,3.17651521538558,30.5683496773695
1.23,7.93650312427534,-2.31646101390758,3.28598895858603,31.2509098644237
1.24,7.9693630138612,-2.00395191526334,3.42507370672083,29.4975093734156
1.25,8.00361375092841,-1.70897682152918,2.9123445088187,24.9176132601949
1.26,8.0327371960166,-1.45980068892724,2.25626088072008,20.9405336857746
1.27,8.0552998048238,-1.25039535206949,1.92195967795215,18.0603463058328
1.28,8.07451940160332,-1.06979188901116,1.6999166416694,15.3252392364851
1.29,8.09151856802001,-0.91653949664631,1.15504719453554,12.3268377647834
1.3,8.10306903996537,-0.793271118998477,0.780400232910772,9.39209820604574
1.31,8.11087304229448,-0.699350136938019,0.849116673004957,6.68269596666787
1.32,8.11936420902453,-0.632523177271341,0.509944894952419,4.33763590283763
1.33,8.12446365797405,-0.589146818242964,-0.0229366408374787,2.61195583545192
1.34,8.12423429156568,-0.563027259888445,-0.059978319229792,1.58372458778292
1.35,8.12363450837338,-0.547190014010616,0.0242677692071425,0.733987946551007
1.36,8.12387718606545,-0.539850134545106,0.00195557974080884,0.0346390343456404
1.37,8.12389674186286,-0.539503744201649,-0.00470073416352079,-0.0808372937983415
1.38,8.12384973452122,-0.540312117139633,0.00215820237237097,0.0216735703859827
1.39,8.12387131654495,-0.540095381435773,-0.00488415798631792,0.00777801580876814
1.4,8.12382247496508,-0.540017601277685,0.00657225422333596,-0.00676146101360464
1.41,8.12388819750732,-0.540085215887821,0.0163378143994919,0.000841935317719145
1.42,8.12405157565131,-0.540076796534644,-0.101566675885678,0.00160595796976359
1.43,8.12303590889245,-0.540060736954946,-0.464242793035829,-0.000875469467576107
1.44,8.1183934809621,-0.540069491649622,-1.02197312241916,-0.00268038924298164
1.45,8.1081737497379,-0.540096295542052,-1.34108372247699,0.00729008181761248
1.46,8.09476291251313,-0.540023394723876,-1.9724298271905,0.00145903445100126
1.47,8.07503861424123,-0.540008804379366,-3.91122793741498,-0.0391694669525489
1.48,8.03592633486708,-0.540400499048891,-5.93913569531654,0.0753743586663136
1.49,7.97653497791391,-0.539646755462228,-7.66833856429621,0.344665848019776
1.5,7.89985159227095,-0.536200096982031,-10.3856672244328,0.509756933979522
1.51,7.79599492002662,-0.531102527642235,-13.5832599038571,0.914835463400643
1.52,7.66016232098805,-0.521954173008229,-17.0559401102336,1.71227939041902
1.53,7.48960291988572,-0.504831379104039,-22.7862162834095,2.13547951957017
1.54,7.26174075705162,-0.483476583908337,-29.387457386646,2.34020685296281
1.55,6.96786618318516,-0.460074515378709,-33.1458680154538,2.88821807860701
1.56,6.63640750303062,-0.431192334592639,-34.5821649421948,3.17486095462691
1.57,6.29058585360868,-0.39944372504637,-36.8571741546482,3.00959199683069
1.58,5.92201411206219,-0.369347805078063,-41.1447204116068,3.11827294799633
1.59,5.51056690794613,-0.338165075598099,-43.6709946409014,3.54783055723243
1.6,5.07385696153711,-0.302686770025775,-43.4897030631629,3.62561668712424
1.61,4.63895993090548,-0.266430603154533,-42.6290584964989,3.19199938888967
1.62,4.21266934594049,-0.234510609265636,-39.4218106394563,2.89732545006729
1.63,3.81845123954593,-0.205537354764963,-35.4520783475789,2.62231397695946
1.64,3.46393045607014,-0.179314214995368,-34.8604579056742,2.40726171392077
1.65,3.1153258770134,-0.155241597856161,-36.0221566182435,2.67400969021324
1.66,2.75510431083096,-0.128501500954028,-36.0044463691481,2.78392188468519
1.67,2.39505984713948,-0.100662282107176,-33.5641519139839,2.32302586338876
1.68,2.05941832799964,-0.0774320234732889,-30.7336977875353,1.74584762932876
1.69,1.75208135012429,-0.0599735471800013,-28.4959307176698,1.27153259327889
1.7,1.46712204294759,-0.0472582212472124,-25.7152042214671,0.902098327710716
1.71,1.20997000073292,-0.0382372379701052,-22.9019888794564,0.77645834717535
1.72,0.980950111938358,-0.0304726544983517,-20.2045337923459,0.837915246352082
1.73,0.778904774014899,-0.0220935020348309,-16.6805832056656,0.51019320929215
1.74,0.612098941958243,-0.0169915699419094,-12.5977949724478,-0.00256964987813343
1.75,0.486120992233765,-0.0170172664406907,-9.07390279836684,-0.0617000975971605
1.76,0.395381964250096,-0.0176342674166623,-6.25392801795351,0.0213042341700189
1.77,0.332842684070561,-0.0174212250749621,-4.07897347865931,0.00391608936046242
1.78,0.292052949283968,-0.0173820641813575,-3.63720041547466,-0.00542826893355358
1.79,0.255680945129222,-0.0174363468706931,-4.28288318968264,0.00119698050217304
1.8,0.212852113232395,-0.0174243770656713,-4.25125660181804,0.000625212006976489
1.81,0.170339547214215,-0.0174181249456016,-3.85841482396854,-0.000432636547923609
1.82,0.131755398974529,-0.0174224513110808,-3.5910571123279,4.30670603263072e-05
1.83,0.0958448278512504,-0.0174220206404775,-3.16156402989542,7.00649174054102e-05
1.84,0.0642291875522961,-0.0174213199913035,-2.38457966095857,-3.12484509386313e-05
1.85,0.0403833909427104,-0.0174216324758129,-1.63939864103268,-1.56710317812669e-06
1.86,0.0239894045323836,-0.0174216481468446,-1.41269146130367,6.65036582227219e-06
1.87,0.00986248991934689,-0.0174215816431864,-0.957450236177411,-1.98973017888349e-06
1.88,0.000287987557572771,-0.0174216015404882,-0.117766654819869,-5.49911787980917e-07
1.89,-0.000889678990625916,-0.0174216070396061,0.118086077895233,5.64382551110354e-07
1.9,0.000291181788326418,-0.0174216013957806,-0.0211696233768555,-1.01178447911576e-07
1.91,7.94855545578629e-05,-0.0174216024075651,-0.0155488037623925,-7.43142093001525e-08
1.92,-7.60024830660624e-05,-0.0174216031507072,0.00910275289972146,4.3505847535652e-08
1.93,1.50250459311522e-05,-0.0174216027156487,-0.000478100069660054,-2.2850395187124e-09
1.94,1.02440452345517e-05,-0.0174216027384991,-0.00162458926241249,-7.76458862483675e-09
1.95,-6.00184738957319e-06,-0.017421602816145,0.000632360719136817,3.02231538407138e-09
1.96,3.21759801794983e-07,-0.0174216027859218,-8.56472554337031e-05,-4.09344086405028e-10
1.97,-5.34712752542048e-07,-0.0174216027900152,7.37638773807881e-05,3.52548545912157e-10
1.98,2.02926021265833e-07,-0.0174216027864898,-1.80564167237745e-05,-8.62993704275894e-11
1.99,2.23618540280886e-08,-0.0174216027873528,-2.23618540280886e-06,-1.06876313354931e-11
2,0,-0.0174216027874596,-2.23618540280886e-06,-1.06876313354931e-11
0.01,7.90528233151184,8.17073170731707,-0.182848637915267,0.004069274852192
0.02,7.90345384513269,8.17077240006559,-0.822216609436222,0.0130634255347317
0.03,7.89523167903832,8.17090303432094,-4.75895837848492,-0.0701356533955533
0.04,7.84764209525347,8.17020167778698,-4.31575216035798,0.469651847861385
0.05,7.80448457364989,8.1748981962656,-4.24385819035713,0.352789891366889
0.06,7.76204599174632,8.17842609517927,-6.26106037016676,0.423239658601382
0.07,7.69943538804466,8.18265849176528,-9.64844682788391,0.935444163067345
0.08,7.60295091976582,8.19201293339595,-13.1854482876961,1.25393686682695
0.09,7.47109643688886,8.20455230206422,-16.1542712705198,1.17050444608431
0.1,7.30955372418366,8.21625734652507,-19.2660530220865,1.10426941336481
0.11,7.11689319396279,8.22730004065872,-22.8195130805983,1.24749980564935
0.12,6.88869806315681,8.23977503871521,-26.669687604167,1.36120286972883
0.13,6.62200118711514,8.2533870674125,-32.113810656308,1.23080618456495
0.14,6.30086308055206,8.26569512925815,-37.7163978168165,1.20092443326669
0.15,5.92369910238389,8.27770437359081,-40.4401407184689,1.09597960980654
0.16,5.51929769519921,8.28866416968888,-41.3421105255206,0.636647986723027
0.17,5.105876589944,8.29503064955611,-42.1191889694234,0.353482174914355
0.18,4.68468470024977,8.29856547130525,-42.057785580965,0.148371349051146
0.19,4.26410684444012,8.30004918479576,-42.0688804140562,-0.312560439482645
0.2,3.84341804029955,8.29692358040094,-44.3602855999065,-1.01944232361362
0.21,3.39981518430049,8.2867291571648,-46.1245328761461,-2.20996825723638
0.22,2.93856985553903,8.26462947459244,-43.9479724984874,-3.5711910078307
0.23,2.49909013055415,8.22891756451413,-40.6557905690504,-4.47853831276994
0.24,2.09253222486365,8.18413218138643,-40.390286227689,-5.44879602113006
0.25,1.68862936258676,8.12964422117513,-42.3722426673594,-7.13029326140351
0.26,1.26490693591317,8.0583412885611,-43.5019689708853,-8.75693660316363
0.27,0.829887246204313,7.97077192252946,-43.8541721371784,-9.60922589805486
0.28,0.391345524832529,7.87467966354891,-43.5322927337757,-9.99842475164687
0.29,-0.0439774025052281,7.77469541603244,-41.0971059164415,-10.3577717999738
0.3,-0.454948461669644,7.6711176980327,-39.2369154459223,-10.5678865297498
0.31,-0.847317616128867,7.56543883273521,-40.1428730316066,-10.6504719009563
0.32,-1.24874634644493,7.45893411372564,-41.9015388549135,-11.3998816199936
0.33,-1.66776173499407,7.34493529752571,-42.4194238275981,-12.7860754345286
0.34,-2.09195597327005,7.21707454318042,-41.0826818939231,-13.3247237455898
0.35,-2.50278279220928,7.08382730572452,-40.4351702174816,-13.4831136282993
0.36,-2.9071344943841,6.94899616944153,-43.5432610978688,-16.2300857155574
0.37,-3.34256710536278,6.78669531228596,-47.7274724647977,-20.4947424739853
0.38,-3.81984183001076,6.5817478875461,-48.7171605254726,-22.7257075935975
0.39,-4.30701343526549,6.35449081161013,-48.9305818441922,-24.9394874185721
0.4,-4.79631925370741,6.10509593742441,-49.9265708399191,-28.8154457513606
0.41,-5.2955849621066,5.8169414799108,-48.9250769015682,-31.128062845767
0.42,-5.78483573112228,5.50566085145313,-46.2906241068837,-31.5269016277521
0.43,-6.24774197219112,5.19039183517561,-44.0695145628144,-33.0141499179451
0.44,-6.68843711781926,4.86025033599616,-41.7235563621985,-35.0274696322727
0.45,-7.10567268144125,4.50997563967343,-36.7986552062659,-34.9405218853084
0.46,-7.47365923350391,4.16057042082035,-30.9071925632868,-35.6538835603351
0.47,-7.78273115913678,3.804031585217,-27.3709000399907,-38.0035272024219
0.48,-8.05644015953668,3.42399631319278,-23.24945672692,-36.4124393353665
0.49,-8.28893472680588,3.05987191983911,-18.29803395265,-34.0809367896702
0.5,-8.47191506633238,2.71906255194241,-15.9261752286644,-36.3654239814457
0.51,-8.63117681861903,2.35540831212795,-14.6989491398047,-39.686882785605
0.52,-8.77816631001707,1.9585394842719,-12.6549150342594,-41.4776439989182
0.53,-8.90471546035967,1.54376304428272,-10.2812702904776,-43.4584636512298
0.54,-9.00752816326444,1.10917840777042,-7.93874829998309,-44.9539834291569
0.55,-9.08691564626428,0.659638573478856,-5.53364833854673,-43.6506360822864
0.56,-9.14225212964974,0.223132212655992,-3.75274353513539,-42.7533052826272
0.57,-9.1797795650011,-0.20440084017028,-2.94883719024028,-45.7183136738607
0.58,-9.2092679369035,-0.661583976908887,-1.06528928370544,-47.531349169236
0.59,-9.21992082974055,-1.13689746860125,2.34542795960397,-46.0942857567923
0.6,-9.19646655014451,-1.59784032616917,5.10470964073946,-44.3767164360145
0.61,-9.14541945373712,-2.04160749052932,6.50903754505663,-41.6370099661183
0.62,-9.08032907828655,-2.4579775901905,7.63168738202697,-38.0608907380768
0.63,-9.00401220446628,-2.83858649757127,9.01832073922559,-35.612088477789
0.64,-8.91382899707403,-3.19470738234916,10.0339985528192,-33.9757250030261
0.65,-8.81348901154584,-3.53446463237942,10.9285295797889,-32.4283222466069
0.66,-8.70420371574795,-3.85874785484549,12.4680518773271,-31.4507700551852
0.67,-8.57952319697467,-4.17325555539734,14.7918287661755,-31.1277684953041
0.68,-8.43160490931292,-4.48453324035038,17.2010447046961,-30.2658411844686
0.69,-8.25959446226596,-4.78719165219507,17.754728129238,-27.5691556142679
0.7,-8.08204718097358,-5.06288320833775,18.1776999992978,-25.6387349526683
0.71,-7.9002701809806,-5.31927055786443,20.8542705649472,-26.0900501787139
0.72,-7.69172747533113,-5.58017105965157,24.1078550335299,-26.2010680992292
0.73,-7.45064892499583,-5.84218174064386,27.021694929585,-25.0567920364147
0.74,-7.18043197569998,-6.09274966100801,28.9847494780274,-22.9952988558064
0.75,-6.8905844809197,-6.32270264956607,29.6788074361607,-20.1827368731455
0.76,-6.5937964065581,-6.52453001829753,29.9267373578443,-17.2112518034995
0.77,-6.29452903297965,-6.69664253633252,31.4704442061868,-14.6886509327057
0.78,-5.97982459091779,-6.84352904565958,36.2860095266987,-14.1505304257859
0.79,-5.6169644956508,-6.98503434991744,41.3041098134853,-14.0009770042706
0.8,-5.20392339751595,-7.12504411996014,42.5236110879668,-11.770381918007
0.81,-4.77868728663628,-7.24274793914021,41.5636279208288,-9.3084491825155
0.82,-4.36305100742799,-7.33583243096537,43.0311424180066,-7.89935366335213
0.83,-3.93273958324792,-7.41482596759889,47.5814352474399,-7.05880597595092
0.84,-3.45692523077353,-7.4854140273584,51.9880996913974,-6.10635534251029
0.85,-2.93704423385955,-7.5464775807835,55.9750950641649,-4.78764494658108
0.86,-2.3772932832179,-7.59435403024931,59.8586600583705,-3.4422144163015
0.87,-1.7787066826342,-7.62877617441233,62.5565863979882,-1.6347230096839
0.88,-1.15314081865432,-7.64512340450917,64.1196808299844,0.311669664033243
0.89,-0.511944010354472,-7.64200670786883,64.5363832819361,1.83397133663492
0.9,0.133419822464889,-7.62366699450249,65.3207733268935,3.64548834942413
0.91,0.786627555733824,-7.58721211100824,64.5738576240599,5.78755633177321
0.92,1.43236613197442,-7.52933654769051,59.9855919783617,7.24675228231764
0.93,2.03222205175804,-7.45686902486734,54.6188291373911,8.07731577868651
0.94,2.57841034313195,-7.37609586708047,49.5934341255772,9.22922595020896
0.95,3.07434468438772,-7.28380360757838,42.7541641632556,10.6497519037664
0.96,3.50188632602028,-7.17730608854072,35.061833015783,11.5937506428528
0.97,3.85250465617811,-7.06136858211219,29.6343117863038,12.7296187536894
0.98,4.14884777404115,-6.9340723945753,26.9010460763012,14.1615827442832
0.99,4.41785823480416,-6.79245656713246,23.6466907919605,14.4944464504611
1,4.65432514272376,-6.64751210262785,19.8177695963135,14.5337596907676
1.01,4.8525028386869,-6.50217450572018,18.4209212619905,16.1627662385114
1.02,5.0367120513068,-6.34054684333506,18.9499139338451,19.4728261599254
1.03,5.22621119064525,-6.14581858173581,18.1218455332909,21.5651864758567
1.04,5.40742964597816,-5.93016671697724,16.2387178479464,21.0549028755248
1.05,5.56981682445763,-5.71961768822199,16.7528178304616,22.2426162758079
1.06,5.73734500276224,-5.49719152546391,18.4530768024418,25.7106654699499
1.07,5.92187577078666,-5.24008487076441,18.7594594048469,28.8690355919504
1.08,6.10947036483513,-4.95139451484491,19.0618771931297,32.4406719063425
1.09,6.30008913676643,-4.62698779578149,19.3162921551369,35.8448085239435
1.1,6.4932520583178,-4.26853971054205,18.2678968196035,36.8089194862976
1.11,6.67593102651383,-3.90045051567908,16.2495216019644,35.2285962938025
1.12,6.83842624253347,-3.54816455274105,15.4381650414117,34.6765711497399
1.13,6.99280789294759,-3.20139884124365,16.1538513492787,36.9437617955916
1.14,7.15434640644038,-2.83196122328774,14.8331993238826,37.1593066234984
1.15,7.3026783996792,-2.46036815705275,11.1016863718951,32.8997116419083
1.16,7.41369526339816,-2.13137104063367,8.29027121810508,27.573833862764
1.17,7.49659797557921,-1.85563270200603,6.64482052713327,22.5516598042783
1.18,7.56304618085054,-1.63011610396325,5.29465081916012,17.6553153692143
1.19,7.61599268904214,-1.4535629502711,4.57385571821218,14.0584851333962
1.2,7.66173124622426,-1.31297809893714,4.14765342832606,11.5366741029479
1.21,7.70320778050752,-1.19761135790766,3.07483998921985,8.89493668363583
1.22,7.73395618039972,-1.1086619910713,1.68288433567669,6.04896958928025
1.23,7.75078502375649,-1.0481722951785,0.768794866329792,3.32007431489898
1.24,7.75847297241979,-1.01497155202951,0.502812523494889,1.88777781512524
1.25,7.76350109765473,-0.996093773878259,0.441618061395577,1.75330514925524
1.26,7.76791727826869,-0.978560722385706,0.394215210076521,1.74340973936354
1.27,7.77185943036946,-0.961126624992071,0.438038308522515,1.48511270331533
1.28,7.77623981345468,-0.946275497958918,0.330163293953589,1.19845666044307
1.29,7.77954144639422,-0.934290931354487,0.0434244556218211,1.15318826154531
1.3,7.77997569095043,-0.922759048739034,-0.15550285020236,1.16540524921409
1.31,7.77842066244841,-0.911104996246893,-0.423547036518102,0.951866388347056
1.32,7.77418519208323,-0.901586332363422,-1.21793392094744,0.673087936424321
1.33,7.76200585287376,-0.894855452999179,-2.53156542086277,0.48921131972709
1.34,7.73669019866513,-0.889963339801908,-4.18623391710931,0.500890089074668
1.35,7.69482785949404,-0.884954438911162,-6.4824070972576,0.999082316025546
1.36,7.63000378852146,-0.874963615750906,-9.01877875386656,1.6133373964034
1.37,7.53981600098279,-0.858830241786872,-10.9437059554218,1.85321637086828
1.38,7.43037894142858,-0.840298078078189,-12.2098136913443,2.15086639461626
1.39,7.30828080451513,-0.818789414132027,-14.1494794887036,2.66257363120982
1.4,7.1667860096281,-0.792163677819928,-18.0648228479557,3.14484558929611
1.41,6.98613778114854,-0.760715221926967,-22.4762267375416,3.63368148415275
1.42,6.76137551377312,-0.72437840708544,-25.7364087677419,4.08595635888589
1.43,6.5040114260957,-0.683518843496581,-27.0066639347093,4.10248759588244
1.44,6.23394478674861,-0.642493967537757,-27.4574580129234,3.63275565724004
1.45,5.95937020661938,-0.606166410965356,-29.4801264061166,3.46244779571899
1.46,5.66456894255821,-0.571541933008166,-31.2958973975975,3.70463542753615
1.47,5.35160996858224,-0.534495578732805,-32.1874027086461,3.62821942182607
1.48,5.02973594149577,-0.498213384514544,-34.1831667854856,3.16063072047557
1.49,4.68790427364092,-0.466607077309788,-34.6813788920611,2.66322826972749
1.5,4.34109048472031,-0.439974794612513,-32.3545545638141,2.18023313365024
1.51,4.01754493908217,-0.418172463276011,-30.8871962718971,1.68799090549918
1.52,3.7086729763632,-0.401292554221019,-31.6589994526375,1.39513915977475
1.53,3.39208298183682,-0.387341162623272,-31.2075380098757,1.17659442444123
1.54,3.08000760173806,-0.375575218378859,-27.5668846928555,0.7027037326573
1.55,2.80433875480951,-0.368548181052286,-24.1018281491922,0.217128538268219
1.56,2.56332047331759,-0.366376895669604,-22.5925260930822,0.129257769585694
1.57,2.33739521238676,-0.365084317973747,-19.7575113281519,0.336146221955641
1.58,2.13982009910524,-0.361722855754191,-15.5246779577691,0.426688046100293
1.59,1.98457331952755,-0.357455975293188,-12.8840445441615,0.384618065786108
1.6,1.85573287408594,-0.353609794635327,-10.531569590152,0.381568278303307
1.61,1.75041717818442,-0.349794111852294,-7.52914769933621,0.390050944177994
1.62,1.67512570119106,-0.345893602410514,-5.65632674099819,0.37713335951432
1.63,1.61856243378108,-0.342122268815371,-5.04038959941946,0.400318132879329
1.64,1.56815853778688,-0.338119087486577,-5.56761574717963,0.418553539903171
1.65,1.51248238031508,-0.333933552087546,-6.46394275938185,0.258791791811419
1.66,1.44784295272127,-0.331345634169432,-6.57224109439403,0.141720176769045
1.67,1.38212054177733,-0.329928432401741,-6.91995461631423,0.337883694169538
1.68,1.31292099561418,-0.326549595460046,-7.74075534632446,0.613925588302072
1.69,1.23551344215094,-0.320410339577025,-8.30463740160028,0.868695115617885
1.7,1.15246706813494,-0.311723388420846,-8.69006916718047,1.11750308399458
1.71,1.06556637646313,-0.3005483575809,-9.07956153389426,1.15942925064285
1.72,0.974770761124188,-0.288954065074472,-9.48925662853927,1.15665050598169
1.73,0.879878194838796,-0.277387560014655,-9.11601391868304,1.42478024713254
1.74,0.788718055651965,-0.26313975754333,-7.68655685623537,1.59768384208088
1.75,0.711852487089612,-0.247162919122521,-6.73804095244996,1.42143894411463
1.76,0.644472077565112,-0.232948529681374,-6.93002574715716,1.32995438778159
1.77,0.57517182009354,-0.219648985803559,-7.30411742477202,1.34085397372316
1.78,0.50213064584582,-0.206240446066327,-7.31422910218753,1.10306774816321
1.79,0.428988354823945,-0.195209768584695,-7.08147877410901,0.805659980514889
1.8,0.358173567082855,-0.187153168779546,-6.69202781668866,0.774120347224824
1.81,0.291253288915968,-0.179411965307298,-6.10828230068789,0.774048307652975
1.82,0.230170465909089,-0.171671482230768,-5.51159712082685,0.520022710448545
1.83,0.175054494700821,-0.166471255126282,-5.1219972376996,0.367371551082188
1.84,0.123834522323825,-0.162797539615461,-4.66489295177782,0.403083496420173
1.85,0.0771855928060467,-0.158766704651259,-3.62897948907383,0.229296941177809
1.86,0.0408957979153084,-0.156473735239481,-2.31529293758427,-0.0132882641340148
1.87,0.0177428685394657,-0.156606617880821,-1.26338461240671,-0.0303282349468914
1.88,0.0051090224153986,-0.15690990023029,-0.503916003698754,0.0112200901706716
1.89,6.9862378411062e-05,-0.156797699328583,-0.0467924776089731,0.0026689992018325
1.9,-0.000398062397678669,-0.156771009336565,0.0517987266532516,-0.00304702496127518
1.91,0.000119924868853847,-0.156801479586178,-0.00695475689216296,0.000409108856899709
1.92,5.03772999322178e-05,-0.156797388497609,-0.0087320682237382,0.0005136579904641
1.93,-3.69433823051642e-05,-0.156792251917704,0.00383503283136256,-0.00022559320507487
1.94,1.40694600846141e-06,-0.156794507849755,0.000553490646315589,-3.25587118432669e-05
1.95,6.9418524716173e-06,-0.156794833436873,-0.000948508504829883,5.57953694385604e-05
1.96,-2.54323257668153e-06,-0.156794275483179,0.000338491384357328,-1.99115260973715e-05
1.97,8.41681266891755e-07,-0.15679447459844,-0.00011137467301991,6.55153959971955e-06
1.98,-2.7206546330734e-07,-0.156794409083044,2.07445810654506e-05,-1.2202859112076e-06
1.99,-6.46196526528333e-08,-0.156794421285903,6.46196526528333e-06,-3.80120723786348e-07
2,0,-0.15679442508711,6.46196526528333e-06,-3.80120723786348e-07
0.01,8.12386156648452,8.20557491289198,0.142224602105223,0.0107554771973994
0.02,8.12528381250557,8.20568246766396,0.036036409988327,0.0027251880489132
0.03,8.12564417660545,8.20570971954445,-0.883832095054871,-0.0520900596150398
0.04,8.1168058556549,8.2051888189483,-6.8112196576843,0.325247490377656
0.05,8.04869365907806,8.20844129385207,-6.35427698752231,0.826065930001896
0.06,7.98515088920284,8.21670195315209,-9.32015203542944,1.22557134989716
0.07,7.89194936884854,8.22895766665106,-12.3595053608872,1.75636538772714
0.08,7.76835431523967,8.24652132052833,-16.1028923283668,2.44384853452591
0.09,7.607325391956,8.27095980587359,-22.8744125067247,2.97936145765441
0.1,7.37858126688876,8.30075342045014,-31.5723323294401,3.37876627972324
0.11,7.06285794359436,8.33454108324737,-38.2276712564225,3.90896232027593
0.12,6.68058123103013,8.37363070645013,-41.9223134877222,4.28310207750044
0.13,6.26135809615291,8.41646172722513,-44.0686886859025,4.04159605124654
0.14,5.82067120929388,8.4568776877376,-48.1099549888456,3.36047421752017
0.15,5.33957165940543,8.4904824299128,-55.091090395215,2.39598223471855
0.16,4.78866075545328,8.51444225225999,-60.8602422895655,0.761310164090112
0.17,4.18005833255762,8.52205535390089,-62.8840325409945,-1.30031309999321
0.18,3.55121800714768,8.50905222290096,-60.679632968868,-2.74418123212889
0.19,2.944421677459,8.48161041057967,-55.7215556219851,-3.71437859408026
0.2,2.38720612123915,8.44446662463886,-51.3041140233367,-5.05981792117076
0.21,1.87416498100578,8.39386844542716,-49.9698109750525,-6.76737642366678
0.22,1.37446687125525,8.32619468119049,-51.8042522583159,-8.44807775492473
0.23,0.856424348672095,8.24171390364124,-50.6105048305801,-9.67331242874643
0.24,0.350319300366294,8.14498077935378,-44.1469148301353,-10.3598746412599
0.25,-0.0911498479350587,8.04138203294118,-39.5608477935142,-10.885796440929
0.26,-0.486758325870201,7.93252406853189,-39.772414337895,-11.8104357638824
0.27,-0.884482469249151,7.81441971089306,-42.2913900218657,-13.796181696156
0.28,-1.30739636946781,7.6764578939315,-44.53200011734,-15.9812041338402
0.29,-1.75271637064121,7.5166458525931,-45.0167349151509,-17.1715769436702
0.3,-2.20288371979272,7.3449300831564,-45.1849175761281,-18.326309756522
0.31,-2.654732895554,7.16166698559118,-45.764247181606,-20.004461204737
0.32,-3.11237536737006,6.96162237354381,-45.7922602662434,-20.9763421840603
0.33,-3.57029797003249,6.75185895170321,-45.4621656556328,-21.4899428776487
0.34,-4.02491962658882,6.53695952292672,-45.2282344179046,-23.2066978617939
0.35,-4.47720197076787,6.30489254430878,-43.5813300966471,-25.0208232407507
0.36,-4.91301527173434,6.05468431190127,-39.0984633875368,-24.950658987725
0.37,-5.3039999056097,5.80517772202402,-35.0382425595515,-25.2566938474455
0.38,-5.65438233120522,5.55261078354957,-34.345807577144,-28.1930463413521
0.39,-5.99784040697666,5.27068032013605,-33.571341807689,-31.5860489762306
0.4,-6.33355382505355,4.95481983037374,-30.3906359396684,-33.6960319681051
0.41,-6.63746018445023,4.61785951069269,-27.2947259978735,-35.2366509717064
0.42,-6.91040744442897,4.26549300097563,-25.1673977304692,-36.5527671625325
0.43,-7.16208142173366,3.8999653293503,-22.3352671469382,-36.9781486760191
0.44,-7.38543409320304,3.53018384259011,-19.3626739297662,-37.6146662616225
0.45,-7.5790608325007,3.15403717997388,-17.9719054404089,-40.2587814347308
0.46,-7.75877988690479,2.75144936562658,-16.8694339643052,-43.2356951099642
0.47,-7.92747422654784,2.31909241452693,-14.5062861335806,-44.7292230648232
0.48,-8.07253708788365,1.8718001838787,-11.5715542245885,-45.6537222644223
0.49,-8.18825263012953,1.41526296123448,-8.95760357175277,-46.6533690394474
0.5,-8.27782866584706,0.948729270840005,-7.27788642552056,-47.6109806587
0.51,-8.35060753010227,0.472619464253005,-6.27477619151691,-49.0203539445706
0.52,-8.41335529201744,-0.0175840751927011,-5.0404899450589,-50.9882837977725
0.53,-8.46376019146803,-0.527466913170426,-3.5901420948619,-51.6115277561889
0.54,-8.49966161241665,-1.04358219073231,-2.23987301687334,-49.7899852336278
0.55,-8.52206034258538,-1.54148204306859,-0.670575015961639,-47.6821079153386
0.56,-8.52876609274499,-2.01830312222198,1.38550942603732,-46.4969233497837
0.57,-8.51491099848462,-2.48327235571982,3.81423677795016,-45.3627243084139
0.58,-8.47676863070512,-2.93689959880396,5.82361649066439,-43.3468894092064
0.59,-8.41853246579848,-3.37036849289602,6.41193360757182,-40.0700669192633
0.6,-8.35441312972276,-3.77106916208865,6.92893064523936,-36.891473030829
0.61,-8.28512382327036,-4.13998389239694,9.0314205277247,-34.8751567979663
0.62,-8.19480961799312,-4.48873546037661,11.522948078302,-33.5647586968574
0.63,-8.0795801372101,-4.82438304734518,13.3748650768034,-32.5729203878224
0.64,-7.94583148644206,-5.1501122512234,15.1715612483799,-30.7638156980788
0.65,-7.79411587395826,-5.45775040820419,17.539566435894,-27.8549406444292
0.66,-7.61872020959932,-5.73629981464849,20.7975765369192,-25.1805973555379
0.67,-7.41074444423013,-5.98810578820386,23.4720968635754,-23.2507584089874
0.68,-7.17602347559438,-6.22061337229374,24.2087630235476,-22.2972317340421
0.69,-6.9339358453589,-6.44358568963416,26.1742782313025,-22.3772735869331
0.7,-6.67219306304588,-6.66735842550349,31.1014404857807,-22.4924856457243
0.71,-6.36117865818807,-6.89228328196073,34.9130405866902,-21.7141917425304
0.72,-6.01204825232117,-7.10942519938604,35.8677971816321,-20.2450741353442
0.73,-5.65337028050485,-7.31187594073948,36.001980881799,-18.6404872323952
0.74,-5.29335047168686,-7.49828081306343,36.1622254051296,-16.9270995047374
0.75,-4.93172821763556,-7.66755180811081,36.2666074045419,-14.9355620451013
0.76,-4.56906214359014,-7.81690742856182,37.6611784702783,-13.2805533770626
0.77,-4.19245035888736,-7.94971296233245,41.791114907168,-12.6811314417842
0.78,-3.77453920981568,-8.07652427675029,45.0628459865801,-11.2308313320927
0.79,-3.32391074994988,-8.18883259007121,44.8605538233255,-7.6140328208206
0.8,-2.87530521171662,-8.26497291827942,45.7537976614534,-4.57191085549606
0.81,-2.41776723510209,-8.31069202683438,49.445478836658,-3.38299409303122
0.82,-1.92331244673551,-8.34452196776469,52.2606998407791,-2.41427483431806
0.83,-1.40070544832772,-8.36866471610787,52.797066401778,-0.980020637242696
0.84,-0.872734784309939,-8.3784649224803,51.7562170808589,0.773311585264658
0.85,-0.355172613501351,-8.37073180662765,51.3203925887552,2.53238315253981
0.86,0.158031312386202,-8.34540797510226,52.9578946030369,4.0403807852579
0.87,0.687610258416571,-8.30500416724968,54.5664029635755,5.76263638102095
0.88,1.23327428805233,-8.24737780343947,54.2362391619848,7.96609484259925
0.89,1.77563667967217,-8.16771685501348,51.586973744296,10.2260293756762
0.9,2.29150641711513,-8.06545656125671,47.8243763566886,12.1537949499713
0.91,2.76975018068202,-7.943918611757,45.0722784933489,13.5882643316608
0.92,3.22047296561551,-7.80803596844039,43.7442367237747,15.3071763753679
0.93,3.65791533285326,-7.65496420468671,43.0831093973446,18.0777622320834
0.94,4.0887464268267,-7.47418658236588,41.1730681139082,21.0257413568772
0.95,4.50047710796578,-7.26392916879711,37.1066248140078,23.4562790467486
0.96,4.87154335610586,-7.02936637832962,32.8350180484137,25.7568164825505
0.97,5.19989353659,-6.77179821350412,29.3716163404876,27.7370515603243
0.98,5.49360969999488,-6.49442769790087,26.3896110611768,28.6274937314484
0.99,5.75750581060664,-6.20815276058639,23.9151226194679,28.8515515395514
1,5.99665703680132,-5.91963724519088,21.8534895308766,29.3101835763451
1.01,6.21519193211009,-5.62653540942743,19.8686873739937,29.8232438685821
1.02,6.41387880585002,-5.32830297074161,17.7708226579824,29.9394266849575
1.03,6.59158703242985,-5.02890870389203,15.8594568293945,29.8444974042588
1.04,6.75018160072379,-4.73046372984944,14.1125803454553,29.6721258633537
1.05,6.89130740417835,-4.43374247121591,11.7699058626358,29.0575696242909
1.06,7.00900646280471,-4.143166774973,9.40329613251674,28.032038064005
1.07,7.10303942412987,-3.86284639433295,8.65727624470791,27.1464765041169
1.08,7.18961218657695,-3.59138162929178,8.98853186935868,26.5403109764639
1.09,7.27949750527054,-3.32597851952714,8.98012513751203,25.8957665038367
1.1,7.36929875664566,-3.06702085448877,8.44033626298444,24.7361595639101
1.11,7.4537021192755,-2.81965925884967,7.53955208760573,22.8389967436737
1.12,7.52909764015156,-2.59126929141293,6.52697731969862,20.5639811544668
1.13,7.59436741334855,-2.38562947986827,5.58840153695854,18.1317077687119
1.14,7.65025142871813,-2.20431240218115,4.81469635072322,15.5094116544626
1.15,7.69839839222536,-2.04921828563652,4.16388423202481,13.1403970332331
1.16,7.74003723454561,-1.91781431530419,3.47814851345527,11.6639650651816
1.17,7.77481871968017,-1.80117466465237,2.83220687727983,10.920606469532
1.18,7.80314078845296,-1.69196859995705,2.35124142924983,10.3597751318056
1.19,7.82665320274546,-1.588370848639,1.89854368863589,9.46238894510043
1.2,7.84563863963182,-1.49374695918799,1.41764400531823,8.10495919451009
1.21,7.859815079685,-1.41269736724289,1.03808139556358,6.61289370868745
1.22,7.87019589364064,-1.34656843015602,0.832319413996707,5.30867286934238
1.23,7.87851908778061,-1.29348170146259,0.811334171961509,4.44481584293932
1.24,7.88663242950022,-1.2490335430332,0.812745269570936,3.89447826995364
1.25,7.89475988219593,-1.21008876033367,0.635908714533073,3.35273953214856
1.26,7.90111896934126,-1.17656136501218,0.354016527330092,2.53024272437135
1.27,7.90465913461456,-1.15125893776847,0.0993213520458447,1.38720130710299
1.28,7.90565234813502,-1.13738692469744,-0.0376523107362914,0.468336436701278
1.29,7.90527582502766,-1.13270356033042,-0.0249047017923054,0.0580264146609943
1.3,7.90502677800973,-1.13212329618381,0.0639840797494351,-0.0188671059600853
1.31,7.90566661880723,-1.13231196724341,0.00905014682119898,-0.00307624565034637
1.32,7.90575712027544,-1.13234272969992,-0.377324829151338,-0.0621906378213355
1.33,7.90198387198393,-1.13296463607813,-0.908074887955568,0.0527337389598204
1.34,7.89290312310437,-1.13243729868853,-1.61780937265279,0.499232892456436
1.35,7.87672502937784,-1.12744496976397,-3.25338428755551,0.916901214946075
1.36,7.84419118650229,-1.11827595761451,-5.47397076799836,1.11751406460014
1.37,7.78945147882231,-1.10710081696851,-6.67421443125038,1.23540113678511
1.38,7.7227093345098,-1.09474680560066,-8.38969145693493,1.48823046120508
1.39,7.63881241994045,-1.0798645009886,-13.405445035777,2.0649770123087
1.4,7.50475796958268,-1.05921473086552,-18.0471164628851,2.75461034503579
1.41,7.32428680495383,-1.03166862741516,-18.7777105355496,3.28559339929775
1.42,7.13650969959834,-0.998812693422182,-20.4686078899942,3.55961223798527
1.43,6.93182362069839,-0.963216571042329,-25.1957180509111,3.56129409034938
1.44,6.67986644018928,-0.927603630138836,-27.5506628289813,3.52431706218884
1.45,6.40435981189947,-0.892360459516947,-27.1766083696028,3.5175641882736
1.46,6.13259372820344,-0.857184817634211,-28.930840145946,3.36780304166642
1.47,5.84328532674398,-0.823506787217547,-31.5493881466998,3.1543458221502
1.48,5.52779144527698,-0.791963328996045,-30.9364830001338,2.9871233576058
1.49,5.21842661527564,-0.762092095419987,-29.384196239776,2.71079493912386
1.5,4.92458465287788,-0.734984146028749,-29.8615140919603,2.27279241131485
1.51,4.62596951195828,-0.7122562219156,-29.1078453377983,1.76689416838366
1.52,4.3348910585803,-0.694587280231763,-25.5761830843627,1.31407280288595
1.53,4.07912922773667,-0.681446552202904,-23.1762662395009,1.12032850599567
1.54,3.84736656534166,-0.670243267142947,-22.6246178492329,1.15350621416395
1.55,3.62112038684933,-0.658708205001308,-21.1681815512931,1.22430937842143
1.56,3.4094385713364,-0.646465111217093,-18.4814329701397,1.17227840803297
1.57,3.224624241635,-0.634742327136764,-15.725040430923,0.903265051425906
1.58,3.06737383732577,-0.625709676622505,-14.2278498363557,0.85554490553662
1.59,2.92509533896222,-0.617154227567139,-14.4504473004117,1.29077807141655
1.6,2.7805908659581,-0.604246446852973,-14.93122606831,1.76099730625661
1.61,2.631278605275,-0.586636473790407,-14.8414395239744,1.9554542253674
1.62,2.48286421003526,-0.567081931536733,-14.5117962862642,1.82577023661489
1.63,2.33774624717261,-0.548824229170584,-13.9367954107628,1.5672579595772
1.64,2.19837829306499,-0.533151649574812,-12.8635775477326,1.48589635275364
1.65,2.06974251758766,-0.518292686047276,-11.7197505961599,1.57819989494302
1.66,1.95254501162606,-0.502510687097846,-10.8535654203281,1.65622784638808
1.67,1.84400935742278,-0.485948408633965,-9.80880611038941,1.46159207695352
1.68,1.74592129631889,-0.471332487864429,-8.41729229330459,0.989276420751484
1.69,1.66174837338584,-0.461439723656915,-7.03274724237546,0.561160628642787
1.7,1.59142090096209,-0.455828117370487,-5.94030627672246,0.39500755618897
1.71,1.53201783819486,-0.451878041808597,-5.3849435062165,0.545581199094941
1.72,1.4781684031327,-0.446422229817648,-5.33719417894309,0.786497667865543
1.73,1.42479646134326,-0.438557253138992,-5.57498399811289,0.862734178210173
1.74,1.36904662136214,-0.429929911356891,-5.7671418866347,0.716439225168219
1.75,1.31137520249579,-0.422765519105208,-5.74676569262631,0.455926531662537
1.76,1.25390754556953,-0.418206253788583,-5.78140955030795,0.462546705077876
1.77,1.19609345006645,-0.413580786737804,-6.04414612319337,0.719117306414174
1.78,1.13565198883451,-0.406389613673662,-6.4568861010204,0.817979389753382
1.79,1.07108312782431,-0.398209819776129,-6.96096681757876,0.789580064843048
1.8,1.00147345964852,-0.390314019127698,-7.58526479445705,0.805905540725554
1.81,0.92562081170395,-0.382254963720443,-8.34713913316301,0.777219736355267
1.82,0.84214942037232,-0.37448276635689,-9.11117676837897,0.718739204919611
1.83,0.751037652688531,-0.367295374307694,-9.48191846819052,0.869537048068364
1.84,0.656218468006625,-0.35860000382701,-9.42402071588128,1.14314042060365
1.85,0.561978260847813,-0.347168599620974,-9.33488400196563,1.08912597285041
1.86,0.468629420828156,-0.33627733989247,-9.07240018548115,0.810127677901312
1.87,0.377905418973345,-0.328176063113456,-8.18388632574084,0.760357038415632
1.88,0.296066555715936,-0.3205724927293,-6.88700190935115,0.776305143641143
1.89,0.227196536622425,-0.312809441292889,-5.55275939143626,0.555181918681036
1.9,0.171668942708062,-0.307257622106078,-4.13894030947208,0.370344519745108
1.91,0.130279539613342,-0.303554176908627,-2.69577856498599,0.39909060241009
1.92,0.103321753963482,-0.299563270884526,-1.6242419751614,0.316143061140189
1.93,0.0870793342118677,-0.296401840273124,-0.990628686219655,0.0649210034173786
1.94,0.0771730473496711,-0.295752630238951,-0.451821650138041,-0.0451888132104505
1.95,0.0726548308482907,-0.296204518371055,-0.0285523380034403,-0.00509608810313478
1.96,0.0723693074682563,-0.296255479252087,0.0590952416951021,0.0106314936478169
1.97,0.0729602598852073,-0.296149164315608,-0.0135610177852657,-0.00243968668722783
1.98,0.0728246497073547,-0.296173561182481,0.000709469788899575,0.000127636732460967
1.99,0.0728317444052436,-0.296172284815156,0.00280005856477805,0.000503742839375043
2,0.0728597449908914,-0.296167247386762,0.00280005856477805,0.000503742839375043
