889,373,556,922,1539,1189
889,373,556,922,1539,1189
889,373,556,922,1539,1189
889,373,556,922,1539,1189
889,373,556,922,1539,1189
889,373,556,922,1539,1189
889,373,556,922,1539,1189
889,373,556,922,1539,1189
889,374,556,922,1539,1189
889,378,556,922,1539,1189
889,382,556,922,1539,1189
889,386,556,922,1539,1189
888,389,556,922,1539,1189
887,394,556,922,1539,1189
884,402,556,922,1539,1189
881,407,556,922,1539,1189
879,414,556,922,1539,1189
876,420,556,922,1539,1189
872,429,556,922,1539,1189
867,437,556,922,1539,1189
862,445,556,922,1539,1189
858,452,556,922,1539,1189
854,460,556,922,1539,1189
851,464,556,922,1539,1189
845,473,556,922,1539,1189
842,479,556,922,1539,1189
840,483,556,922,1539,1189
835,490,556,922,1539,1189
828,499,556,922,1539,1189
825,505,556,922,1539,1189
823,509,556,922,1539,1189
817,517,556,922,1539,1189
811,526,556,922,1539,1189
806,533,556,922,1539,1189
798,541,556,922,1539,1189
792,550,556,922,1539,1189
788,558,556,922,1539,1189
786,563,556,922,1539,1189
784,566,556,922,1539,1189
784,566,556,922,1539,1189
783,568,556,922,1539,1189
780,577,556,922,1539,1189
779,582,556,922,1539,1189
777,587,556,922,1539,1189
773,595,556,922,1539,1189
770,600,556,922,1539,1189
767,607,556,922,1539,1189
762,615,556,922,1539,1189
751,627,556,922,1539,1189
743,639,556,922,1539,1189
735,652,556,922,1539,1189
728,661,556,922,1539,1189
721,674,556,922,1539,1189
718,683,556,922,1539,1189
713,692,556,922,1539,1189
710,702,556,922,1539,1189
706,712,556,922,1539,1189
699,722,556,922,1539,1189
693,732,556,922,1539,1189
687,742,556,922,1539,1189
683,749,556,922,1539,1189
675,762,556,922,1539,1189
667,773,556,922,1539,1189
663,784,556,922,1539,1189
658,791,556,922,1539,1189
655,795,556,922,1539,1189
652,801,556,922,1539,1189
647,807,556,922,1539,1189
646,810,556,922,1539,1189
643,815,556,922,1539,1189
638,821,556,922,1539,1189
632,829,556,922,1539,1189
625,837,556,922,1539,1189
617,847,556,922,1539,1189
611,855,556,922,1539,1189
610,860,556,922,1539,1189
604,868,556,922,1539,1189
599,873,556,922,1539,1189
598,877,556,922,1539,1189
595,880,556,922,1539,1189
593,883,556,922,1539,1189
589,887,556,922,1539,1189
583,893,556,922,1539,1189
579,896,556,922,1539,1189
575,901,556,922,1539,1189
572,905,556,922,1539,1189
567,908,556,922,1539,1189
563,911,556,922,1539,1189
563,911,556,922,1539,1189
563,911,556,922,1539,1189
563,911,556,922,1539,1189
563,912,556,922,1539,1189
560,915,556,922,1539,1189
560,915,556,922,1539,1189
560,915,556,922,1539,1189
560,915,556,922,1539,1189
560,915,556,922,1539,1189
560,916,556,922,1539,1189
560,916,556,922,1539,1189
560,916,556,922,1539,1189
560,917,556,922,1539,1189
559,919,556,922,1539,1189
560,921,556,922,1539,1189
560,921,556,922,1539,1189
560,921,556,922,1539,1189
562,922,556,922,1539,1189
566,922,556,922,1539,1189
567,922,556,922,1539,1189
572,921,556,922,1539,1189
587,922,556,922,1539,1189
601,925,556,922,1539,1189
607,927,556,922,1539,1189
617,930,556,922,1539,1189
629,935,556,922,1539,1189
645,942,556,922,1539,1189
666,951,556,922,1539,1189
677,955,556,922,1539,1189
691,962,556,922,1539,1189
715,969,556,922,1539,1189
736,976,556,922,1539,1189
745,979,556,922,1539,1189
761,985,556,922,1539,1189
768,989,556,922,1539,1189
773,992,556,922,1539,1189
783,997,556,922,1539,1189
795,1001,556,922,1539,1189
806,1005,556,922,1539,1189
815,1009,556,922,1539,1189
828,1013,556,922,1539,1189
841,1018,556,922,1539,1189
847,1020,556,922,1539,1189
854,1024,556,922,1539,1189
868,1029,556,922,1539,1189
876,1033,556,922,1539,1189
883,1036,556,922,1539,1189
897,1042,556,922,1539,1189
908,1047,556,922,1539,1189
920,1054,556,922,1539,1189
927,1058,556,922,1539,1189
935,1063,556,922,1539,1189
944,1068,556,922,1539,1189
953,1074,556,922,1539,1189
961,1079,556,922,1539,1189
968,1084,556,922,1539,1189
976,1088,556,922,1539,1189
981,1090,556,922,1539,1189
988,1093,556,922,1539,1189
995,1096,556,922,1539,1189
1005,1099,556,922,1539,1189
1024,1105,556,922,1539,1189
1036,1108,556,922,1539,1189
1039,1109,556,922,1539,1189
1039,1109,556,922,1539,1189
1041,1109,556,922,1539,1189
1047,1111,556,922,1539,1189
1055,1114,556,922,1539,1189
1061,1116,556,922,1539,1189
1076,1121,556,922,1539,1189
1097,1128,556,922,1539,1189
1114,1134,556,922,1539,1189
1122,1137,556,922,1539,1189
1132,1139,556,922,1539,1189
1143,1143,556,922,1539,1189
1151,1145,556,922,1539,1189
1161,1148,556,922,1539,1189
1173,1152,556,922,1539,1189
1190,1157,556,922,1539,1189
1198,1159,556,922,1539,1189
1198,1160,556,922,1539,1189
1203,1161,556,922,1539,1189
1212,1163,556,922,1539,1189
1218,1164,556,922,1539,1189
1223,1165,556,922,1539,1189
1233,1167,556,922,1539,1189
1245,1168,556,922,1539,1189
1251,1168,556,922,1539,1189
1261,1168,556,922,1539,1189
1270,1169,556,922,1539,1189
1278,1170,556,922,1539,1189
1293,1172,556,922,1539,1189
1306,1172,556,922,1539,1189
1318,1172,556,922,1539,1189
1328,1172,556,922,1539,1189
1344,1173,556,922,1539,1189
1355,1173,556,922,1539,1189
1362,1173,556,922,1539,1189
1373,1173,556,922,1539,1189
1381,1173,556,922,1539,1189
1382,1173,556,922,1539,1189
1387,1174,556,922,1539,1189
1388,1174,556,922,1539,1189
1390,1174,556,922,1539,1189
1399,1176,556,922,1539,1189
1406,1176,556,922,1539,1189
1408,1176,556,922,1539,1189
1418,1177,556,922,1539,1189
1429,1178,556,922,1539,1189
1444,1179,556,922,1539,1189
1448,1180,556,922,1539,1189
1450,1180,556,922,1539,1189
1462,1182,556,922,1539,1189
1477,1183,556,922,1539,1189
1488,1185,556,922,1539,1189
1488,1185,556,922,1539,1189
1489,1185,556,922,1539,1189
1496,1187,556,922,1539,1189
1497,1187,556,922,1539,1189
1497,1187,556,922,1539,1189
1499,1188,556,922,1539,1189
1501,1188,556,922,1539,1189
1503,1188,556,922,1539,1189
1504,1188,556,922,1539,1189
1506,1187,556,922,1539,1189
1507,1187,556,922,1539,1189
1511,1187,556,922,1539,1189
1516,1188,556,922,1539,1189
1517,1188,556,922,1539,1189
1516,1187,556,922,1539,1189
1516,1187,556,922,1539,1189
1516,1187,556,922,1539,1189
1516,1187,556,922,1539,1189
1516,1187,556,922,1539,1189
1519,1187,556,922,1539,1189
1527,1189,556,922,1539,1189
1527,1189,556,922,1539,1189
1532,1190,556,922,1539,1189
1536,1191,556,922,1539,1189
1536,1191,556,922,1539,1189
1536,1191,556,922,1539,1189
1536,1191,556,922,1539,1189
1536,1191,556,922,1539,1189
1536,1191,556,922,1539,1189
1536,1191,556,922,1539,1189
1536,1191,556,922,1539,1189
1536,1191,556,922,1539,1189
1537,1189,556,922,1539,1189
1535,1181,556,922,1539,1189
1532,1161,556,922,1539,1189
1528,1144,556,922,1539,1189
1521,1130,556,922,1539,1189
1509,1113,556,922,1539,1189
1503,1103,556,922,1539,1189
1494,1089,556,922,1539,1189
1484,1075,556,922,1539,1189
1479,1062,556,922,1539,1189
1471,1049,556,922,1539,1189
1465,1036,556,922,1539,1189
1461,1023,556,922,1539,1189
1457,1014,556,922,1539,1189
1452,1003,556,922,1539,1189
1447,992,556,922,1539,1189
1442,982,556,922,1539,1189
1438,974,556,922,1539,1189
1431,964,556,922,1539,1189
1425,954,556,922,1539,1189
1419,945,556,922,1539,1189
1411,935,556,922,1539,1189
1401,923,556,922,1539,1189
1391,908,556,922,1539,1189
1385,896,556,922,1539,1189
1375,883,556,922,1539,1189
1369,873,556,922,1539,1189
1366,869,556,922,1539,1189
1360,861,556,922,1539,1189
1355,853,556,922,1539,1189
1349,843,556,922,1539,1189
1344,835,556,922,1539,1189
1335,824,556,922,1539,1189
1327,811,556,922,1539,1189
1318,798,556,922,1539,1189
1310,787,556,922,1539,1189
1303,779,556,922,1539,1189
1300,775,556,922,1539,1189
1296,768,556,922,1539,1189
1290,761,556,922,1539,1189
1287,756,556,922,1539,1189
1278,743,556,922,1539,1189
1268,728,556,922,1539,1189
1261,715,556,922,1539,1189
1257,706,556,922,1539,1189
1250,694,556,922,1539,1189
1245,684,556,922,1539,1189
1241,678,556,922,1539,1189
1238,672,556,922,1539,1189
1234,665,556,922,1539,1189
1225,654,556,922,1539,1189
1218,643,556,922,1539,1189
1213,634,556,922,1539,1189
1205,619,556,922,1539,1189
1197,607,556,922,1539,1189
1192,597,556,922,1539,1189
1184,582,556,922,1539,1189
1178,569,556,922,1539,1189
1174,560,556,922,1539,1189
1169,551,556,922,1539,1189
1164,543,556,922,1539,1189
1156,532,556,922,1539,1189
1150,522,556,922,1539,1189
1142,508,556,922,1539,1189
1132,495,556,922,1539,1189
1126,485,556,922,1539,1189
1120,475,556,922,1539,1189
1115,468,556,922,1539,1189
1112,462,556,922,1539,1189
1107,456,556,922,1539,1189
1103,447,556,922,1539,1189
1095,436,556,922,1539,1189
1089,428,556,922,1539,1189
1084,421,556,922,1539,1189
1078,413,556,922,1539,1189
1075,408,556,922,1539,1189
1070,401,556,922,1539,1189
1066,394,556,922,1539,1189
1062,389,556,922,1539,1189
1060,385,556,922,1539,1189
1057,381,556,922,1539,1189
1055,378,556,922,1539,1189
1055,377,556,922,1539,1189
1055,377,556,922,1539,1189
1055,377,556,922,1539,1189
1055,377,556,922,1539,1189
1055,377,556,922,1539,1189
1055,377,556,922,1539,1189
1052,374,556,922,1539,1189
1049,372,556,922,1539,1189
1047,371,556,922,1539,1189
1047,371,556,922,1539,1189
1047,371,556,922,1539,1189
1047,371,556,922,1539,1189
1047,371,556,922,1539,1189
1047,371,556,922,1539,1189
1047,371,556,922,1539,1189
1048,371,556,922,1539,1189
