910,373,469,1020,1539,1005
910,373,469,1020,1539,1005
910,373,469,1020,1539,1005
910,373,469,1020,1539,1005
910,373,469,1020,1539,1005
910,373,469,1020,1539,1005
910,373,469,1020,1539,1005
910,373,469,1020,1539,1005
910,374,469,1020,1539,1005
909,376,469,1020,1539,1005
909,384,469,1020,1539,1005
910,393,469,1020,1539,1005
910,401,469,1020,1539,1005
910,403,469,1020,1539,1005
910,403,469,1020,1539,1005
910,403,469,1020,1539,1005
910,406,469,1020,1539,1005
910,418,469,1020,1539,1005
910,425,469,1020,1539,1005
910,432,469,1020,1539,1005
910,440,469,1020,1539,1005
909,450,469,1020,1539,1005
908,460,469,1020,1539,1005
907,470,469,1020,1539,1005
907,479,469,1020,1539,1005
905,491,469,1020,1539,1005
902,502,469,1020,1539,1005
898,511,469,1020,1539,1005
893,523,469,1020,1539,1005
891,531,469,1020,1539,1005
887,539,469,1020,1539,1005
882,549,469,1020,1539,1005
879,559,469,1020,1539,1005
876,565,469,1020,1539,1005
870,575,469,1020,1539,1005
864,585,469,1020,1539,1005
861,593,469,1020,1539,1005
858,599,469,1020,1539,1005
852,613,469,1020,1539,1005
847,622,469,1020,1539,1005
840,634,469,1020,1539,1005
834,646,469,1020,1539,1005
826,660,469,1020,1539,1005
818,674,469,1020,1539,1005
810,688,469,1020,1539,1005
803,698,469,1020,1539,1005
793,708,469,1020,1539,1005
785,716,469,1020,1539,1005
779,721,469,1020,1539,1005
773,727,469,1020,1539,1005
765,734,469,1020,1539,1005
756,742,469,1020,1539,1005
745,750,469,1020,1539,1005
735,759,469,1020,1539,1005
730,764,469,1020,1539,1005
720,773,469,1020,1539,1005
708,782,469,1020,1539,1005
696,793,469,1020,1539,1005
683,802,469,1020,1539,1005
672,808,469,1020,1539,1005
662,813,469,1020,1539,1005
655,817,469,1020,1539,1005
647,822,469,1020,1539,1005
640,828,469,1020,1539,1005
629,835,469,1020,1539,1005
620,841,469,1020,1539,1005
613,845,469,1020,1539,1005
604,852,469,1020,1539,1005
595,857,469,1020,1539,1005
589,862,469,1020,1539,1005
582,868,469,1020,1539,1005
576,872,469,1020,1539,1005
569,877,469,1020,1539,1005
562,882,469,1020,1539,1005
557,886,469,1020,1539,1005
551,891,469,1020,1539,1005
543,897,469,1020,1539,1005
536,901,469,1020,1539,1005
531,905,469,1020,1539,1005
525,909,469,1020,1539,1005
518,915,469,1020,1539,1005
514,918,469,1020,1539,1005
509,921,469,1020,1539,1005
504,926,469,1020,1539,1005
501,930,469,1020,1539,1005
497,935,469,1020,1539,1005
494,937,469,1020,1539,1005
487,943,469,1020,1539,1005
482,947,469,1020,1539,1005
475,951,469,1020,1539,1005
472,954,469,1020,1539,1005
469,958,469,1020,1539,1005
465,964,469,1020,1539,1005
461,970,469,1020,1539,1005
459,973,469,1020,1539,1005
457,977,469,1020,1539,1005
455,981,469,1020,1539,1005
454,984,469,1020,1539,1005
454,988,469,1020,1539,1005
453,992,469,1020,1539,1005
453,995,469,1020,1539,1005
453,999,469,1020,1539,1005
454,1003,469,1020,1539,1005
455,1007,469,1020,1539,1005
456,1010,469,1020,1539,1005
456,1015,469,1020,1539,1005
457,1016,469,1020,1539,1005
457,1016,469,1020,1539,1005
457,1016,469,1020,1539,1005
458,1016,469,1020,1539,1005
467,1018,469,1020,1539,1005
480,1020,469,1020,1539,1005
485,1020,469,1020,1539,1005
488,1020,469,1020,1539,1005
491,1020,469,1020,1539,1005
503,1019,469,1020,1539,1005
517,1017,469,1020,1539,1005
531,1015,469,1020,1539,1005
543,1013,469,1020,1539,1005
556,1012,469,1020,1539,1005
568,1011,469,1020,1539,1005
581,1010,469,1020,1539,1005
597,1008,469,1020,1539,1005
610,1008,469,1020,1539,1005
628,1008,469,1020,1539,1005
642,1008,469,1020,1539,1005
657,1008,469,1020,1539,1005
672,1008,469,1020,1539,1005
684,1008,469,1020,1539,1005
694,1009,469,1020,1539,1005
710,1009,469,1020,1539,1005
739,1010,469,1020,1539,1005
750,1009,469,1020,1539,1005
766,1008,469,1020,1539,1005
783,1007,469,1020,1539,1005
802,1005,469,1020,1539,1005
817,1003,469,1020,1539,1005
836,1000,469,1020,1539,1005
858,998,469,1020,1539,1005
872,998,469,1020,1539,1005
890,996,469,1020,1539,1005
908,996,469,1020,1539,1005
919,995,469,1020,1539,1005
927,995,469,1020,1539,1005
946,995,469,1020,1539,1005
963,995,469,1020,1539,1005
978,993,469,1020,1539,1005
998,993,469,1020,1539,1005
1019,991,469,1020,1539,1005
1039,991,469,1020,1539,1005
1056,991,469,1020,1539,1005
1068,991,469,1020,1539,1005
1077,991,469,1020,1539,1005
1078,991,469,1020,1539,1005
1091,992,469,1020,1539,1005
1108,992,469,1020,1539,1005
1125,992,469,1020,1539,1005
1133,992,469,1020,1539,1005
1145,992,469,1020,1539,1005
1161,992,469,1020,1539,1005
1176,992,469,1020,1539,1005
1197,992,469,1020,1539,1005
1220,991,469,1020,1539,1005
1247,993,469,1020,1539,1005
1282,991,469,1020,1539,1005
1323,993,469,1020,1539,1005
1342,993,469,1020,1539,1005
1354,991,469,1020,1539,1005
1361,991,469,1020,1539,1005
1366,991,469,1020,1539,1005
1373,991,469,1020,1539,1005
1386,991,469,1020,1539,1005
1396,992,469,1020,1539,1005
1404,992,469,1020,1539,1005
1404,992,469,1020,1539,1005
1413,993,469,1020,1539,1005
1422,994,469,1020,1539,1005
1423,994,469,1020,1539,1005
1426,994,469,1020,1539,1005
1440,996,469,1020,1539,1005
1441,996,469,1020,1539,1005
1442,997,469,1020,1539,1005
1453,997,469,1020,1539,1005
1461,997,469,1020,1539,1005
1463,998,469,1020,1539,1005
1471,998,469,1020,1539,1005
1482,999,469,1020,1539,1005
1496,1000,469,1020,1539,1005
1512,1001,469,1020,1539,1005
1517,1001,469,1020,1539,1005
1517,1001,469,1020,1539,1005
1526,1002,469,1020,1539,1005
1535,1002,469,1020,1539,1005
1538,1002,469,1020,1539,1005
1538,1002,469,1020,1539,1005
1544,1002,469,1020,1539,1005
1552,1001,469,1020,1539,1005
1557,1000,469,1020,1539,1005
1560,999,469,1020,1539,1005
1567,996,469,1020,1539,1005
1573,991,469,1020,1539,1005
1577,985,469,1020,1539,1005
1581,979,469,1020,1539,1005
1584,973,469,1020,1539,1005
1587,967,469,1020,1539,1005
1590,963,469,1020,1539,1005
1590,958,469,1020,1539,1005
1589,951,469,1020,1539,1005
1589,942,469,1020,1539,1005
1588,931,469,1020,1539,1005
1584,918,469,1020,1539,1005
1581,908,469,1020,1539,1005
1579,902,469,1020,1539,1005
1573,893,469,1020,1539,1005
1564,882,469,1020,1539,1005
1557,872,469,1020,1539,1005
1550,865,469,1020,1539,1005
1542,857,469,1020,1539,1005
1534,849,469,1020,1539,1005
1523,838,469,1020,1539,1005
1514,828,469,1020,1539,1005
1500,816,469,1020,1539,1005
1487,803,469,1020,1539,1005
1480,797,469,1020,1539,1005
1466,785,469,1020,1539,1005
1452,774,469,1020,1539,1005
1436,762,469,1020,1539,1005
1415,751,469,1020,1539,1005
1399,741,469,1020,1539,1005
1385,734,469,1020,1539,1005
1371,727,469,1020,1539,1005
1365,724,469,1020,1539,1005
1352,717,469,1020,1539,1005
1340,712,469,1020,1539,1005
1326,705,469,1020,1539,1005
1309,695,469,1020,1539,1005
1294,686,469,1020,1539,1005
1277,675,469,1020,1539,1005
1258,664,469,1020,1539,1005
1238,650,469,1020,1539,1005
1221,639,469,1020,1539,1005
1212,630,469,1020,1539,1005
1202,619,469,1020,1539,1005
1190,607,469,1020,1539,1005
1180,596,469,1020,1539,1005
1173,587,469,1020,1539,1005
1167,580,469,1020,1539,1005
1160,573,469,1020,1539,1005
1157,568,469,1020,1539,1005
1152,561,469,1020,1539,1005
1147,554,469,1020,1539,1005
1143,548,469,1020,1539,1005
1137,536,469,1020,1539,1005
1128,522,469,1020,1539,1005
1123,510,469,1020,1539,1005
1116,498,469,1020,1539,1005
1112,488,469,1020,1539,1005
1107,478,469,1020,1539,1005
1103,469,469,1020,1539,1005
1099,459,469,1020,1539,1005
1095,450,469,1020,1539,1005
1092,444,469,1020,1539,1005
1089,436,469,1020,1539,1005
1085,425,469,1020,1539,1005
1083,419,469,1020,1539,1005
1080,414,469,1020,1539,1005
1078,410,469,1020,1539,1005
1076,405,469,1020,1539,1005
1074,399,469,1020,1539,1005
1071,394,469,1020,1539,1005
1070,390,469,1020,1539,1005
1069,384,469,1020,1539,1005
1066,377,469,1020,1539,1005
1066,372,469,1020,1539,1005
1066,371,469,1020,1539,1005
1066,371,469,1020,1539,1005
1066,371,469,1020,1539,1005
