872,380,693,939,1631,1096
872,380,693,939,1631,1096
872,380,693,939,1631,1096
872,380,693,939,1631,1096
871,382,693,939,1631,1096
864,393,693,939,1631,1096
860,399,693,939,1631,1096
857,405,693,939,1631,1096
857,405,693,939,1631,1096
856,409,693,939,1631,1096
853,421,693,939,1631,1096
849,432,693,939,1631,1096
847,441,693,939,1631,1096
844,450,693,939,1631,1096
841,459,693,939,1631,1096
836,474,693,939,1631,1096
833,489,693,939,1631,1096
831,504,693,939,1631,1096
829,519,693,939,1631,1096
826,534,693,939,1631,1096
826,547,693,939,1631,1096
826,558,693,939,1631,1096
825,570,693,939,1631,1096
824,581,693,939,1631,1096
820,596,693,939,1631,1096
818,608,693,939,1631,1096
816,617,693,939,1631,1096
814,627,693,939,1631,1096
811,639,693,939,1631,1096
808,650,693,939,1631,1096
806,659,693,939,1631,1096
803,668,693,939,1631,1096
797,680,693,939,1631,1096
794,689,693,939,1631,1096
789,701,693,939,1631,1096
782,716,693,939,1631,1096
776,733,693,939,1631,1096
767,751,693,939,1631,1096
762,766,693,939,1631,1096
757,777,693,939,1631,1096
753,788,693,939,1631,1096
749,798,693,939,1631,1096
745,810,693,939,1631,1096
741,820,693,939,1631,1096
736,832,693,939,1631,1096
731,841,693,939,1631,1096
728,848,693,939,1631,1096
725,854,693,939,1631,1096
720,862,693,939,1631,1096
714,871,693,939,1631,1096
710,879,693,939,1631,1096
707,885,693,939,1631,1096
702,893,693,939,1631,1096
699,900,693,939,1631,1096
697,904,693,939,1631,1096
695,908,693,939,1631,1096
693,914,693,939,1631,1096
690,919,693,939,1631,1096
687,925,693,939,1631,1096
686,927,693,939,1631,1096
686,927,693,939,1631,1096
686,927,693,939,1631,1096
686,927,693,939,1631,1096
686,927,693,939,1631,1096
686,927,693,939,1631,1096
688,929,693,939,1631,1096
698,937,693,939,1631,1096
706,941,693,939,1631,1096
709,943,693,939,1631,1096
714,945,693,939,1631,1096
721,948,693,939,1631,1096
731,951,693,939,1631,1096
741,954,693,939,1631,1096
749,956,693,939,1631,1096
760,959,693,939,1631,1096
774,963,693,939,1631,1096
784,966,693,939,1631,1096
796,970,693,939,1631,1096
813,976,693,939,1631,1096
829,980,693,939,1631,1096
844,982,693,939,1631,1096
862,983,693,939,1631,1096
878,984,693,939,1631,1096
895,984,693,939,1631,1096
912,984,693,939,1631,1096
935,984,693,939,1631,1096
958,984,693,939,1631,1096
977,985,693,939,1631,1096
1004,986,693,939,1631,1096
1019,988,693,939,1631,1096
1030,989,693,939,1631,1096
1047,992,693,939,1631,1096
1068,997,693,939,1631,1096
1082,1002,693,939,1631,1096
1105,1009,693,939,1631,1096
1132,1016,693,939,1631,1096
1160,1024,693,939,1631,1096
1194,1035,693,939,1631,1096
1222,1045,693,939,1631,1096
1252,1054,693,939,1631,1096
1270,1059,693,939,1631,1096
1285,1063,693,939,1631,1096
1297,1065,693,939,1631,1096
1309,1068,693,939,1631,1096
1317,1069,693,939,1631,1096
1323,1070,693,939,1631,1096
1331,1070,693,939,1631,1096
1347,1072,693,939,1631,1096
1363,1073,693,939,1631,1096
1374,1073,693,939,1631,1096
1381,1073,693,939,1631,1096
1388,1073,693,939,1631,1096
1399,1074,693,939,1631,1096
1409,1074,693,939,1631,1096
1419,1074,693,939,1631,1096
1427,1074,693,939,1631,1096
1440,1075,693,939,1631,1096
1456,1076,693,939,1631,1096
1467,1077,693,939,1631,1096
1476,1078,693,939,1631,1096
1485,1078,693,939,1631,1096
1491,1079,693,939,1631,1096
1499,1080,693,939,1631,1096
1513,1084,693,939,1631,1096
1529,1088,693,939,1631,1096
1539,1093,693,939,1631,1096
1547,1096,693,939,1631,1096
1558,1099,693,939,1631,1096
1563,1099,693,939,1631,1096
1567,1099,693,939,1631,1096
1576,1100,693,939,1631,1096
1585,1100,693,939,1631,1096
1594,1100,693,939,1631,1096
1597,1100,693,939,1631,1096
1608,1100,693,939,1631,1096
1617,1100,693,939,1631,1096
1617,1099,693,939,1631,1096
1617,1099,693,939,1631,1096
1619,1099,693,939,1631,1096
1625,1099,693,939,1631,1096
1626,1098,693,939,1631,1096
1629,1098,693,939,1631,1096
1634,1097,693,939,1631,1096
1634,1097,693,939,1631,1096
1634,1097,693,939,1631,1096
1634,1097,693,939,1631,1096
1634,1097,693,939,1631,1096
1634,1097,693,939,1631,1096
1634,1097,693,939,1631,1096
1634,1097,693,939,1631,1096
1633,1097,693,939,1631,1096
1625,1088,693,939,1631,1096
1611,1075,693,939,1631,1096
1585,1053,693,939,1631,1096
1572,1038,693,939,1631,1096
1564,1028,693,939,1631,1096
1552,1016,693,939,1631,1096
1539,1006,693,939,1631,1096
1528,998,693,939,1631,1096
1511,988,693,939,1631,1096
1495,978,693,939,1631,1096
1484,966,693,939,1631,1096
1475,957,693,939,1631,1096
1468,943,693,939,1631,1096
1457,925,693,939,1631,1096
1448,907,693,939,1631,1096
1439,884,693,939,1631,1096
1426,861,693,939,1631,1096
1420,841,693,939,1631,1096
1413,829,693,939,1631,1096
1406,812,693,939,1631,1096
1399,801,693,939,1631,1096
1393,791,693,939,1631,1096
1377,770,693,939,1631,1096
1365,755,693,939,1631,1096
1357,744,693,939,1631,1096
1348,728,693,939,1631,1096
1334,706,693,939,1631,1096
1322,692,693,939,1631,1096
1309,676,693,939,1631,1096
1291,659,693,939,1631,1096
1280,647,693,939,1631,1096
1270,638,693,939,1631,1096
1262,629,693,939,1631,1096
1257,621,693,939,1631,1096
1249,614,693,939,1631,1096
1241,604,693,939,1631,1096
1233,593,693,939,1631,1096
1223,580,693,939,1631,1096
1211,568,693,939,1631,1096
1189,548,693,939,1631,1096
1167,530,693,939,1631,1096
1153,518,693,939,1631,1096
1144,506,693,939,1631,1096
1136,492,693,939,1631,1096
1126,480,693,939,1631,1096
1119,470,693,939,1631,1096
1114,461,693,939,1631,1096
1109,451,693,939,1631,1096
1105,443,693,939,1631,1096
1100,436,693,939,1631,1096
1096,428,693,939,1631,1096
1088,418,693,939,1631,1096
1082,409,693,939,1631,1096
1077,403,693,939,1631,1096
1070,395,693,939,1631,1096
1064,387,693,939,1631,1096
1060,382,693,939,1631,1096
1056,376,693,939,1631,1096
1055,375,693,939,1631,1096
1055,375,693,939,1631,1096
