889,369,324,884,1391,1110
889,369,324,884,1391,1110
889,369,324,884,1391,1110
889,369,324,884,1391,1110
889,369,324,884,1391,1110
889,369,324,884,1391,1110
888,371,324,884,1391,1110
885,382,324,884,1391,1110
879,393,324,884,1391,1110
870,404,324,884,1391,1110
865,412,324,884,1391,1110
859,418,324,884,1391,1110
853,423,324,884,1391,1110
847,426,324,884,1391,1110
839,432,324,884,1391,1110
831,440,324,884,1391,1110
827,445,324,884,1391,1110
823,449,324,884,1391,1110
817,454,324,884,1391,1110
813,457,324,884,1391,1110
807,462,324,884,1391,1110
799,467,324,884,1391,1110
791,472,324,884,1391,1110
785,476,324,884,1391,1110
778,480,324,884,1391,1110
772,487,324,884,1391,1110
767,493,324,884,1391,1110
760,502,324,884,1391,1110
754,509,324,884,1391,1110
747,517,324,884,1391,1110
738,524,324,884,1391,1110
731,531,324,884,1391,1110
726,535,324,884,1391,1110
715,540,324,884,1391,1110
707,546,324,884,1391,1110
700,553,324,884,1391,1110
693,560,324,884,1391,1110
686,568,324,884,1391,1110
681,575,324,884,1391,1110
677,579,324,884,1391,1110
673,584,324,884,1391,1110
668,590,324,884,1391,1110
661,597,324,884,1391,1110
656,603,324,884,1391,1110
649,610,324,884,1391,1110
643,615,324,884,1391,1110
636,623,324,884,1391,1110
628,629,324,884,1391,1110
619,637,324,884,1391,1110
612,643,324,884,1391,1110
604,647,324,884,1391,1110
597,652,324,884,1391,1110
591,656,324,884,1391,1110
582,662,324,884,1391,1110
572,670,324,884,1391,1110
562,677,324,884,1391,1110
549,686,324,884,1391,1110
535,697,324,884,1391,1110
522,706,324,884,1391,1110
509,713,324,884,1391,1110
500,718,324,884,1391,1110
492,724,324,884,1391,1110
486,729,324,884,1391,1110
479,735,324,884,1391,1110
473,740,324,884,1391,1110
467,745,324,884,1391,1110
462,749,324,884,1391,1110
458,753,324,884,1391,1110
453,756,324,884,1391,1110
447,760,324,884,1391,1110
440,766,324,884,1391,1110
434,773,324,884,1391,1110
430,779,324,884,1391,1110
424,788,324,884,1391,1110
419,795,324,884,1391,1110
415,804,324,884,1391,1110
408,813,324,884,1391,1110
402,822,324,884,1391,1110
399,827,324,884,1391,1110
393,834,324,884,1391,1110
387,839,324,884,1391,1110
384,842,324,884,1391,1110
382,843,324,884,1391,1110
378,845,324,884,1391,1110
370,851,324,884,1391,1110
363,856,324,884,1391,1110
359,858,324,884,1391,1110
352,862,324,884,1391,1110
344,867,324,884,1391,1110
337,871,324,884,1391,1110
334,872,324,884,1391,1110
333,872,324,884,1391,1110
330,874,324,884,1391,1110
330,875,324,884,1391,1110
327,876,324,884,1391,1110
327,877,324,884,1391,1110
327,877,324,884,1391,1110
327,878,324,884,1391,1110
323,881,324,884,1391,1110
321,882,324,884,1391,1110
321,882,324,884,1391,1110
321,882,324,884,1391,1110
321,882,324,884,1391,1110
321,882,324,884,1391,1110
321,882,324,884,1391,1110
321,882,324,884,1391,1110
321,882,324,884,1391,1110
325,884,324,884,1391,1110
344,889,324,884,1391,1110
367,893,324,884,1391,1110
379,895,324,884,1391,1110
386,899,324,884,1391,1110
391,901,324,884,1391,1110
405,908,324,884,1391,1110
418,915,324,884,1391,1110
435,922,324,884,1391,1110
455,930,324,884,1391,1110
465,933,324,884,1391,1110
476,936,324,884,1391,1110
482,940,324,884,1391,1110
489,944,324,884,1391,1110
496,949,324,884,1391,1110
505,954,324,884,1391,1110
513,957,324,884,1391,1110
518,958,324,884,1391,1110
526,962,324,884,1391,1110
533,964,324,884,1391,1110
545,967,324,884,1391,1110
556,972,324,884,1391,1110
569,976,324,884,1391,1110
584,977,324,884,1391,1110
595,979,324,884,1391,1110
604,981,324,884,1391,1110
614,981,324,884,1391,1110
627,981,324,884,1391,1110
640,981,324,884,1391,1110
650,981,324,884,1391,1110
659,982,324,884,1391,1110
667,983,324,884,1391,1110
680,984,324,884,1391,1110
694,987,324,884,1391,1110
705,991,324,884,1391,1110
717,996,324,884,1391,1110
727,1002,324,884,1391,1110
739,1005,324,884,1391,1110
747,1008,324,884,1391,1110
757,1011,324,884,1391,1110
770,1013,324,884,1391,1110
782,1016,324,884,1391,1110
792,1018,324,884,1391,1110
806,1020,324,884,1391,1110
824,1022,324,884,1391,1110
839,1025,324,884,1391,1110
851,1027,324,884,1391,1110
872,1033,324,884,1391,1110
887,1035,324,884,1391,1110
905,1039,324,884,1391,1110
923,1043,324,884,1391,1110
941,1046,324,884,1391,1110
960,1049,324,884,1391,1110
978,1053,324,884,1391,1110
989,1055,324,884,1391,1110
1008,1057,324,884,1391,1110
1029,1061,324,884,1391,1110
1050,1065,324,884,1391,1110
1060,1069,324,884,1391,1110
1071,1076,324,884,1391,1110
1090,1086,324,884,1391,1110
1108,1094,324,884,1391,1110
1120,1101,324,884,1391,1110
1131,1111,324,884,1391,1110
1137,1120,324,884,1391,1110
1145,1125,324,884,1391,1110
1152,1129,324,884,1391,1110
1165,1131,324,884,1391,1110
1177,1133,324,884,1391,1110
1188,1135,324,884,1391,1110
1195,1135,324,884,1391,1110
1205,1135,324,884,1391,1110
1217,1135,324,884,1391,1110
1230,1135,324,884,1391,1110
1240,1135,324,884,1391,1110
1250,1133,324,884,1391,1110
1259,1132,324,884,1391,1110
1273,1132,324,884,1391,1110
1283,1131,324,884,1391,1110
1291,1130,324,884,1391,1110
1300,1128,324,884,1391,1110
1309,1127,324,884,1391,1110
1313,1126,324,884,1391,1110
1323,1124,324,884,1391,1110
1332,1123,324,884,1391,1110
1338,1123,324,884,1391,1110
1343,1121,324,884,1391,1110
1351,1120,324,884,1391,1110
1359,1118,324,884,1391,1110
1366,1116,324,884,1391,1110
1368,1116,324,884,1391,1110
1370,1115,324,884,1391,1110
1372,1115,324,884,1391,1110
1379,1112,324,884,1391,1110
1383,1111,324,884,1391,1110
1383,1111,324,884,1391,1110
1383,1111,324,884,1391,1110
1383,1111,324,884,1391,1110
1389,1111,324,884,1391,1110
1391,1111,324,884,1391,1110
1388,1111,324,884,1391,1110
1388,1110,324,884,1391,1110
1388,1110,324,884,1391,1110
1388,1110,324,884,1391,1110
1388,1110,324,884,1391,1110
1388,1108,324,884,1391,1110
1386,1107,324,884,1391,1110
1384,1104,324,884,1391,1110
1379,1096,324,884,1391,1110
1370,1080,324,884,1391,1110
1365,1067,324,884,1391,1110
1362,1058,324,884,1391,1110
1356,1046,324,884,1391,1110
1352,1034,324,884,1391,1110
1349,1022,324,884,1391,1110
1347,1013,324,884,1391,1110
1345,1005,324,884,1391,1110
1344,997,324,884,1391,1110
1344,989,324,884,1391,1110
1343,980,324,884,1391,1110
1340,970,324,884,1391,1110
1337,962,324,884,1391,1110
1333,955,324,884,1391,1110
1328,944,324,884,1391,1110
1322,929,324,884,1391,1110
1316,915,324,884,1391,1110
1307,899,324,884,1391,1110
1298,885,324,884,1391,1110
1286,866,324,884,1391,1110
1278,854,324,884,1391,1110
1275,850,324,884,1391,1110
1268,842,324,884,1391,1110
1262,834,324,884,1391,1110
1257,825,324,884,1391,1110
1253,815,324,884,1391,1110
1249,807,324,884,1391,1110
1240,788,324,884,1391,1110
1233,772,324,884,1391,1110
1225,754,324,884,1391,1110
1216,730,324,884,1391,1110
1211,709,324,884,1391,1110
1205,690,324,884,1391,1110
1199,678,324,884,1391,1110
1198,675,324,884,1391,1110
1197,671,324,884,1391,1110
1195,666,324,884,1391,1110
1193,657,324,884,1391,1110
1190,647,324,884,1391,1110
1186,638,324,884,1391,1110
1184,627,324,884,1391,1110
1178,613,324,884,1391,1110
1173,601,324,884,1391,1110
1164,583,324,884,1391,1110
1160,572,324,884,1391,1110
1154,559,324,884,1391,1110
1147,547,324,884,1391,1110
1143,540,324,884,1391,1110
1137,530,324,884,1391,1110
1131,521,324,884,1391,1110
1124,510,324,884,1391,1110
1117,500,324,884,1391,1110
1111,491,324,884,1391,1110
1106,485,324,884,1391,1110
1101,478,324,884,1391,1110
1099,474,324,884,1391,1110
1096,469,324,884,1391,1110
1091,462,324,884,1391,1110
1088,457,324,884,1391,1110
1083,451,324,884,1391,1110
1080,443,324,884,1391,1110
1076,436,324,884,1391,1110
1074,430,324,884,1391,1110
1072,424,324,884,1391,1110
1071,419,324,884,1391,1110
1067,409,324,884,1391,1110
1065,404,324,884,1391,1110
1064,402,324,884,1391,1110
1064,402,324,884,1391,1110
1064,400,324,884,1391,1110
1062,394,324,884,1391,1110
1062,390,324,884,1391,1110
1062,388,324,884,1391,1110
1062,385,324,884,1391,1110
1062,384,324,884,1391,1110
1062,384,324,884,1391,1110
1062,384,324,884,1391,1110
1062,384,324,884,1391,1110
1062,384,324,884,1391,1110
1062,384,324,884,1391,1110
1062,383,324,884,1391,1110
1063,379,324,884,1391,1110
1063,376,324,884,1391,1110
1063,375,324,884,1391,1110
1063,375,324,884,1391,1110
1063,375,324,884,1391,1110
1063,375,324,884,1391,1110
1063,375,324,884,1391,1110
1063,375,324,884,1391,1110
1063,375,324,884,1391,1110
1063,375,324,884,1391,1110
1064,375,324,884,1391,1110
1064,375,324,884,1391,1110
1064,375,324,884,1391,1110
