891,370,635,946,1603,966
891,369,635,946,1603,966
891,369,635,946,1603,966
891,370,635,946,1603,966
891,370,635,946,1603,966
891,370,635,946,1603,966
891,370,635,946,1603,966
891,370,635,946,1603,966
891,370,635,946,1603,966
889,379,635,946,1603,966
884,389,635,946,1603,966
881,394,635,946,1603,966
877,399,635,946,1603,966
873,406,635,946,1603,966
867,416,635,946,1603,966
861,425,635,946,1603,966
857,433,635,946,1603,966
854,440,635,946,1603,966
851,446,635,946,1603,966
847,454,635,946,1603,966
843,462,635,946,1603,966
837,472,635,946,1603,966
834,477,635,946,1603,966
832,487,635,946,1603,966
829,495,635,946,1603,966
824,503,635,946,1603,966
819,512,635,946,1603,966
816,523,635,946,1603,966
813,532,635,946,1603,966
810,544,635,946,1603,966
808,553,635,946,1603,966
804,566,635,946,1603,966
802,578,635,946,1603,966
801,593,635,946,1603,966
798,603,635,946,1603,966
794,608,635,946,1603,966
790,615,635,946,1603,966
785,623,635,946,1603,966
778,636,635,946,1603,966
772,646,635,946,1603,966
765,656,635,946,1603,966
759,666,635,946,1603,966
753,674,635,946,1603,966
746,684,635,946,1603,966
742,692,635,946,1603,966
735,703,635,946,1603,966
730,712,635,946,1603,966
726,719,635,946,1603,966
720,730,635,946,1603,966
713,742,635,946,1603,966
708,753,635,946,1603,966
705,759,635,946,1603,966
699,770,635,946,1603,966
696,775,635,946,1603,966
693,781,635,946,1603,966
691,788,635,946,1603,966
690,793,635,946,1603,966
687,802,635,946,1603,966
685,815,635,946,1603,966
681,826,635,946,1603,966
678,836,635,946,1603,966
675,845,635,946,1603,966
673,853,635,946,1603,966
672,859,635,946,1603,966
670,865,635,946,1603,966
669,870,635,946,1603,966
668,875,635,946,1603,966
665,880,635,946,1603,966
662,885,635,946,1603,966
659,889,635,946,1603,966
656,893,635,946,1603,966
652,898,635,946,1603,966
650,901,635,946,1603,966
646,904,635,946,1603,966
645,909,635,946,1603,966
643,913,635,946,1603,966
637,918,635,946,1603,966
636,921,635,946,1603,966
635,924,635,946,1603,966
631,930,635,946,1603,966
630,933,635,946,1603,966
630,934,635,946,1603,966
628,937,635,946,1603,966
629,941,635,946,1603,966
629,943,635,946,1603,966
629,943,635,946,1603,966
629,944,635,946,1603,966
630,949,635,946,1603,966
631,950,635,946,1603,966
631,951,635,946,1603,966
631,951,635,946,1603,966
631,951,635,946,1603,966
631,951,635,946,1603,966
631,951,635,946,1603,966
631,951,635,946,1603,966
633,951,635,946,1603,966
640,949,635,946,1603,966
643,947,635,946,1603,966
652,944,635,946,1603,966
665,940,635,946,1603,966
676,938,635,946,1603,966
683,938,635,946,1603,966
696,938,635,946,1603,966
709,938,635,946,1603,966
722,938,635,946,1603,966
738,938,635,946,1603,966
748,938,635,946,1603,966
755,938,635,946,1603,966
765,940,635,946,1603,966
776,942,635,946,1603,966
792,944,635,946,1603,966
805,945,635,946,1603,966
819,947,635,946,1603,966
835,949,635,946,1603,966
848,950,635,946,1603,966
859,952,635,946,1603,966
866,953,635,946,1603,966
877,955,635,946,1603,966
891,957,635,946,1603,966
900,959,635,946,1603,966
907,961,635,946,1603,966
915,966,635,946,1603,966
926,972,635,946,1603,966
938,976,635,946,1603,966
951,980,635,946,1603,966
961,983,635,946,1603,966
975,986,635,946,1603,966
991,989,635,946,1603,966
1002,991,635,946,1603,966
1013,991,635,946,1603,966
1026,991,635,946,1603,966
1042,992,635,946,1603,966
1053,992,635,946,1603,966
1063,992,635,946,1603,966
1074,992,635,946,1603,966
1090,992,635,946,1603,966
1100,992,635,946,1603,966
1110,993,635,946,1603,966
1125,995,635,946,1603,966
1141,997,635,946,1603,966
1155,998,635,946,1603,966
1173,998,635,946,1603,966
1184,998,635,946,1603,966
1202,998,635,946,1603,966
1219,998,635,946,1603,966
1230,998,635,946,1603,966
1239,998,635,946,1603,966
1257,998,635,946,1603,966
1273,998,635,946,1603,966
1281,997,635,946,1603,966
1291,997,635,946,1603,966
1296,997,635,946,1603,966
1300,994,635,946,1603,966
1313,992,635,946,1603,966
1329,990,635,946,1603,966
1339,989,635,946,1603,966
1353,988,635,946,1603,966
1371,988,635,946,1603,966
1381,988,635,946,1603,966
1393,985,635,946,1603,966
1410,985,635,946,1603,966
1438,985,635,946,1603,966
1457,985,635,946,1603,966
1481,984,635,946,1603,966
1498,983,635,946,1603,966
1517,982,635,946,1603,966
1520,982,635,946,1603,966
1523,980,635,946,1603,966
1542,979,635,946,1603,966
1549,978,635,946,1603,966
1549,978,635,946,1603,966
1553,976,635,946,1603,966
1558,975,635,946,1603,966
1563,975,635,946,1603,966
1565,974,635,946,1603,966
1571,974,635,946,1603,966
1576,973,635,946,1603,966
1576,973,635,946,1603,966
1579,972,635,946,1603,966
1584,971,635,946,1603,966
1588,970,635,946,1603,966
1594,969,635,946,1603,966
1605,969,635,946,1603,966
1607,969,635,946,1603,966
1605,967,635,946,1603,966
1605,967,635,946,1603,966
1605,967,635,946,1603,966
1605,967,635,946,1603,966
1605,967,635,946,1603,966
1605,967,635,946,1603,966
1605,967,635,946,1603,966
1604,966,635,946,1603,966
1600,962,635,946,1603,966
1596,955,635,946,1603,966
1587,944,635,946,1603,966
1572,932,635,946,1603,966
1566,925,635,946,1603,966
1561,922,635,946,1603,966
1551,916,635,946,1603,966
1538,908,635,946,1603,966
1524,898,635,946,1603,966
1514,887,635,946,1603,966
1507,874,635,946,1603,966
1498,856,635,946,1603,966
1484,829,635,946,1603,966
1472,808,635,946,1603,966
1463,793,635,946,1603,966
1450,771,635,946,1603,966
1433,742,635,946,1603,966
1419,725,635,946,1603,966
1411,712,635,946,1603,966
1407,704,635,946,1603,966
1399,691,635,946,1603,966
1391,681,635,946,1603,966
1383,671,635,946,1603,966
1377,663,635,946,1603,966
1366,651,635,946,1603,966
1356,637,635,946,1603,966
1342,618,635,946,1603,966
1328,600,635,946,1603,966
1317,589,635,946,1603,966
1305,576,635,946,1603,966
1295,565,635,946,1603,966
1286,556,635,946,1603,966
1275,545,635,946,1603,966
1264,535,635,946,1603,966
1248,523,635,946,1603,966
1229,506,635,946,1603,966
1219,496,635,946,1603,966
1206,486,635,946,1603,966
1193,478,635,946,1603,966
1182,471,635,946,1603,966
1174,466,635,946,1603,966
1161,459,635,946,1603,966
1145,449,635,946,1603,966
1135,444,635,946,1603,966
1129,439,635,946,1603,966
1122,433,635,946,1603,966
1113,424,635,946,1603,966
1107,418,635,946,1603,966
1105,416,635,946,1603,966
1103,415,635,946,1603,966
1100,412,635,946,1603,966
1095,408,635,946,1603,966
1090,405,635,946,1603,966
1084,400,635,946,1603,966
1080,397,635,946,1603,966
1075,393,635,946,1603,966
1074,392,635,946,1603,966
1074,392,635,946,1603,966
1072,390,635,946,1603,966
1070,387,635,946,1603,966
1068,386,635,946,1603,966
1066,384,635,946,1603,966
1065,382,635,946,1603,966
1062,377,635,946,1603,966
1058,372,635,946,1603,966
1058,372,635,946,1603,966
1058,372,635,946,1603,966
1057,372,635,946,1603,966
1058,371,635,946,1603,966
1058,371,635,946,1603,966
1058,371,635,946,1603,966
1058,371,635,946,1603,966
