888,371,633,887,1569,935
888,371,633,887,1569,935
888,371,633,887,1569,935
888,371,633,887,1569,935
888,371,633,887,1569,935
888,371,633,887,1569,935
888,371,633,887,1569,935
888,371,633,887,1569,935
887,372,633,887,1569,935
874,388,633,887,1569,935
859,401,633,887,1569,935
850,411,633,887,1569,935
840,421,633,887,1569,935
830,431,633,887,1569,935
817,447,633,887,1569,935
807,461,633,887,1569,935
800,474,633,887,1569,935
795,485,633,887,1569,935
787,498,633,887,1569,935
780,510,633,887,1569,935
774,523,633,887,1569,935
771,532,633,887,1569,935
764,540,633,887,1569,935
763,548,633,887,1569,935
761,554,633,887,1569,935
759,561,633,887,1569,935
757,571,633,887,1569,935
755,581,633,887,1569,935
753,590,633,887,1569,935
749,602,633,887,1569,935
746,612,633,887,1569,935
744,625,633,887,1569,935
739,642,633,887,1569,935
735,653,633,887,1569,935
731,665,633,887,1569,935
728,676,633,887,1569,935
724,688,633,887,1569,935
722,698,633,887,1569,935
719,710,633,887,1569,935
716,719,633,887,1569,935
712,729,633,887,1569,935
706,737,633,887,1569,935
701,746,633,887,1569,935
698,754,633,887,1569,935
692,763,633,887,1569,935
689,771,633,887,1569,935
683,779,633,887,1569,935
677,789,633,887,1569,935
672,796,633,887,1569,935
670,801,633,887,1569,935
666,807,633,887,1569,935
664,810,633,887,1569,935
661,816,633,887,1569,935
657,822,633,887,1569,935
655,825,633,887,1569,935
653,828,633,887,1569,935
651,835,633,887,1569,935
648,845,633,887,1569,935
645,851,633,887,1569,935
644,855,633,887,1569,935
643,861,633,887,1569,935
642,867,633,887,1569,935
641,873,633,887,1569,935
639,880,633,887,1569,935
638,883,633,887,1569,935
637,888,633,887,1569,935
636,893,633,887,1569,935
636,895,633,887,1569,935
636,895,633,887,1569,935
636,895,633,887,1569,935
636,895,633,887,1569,935
636,895,633,887,1569,935
636,895,633,887,1569,935
636,895,633,887,1569,935
636,895,633,887,1569,935
637,895,633,887,1569,935
648,889,633,887,1569,935
654,888,633,887,1569,935
663,888,633,887,1569,935
667,889,633,887,1569,935
671,890,633,887,1569,935
678,892,633,887,1569,935
691,896,633,887,1569,935
705,898,633,887,1569,935
717,898,633,887,1569,935
728,898,633,887,1569,935
741,898,633,887,1569,935
750,898,633,887,1569,935
762,898,633,887,1569,935
774,898,633,887,1569,935
786,898,633,887,1569,935
799,898,633,887,1569,935
810,898,633,887,1569,935
825,900,633,887,1569,935
837,902,633,887,1569,935
857,906,633,887,1569,935
875,911,633,887,1569,935
885,913,633,887,1569,935
901,917,633,887,1569,935
918,923,633,887,1569,935
935,925,633,887,1569,935
951,927,633,887,1569,935
972,930,633,887,1569,935
991,933,633,887,1569,935
1007,935,633,887,1569,935
1025,938,633,887,1569,935
1043,940,633,887,1569,935
1054,942,633,887,1569,935
1063,942,633,887,1569,935
1079,944,633,887,1569,935
1096,945,633,887,1569,935
1108,946,633,887,1569,935
1122,946,633,887,1569,935
1141,948,633,887,1569,935
1159,949,633,887,1569,935
1168,949,633,887,1569,935
1180,949,633,887,1569,935
1195,949,633,887,1569,935
1209,949,633,887,1569,935
1220,950,633,887,1569,935
1232,950,633,887,1569,935
1251,949,633,887,1569,935
1260,949,633,887,1569,935
1271,947,633,887,1569,935
1280,947,633,887,1569,935
1291,947,633,887,1569,935
1303,949,633,887,1569,935
1317,951,633,887,1569,935
1330,952,633,887,1569,935
1346,952,633,887,1569,935
1353,952,633,887,1569,935
1360,952,633,887,1569,935
1369,952,633,887,1569,935
1382,952,633,887,1569,935
1393,951,633,887,1569,935
1402,950,633,887,1569,935
1410,947,633,887,1569,935
1424,945,633,887,1569,935
1438,945,633,887,1569,935
1443,944,633,887,1569,935
1445,944,633,887,1569,935
1456,945,633,887,1569,935
1464,944,633,887,1569,935
1469,943,633,887,1569,935
1486,944,633,887,1569,935
1491,944,633,887,1569,935
1491,944,633,887,1569,935
1495,944,633,887,1569,935
1505,945,633,887,1569,935
1511,945,633,887,1569,935
1519,945,633,887,1569,935
1525,945,633,887,1569,935
1531,945,633,887,1569,935
1539,945,633,887,1569,935
1547,945,633,887,1569,935
1547,945,633,887,1569,935
1547,945,633,887,1569,935
1548,945,633,887,1569,935
1551,943,633,887,1569,935
1560,943,633,887,1569,935
1565,943,633,887,1569,935
1565,943,633,887,1569,935
1565,943,633,887,1569,935
1567,941,633,887,1569,935
1568,941,633,887,1569,935
1568,940,633,887,1569,935
1568,939,633,887,1569,935
1569,939,633,887,1569,935
1570,938,633,887,1569,935
1570,937,633,887,1569,935
1570,937,633,887,1569,935
1570,937,633,887,1569,935
1570,937,633,887,1569,935
1570,937,633,887,1569,935
1570,937,633,887,1569,935
1570,937,633,887,1569,935
1570,937,633,887,1569,935
1569,936,633,887,1569,935
1569,936,633,887,1569,935
1569,935,633,887,1569,935
1568,932,633,887,1569,935
1567,929,633,887,1569,935
1567,926,633,887,1569,935
1564,922,633,887,1569,935
1555,910,633,887,1569,935
1548,902,633,887,1569,935
1542,894,633,887,1569,935
1536,885,633,887,1569,935
1531,878,633,887,1569,935
1524,867,633,887,1569,935
1520,860,633,887,1569,935
1514,852,633,887,1569,935
1509,845,633,887,1569,935
1500,834,633,887,1569,935
1493,824,633,887,1569,935
1484,813,633,887,1569,935
1472,801,633,887,1569,935
1459,785,633,887,1569,935
1449,776,633,887,1569,935
1431,757,633,887,1569,935
1411,738,633,887,1569,935
1405,731,633,887,1569,935
1396,718,633,887,1569,935
1390,709,633,887,1569,935
1389,707,633,887,1569,935
1385,697,633,887,1569,935
1377,685,633,887,1569,935
1364,668,633,887,1569,935
1353,656,633,887,1569,935
1341,645,633,887,1569,935
1325,627,633,887,1569,935
1299,596,633,887,1569,935
1288,582,633,887,1569,935
1273,568,633,887,1569,935
1254,547,633,887,1569,935
1241,533,633,887,1569,935
1230,523,633,887,1569,935
1209,504,633,887,1569,935
1204,499,633,887,1569,935
1193,491,633,887,1569,935
1178,480,633,887,1569,935
1169,474,633,887,1569,935
1164,470,633,887,1569,935
1156,464,633,887,1569,935
1151,460,633,887,1569,935
1144,456,633,887,1569,935
1139,452,633,887,1569,935
1130,446,633,887,1569,935
1125,442,633,887,1569,935
1123,439,633,887,1569,935
1117,433,633,887,1569,935
1111,428,633,887,1569,935
1105,422,633,887,1569,935
1097,415,633,887,1569,935
1093,410,633,887,1569,935
1091,408,633,887,1569,935
1085,402,633,887,1569,935
1083,400,633,887,1569,935
1082,398,633,887,1569,935
1080,393,633,887,1569,935
1077,385,633,887,1569,935
1076,384,633,887,1569,935
1076,384,633,887,1569,935
1076,384,633,887,1569,935
1075,383,633,887,1569,935
1074,382,633,887,1569,935
1072,379,633,887,1569,935
1067,372,633,887,1569,935
1065,370,633,887,1569,935
1065,369,633,887,1569,935
1065,369,633,887,1569,935
1065,369,633,887,1569,935
1065,369,633,887,1569,935
1065,369,633,887,1569,935
