905,377,351,917,1351,1107
905,377,351,917,1351,1107
905,377,351,917,1351,1107
905,377,351,917,1351,1107
905,377,351,917,1351,1107
898,378,351,917,1351,1107
884,385,351,917,1351,1107
865,397,351,917,1351,1107
851,407,351,917,1351,1107
843,411,351,917,1351,1107
835,418,351,917,1351,1107
827,423,351,917,1351,1107
818,429,351,917,1351,1107
809,435,351,917,1351,1107
799,441,351,917,1351,1107
793,447,351,917,1351,1107
787,451,351,917,1351,1107
780,457,351,917,1351,1107
772,464,351,917,1351,1107
764,472,351,917,1351,1107
757,479,351,917,1351,1107
750,486,351,917,1351,1107
744,492,351,917,1351,1107
739,497,351,917,1351,1107
734,502,351,917,1351,1107
731,504,351,917,1351,1107
726,509,351,917,1351,1107
721,515,351,917,1351,1107
716,522,351,917,1351,1107
710,530,351,917,1351,1107
705,536,351,917,1351,1107
700,542,351,917,1351,1107
695,547,351,917,1351,1107
688,554,351,917,1351,1107
680,562,351,917,1351,1107
673,573,351,917,1351,1107
663,589,351,917,1351,1107
656,600,351,917,1351,1107
647,611,351,917,1351,1107
641,618,351,917,1351,1107
634,626,351,917,1351,1107
626,634,351,917,1351,1107
620,641,351,917,1351,1107
614,648,351,917,1351,1107
608,653,351,917,1351,1107
602,660,351,917,1351,1107
595,668,351,917,1351,1107
586,678,351,917,1351,1107
578,689,351,917,1351,1107
571,699,351,917,1351,1107
562,706,351,917,1351,1107
556,712,351,917,1351,1107
550,718,351,917,1351,1107
541,727,351,917,1351,1107
534,737,351,917,1351,1107
526,745,351,917,1351,1107
519,752,351,917,1351,1107
512,761,351,917,1351,1107
503,767,351,917,1351,1107
497,773,351,917,1351,1107
489,780,351,917,1351,1107
484,784,351,917,1351,1107
478,790,351,917,1351,1107
471,795,351,917,1351,1107
465,803,351,917,1351,1107
457,811,351,917,1351,1107
450,816,351,917,1351,1107
442,822,351,917,1351,1107
435,830,351,917,1351,1107
429,834,351,917,1351,1107
425,837,351,917,1351,1107
422,841,351,917,1351,1107
417,846,351,917,1351,1107
412,851,351,917,1351,1107
408,855,351,917,1351,1107
403,859,351,917,1351,1107
400,863,351,917,1351,1107
394,869,351,917,1351,1107
391,871,351,917,1351,1107
384,877,351,917,1351,1107
380,880,351,917,1351,1107
380,881,351,917,1351,1107
372,886,351,917,1351,1107
366,891,351,917,1351,1107
363,894,351,917,1351,1107
359,898,351,917,1351,1107
358,899,351,917,1351,1107
358,899,351,917,1351,1107
356,900,351,917,1351,1107
351,905,351,917,1351,1107
348,908,351,917,1351,1107
348,908,351,917,1351,1107
348,908,351,917,1351,1107
348,908,351,917,1351,1107
348,908,351,917,1351,1107
348,908,351,917,1351,1107
348,908,351,917,1351,1107
348,908,351,917,1351,1107
348,908,351,917,1351,1107
348,908,351,917,1351,1107
348,908,351,917,1351,1107
348,908,351,917,1351,1107
348,908,351,917,1351,1107
348,908,351,917,1351,1107
348,908,351,917,1351,1107
348,908,351,917,1351,1107
348,908,351,917,1351,1107
348,908,351,917,1351,1107
348,908,351,917,1351,1107
348,908,351,917,1351,1107
348,908,351,917,1351,1107
364,913,351,917,1351,1107
381,917,351,917,1351,1107
390,920,351,917,1351,1107
394,921,351,917,1351,1107
397,922,351,917,1351,1107
400,922,351,917,1351,1107
407,923,351,917,1351,1107
417,925,351,917,1351,1107
427,927,351,917,1351,1107
440,928,351,917,1351,1107
455,929,351,917,1351,1107
470,929,351,917,1351,1107
478,929,351,917,1351,1107
486,929,351,917,1351,1107
496,929,351,917,1351,1107
509,929,351,917,1351,1107
519,929,351,917,1351,1107
527,929,351,917,1351,1107
537,929,351,917,1351,1107
548,930,351,917,1351,1107
556,931,351,917,1351,1107
568,932,351,917,1351,1107
579,934,351,917,1351,1107
590,936,351,917,1351,1107
604,939,351,917,1351,1107
616,942,351,917,1351,1107
629,946,351,917,1351,1107
639,950,351,917,1351,1107
656,958,351,917,1351,1107
672,965,351,917,1351,1107
685,972,351,917,1351,1107
704,979,351,917,1351,1107
722,983,351,917,1351,1107
739,989,351,917,1351,1107
758,993,351,917,1351,1107
771,995,351,917,1351,1107
783,998,351,917,1351,1107
793,1002,351,917,1351,1107
805,1005,351,917,1351,1107
814,1008,351,917,1351,1107
825,1013,351,917,1351,1107
838,1019,351,917,1351,1107
855,1024,351,917,1351,1107
866,1029,351,917,1351,1107
875,1031,351,917,1351,1107
885,1034,351,917,1351,1107
899,1037,351,917,1351,1107
911,1038,351,917,1351,1107
922,1040,351,917,1351,1107
931,1041,351,917,1351,1107
942,1041,351,917,1351,1107
955,1043,351,917,1351,1107
967,1045,351,917,1351,1107
980,1047,351,917,1351,1107
993,1049,351,917,1351,1107
1000,1050,351,917,1351,1107
1007,1052,351,917,1351,1107
1018,1054,351,917,1351,1107
1028,1056,351,917,1351,1107
1039,1059,351,917,1351,1107
1049,1061,351,917,1351,1107
1058,1063,351,917,1351,1107
1064,1064,351,917,1351,1107
1072,1065,351,917,1351,1107
1079,1067,351,917,1351,1107
1088,1069,351,917,1351,1107
1096,1071,351,917,1351,1107
1109,1074,351,917,1351,1107
1115,1075,351,917,1351,1107
1120,1076,351,917,1351,1107
1127,1078,351,917,1351,1107
1145,1083,351,917,1351,1107
1156,1086,351,917,1351,1107
1172,1089,351,917,1351,1107
1192,1095,351,917,1351,1107
1210,1098,351,917,1351,1107
1224,1102,351,917,1351,1107
1233,1104,351,917,1351,1107
1235,1104,351,917,1351,1107
1237,1104,351,917,1351,1107
1240,1104,351,917,1351,1107
1249,1104,351,917,1351,1107
1260,1105,351,917,1351,1107
1267,1105,351,917,1351,1107
1279,1105,351,917,1351,1107
1288,1105,351,917,1351,1107
1295,1105,351,917,1351,1107
1297,1104,351,917,1351,1107
1297,1104,351,917,1351,1107
1304,1104,351,917,1351,1107
1313,1104,351,917,1351,1107
1316,1104,351,917,1351,1107
1316,1104,351,917,1351,1107
1316,1104,351,917,1351,1107
1322,1104,351,917,1351,1107
1327,1105,351,917,1351,1107
1328,1105,351,917,1351,1107
1329,1105,351,917,1351,1107
1337,1103,351,917,1351,1107
1340,1103,351,917,1351,1107
1340,1103,351,917,1351,1107
1340,1103,351,917,1351,1107
1341,1102,351,917,1351,1107
1343,1101,351,917,1351,1107
1343,1101,351,917,1351,1107
1343,1101,351,917,1351,1107
1345,1100,351,917,1351,1107
1345,1100,351,917,1351,1107
1347,1101,351,917,1351,1107
1348,1101,351,917,1351,1107
1348,1101,351,917,1351,1107
1348,1101,351,917,1351,1107
1348,1101,351,917,1351,1107
1347,1101,351,917,1351,1107
1347,1101,351,917,1351,1107
1349,1101,351,917,1351,1107
1350,1101,351,917,1351,1107
1350,1098,351,917,1351,1107
1349,1094,351,917,1351,1107
1347,1089,351,917,1351,1107
1344,1081,351,917,1351,1107
1342,1071,351,917,1351,1107
1338,1058,351,917,1351,1107
1333,1048,351,917,1351,1107
1329,1041,351,917,1351,1107
1325,1031,351,917,1351,1107
1320,1021,351,917,1351,1107
1318,1012,351,917,1351,1107
1317,1004,351,917,1351,1107
1316,993,351,917,1351,1107
1314,982,351,917,1351,1107
1312,970,351,917,1351,1107
1310,958,351,917,1351,1107
1307,946,351,917,1351,1107
1304,933,351,917,1351,1107
1301,919,351,917,1351,1107
1299,908,351,917,1351,1107
1298,901,351,917,1351,1107
1296,891,351,917,1351,1107
1293,879,351,917,1351,1107
1291,872,351,917,1351,1107
1288,863,351,917,1351,1107
1285,854,351,917,1351,1107
1278,841,351,917,1351,1107
1272,829,351,917,1351,1107
1266,818,351,917,1351,1107
1259,806,351,917,1351,1107
1252,790,351,917,1351,1107
1240,772,351,917,1351,1107
1232,758,351,917,1351,1107
1228,749,351,917,1351,1107
1219,732,351,917,1351,1107
1211,716,351,917,1351,1107
1205,704,351,917,1351,1107
1202,698,351,917,1351,1107
1198,692,351,917,1351,1107
1192,682,351,917,1351,1107
1185,671,351,917,1351,1107
1179,659,351,917,1351,1107
1175,651,351,917,1351,1107
1172,641,351,917,1351,1107
1167,631,351,917,1351,1107
1165,625,351,917,1351,1107
1162,619,351,917,1351,1107
1160,611,351,917,1351,1107
1158,601,351,917,1351,1107
1156,593,351,917,1351,1107
1152,582,351,917,1351,1107
1147,568,351,917,1351,1107
1144,555,351,917,1351,1107
1141,540,351,917,1351,1107
1136,523,351,917,1351,1107
1133,505,351,917,1351,1107
1126,487,351,917,1351,1107
1119,470,351,917,1351,1107
1114,459,351,917,1351,1107
1110,451,351,917,1351,1107
1104,440,351,917,1351,1107
1100,433,351,917,1351,1107
1094,424,351,917,1351,1107
1089,415,351,917,1351,1107
1085,410,351,917,1351,1107
1082,405,351,917,1351,1107
1077,396,351,917,1351,1107
1074,390,351,917,1351,1107
1069,382,351,917,1351,1107
1067,379,351,917,1351,1107
1067,378,351,917,1351,1107
1067,378,351,917,1351,1107
1067,377,351,917,1351,1107
1067,377,351,917,1351,1107
