890,372,324,1004,1483,1032
890,372,324,1004,1483,1032
890,372,324,1004,1483,1032
890,372,324,1004,1483,1032
890,372,324,1004,1483,1032
890,372,324,1004,1483,1032
890,372,324,1004,1483,1032
890,372,324,1004,1483,1032
890,372,324,1004,1483,1032
886,375,324,1004,1483,1032
878,383,324,1004,1483,1032
872,392,324,1004,1483,1032
865,398,324,1004,1483,1032
860,404,324,1004,1483,1032
858,408,324,1004,1483,1032
854,414,324,1004,1483,1032
850,420,324,1004,1483,1032
844,427,324,1004,1483,1032
839,432,324,1004,1483,1032
830,439,324,1004,1483,1032
822,446,324,1004,1483,1032
813,454,324,1004,1483,1032
804,463,324,1004,1483,1032
799,469,324,1004,1483,1032
793,475,324,1004,1483,1032
788,481,324,1004,1483,1032
783,485,324,1004,1483,1032
778,490,324,1004,1483,1032
771,497,324,1004,1483,1032
764,504,324,1004,1483,1032
757,510,324,1004,1483,1032
752,514,324,1004,1483,1032
745,521,324,1004,1483,1032
738,528,324,1004,1483,1032
731,536,324,1004,1483,1032
727,542,324,1004,1483,1032
723,549,324,1004,1483,1032
716,558,324,1004,1483,1032
710,568,324,1004,1483,1032
701,579,324,1004,1483,1032
692,589,324,1004,1483,1032
686,596,324,1004,1483,1032
678,606,324,1004,1483,1032
668,619,324,1004,1483,1032
659,628,324,1004,1483,1032
649,639,324,1004,1483,1032
643,645,324,1004,1483,1032
638,650,324,1004,1483,1032
629,656,324,1004,1483,1032
622,660,324,1004,1483,1032
616,665,324,1004,1483,1032
607,672,324,1004,1483,1032
601,677,324,1004,1483,1032
593,685,324,1004,1483,1032
584,693,324,1004,1483,1032
578,699,324,1004,1483,1032
570,707,324,1004,1483,1032
562,714,324,1004,1483,1032
556,720,324,1004,1483,1032
546,729,324,1004,1483,1032
536,738,324,1004,1483,1032
529,744,324,1004,1483,1032
520,754,324,1004,1483,1032
510,763,324,1004,1483,1032
504,770,324,1004,1483,1032
498,777,324,1004,1483,1032
494,781,324,1004,1483,1032
488,787,324,1004,1483,1032
480,794,324,1004,1483,1032
471,801,324,1004,1483,1032
465,807,324,1004,1483,1032
460,812,324,1004,1483,1032
453,819,324,1004,1483,1032
446,826,324,1004,1483,1032
443,830,324,1004,1483,1032
438,836,324,1004,1483,1032
433,840,324,1004,1483,1032
429,846,324,1004,1483,1032
422,855,324,1004,1483,1032
414,866,324,1004,1483,1032
411,872,324,1004,1483,1032
406,878,324,1004,1483,1032
400,887,324,1004,1483,1032
395,895,324,1004,1483,1032
392,900,324,1004,1483,1032
388,904,324,1004,1483,1032
382,909,324,1004,1483,1032
378,914,324,1004,1483,1032
372,917,324,1004,1483,1032
367,921,324,1004,1483,1032
363,925,324,1004,1483,1032
360,929,324,1004,1483,1032
356,935,324,1004,1483,1032
352,941,324,1004,1483,1032
348,946,324,1004,1483,1032
343,947,324,1004,1483,1032
343,947,324,1004,1483,1032
342,949,324,1004,1483,1032
341,952,324,1004,1483,1032
339,954,324,1004,1483,1032
339,956,324,1004,1483,1032
337,960,324,1004,1483,1032
336,965,324,1004,1483,1032
334,971,324,1004,1483,1032
332,976,324,1004,1483,1032
331,979,324,1004,1483,1032
330,981,324,1004,1483,1032
328,983,324,1004,1483,1032
328,984,324,1004,1483,1032
328,984,324,1004,1483,1032
328,984,324,1004,1483,1032
328,984,324,1004,1483,1032
326,987,324,1004,1483,1032
326,988,324,1004,1483,1032
326,989,324,1004,1483,1032
324,993,324,1004,1483,1032
324,995,324,1004,1483,1032
324,996,324,1004,1483,1032
322,997,324,1004,1483,1032
322,997,324,1004,1483,1032
322,997,324,1004,1483,1032
323,999,324,1004,1483,1032
325,1001,324,1004,1483,1032
325,1001,324,1004,1483,1032
326,1002,324,1004,1483,1032
326,1002,324,1004,1483,1032
326,1002,324,1004,1483,1032
326,1002,324,1004,1483,1032
326,1002,324,1004,1483,1032
326,1002,324,1004,1483,1032
327,1002,324,1004,1483,1032
330,1001,324,1004,1483,1032
338,1001,324,1004,1483,1032
355,1001,324,1004,1483,1032
375,1001,324,1004,1483,1032
381,1001,324,1004,1483,1032
381,1001,324,1004,1483,1032
384,1001,324,1004,1483,1032
398,1003,324,1004,1483,1032
407,1004,324,1004,1483,1032
412,1005,324,1004,1483,1032
425,1006,324,1004,1483,1032
439,1008,324,1004,1483,1032
448,1009,324,1004,1483,1032
467,1008,324,1004,1483,1032
486,1009,324,1004,1483,1032
502,1010,324,1004,1483,1032
517,1013,324,1004,1483,1032
536,1014,324,1004,1483,1032
557,1017,324,1004,1483,1032
581,1017,324,1004,1483,1032
610,1016,324,1004,1483,1032
636,1015,324,1004,1483,1032
645,1013,324,1004,1483,1032
663,1011,324,1004,1483,1032
676,1010,324,1004,1483,1032
688,1007,324,1004,1483,1032
706,1007,324,1004,1483,1032
726,1007,324,1004,1483,1032
746,1007,324,1004,1483,1032
764,1007,324,1004,1483,1032
781,1007,324,1004,1483,1032
788,1008,324,1004,1483,1032
800,1010,324,1004,1483,1032
817,1012,324,1004,1483,1032
833,1013,324,1004,1483,1032
854,1015,324,1004,1483,1032
859,1016,324,1004,1483,1032
867,1022,324,1004,1483,1032
884,1027,324,1004,1483,1032
900,1031,324,1004,1483,1032
914,1034,324,1004,1483,1032
935,1036,324,1004,1483,1032
960,1037,324,1004,1483,1032
977,1037,324,1004,1483,1032
1017,1038,324,1004,1483,1032
1038,1038,324,1004,1483,1032
1049,1038,324,1004,1483,1032
1065,1038,324,1004,1483,1032
1083,1038,324,1004,1483,1032
1091,1038,324,1004,1483,1032
1101,1038,324,1004,1483,1032
1116,1038,324,1004,1483,1032
1125,1039,324,1004,1483,1032
1137,1039,324,1004,1483,1032
1144,1039,324,1004,1483,1032
1153,1040,324,1004,1483,1032
1164,1041,324,1004,1483,1032
1178,1041,324,1004,1483,1032
1191,1041,324,1004,1483,1032
1205,1041,324,1004,1483,1032
1212,1041,324,1004,1483,1032
1230,1041,324,1004,1483,1032
1250,1041,324,1004,1483,1032
1265,1041,324,1004,1483,1032
1293,1041,324,1004,1483,1032
1311,1041,324,1004,1483,1032
1320,1040,324,1004,1483,1032
1333,1039,324,1004,1483,1032
1346,1039,324,1004,1483,1032
1347,1038,324,1004,1483,1032
1352,1037,324,1004,1483,1032
1367,1038,324,1004,1483,1032
1371,1038,324,1004,1483,1032
1372,1038,324,1004,1483,1032
1380,1039,324,1004,1483,1032
1392,1039,324,1004,1483,1032
1407,1039,324,1004,1483,1032
1418,1040,324,1004,1483,1032
1423,1040,324,1004,1483,1032
1430,1040,324,1004,1483,1032
1445,1039,324,1004,1483,1032
1452,1039,324,1004,1483,1032
1455,1039,324,1004,1483,1032
1465,1039,324,1004,1483,1032
1470,1039,324,1004,1483,1032
1471,1038,324,1004,1483,1032
1471,1037,324,1004,1483,1032
1475,1036,324,1004,1483,1032
1478,1035,324,1004,1483,1032
1479,1034,324,1004,1483,1032
1480,1034,324,1004,1483,1032
1480,1034,324,1004,1483,1032
1480,1034,324,1004,1483,1032
1484,1033,324,1004,1483,1032
1484,1033,324,1004,1483,1032
1484,1033,324,1004,1483,1032
1484,1033,324,1004,1483,1032
1484,1033,324,1004,1483,1032
1484,1033,324,1004,1483,1032
1484,1033,324,1004,1483,1032
1484,1033,324,1004,1483,1032
1479,1028,324,1004,1483,1032
1470,1017,324,1004,1483,1032
1462,1005,324,1004,1483,1032
1453,995,324,1004,1483,1032
1451,990,324,1004,1483,1032
1448,987,324,1004,1483,1032
1443,980,324,1004,1483,1032
1441,975,324,1004,1483,1032
1439,963,324,1004,1483,1032
1439,955,324,1004,1483,1032
1440,943,324,1004,1483,1032
1442,931,324,1004,1483,1032
1439,914,324,1004,1483,1032
1432,894,324,1004,1483,1032
1426,882,324,1004,1483,1032
1421,872,324,1004,1483,1032
1415,861,324,1004,1483,1032
1411,854,324,1004,1483,1032
1404,844,324,1004,1483,1032
1397,835,324,1004,1483,1032
1389,824,324,1004,1483,1032
1380,810,324,1004,1483,1032
1369,794,324,1004,1483,1032
1362,782,324,1004,1483,1032
1356,772,324,1004,1483,1032
1353,762,324,1004,1483,1032
1352,754,324,1004,1483,1032
1351,748,324,1004,1483,1032
1347,739,324,1004,1483,1032
1341,729,324,1004,1483,1032
1336,718,324,1004,1483,1032
1331,709,324,1004,1483,1032
1323,697,324,1004,1483,1032
1316,684,324,1004,1483,1032
1307,672,324,1004,1483,1032
1302,664,324,1004,1483,1032
1295,656,324,1004,1483,1032
1286,644,324,1004,1483,1032
1276,629,324,1004,1483,1032
1271,622,324,1004,1483,1032
1262,609,324,1004,1483,1032
1251,594,324,1004,1483,1032
1243,582,324,1004,1483,1032
1236,574,324,1004,1483,1032
1226,562,324,1004,1483,1032
1217,553,324,1004,1483,1032
1206,543,324,1004,1483,1032
1198,534,324,1004,1483,1032
1190,527,324,1004,1483,1032
1183,521,324,1004,1483,1032
1172,514,324,1004,1483,1032
1165,508,324,1004,1483,1032
1156,501,324,1004,1483,1032
1144,492,324,1004,1483,1032
1138,487,324,1004,1483,1032
1132,481,324,1004,1483,1032
1124,474,324,1004,1483,1032
1116,467,324,1004,1483,1032
1112,463,324,1004,1483,1032
1105,457,324,1004,1483,1032
1099,450,324,1004,1483,1032
1095,445,324,1004,1483,1032
1090,438,324,1004,1483,1032
1088,433,324,1004,1483,1032
1086,430,324,1004,1483,1032
1084,427,324,1004,1483,1032
1083,426,324,1004,1483,1032
1083,426,324,1004,1483,1032
1080,422,324,1004,1483,1032
1077,416,324,1004,1483,1032
1076,414,324,1004,1483,1032
1074,411,324,1004,1483,1032
1072,406,324,1004,1483,1032
1069,399,324,1004,1483,1032
1066,395,324,1004,1483,1032
1066,394,324,1004,1483,1032
1065,393,324,1004,1483,1032
1065,391,324,1004,1483,1032
1065,388,324,1004,1483,1032
1064,385,324,1004,1483,1032
1064,384,324,1004,1483,1032
1064,384,324,1004,1483,1032
1064,384,324,1004,1483,1032
1064,384,324,1004,1483,1032
1064,384,324,1004,1483,1032
1064,384,324,1004,1483,1032
1064,384,324,1004,1483,1032
1064,384,324,1004,1483,1032
1063,382,324,1004,1483,1032
1063,380,324,1004,1483,1032
1063,379,324,1004,1483,1032
1063,379,324,1004,1483,1032
1063,379,324,1004,1483,1032
1063,379,324,1004,1483,1032
1063,379,324,1004,1483,1032
1063,379,324,1004,1483,1032
1063,379,324,1004,1483,1032
1063,379,324,1004,1483,1032
1063,379,324,1004,1483,1032
1063,378,324,1004,1483,1032
1063,378,324,1004,1483,1032
1063,377,324,1004,1483,1032
1063,376,324,1004,1483,1032
1062,375,324,1004,1483,1032
1062,375,324,1004,1483,1032
1062,375,324,1004,1483,1032
1062,375,324,1004,1483,1032
1062,375,324,1004,1483,1032
