890,371,517,918,1506,1179
890,371,517,918,1506,1179
890,371,517,918,1506,1179
890,371,517,918,1506,1179
890,371,517,918,1506,1179
890,371,517,918,1506,1179
890,371,517,918,1506,1179
889,372,517,918,1506,1179
887,377,517,918,1506,1179
882,385,517,918,1506,1179
876,393,517,918,1506,1179
872,399,517,918,1506,1179
864,410,517,918,1506,1179
850,424,517,918,1506,1179
843,434,517,918,1506,1179
836,442,517,918,1506,1179
831,450,517,918,1506,1179
825,460,517,918,1506,1179
819,468,517,918,1506,1179
813,474,517,918,1506,1179
809,482,517,918,1506,1179
806,489,517,918,1506,1179
799,499,517,918,1506,1179
796,509,517,918,1506,1179
792,517,517,918,1506,1179
789,525,517,918,1506,1179
787,533,517,918,1506,1179
785,542,517,918,1506,1179
782,549,517,918,1506,1179
778,557,517,918,1506,1179
774,564,517,918,1506,1179
768,573,517,918,1506,1179
762,582,517,918,1506,1179
758,590,517,918,1506,1179
753,598,517,918,1506,1179
750,603,517,918,1506,1179
747,610,517,918,1506,1179
742,616,517,918,1506,1179
736,626,517,918,1506,1179
730,635,517,918,1506,1179
723,645,517,918,1506,1179
717,654,517,918,1506,1179
710,666,517,918,1506,1179
704,675,517,918,1506,1179
697,684,517,918,1506,1179
691,696,517,918,1506,1179
687,703,517,918,1506,1179
685,709,517,918,1506,1179
680,718,517,918,1506,1179
674,727,517,918,1506,1179
668,737,517,918,1506,1179
665,743,517,918,1506,1179
660,751,517,918,1506,1179
655,760,517,918,1506,1179
649,768,517,918,1506,1179
644,778,517,918,1506,1179
637,787,517,918,1506,1179
631,796,517,918,1506,1179
627,803,517,918,1506,1179
621,809,517,918,1506,1179
616,815,517,918,1506,1179
609,822,517,918,1506,1179
603,828,517,918,1506,1179
597,836,517,918,1506,1179
590,843,517,918,1506,1179
586,848,517,918,1506,1179
581,852,517,918,1506,1179
575,857,517,918,1506,1179
571,861,517,918,1506,1179
568,864,517,918,1506,1179
563,869,517,918,1506,1179
559,872,517,918,1506,1179
555,876,517,918,1506,1179
553,879,517,918,1506,1179
549,882,517,918,1506,1179
545,886,517,918,1506,1179
540,890,517,918,1506,1179
538,892,517,918,1506,1179
535,894,517,918,1506,1179
531,897,517,918,1506,1179
530,898,517,918,1506,1179
530,898,517,918,1506,1179
530,898,517,918,1506,1179
530,898,517,918,1506,1179
527,901,517,918,1506,1179
523,906,517,918,1506,1179
520,911,517,918,1506,1179
519,912,517,918,1506,1179
519,912,517,918,1506,1179
517,915,517,918,1506,1179
517,916,517,918,1506,1179
517,916,517,918,1506,1179
515,918,517,918,1506,1179
514,922,517,918,1506,1179
511,927,517,918,1506,1179
511,928,517,918,1506,1179
511,928,517,918,1506,1179
511,928,517,918,1506,1179
511,928,517,918,1506,1179
511,928,517,918,1506,1179
511,928,517,918,1506,1179
511,928,517,918,1506,1179
514,927,517,918,1506,1179
520,925,517,918,1506,1179
529,924,517,918,1506,1179
544,923,517,918,1506,1179
552,923,517,918,1506,1179
557,925,517,918,1506,1179
561,926,517,918,1506,1179
569,929,517,918,1506,1179
579,932,517,918,1506,1179
589,936,517,918,1506,1179
598,939,517,918,1506,1179
606,941,517,918,1506,1179
624,943,517,918,1506,1179
639,946,517,918,1506,1179
656,948,517,918,1506,1179
672,952,517,918,1506,1179
681,954,517,918,1506,1179
690,959,517,918,1506,1179
697,961,517,918,1506,1179
704,964,517,918,1506,1179
711,966,517,918,1506,1179
723,970,517,918,1506,1179
737,973,517,918,1506,1179
755,982,517,918,1506,1179
768,988,517,918,1506,1179
781,994,517,918,1506,1179
795,1000,517,918,1506,1179
807,1006,517,918,1506,1179
818,1010,517,918,1506,1179
828,1014,517,918,1506,1179
838,1018,517,918,1506,1179
847,1021,517,918,1506,1179
860,1026,517,918,1506,1179
873,1032,517,918,1506,1179
885,1036,517,918,1506,1179
893,1040,517,918,1506,1179
907,1046,517,918,1506,1179
922,1052,517,918,1506,1179
934,1057,517,918,1506,1179
950,1064,517,918,1506,1179
964,1072,517,918,1506,1179
977,1078,517,918,1506,1179
990,1082,517,918,1506,1179
998,1085,517,918,1506,1179
1008,1089,517,918,1506,1179
1022,1095,517,918,1506,1179
1035,1100,517,918,1506,1179
1047,1104,517,918,1506,1179
1056,1107,517,918,1506,1179
1066,1111,517,918,1506,1179
1077,1115,517,918,1506,1179
1088,1118,517,918,1506,1179
1101,1122,517,918,1506,1179
1110,1125,517,918,1506,1179
1119,1127,517,918,1506,1179
1129,1129,517,918,1506,1179
1141,1130,517,918,1506,1179
1149,1132,517,918,1506,1179
1165,1136,517,918,1506,1179
1184,1139,517,918,1506,1179
1194,1140,517,918,1506,1179
1206,1142,517,918,1506,1179
1221,1143,517,918,1506,1179
1236,1145,517,918,1506,1179
1245,1147,517,918,1506,1179
1263,1151,517,918,1506,1179
1273,1154,517,918,1506,1179
1275,1156,517,918,1506,1179
1280,1158,517,918,1506,1179
1291,1158,517,918,1506,1179
1307,1158,517,918,1506,1179
1318,1159,517,918,1506,1179
1323,1159,517,918,1506,1179
1333,1160,517,918,1506,1179
1346,1160,517,918,1506,1179
1358,1160,517,918,1506,1179
1366,1159,517,918,1506,1179
1375,1160,517,918,1506,1179
1386,1161,517,918,1506,1179
1393,1162,517,918,1506,1179
1395,1162,517,918,1506,1179
1395,1162,517,918,1506,1179
1402,1162,517,918,1506,1179
1420,1164,517,918,1506,1179
1432,1165,517,918,1506,1179
1436,1165,517,918,1506,1179
1443,1167,517,918,1506,1179
1454,1169,517,918,1506,1179
1463,1169,517,918,1506,1179
1468,1170,517,918,1506,1179
1479,1171,517,918,1506,1179
1484,1172,517,918,1506,1179
1484,1171,517,918,1506,1179
1484,1171,517,918,1506,1179
1486,1171,517,918,1506,1179
1493,1173,517,918,1506,1179
1505,1174,517,918,1506,1179
1509,1175,517,918,1506,1179
1509,1175,517,918,1506,1179
1509,1175,517,918,1506,1179
1510,1175,517,918,1506,1179
1511,1175,517,918,1506,1179
1511,1175,517,918,1506,1179
1511,1175,517,918,1506,1179
1511,1175,517,918,1506,1179
1510,1175,517,918,1506,1179
1508,1174,517,918,1506,1179
1504,1171,517,918,1506,1179
1497,1168,517,918,1506,1179
1494,1167,517,918,1506,1179
1489,1164,517,918,1506,1179
1484,1160,517,918,1506,1179
1477,1152,517,918,1506,1179
1473,1146,517,918,1506,1179
1468,1139,517,918,1506,1179
1462,1130,517,918,1506,1179
1457,1122,517,918,1506,1179
1453,1117,517,918,1506,1179
1450,1112,517,918,1506,1179
1442,1099,517,918,1506,1179
1434,1085,517,918,1506,1179
1432,1078,517,918,1506,1179
1430,1074,517,918,1506,1179
1424,1065,517,918,1506,1179
1418,1054,517,918,1506,1179
1415,1048,517,918,1506,1179
1409,1040,517,918,1506,1179
1406,1033,517,918,1506,1179
1403,1026,517,918,1506,1179
1398,1020,517,918,1506,1179
1391,1008,517,918,1506,1179
1381,993,517,918,1506,1179
1373,981,517,918,1506,1179
1365,967,517,918,1506,1179
1357,946,517,918,1506,1179
1352,930,517,918,1506,1179
1346,922,517,918,1506,1179
1342,915,517,918,1506,1179
1338,910,517,918,1506,1179
1330,902,517,918,1506,1179
1322,896,517,918,1506,1179
1313,885,517,918,1506,1179
1304,875,517,918,1506,1179
1300,870,517,918,1506,1179
1293,859,517,918,1506,1179
1287,849,517,918,1506,1179
1283,841,517,918,1506,1179
1277,830,517,918,1506,1179
1267,813,517,918,1506,1179
1264,803,517,918,1506,1179
1261,794,517,918,1506,1179
1259,782,517,918,1506,1179
1255,769,517,918,1506,1179
1251,761,517,918,1506,1179
1248,753,517,918,1506,1179
1242,741,517,918,1506,1179
1235,727,517,918,1506,1179
1231,715,517,918,1506,1179
1224,700,517,918,1506,1179
1215,686,517,918,1506,1179
1211,673,517,918,1506,1179
1206,662,517,918,1506,1179
1201,653,517,918,1506,1179
1195,641,517,918,1506,1179
1188,628,517,918,1506,1179
1181,612,517,918,1506,1179
1176,600,517,918,1506,1179
1170,585,517,918,1506,1179
1164,576,517,918,1506,1179
1160,570,517,918,1506,1179
1157,566,517,918,1506,1179
1152,559,517,918,1506,1179
1145,551,517,918,1506,1179
1139,541,517,918,1506,1179
1134,533,517,918,1506,1179
1128,524,517,918,1506,1179
1124,519,517,918,1506,1179
1120,511,517,918,1506,1179
1115,503,517,918,1506,1179
1110,496,517,918,1506,1179
1108,490,517,918,1506,1179
1104,484,517,918,1506,1179
1101,477,517,918,1506,1179
1098,471,517,918,1506,1179
1091,459,517,918,1506,1179
1085,452,517,918,1506,1179
1080,442,517,918,1506,1179
1078,437,517,918,1506,1179
1076,432,517,918,1506,1179
1072,426,517,918,1506,1179
1069,418,517,918,1506,1179
1067,412,517,918,1506,1179
1062,403,517,918,1506,1179
1060,399,517,918,1506,1179
1058,394,517,918,1506,1179
1057,392,517,918,1506,1179
1055,388,517,918,1506,1179
1055,386,517,918,1506,1179
1054,383,517,918,1506,1179
1054,382,517,918,1506,1179
1054,382,517,918,1506,1179
1055,380,517,918,1506,1179
1058,376,517,918,1506,1179
1062,372,517,918,1506,1179
1063,372,517,918,1506,1179
1063,372,517,918,1506,1179
1063,372,517,918,1506,1179
1063,372,517,918,1506,1179
1063,372,517,918,1506,1179
1063,372,517,918,1506,1179
1063,372,517,918,1506,1179
