888,373,343,1161,1472,1071
888,373,343,1161,1472,1071
888,373,343,1161,1472,1071
888,373,343,1161,1472,1071
888,373,343,1161,1472,1071
888,373,343,1161,1472,1071
888,373,343,1161,1472,1071
888,373,343,1161,1472,1071
888,374,343,1161,1472,1071
885,381,343,1161,1472,1071
880,393,343,1161,1472,1071
875,405,343,1161,1472,1071
869,416,343,1161,1472,1071
862,428,343,1161,1472,1071
856,438,343,1161,1472,1071
848,454,343,1161,1472,1071
841,468,343,1161,1472,1071
835,479,343,1161,1472,1071
830,489,343,1161,1472,1071
825,497,343,1161,1472,1071
824,501,343,1161,1472,1071
822,504,343,1161,1472,1071
818,510,343,1161,1472,1071
816,516,343,1161,1472,1071
813,521,343,1161,1472,1071
808,530,343,1161,1472,1071
801,542,343,1161,1472,1071
796,551,343,1161,1472,1071
787,563,343,1161,1472,1071
778,574,343,1161,1472,1071
770,583,343,1161,1472,1071
761,593,343,1161,1472,1071
757,598,343,1161,1472,1071
753,604,343,1161,1472,1071
744,615,343,1161,1472,1071
737,626,343,1161,1472,1071
730,637,343,1161,1472,1071
725,647,343,1161,1472,1071
720,661,343,1161,1472,1071
714,670,343,1161,1472,1071
707,683,343,1161,1472,1071
699,697,343,1161,1472,1071
693,706,343,1161,1472,1071
680,719,343,1161,1472,1071
673,734,343,1161,1472,1071
670,744,343,1161,1472,1071
663,753,343,1161,1472,1071
658,760,343,1161,1472,1071
655,767,343,1161,1472,1071
650,774,343,1161,1472,1071
643,785,343,1161,1472,1071
638,794,343,1161,1472,1071
634,799,343,1161,1472,1071
627,808,343,1161,1472,1071
620,818,343,1161,1472,1071
614,825,343,1161,1472,1071
607,831,343,1161,1472,1071
599,838,343,1161,1472,1071
595,844,343,1161,1472,1071
591,851,343,1161,1472,1071
582,859,343,1161,1472,1071
576,866,343,1161,1472,1071
571,873,343,1161,1472,1071
570,876,343,1161,1472,1071
570,881,343,1161,1472,1071
562,891,343,1161,1472,1071
556,901,343,1161,1472,1071
543,918,343,1161,1472,1071
531,933,343,1161,1472,1071
521,943,343,1161,1472,1071
513,953,343,1161,1472,1071
501,966,343,1161,1472,1071
492,974,343,1161,1472,1071
483,983,343,1161,1472,1071
471,995,343,1161,1472,1071
464,1005,343,1161,1472,1071
459,1012,343,1161,1472,1071
454,1018,343,1161,1472,1071
448,1024,343,1161,1472,1071
444,1028,343,1161,1472,1071
438,1033,343,1161,1472,1071
433,1036,343,1161,1472,1071
428,1042,343,1161,1472,1071
420,1048,343,1161,1472,1071
410,1056,343,1161,1472,1071
405,1060,343,1161,1472,1071
401,1066,343,1161,1472,1071
396,1072,343,1161,1472,1071
392,1075,343,1161,1472,1071
390,1077,343,1161,1472,1071
386,1083,343,1161,1472,1071
382,1090,343,1161,1472,1071
379,1095,343,1161,1472,1071
376,1099,343,1161,1472,1071
373,1104,343,1161,1472,1071
371,1110,343,1161,1472,1071
369,1116,343,1161,1472,1071
367,1122,343,1161,1472,1071
365,1126,343,1161,1472,1071
365,1128,343,1161,1472,1071
367,1131,343,1161,1472,1071
369,1134,343,1161,1472,1071
369,1137,343,1161,1472,1071
370,1139,343,1161,1472,1071
371,1142,343,1161,1472,1071
371,1145,343,1161,1472,1071
371,1147,343,1161,1472,1071
369,1150,343,1161,1472,1071
365,1156,343,1161,1472,1071
362,1159,343,1161,1472,1071
357,1163,343,1161,1472,1071
356,1164,343,1161,1472,1071
356,1164,343,1161,1472,1071
353,1165,343,1161,1472,1071
349,1165,343,1161,1472,1071
343,1162,343,1161,1472,1071
335,1158,343,1161,1472,1071
330,1157,343,1161,1472,1071
330,1157,343,1161,1472,1071
330,1157,343,1161,1472,1071
330,1157,343,1161,1472,1071
330,1157,343,1161,1472,1071
330,1157,343,1161,1472,1071
330,1157,343,1161,1472,1071
332,1157,343,1161,1472,1071
339,1160,343,1161,1472,1071
353,1163,343,1161,1472,1071
358,1165,343,1161,1472,1071
364,1166,343,1161,1472,1071
370,1166,343,1161,1472,1071
381,1166,343,1161,1472,1071
388,1165,343,1161,1472,1071
396,1163,343,1161,1472,1071
407,1161,343,1161,1472,1071
425,1157,343,1161,1472,1071
450,1152,343,1161,1472,1071
461,1151,343,1161,1472,1071
471,1151,343,1161,1472,1071
483,1149,343,1161,1472,1071
491,1148,343,1161,1472,1071
501,1147,343,1161,1472,1071
518,1147,343,1161,1472,1071
530,1147,343,1161,1472,1071
544,1147,343,1161,1472,1071
555,1145,343,1161,1472,1071
570,1143,343,1161,1472,1071
587,1142,343,1161,1472,1071
600,1141,343,1161,1472,1071
621,1139,343,1161,1472,1071
638,1136,343,1161,1472,1071
654,1135,343,1161,1472,1071
665,1134,343,1161,1472,1071
677,1132,343,1161,1472,1071
693,1129,343,1161,1472,1071
707,1126,343,1161,1472,1071
717,1123,343,1161,1472,1071
732,1119,343,1161,1472,1071
743,1117,343,1161,1472,1071
751,1116,343,1161,1472,1071
761,1116,343,1161,1472,1071
772,1116,343,1161,1472,1071
781,1116,343,1161,1472,1071
795,1116,343,1161,1472,1071
808,1116,343,1161,1472,1071
818,1116,343,1161,1472,1071
832,1116,343,1161,1472,1071
857,1116,343,1161,1472,1071
877,1116,343,1161,1472,1071
890,1116,343,1161,1472,1071
914,1116,343,1161,1472,1071
937,1114,343,1161,1472,1071
952,1112,343,1161,1472,1071
971,1111,343,1161,1472,1071
982,1110,343,1161,1472,1071
988,1110,343,1161,1472,1071
1007,1110,343,1161,1472,1071
1032,1110,343,1161,1472,1071
1051,1110,343,1161,1472,1071
1071,1110,343,1161,1472,1071
1094,1110,343,1161,1472,1071
1103,1111,343,1161,1472,1071
1115,1111,343,1161,1472,1071
1133,1111,343,1161,1472,1071
1144,1111,343,1161,1472,1071
1159,1110,343,1161,1472,1071
1169,1108,343,1161,1472,1071
1180,1108,343,1161,1472,1071
1192,1108,343,1161,1472,1071
1203,1108,343,1161,1472,1071
1209,1106,343,1161,1472,1071
1224,1106,343,1161,1472,1071
1240,1104,343,1161,1472,1071
1250,1102,343,1161,1472,1071
1259,1101,343,1161,1472,1071
1270,1098,343,1161,1472,1071
1281,1094,343,1161,1472,1071
1293,1090,343,1161,1472,1071
1301,1089,343,1161,1472,1071
1310,1089,343,1161,1472,1071
1315,1089,343,1161,1472,1071
1321,1089,343,1161,1472,1071
1332,1089,343,1161,1472,1071
1344,1089,343,1161,1472,1071
1349,1087,343,1161,1472,1071
1354,1084,343,1161,1472,1071
1367,1081,343,1161,1472,1071
1379,1080,343,1161,1472,1071
1382,1079,343,1161,1472,1071
1387,1079,343,1161,1472,1071
1396,1079,343,1161,1472,1071
1403,1079,343,1161,1472,1071
1409,1079,343,1161,1472,1071
1415,1081,343,1161,1472,1071
1423,1082,343,1161,1472,1071
1430,1082,343,1161,1472,1071
1432,1081,343,1161,1472,1071
1437,1081,343,1161,1472,1071
1450,1082,343,1161,1472,1071
1452,1081,343,1161,1472,1071
1453,1080,343,1161,1472,1071
1459,1078,343,1161,1472,1071
1459,1076,343,1161,1472,1071
1462,1074,343,1161,1472,1071
1472,1073,343,1161,1472,1071
1473,1073,343,1161,1472,1071
1470,1069,343,1161,1472,1071
1470,1068,343,1161,1472,1071
1471,1068,343,1161,1472,1071
1471,1068,343,1161,1472,1071
1471,1068,343,1161,1472,1071
1471,1068,343,1161,1472,1071
1471,1068,343,1161,1472,1071
1471,1068,343,1161,1472,1071
1471,1068,343,1161,1472,1071
1469,1068,343,1161,1472,1071
1461,1056,343,1161,1472,1071
1453,1039,343,1161,1472,1071
1446,1026,343,1161,1472,1071
1446,1023,343,1161,1472,1071
1445,1020,343,1161,1472,1071
1441,1014,343,1161,1472,1071
1437,1006,343,1161,1472,1071
1429,990,343,1161,1472,1071
1422,976,343,1161,1472,1071
1420,968,343,1161,1472,1071
1415,955,343,1161,1472,1071
1408,937,343,1161,1472,1071
1401,925,343,1161,1472,1071
1396,915,343,1161,1472,1071
1393,908,343,1161,1472,1071
1390,904,343,1161,1472,1071
1387,899,343,1161,1472,1071
1383,890,343,1161,1472,1071
1373,877,343,1161,1472,1071
1349,844,343,1161,1472,1071
1331,812,343,1161,1472,1071
1319,790,343,1161,1472,1071
1303,769,343,1161,1472,1071
1293,754,343,1161,1472,1071
1286,743,343,1161,1472,1071
1279,733,343,1161,1472,1071
1271,721,343,1161,1472,1071
1259,702,343,1161,1472,1071
1251,692,343,1161,1472,1071
1244,679,343,1161,1472,1071
1237,669,343,1161,1472,1071
1232,661,343,1161,1472,1071
1221,645,343,1161,1472,1071
1216,637,343,1161,1472,1071
1208,625,343,1161,1472,1071
1201,614,343,1161,1472,1071
1196,605,343,1161,1472,1071
1190,597,343,1161,1472,1071
1185,590,343,1161,1472,1071
1180,581,343,1161,1472,1071
1175,574,343,1161,1472,1071
1171,567,343,1161,1472,1071
1167,561,343,1161,1472,1071
1162,552,343,1161,1472,1071
1156,542,343,1161,1472,1071
1151,534,343,1161,1472,1071
1145,523,343,1161,1472,1071
1140,513,343,1161,1472,1071
1137,506,343,1161,1472,1071
1133,499,343,1161,1472,1071
1129,491,343,1161,1472,1071
1125,484,343,1161,1472,1071
1120,474,343,1161,1472,1071
1116,466,343,1161,1472,1071
1110,456,343,1161,1472,1071
1105,447,343,1161,1472,1071
1100,440,343,1161,1472,1071
1096,434,343,1161,1472,1071
1090,426,343,1161,1472,1071
1085,418,343,1161,1472,1071
1077,409,343,1161,1472,1071
1075,406,343,1161,1472,1071
1073,403,343,1161,1472,1071
1071,400,343,1161,1472,1071
1068,394,343,1161,1472,1071
1065,390,343,1161,1472,1071
1063,388,343,1161,1472,1071
1062,386,343,1161,1472,1071
1061,385,343,1161,1472,1071
1060,382,343,1161,1472,1071
1057,378,343,1161,1472,1071
1057,378,343,1161,1472,1071
1057,377,343,1161,1472,1071
1056,375,343,1161,1472,1071
1056,375,343,1161,1472,1071
1056,375,343,1161,1472,1071
1057,373,343,1161,1472,1071
1057,373,343,1161,1472,1071
1057,373,343,1161,1472,1071
1057,373,343,1161,1472,1071
