875,370,394,1105,1309,1193
875,370,394,1105,1309,1193
875,370,394,1105,1309,1193
875,370,394,1105,1309,1193
875,370,394,1105,1309,1193
875,370,394,1105,1309,1193
875,370,394,1105,1309,1193
875,370,394,1105,1309,1193
875,370,394,1105,1309,1193
875,370,394,1105,1309,1193
872,383,394,1105,1309,1193
867,398,394,1105,1309,1193
863,410,394,1105,1309,1193
862,418,394,1105,1309,1193
860,425,394,1105,1309,1193
858,431,394,1105,1309,1193
852,446,394,1105,1309,1193
849,455,394,1105,1309,1193
845,466,394,1105,1309,1193
839,478,394,1105,1309,1193
831,491,394,1105,1309,1193
825,504,394,1105,1309,1193
817,517,394,1105,1309,1193
811,527,394,1105,1309,1193
805,541,394,1105,1309,1193
798,554,394,1105,1309,1193
792,566,394,1105,1309,1193
786,577,394,1105,1309,1193
781,586,394,1105,1309,1193
774,596,394,1105,1309,1193
766,607,394,1105,1309,1193
758,617,394,1105,1309,1193
750,627,394,1105,1309,1193
741,639,394,1105,1309,1193
734,650,394,1105,1309,1193
729,659,394,1105,1309,1193
721,670,394,1105,1309,1193
716,677,394,1105,1309,1193
712,684,394,1105,1309,1193
705,695,394,1105,1309,1193
696,708,394,1105,1309,1193
690,717,394,1105,1309,1193
687,723,394,1105,1309,1193
682,730,394,1105,1309,1193
676,740,394,1105,1309,1193
670,747,394,1105,1309,1193
664,755,394,1105,1309,1193
658,765,394,1105,1309,1193
651,776,394,1105,1309,1193
644,786,394,1105,1309,1193
638,797,394,1105,1309,1193
631,810,394,1105,1309,1193
626,818,394,1105,1309,1193
619,827,394,1105,1309,1193
614,833,394,1105,1309,1193
609,839,394,1105,1309,1193
601,848,394,1105,1309,1193
591,857,394,1105,1309,1193
579,866,394,1105,1309,1193
571,874,394,1105,1309,1193
566,879,394,1105,1309,1193
557,887,394,1105,1309,1193
550,896,394,1105,1309,1193
540,908,394,1105,1309,1193
531,921,394,1105,1309,1193
522,936,394,1105,1309,1193
512,952,394,1105,1309,1193
506,964,394,1105,1309,1193
499,975,394,1105,1309,1193
496,983,394,1105,1309,1193
494,990,394,1105,1309,1193
491,996,394,1105,1309,1193
487,1002,394,1105,1309,1193
485,1008,394,1105,1309,1193
483,1012,394,1105,1309,1193
480,1018,394,1105,1309,1193
477,1024,394,1105,1309,1193
474,1033,394,1105,1309,1193
469,1042,394,1105,1309,1193
466,1047,394,1105,1309,1193
462,1054,394,1105,1309,1193
459,1059,394,1105,1309,1193
454,1066,394,1105,1309,1193
448,1073,394,1105,1309,1193
442,1078,394,1105,1309,1193
437,1082,394,1105,1309,1193
434,1085,394,1105,1309,1193
431,1089,394,1105,1309,1193
428,1092,394,1105,1309,1193
425,1094,394,1105,1309,1193
422,1096,394,1105,1309,1193
418,1098,394,1105,1309,1193
414,1100,394,1105,1309,1193
414,1100,394,1105,1309,1193
414,1100,394,1105,1309,1193
406,1102,394,1105,1309,1193
401,1104,394,1105,1309,1193
400,1104,394,1105,1309,1193
399,1105,394,1105,1309,1193
393,1106,394,1105,1309,1193
389,1106,394,1105,1309,1193
387,1106,394,1105,1309,1193
386,1107,394,1105,1309,1193
386,1107,394,1105,1309,1193
386,1107,394,1105,1309,1193
386,1107,394,1105,1309,1193
387,1106,394,1105,1309,1193
387,1106,394,1105,1309,1193
391,1105,394,1105,1309,1193
408,1104,394,1105,1309,1193
425,1104,394,1105,1309,1193
434,1104,394,1105,1309,1193
447,1104,394,1105,1309,1193
458,1103,394,1105,1309,1193
468,1103,394,1105,1309,1193
479,1103,394,1105,1309,1193
491,1103,394,1105,1309,1193
503,1103,394,1105,1309,1193
512,1103,394,1105,1309,1193
524,1103,394,1105,1309,1193
537,1103,394,1105,1309,1193
549,1103,394,1105,1309,1193
559,1103,394,1105,1309,1193
570,1103,394,1105,1309,1193
578,1103,394,1105,1309,1193
590,1103,394,1105,1309,1193
602,1103,394,1105,1309,1193
614,1103,394,1105,1309,1193
625,1104,394,1105,1309,1193
639,1104,394,1105,1309,1193
648,1104,394,1105,1309,1193
662,1104,394,1105,1309,1193
684,1105,394,1105,1309,1193
704,1108,394,1105,1309,1193
712,1109,394,1105,1309,1193
739,1115,394,1105,1309,1193
770,1122,394,1105,1309,1193
786,1127,394,1105,1309,1193
794,1130,394,1105,1309,1193
809,1134,394,1105,1309,1193
825,1134,394,1105,1309,1193
843,1136,394,1105,1309,1193
866,1137,394,1105,1309,1193
884,1138,394,1105,1309,1193
895,1138,394,1105,1309,1193
919,1139,394,1105,1309,1193
939,1140,394,1105,1309,1193
956,1140,394,1105,1309,1193
977,1144,394,1105,1309,1193
992,1146,394,1105,1309,1193
1001,1147,394,1105,1309,1193
1011,1149,394,1105,1309,1193
1024,1152,394,1105,1309,1193
1031,1154,394,1105,1309,1193
1039,1157,394,1105,1309,1193
1051,1159,394,1105,1309,1193
1067,1161,394,1105,1309,1193
1080,1162,394,1105,1309,1193
1085,1162,394,1105,1309,1193
1091,1163,394,1105,1309,1193
1102,1164,394,1105,1309,1193
1117,1166,394,1105,1309,1193
1126,1167,394,1105,1309,1193
1133,1168,394,1105,1309,1193
1145,1169,394,1105,1309,1193
1158,1170,394,1105,1309,1193
1168,1171,394,1105,1309,1193
1178,1173,394,1105,1309,1193
1192,1175,394,1105,1309,1193
1204,1178,394,1105,1309,1193
1216,1180,394,1105,1309,1193
1225,1182,394,1105,1309,1193
1232,1183,394,1105,1309,1193
1237,1184,394,1105,1309,1193
1243,1185,394,1105,1309,1193
1250,1186,394,1105,1309,1193
1254,1186,394,1105,1309,1193
1259,1187,394,1105,1309,1193
1259,1187,394,1105,1309,1193
1262,1187,394,1105,1309,1193
1270,1189,394,1105,1309,1193
1275,1189,394,1105,1309,1193
1281,1189,394,1105,1309,1193
1285,1188,394,1105,1309,1193
1285,1188,394,1105,1309,1193
1287,1188,394,1105,1309,1193
1289,1188,394,1105,1309,1193
1290,1188,394,1105,1309,1193
1293,1188,394,1105,1309,1193
1296,1189,394,1105,1309,1193
1302,1190,394,1105,1309,1193
1306,1190,394,1105,1309,1193
1310,1191,394,1105,1309,1193
1310,1191,394,1105,1309,1193
1309,1192,394,1105,1309,1193
1309,1192,394,1105,1309,1193
1309,1192,394,1105,1309,1193
1310,1191,394,1105,1309,1193
1310,1191,394,1105,1309,1193
1310,1191,394,1105,1309,1193
1309,1191,394,1105,1309,1193
1307,1187,394,1105,1309,1193
1305,1179,394,1105,1309,1193
1301,1168,394,1105,1309,1193
1298,1159,394,1105,1309,1193
1295,1153,394,1105,1309,1193
1293,1146,394,1105,1309,1193
1289,1136,394,1105,1309,1193
1287,1129,394,1105,1309,1193
1283,1118,394,1105,1309,1193
1280,1104,394,1105,1309,1193
1274,1085,394,1105,1309,1193
1268,1066,394,1105,1309,1193
1266,1050,394,1105,1309,1193
1264,1036,394,1105,1309,1193
1260,1021,394,1105,1309,1193
1256,1007,394,1105,1309,1193
1255,995,394,1105,1309,1193
1252,980,394,1105,1309,1193
1249,967,394,1105,1309,1193
1246,953,394,1105,1309,1193
1242,940,394,1105,1309,1193
1234,919,394,1105,1309,1193
1229,893,394,1105,1309,1193
1227,866,394,1105,1309,1193
1225,843,394,1105,1309,1193
1224,830,394,1105,1309,1193
1224,820,394,1105,1309,1193
1223,809,394,1105,1309,1193
1223,798,394,1105,1309,1193
1221,789,394,1105,1309,1193
1218,775,394,1105,1309,1193
1214,761,394,1105,1309,1193
1211,742,394,1105,1309,1193
1206,727,394,1105,1309,1193
1204,713,394,1105,1309,1193
1200,699,394,1105,1309,1193
1196,689,394,1105,1309,1193
1192,676,394,1105,1309,1193
1185,661,394,1105,1309,1193
1180,650,394,1105,1309,1193
1175,637,394,1105,1309,1193
1167,619,394,1105,1309,1193
1156,601,394,1105,1309,1193
1145,581,394,1105,1309,1193
1141,571,394,1105,1309,1193
1135,557,394,1105,1309,1193
1127,544,394,1105,1309,1193
1121,532,394,1105,1309,1193
1114,521,394,1105,1309,1193
1105,508,394,1105,1309,1193
1099,499,394,1105,1309,1193
1094,490,394,1105,1309,1193
1088,478,394,1105,1309,1193
1082,466,394,1105,1309,1193
1075,454,394,1105,1309,1193
1071,445,394,1105,1309,1193
1067,436,394,1105,1309,1193
1064,427,394,1105,1309,1193
1062,421,394,1105,1309,1193
1057,410,394,1105,1309,1193
1055,403,394,1105,1309,1193
1054,398,394,1105,1309,1193
1052,393,394,1105,1309,1193
1051,388,394,1105,1309,1193
1050,383,394,1105,1309,1193
1050,379,394,1105,1309,1193
1050,377,394,1105,1309,1193
1050,377,394,1105,1309,1193
1050,377,394,1105,1309,1193
1050,377,394,1105,1309,1193
1050,377,394,1105,1309,1193
