903,385,309,1145,1524,888
903,385,309,1145,1524,888
903,385,309,1145,1524,888
903,385,309,1145,1524,888
903,385,309,1145,1524,888
903,385,309,1145,1524,888
903,385,309,1145,1524,888
903,385,309,1145,1524,888
903,385,309,1145,1524,888
903,385,309,1145,1524,888
903,385,309,1145,1524,888
903,385,309,1145,1524,888
902,385,309,1145,1524,888
900,386,309,1145,1524,888
899,386,309,1145,1524,888
899,386,309,1145,1524,888
899,386,309,1145,1524,888
898,387,309,1145,1524,888
894,395,309,1145,1524,888
890,400,309,1145,1524,888
882,412,309,1145,1524,888
878,418,309,1145,1524,888
873,424,309,1145,1524,888
864,434,309,1145,1524,888
861,438,309,1145,1524,888
855,445,309,1145,1524,888
854,447,309,1145,1524,888
852,451,309,1145,1524,888
849,453,309,1145,1524,888
844,458,309,1145,1524,888
840,460,309,1145,1524,888
836,464,309,1145,1524,888
827,471,309,1145,1524,888
825,475,309,1145,1524,888
818,481,309,1145,1524,888
815,482,309,1145,1524,888
808,485,309,1145,1524,888
805,486,309,1145,1524,888
802,487,309,1145,1524,888
794,492,309,1145,1524,888
790,495,309,1145,1524,888
787,497,309,1145,1524,888
781,504,309,1145,1524,888
779,507,309,1145,1524,888
773,513,309,1145,1524,888
768,516,309,1145,1524,888
760,522,309,1145,1524,888
755,525,309,1145,1524,888
749,529,309,1145,1524,888
745,531,309,1145,1524,888
743,532,309,1145,1524,888
741,533,309,1145,1524,888
739,534,309,1145,1524,888
733,537,309,1145,1524,888
730,539,309,1145,1524,888
721,544,309,1145,1524,888
718,547,309,1145,1524,888
715,550,309,1145,1524,888
710,555,309,1145,1524,888
708,557,309,1145,1524,888
707,558,309,1145,1524,888
704,560,309,1145,1524,888
702,561,309,1145,1524,888
697,563,309,1145,1524,888
694,565,309,1145,1524,888
690,569,309,1145,1524,888
689,570,309,1145,1524,888
688,571,309,1145,1524,888
688,572,309,1145,1524,888
685,573,309,1145,1524,888
683,574,309,1145,1524,888
680,576,309,1145,1524,888
675,581,309,1145,1524,888
673,583,309,1145,1524,888
668,589,309,1145,1524,888
665,592,309,1145,1524,888
660,598,309,1145,1524,888
657,602,309,1145,1524,888
651,608,309,1145,1524,888
648,612,309,1145,1524,888
644,615,309,1145,1524,888
636,622,309,1145,1524,888
631,625,309,1145,1524,888
625,633,309,1145,1524,888
621,636,309,1145,1524,888
614,646,309,1145,1524,888
611,648,309,1145,1524,888
608,652,309,1145,1524,888
604,657,309,1145,1524,888
602,659,309,1145,1524,888
598,662,309,1145,1524,888
595,664,309,1145,1524,888
590,668,309,1145,1524,888
587,670,309,1145,1524,888
585,672,309,1145,1524,888
582,676,309,1145,1524,888
581,679,309,1145,1524,888
577,684,309,1145,1524,888
575,687,309,1145,1524,888
571,691,309,1145,1524,888
570,694,309,1145,1524,888
567,698,309,1145,1524,888
566,700,309,1145,1524,888
565,702,309,1145,1524,888
564,706,309,1145,1524,888
563,708,309,1145,1524,888
560,713,309,1145,1524,888
560,715,309,1145,1524,888
558,717,309,1145,1524,888
556,720,309,1145,1524,888
555,721,309,1145,1524,888
552,723,309,1145,1524,888
550,723,309,1145,1524,888
549,723,309,1145,1524,888
548,723,309,1145,1524,888
548,723,309,1145,1524,888
546,724,309,1145,1524,888
545,724,309,1145,1524,888
542,727,309,1145,1524,888
540,729,309,1145,1524,888
536,735,309,1145,1524,888
534,739,309,1145,1524,888
532,742,309,1145,1524,888
528,748,309,1145,1524,888
526,751,309,1145,1524,888
523,757,309,1145,1524,888
522,759,309,1145,1524,888
518,765,309,1145,1524,888
516,768,309,1145,1524,888
514,772,309,1145,1524,888
511,777,309,1145,1524,888
510,780,309,1145,1524,888
507,785,309,1145,1524,888
505,787,309,1145,1524,888
501,793,309,1145,1524,888
496,799,309,1145,1524,888
493,802,309,1145,1524,888
489,809,309,1145,1524,888
485,816,309,1145,1524,888
483,819,309,1145,1524,888
482,822,309,1145,1524,888
479,826,309,1145,1524,888
478,828,309,1145,1524,888
477,830,309,1145,1524,888
475,834,309,1145,1524,888
474,836,309,1145,1524,888
473,841,309,1145,1524,888
472,843,309,1145,1524,888
469,848,309,1145,1524,888
468,850,309,1145,1524,888
467,853,309,1145,1524,888
464,858,309,1145,1524,888
462,860,309,1145,1524,888
460,865,309,1145,1524,888
458,867,309,1145,1524,888
456,872,309,1145,1524,888
454,875,309,1145,1524,888
452,881,309,1145,1524,888
450,885,309,1145,1524,888
445,892,309,1145,1524,888
443,895,309,1145,1524,888
441,899,309,1145,1524,888
437,905,309,1145,1524,888
436,908,309,1145,1524,888
432,914,309,1145,1524,888
431,917,309,1145,1524,888
429,920,309,1145,1524,888
425,927,309,1145,1524,888
423,930,309,1145,1524,888
419,936,309,1145,1524,888
417,938,309,1145,1524,888
414,943,309,1145,1524,888
414,945,309,1145,1524,888
412,948,309,1145,1524,888
408,954,309,1145,1524,888
406,956,309,1145,1524,888
400,963,309,1145,1524,888
398,967,309,1145,1524,888
393,973,309,1145,1524,888
391,976,309,1145,1524,888
390,978,309,1145,1524,888
388,980,309,1145,1524,888
387,981,309,1145,1524,888
384,984,309,1145,1524,888
383,985,309,1145,1524,888
381,987,309,1145,1524,888
378,992,309,1145,1524,888
375,995,309,1145,1524,888
370,1000,309,1145,1524,888
368,1002,309,1145,1524,888
364,1006,309,1145,1524,888
362,1008,309,1145,1524,888
360,1010,309,1145,1524,888
357,1014,309,1145,1524,888
355,1016,309,1145,1524,888
350,1022,309,1145,1524,888
348,1024,309,1145,1524,888
343,1030,309,1145,1524,888
340,1032,309,1145,1524,888
336,1037,309,1145,1524,888
333,1039,309,1145,1524,888
329,1043,309,1145,1524,888
327,1046,309,1145,1524,888
325,1048,309,1145,1524,888
323,1052,309,1145,1524,888
322,1054,309,1145,1524,888
318,1059,309,1145,1524,888
316,1061,309,1145,1524,888
315,1063,309,1145,1524,888
313,1068,309,1145,1524,888
312,1069,309,1145,1524,888
310,1072,309,1145,1524,888
308,1073,309,1145,1524,888
305,1076,309,1145,1524,888
304,1076,309,1145,1524,888
303,1078,309,1145,1524,888
301,1079,309,1145,1524,888
300,1082,309,1145,1524,888
299,1083,309,1145,1524,888
297,1086,309,1145,1524,888
296,1088,309,1145,1524,888
295,1090,309,1145,1524,888
295,1092,309,1145,1524,888
294,1095,309,1145,1524,888
293,1097,309,1145,1524,888
292,1100,309,1145,1524,888
292,1102,309,1145,1524,888
290,1104,309,1145,1524,888
290,1105,309,1145,1524,888
289,1106,309,1145,1524,888
288,1108,309,1145,1524,888
288,1109,309,1145,1524,888
288,1111,309,1145,1524,888
288,1113,309,1145,1524,888
288,1114,309,1145,1524,888
288,1117,309,1145,1524,888
288,1118,309,1145,1524,888
288,1121,309,1145,1524,888
288,1122,309,1145,1524,888
289,1125,309,1145,1524,888
289,1126,309,1145,1524,888
290,1127,309,1145,1524,888
290,1128,309,1145,1524,888
291,1129,309,1145,1524,888
292,1130,309,1145,1524,888
294,1131,309,1145,1524,888
295,1133,309,1145,1524,888
296,1134,309,1145,1524,888
297,1135,309,1145,1524,888
297,1135,309,1145,1524,888
298,1136,309,1145,1524,888
298,1136,309,1145,1524,888
299,1137,309,1145,1524,888
304,1139,309,1145,1524,888
308,1140,309,1145,1524,888
310,1140,309,1145,1524,888
311,1140,309,1145,1524,888
312,1140,309,1145,1524,888
312,1140,309,1145,1524,888
312,1140,309,1145,1524,888
312,1140,309,1145,1524,888
312,1140,309,1145,1524,888
312,1140,309,1145,1524,888
312,1140,309,1145,1524,888
312,1140,309,1145,1524,888
312,1140,309,1145,1524,888
312,1140,309,1145,1524,888
312,1140,309,1145,1524,888
315,1140,309,1145,1524,888
320,1141,309,1145,1524,888
322,1141,309,1145,1524,888
325,1142,309,1145,1524,888
327,1142,309,1145,1524,888
332,1143,309,1145,1524,888
334,1143,309,1145,1524,888
336,1144,309,1145,1524,888
337,1144,309,1145,1524,888
341,1144,309,1145,1524,888
344,1144,309,1145,1524,888
347,1144,309,1145,1524,888
353,1143,309,1145,1524,888
356,1143,309,1145,1524,888
359,1142,309,1145,1524,888
365,1142,309,1145,1524,888
367,1141,309,1145,1524,888
373,1140,309,1145,1524,888
376,1140,309,1145,1524,888
384,1139,309,1145,1524,888
387,1139,309,1145,1524,888
395,1138,309,1145,1524,888
398,1137,309,1145,1524,888
401,1137,309,1145,1524,888
407,1135,309,1145,1524,888
411,1134,309,1145,1524,888
420,1131,309,1145,1524,888
426,1130,309,1145,1524,888
435,1127,309,1145,1524,888
440,1126,309,1145,1524,888
444,1125,309,1145,1524,888
450,1123,309,1145,1524,888
452,1123,309,1145,1524,888
457,1120,309,1145,1524,888
460,1119,309,1145,1524,888
464,1118,309,1145,1524,888
470,1115,309,1145,1524,888
476,1113,309,1145,1524,888
479,1113,309,1145,1524,888
482,1112,309,1145,1524,888
487,1111,309,1145,1524,888
490,1111,309,1145,1524,888
492,1110,309,1145,1524,888
500,1108,309,1145,1524,888
503,1107,309,1145,1524,888
509,1104,309,1145,1524,888
512,1103,309,1145,1524,888
522,1099,309,1145,1524,888
525,1097,309,1145,1524,888
532,1095,309,1145,1524,888
535,1094,309,1145,1524,888
543,1091,309,1145,1524,888
546,1090,309,1145,1524,888
552,1088,309,1145,1524,888
556,1087,309,1145,1524,888
559,1085,309,1145,1524,888
567,1081,309,1145,1524,888
572,1080,309,1145,1524,888
580,1076,309,1145,1524,888
585,1075,309,1145,1524,888
593,1072,309,1145,1524,888
599,1070,309,1145,1524,888
604,1068,309,1145,1524,888
614,1065,309,1145,1524,888
619,1065,309,1145,1524,888
630,1062,309,1145,1524,888
634,1060,309,1145,1524,888
646,1057,309,1145,1524,888
653,1056,309,1145,1524,888
665,1053,309,1145,1524,888
670,1052,309,1145,1524,888
674,1051,309,1145,1524,888
680,1050,309,1145,1524,888
682,1050,309,1145,1524,888
690,1050,309,1145,1524,888
693,1049,309,1145,1524,888
701,1048,309,1145,1524,888
704,1048,309,1145,1524,888
711,1045,309,1145,1524,888
714,1045,309,1145,1524,888
718,1044,309,1145,1524,888
726,1043,309,1145,1524,888
730,1042,309,1145,1524,888
738,1042,309,1145,1524,888
742,1042,309,1145,1524,888
751,1042,309,1145,1524,888
755,1042,309,1145,1524,888
758,1042,309,1145,1524,888
762,1042,309,1145,1524,888
764,1042,309,1145,1524,888
769,1043,309,1145,1524,888
771,1044,309,1145,1524,888
778,1045,309,1145,1524,888
782,1045,309,1145,1524,888
786,1046,309,1145,1524,888
796,1047,309,1145,1524,888
802,1047,309,1145,1524,888
813,1048,309,1145,1524,888
818,1050,309,1145,1524,888
828,1050,309,1145,1524,888
834,1050,309,1145,1524,888
846,1050,309,1145,1524,888
852,1050,309,1145,1524,888
859,1050,309,1145,1524,888
873,1048,309,1145,1524,888
879,1048,309,1145,1524,888
891,1048,309,1145,1524,888
896,1048,309,1145,1524,888
905,1046,309,1145,1524,888
910,1046,309,1145,1524,888
915,1046,309,1145,1524,888
926,1043,309,1145,1524,888
932,1043,309,1145,1524,888
941,1041,309,1145,1524,888
946,1041,309,1145,1524,888
955,1041,309,1145,1524,888
960,1041,309,1145,1524,888
964,1040,309,1145,1524,888
972,1039,309,1145,1524,888
975,1039,309,1145,1524,888
982,1038,309,1145,1524,888
984,1037,309,1145,1524,888
986,1037,309,1145,1524,888
988,1036,309,1145,1524,888
988,1035,309,1145,1524,888
991,1035,309,1145,1524,888
993,1034,309,1145,1524,888
997,1033,309,1145,1524,888
999,1031,309,1145,1524,888
1005,1029,309,1145,1524,888
1007,1028,309,1145,1524,888
1010,1026,309,1145,1524,888
1012,1024,309,1145,1524,888
1014,1023,309,1145,1524,888
1018,1020,309,1145,1524,888
1020,1019,309,1145,1524,888
1022,1018,309,1145,1524,888
1027,1015,309,1145,1524,888
1029,1014,309,1145,1524,888
1033,1011,309,1145,1524,888
1035,1010,309,1145,1524,888
1040,1008,309,1145,1524,888
1043,1007,309,1145,1524,888
1050,1005,309,1145,1524,888
1054,1003,309,1145,1524,888
1057,1002,309,1145,1524,888
1065,1000,309,1145,1524,888
1074,997,309,1145,1524,888
1078,995,309,1145,1524,888
1083,993,309,1145,1524,888
1090,990,309,1145,1524,888
1095,988,309,1145,1524,888
1102,985,309,1145,1524,888
1107,984,309,1145,1524,888
1114,980,309,1145,1524,888
1116,978,309,1145,1524,888
1118,977,309,1145,1524,888
1120,974,309,1145,1524,888
1121,972,309,1145,1524,888
1123,970,309,1145,1524,888
1125,969,309,1145,1524,888
1128,968,309,1145,1524,888
1134,967,309,1145,1524,888
1138,966,309,1145,1524,888
1143,966,309,1145,1524,888
1145,966,309,1145,1524,888
1146,965,309,1145,1524,888
1147,965,309,1145,1524,888
1149,965,309,1145,1524,888
1152,965,309,1145,1524,888
1158,965,309,1145,1524,888
1162,965,309,1145,1524,888
1166,966,309,1145,1524,888
1173,965,309,1145,1524,888
1176,965,309,1145,1524,888
1183,965,309,1145,1524,888
1186,965,309,1145,1524,888
1194,965,309,1145,1524,888
1198,965,309,1145,1524,888
1202,965,309,1145,1524,888
1211,965,309,1145,1524,888
1214,964,309,1145,1524,888
1218,964,309,1145,1524,888
1220,964,309,1145,1524,888
1223,964,309,1145,1524,888
1229,964,309,1145,1524,888
1232,963,309,1145,1524,888
1241,963,309,1145,1524,888
1249,962,309,1145,1524,888
1251,961,309,1145,1524,888
1252,960,309,1145,1524,888
1252,960,309,1145,1524,888
1252,960,309,1145,1524,888
1252,960,309,1145,1524,888
1258,959,309,1145,1524,888
1263,958,309,1145,1524,888
1267,958,309,1145,1524,888
1275,955,309,1145,1524,888
1278,955,309,1145,1524,888
1283,953,309,1145,1524,888
1286,953,309,1145,1524,888
1293,952,309,1145,1524,888
1297,951,309,1145,1524,888
1306,950,309,1145,1524,888
1311,950,309,1145,1524,888
1318,948,309,1145,1524,888
1327,946,309,1145,1524,888
1331,946,309,1145,1524,888
1335,945,309,1145,1524,888
1340,943,309,1145,1524,888
1349,940,309,1145,1524,888
1351,940,309,1145,1524,888
1356,939,309,1145,1524,888
1362,938,309,1145,1524,888
1367,937,309,1145,1524,888
1371,935,309,1145,1524,888
1372,934,309,1145,1524,888
1375,933,309,1145,1524,888
1376,932,309,1145,1524,888
1378,932,309,1145,1524,888
1383,931,309,1145,1524,888
1386,930,309,1145,1524,888
1392,929,309,1145,1524,888
1396,928,309,1145,1524,888
1405,927,309,1145,1524,888
1410,926,309,1145,1524,888
1418,925,309,1145,1524,888
1422,924,309,1145,1524,888
1426,924,309,1145,1524,888
1432,922,309,1145,1524,888
1433,921,309,1145,1524,888
1435,920,309,1145,1524,888
1435,919,309,1145,1524,888
1436,918,309,1145,1524,888
1440,917,309,1145,1524,888
1442,916,309,1145,1524,888
1446,914,309,1145,1524,888
1447,914,309,1145,1524,888
1448,913,309,1145,1524,888
1448,912,309,1145,1524,888
1448,912,309,1145,1524,888
1448,912,309,1145,1524,888
1448,912,309,1145,1524,888
1448,912,309,1145,1524,888
1449,912,309,1145,1524,888
1451,911,309,1145,1524,888
1455,909,309,1145,1524,888
1457,909,309,1145,1524,888
1460,908,309,1145,1524,888
1465,906,309,1145,1524,888
1467,906,309,1145,1524,888
1472,905,309,1145,1524,888
1473,904,309,1145,1524,888
1474,904,309,1145,1524,888
1474,904,309,1145,1524,888
1474,904,309,1145,1524,888
1474,904,309,1145,1524,888
1474,904,309,1145,1524,888
1474,904,309,1145,1524,888
1475,904,309,1145,1524,888
1480,902,309,1145,1524,888
1483,902,309,1145,1524,888
1487,901,309,1145,1524,888
1490,901,309,1145,1524,888
1495,900,309,1145,1524,888
1497,900,309,1145,1524,888
1500,899,309,1145,1524,888
1500,899,309,1145,1524,888
1500,899,309,1145,1524,888
1500,899,309,1145,1524,888
1500,899,309,1145,1524,888
1504,898,309,1145,1524,888
1508,898,309,1145,1524,888
1513,897,309,1145,1524,888
1514,897,309,1145,1524,888
1515,896,309,1145,1524,888
1515,896,309,1145,1524,888
1515,896,309,1145,1524,888
1515,896,309,1145,1524,888
1515,896,309,1145,1524,888
1515,896,309,1145,1524,888
1515,896,309,1145,1524,888
1515,896,309,1145,1524,888
1515,896,309,1145,1524,888
1515,896,309,1145,1524,888
1515,896,309,1145,1524,888
1515,896,309,1145,1524,888
1515,896,309,1145,1524,888
1516,896,309,1145,1524,888
1516,896,309,1145,1524,888
1521,894,309,1145,1524,888
1523,893,309,1145,1524,888
1524,891,309,1145,1524,888
1524,890,309,1145,1524,888
1524,890,309,1145,1524,888
1524,889,309,1145,1524,888
1524,889,309,1145,1524,888
1524,889,309,1145,1524,888
1524,889,309,1145,1524,888
1524,889,309,1145,1524,888
1524,888,309,1145,1524,888
1524,888,309,1145,1524,888
1524,886,309,1145,1524,888
1523,884,309,1145,1524,888
1523,883,309,1145,1524,888
1523,883,309,1145,1524,888
1523,882,309,1145,1524,888
1523,881,309,1145,1524,888
1523,881,309,1145,1524,888
1523,881,309,1145,1524,888
1523,881,309,1145,1524,888
1523,881,309,1145,1524,888
1523,881,309,1145,1524,888
1523,881,309,1145,1524,888
1523,881,309,1145,1524,888
1522,880,309,1145,1524,888
1517,875,309,1145,1524,888
1514,873,309,1145,1524,888
1507,867,309,1145,1524,888
1505,864,309,1145,1524,888
1501,859,309,1145,1524,888
1499,857,309,1145,1524,888
1497,853,309,1145,1524,888
1495,851,309,1145,1524,888
1493,849,309,1145,1524,888
1489,844,309,1145,1524,888
1486,842,309,1145,1524,888
1483,839,309,1145,1524,888
1478,833,309,1145,1524,888
1476,830,309,1145,1524,888
1473,825,309,1145,1524,888
1471,822,309,1145,1524,888
1467,817,309,1145,1524,888
1465,815,309,1145,1524,888
1461,811,309,1145,1524,888
1459,809,309,1145,1524,888
1458,807,309,1145,1524,888
1455,803,309,1145,1524,888
1453,801,309,1145,1524,888
1450,797,309,1145,1524,888
1448,795,309,1145,1524,888
1444,790,309,1145,1524,888
1442,787,309,1145,1524,888
1439,784,309,1145,1524,888
1434,777,309,1145,1524,888
1431,774,309,1145,1524,888
1427,768,309,1145,1524,888
1424,764,309,1145,1524,888
1418,755,309,1145,1524,888
1414,751,309,1145,1524,888
1412,746,309,1145,1524,888
1406,737,309,1145,1524,888
1403,733,309,1145,1524,888
1399,728,309,1145,1524,888
1392,719,309,1145,1524,888
1390,714,309,1145,1524,888
1384,706,309,1145,1524,888
1382,701,309,1145,1524,888
1377,692,309,1145,1524,888
1373,688,309,1145,1524,888
1369,681,309,1145,1524,888
1366,677,309,1145,1524,888
1364,674,309,1145,1524,888
1359,667,309,1145,1524,888
1357,663,309,1145,1524,888
1352,656,309,1145,1524,888
1349,652,309,1145,1524,888
1344,645,309,1145,1524,888
1342,640,309,1145,1524,888
1338,636,309,1145,1524,888
1334,628,309,1145,1524,888
1331,625,309,1145,1524,888
1326,617,309,1145,1524,888
1323,614,309,1145,1524,888
1320,610,309,1145,1524,888
1314,601,309,1145,1524,888
1308,593,309,1145,1524,888
1304,590,309,1145,1524,888
1301,585,309,1145,1524,888
1295,578,309,1145,1524,888
1293,575,309,1145,1524,888
1291,570,309,1145,1524,888
1284,561,309,1145,1524,888
1281,558,309,1145,1524,888
1275,548,309,1145,1524,888
1271,545,309,1145,1524,888
1265,537,309,1145,1524,888
1263,533,309,1145,1524,888
1258,530,309,1145,1524,888
1253,522,309,1145,1524,888
1249,518,309,1145,1524,888
1241,511,309,1145,1524,888
1239,508,309,1145,1524,888
1232,501,309,1145,1524,888
1228,497,309,1145,1524,888
1222,492,309,1145,1524,888
1218,489,309,1145,1524,888
1214,486,309,1145,1524,888
1204,480,309,1145,1524,888
1200,477,309,1145,1524,888
1195,473,309,1145,1524,888
1187,468,309,1145,1524,888
1179,462,309,1145,1524,888
1176,460,309,1145,1524,888
1172,458,309,1145,1524,888
1167,455,309,1145,1524,888
1164,454,309,1145,1524,888
1162,452,309,1145,1524,888
1157,448,309,1145,1524,888
1155,446,309,1145,1524,888
1149,443,309,1145,1524,888
1145,441,309,1145,1524,888
1140,438,309,1145,1524,888
1137,436,309,1145,1524,888
1131,433,309,1145,1524,888
1129,432,309,1145,1524,888
1123,428,309,1145,1524,888
1120,426,309,1145,1524,888
1115,423,309,1145,1524,888
1113,422,309,1145,1524,888
1111,420,309,1145,1524,888
1107,417,309,1145,1524,888
1105,415,309,1145,1524,888
1100,412,309,1145,1524,888
1098,410,309,1145,1524,888
1094,406,309,1145,1524,888
1092,405,309,1145,1524,888
1091,403,309,1145,1524,888
1088,400,309,1145,1524,888
1086,399,309,1145,1524,888
1086,398,309,1145,1524,888
1084,397,309,1145,1524,888
1083,396,309,1145,1524,888
1082,395,309,1145,1524,888
1082,394,309,1145,1524,888
1081,393,309,1145,1524,888
1080,391,309,1145,1524,888
1079,389,309,1145,1524,888
1078,389,309,1145,1524,888
1077,387,309,1145,1524,888
1075,384,309,1145,1524,888
1075,383,309,1145,1524,888
1073,381,309,1145,1524,888
1073,381,309,1145,1524,888
1073,380,309,1145,1524,888
1073,380,309,1145,1524,888
1072,379,309,1145,1524,888
1071,378,309,1145,1524,888
1071,378,309,1145,1524,888
1071,378,309,1145,1524,888
1071,378,309,1145,1524,888
1071,378,309,1145,1524,888
1071,378,309,1145,1524,888
