891,374,308,899,1662,882
891,374,308,899,1662,882
891,374,308,899,1662,882
891,374,308,899,1662,882
891,374,308,899,1662,882
891,374,308,899,1662,882
891,374,308,899,1662,882
891,374,308,899,1662,882
891,374,308,899,1662,882
882,380,308,899,1662,882
856,397,308,899,1662,882
840,411,308,899,1662,882
830,426,308,899,1662,882
825,432,308,899,1662,882
818,437,308,899,1662,882
812,443,308,899,1662,882
802,454,308,899,1662,882
794,463,308,899,1662,882
790,466,308,899,1662,882
784,470,308,899,1662,882
777,474,308,899,1662,882
768,482,308,899,1662,882
764,488,308,899,1662,882
761,492,308,899,1662,882
757,497,308,899,1662,882
749,506,308,899,1662,882
741,515,308,899,1662,882
735,521,308,899,1662,882
728,527,308,899,1662,882
723,534,308,899,1662,882
711,547,308,899,1662,882
695,562,308,899,1662,882
684,579,308,899,1662,882
669,594,308,899,1662,882
659,600,308,899,1662,882
646,607,308,899,1662,882
634,615,308,899,1662,882
625,620,308,899,1662,882
612,627,308,899,1662,882
599,633,308,899,1662,882
589,639,308,899,1662,882
580,644,308,899,1662,882
567,654,308,899,1662,882
559,663,308,899,1662,882
555,668,308,899,1662,882
545,678,308,899,1662,882
539,684,308,899,1662,882
531,691,308,899,1662,882
519,698,308,899,1662,882
510,704,308,899,1662,882
505,708,308,899,1662,882
498,713,308,899,1662,882
488,720,308,899,1662,882
481,726,308,899,1662,882
473,733,308,899,1662,882
462,744,308,899,1662,882
459,749,308,899,1662,882
458,753,308,899,1662,882
453,759,308,899,1662,882
449,764,308,899,1662,882
448,767,308,899,1662,882
444,772,308,899,1662,882
437,779,308,899,1662,882
427,788,308,899,1662,882
416,794,308,899,1662,882
409,798,308,899,1662,882
402,803,308,899,1662,882
395,807,308,899,1662,882
391,808,308,899,1662,882
390,809,308,899,1662,882
384,814,308,899,1662,882
375,819,308,899,1662,882
368,825,308,899,1662,882
359,830,308,899,1662,882
353,835,308,899,1662,882
343,843,308,899,1662,882
336,850,308,899,1662,882
331,855,308,899,1662,882
328,859,308,899,1662,882
325,862,308,899,1662,882
325,863,308,899,1662,882
325,863,308,899,1662,882
323,865,308,899,1662,882
323,866,308,899,1662,882
321,869,308,899,1662,882
319,874,308,899,1662,882
316,878,308,899,1662,882
314,880,308,899,1662,882
313,882,308,899,1662,882
313,882,308,899,1662,882
311,885,308,899,1662,882
310,887,308,899,1662,882
310,887,308,899,1662,882
310,889,308,899,1662,882
309,892,308,899,1662,882
309,894,308,899,1662,882
309,896,308,899,1662,882
307,899,308,899,1662,882
307,901,308,899,1662,882
307,901,308,899,1662,882
307,901,308,899,1662,882
307,901,308,899,1662,882
307,901,308,899,1662,882
307,901,308,899,1662,882
307,901,308,899,1662,882
307,901,308,899,1662,882
318,901,308,899,1662,882
333,901,308,899,1662,882
341,901,308,899,1662,882
353,901,308,899,1662,882
367,902,308,899,1662,882
382,903,308,899,1662,882
392,903,308,899,1662,882
403,904,308,899,1662,882
424,904,308,899,1662,882
439,904,308,899,1662,882
451,904,308,899,1662,882
476,905,308,899,1662,882
495,905,308,899,1662,882
505,904,308,899,1662,882
524,904,308,899,1662,882
538,904,308,899,1662,882
552,904,308,899,1662,882
557,904,308,899,1662,882
567,904,308,899,1662,882
576,904,308,899,1662,882
590,904,308,899,1662,882
601,903,308,899,1662,882
612,902,308,899,1662,882
627,902,308,899,1662,882
642,902,308,899,1662,882
652,901,308,899,1662,882
656,900,308,899,1662,882
666,900,308,899,1662,882
675,899,308,899,1662,882
682,898,308,899,1662,882
691,897,308,899,1662,882
701,895,308,899,1662,882
714,895,308,899,1662,882
720,895,308,899,1662,882
730,895,308,899,1662,882
742,895,308,899,1662,882
756,895,308,899,1662,882
762,895,308,899,1662,882
774,895,308,899,1662,882
786,897,308,899,1662,882
801,897,308,899,1662,882
811,897,308,899,1662,882
827,897,308,899,1662,882
831,897,308,899,1662,882
831,897,308,899,1662,882
842,895,308,899,1662,882
862,895,308,899,1662,882
871,895,308,899,1662,882
876,895,308,899,1662,882
889,896,308,899,1662,882
906,896,308,899,1662,882
913,896,308,899,1662,882
917,896,308,899,1662,882
928,896,308,899,1662,882
945,896,308,899,1662,882
969,896,308,899,1662,882
990,896,308,899,1662,882
1003,896,308,899,1662,882
1031,896,308,899,1662,882
1074,899,308,899,1662,882
1091,898,308,899,1662,882
1095,896,308,899,1662,882
1115,896,308,899,1662,882
1140,896,308,899,1662,882
1153,893,308,899,1662,882
1172,891,308,899,1662,882
1196,891,308,899,1662,882
1216,891,308,899,1662,882
1222,890,308,899,1662,882
1226,890,308,899,1662,882
1244,889,308,899,1662,882
1270,889,308,899,1662,882
1285,888,308,899,1662,882
1287,888,308,899,1662,882
1288,888,308,899,1662,882
1302,888,308,899,1662,882
1322,886,308,899,1662,882
1338,886,308,899,1662,882
1358,886,308,899,1662,882
1381,886,308,899,1662,882
1408,887,308,899,1662,882
1434,888,308,899,1662,882
1448,888,308,899,1662,882
1457,888,308,899,1662,882
1464,889,308,899,1662,882
1469,889,308,899,1662,882
1473,890,308,899,1662,882
1478,887,308,899,1662,882
1487,885,308,899,1662,882
1492,884,308,899,1662,882
1498,884,308,899,1662,882
1502,884,308,899,1662,882
1510,884,308,899,1662,882
1525,886,308,899,1662,882
1536,887,308,899,1662,882
1547,887,308,899,1662,882
1554,886,308,899,1662,882
1568,886,308,899,1662,882
1581,886,308,899,1662,882
1589,886,308,899,1662,882
1589,886,308,899,1662,882
1589,886,308,899,1662,882
1596,885,308,899,1662,882
1600,885,308,899,1662,882
1605,886,308,899,1662,882
1620,888,308,899,1662,882
1629,889,308,899,1662,882
1631,889,308,899,1662,882
1631,889,308,899,1662,882
1635,888,308,899,1662,882
1638,888,308,899,1662,882
1642,887,308,899,1662,882
1645,887,308,899,1662,882
1649,887,308,899,1662,882
1655,886,308,899,1662,882
1659,884,308,899,1662,882
1663,882,308,899,1662,882
1668,881,308,899,1662,882
1671,880,308,899,1662,882
1671,880,308,899,1662,882
1671,880,308,899,1662,882
1671,880,308,899,1662,882
1671,880,308,899,1662,882
1671,880,308,899,1662,882
1671,880,308,899,1662,882
1670,879,308,899,1662,882
1670,879,308,899,1662,882
1668,877,308,899,1662,882
1662,872,308,899,1662,882
1652,866,308,899,1662,882
1638,859,308,899,1662,882
1632,855,308,899,1662,882
1626,851,308,899,1662,882
1618,846,308,899,1662,882
1607,839,308,899,1662,882
1598,833,308,899,1662,882
1588,826,308,899,1662,882
1576,818,308,899,1662,882
1560,808,308,899,1662,882
1548,802,308,899,1662,882
1542,798,308,899,1662,882
1534,793,308,899,1662,882
1524,785,308,899,1662,882
1515,779,308,899,1662,882
1507,774,308,899,1662,882
1494,767,308,899,1662,882
1482,762,308,899,1662,882
1474,758,308,899,1662,882
1468,754,308,899,1662,882
1457,746,308,899,1662,882
1445,738,308,899,1662,882
1438,732,308,899,1662,882
1427,724,308,899,1662,882
1417,716,308,899,1662,882
1409,708,308,899,1662,882
1401,701,308,899,1662,882
1389,687,308,899,1662,882
1374,672,308,899,1662,882
1367,666,308,899,1662,882
1365,664,308,899,1662,882
1359,657,308,899,1662,882
1352,646,308,899,1662,882
1346,638,308,899,1662,882
1340,630,308,899,1662,882
1333,619,308,899,1662,882
1326,611,308,899,1662,882
1319,602,308,899,1662,882
1313,595,308,899,1662,882
1307,586,308,899,1662,882
1301,579,308,899,1662,882
1292,568,308,899,1662,882
1284,559,308,899,1662,882
1275,548,308,899,1662,882
1266,539,308,899,1662,882
1254,530,308,899,1662,882
1246,524,308,899,1662,882
1238,517,308,899,1662,882
1233,512,308,899,1662,882
1226,506,308,899,1662,882
1219,502,308,899,1662,882
1213,498,308,899,1662,882
1206,492,308,899,1662,882
1200,486,308,899,1662,882
1190,477,308,899,1662,882
1183,470,308,899,1662,882
1175,464,308,899,1662,882
1171,461,308,899,1662,882
1167,456,308,899,1662,882
1163,453,308,899,1662,882
1157,449,308,899,1662,882
1152,445,308,899,1662,882
1148,441,308,899,1662,882
1140,435,308,899,1662,882
1131,428,308,899,1662,882
1126,424,308,899,1662,882
1124,421,308,899,1662,882
1119,418,308,899,1662,882
1113,412,308,899,1662,882
1107,409,308,899,1662,882
1102,406,308,899,1662,882
1099,403,308,899,1662,882
1097,400,308,899,1662,882
1094,396,308,899,1662,882
1091,392,308,899,1662,882
1090,391,308,899,1662,882
1090,391,308,899,1662,882
1085,384,308,899,1662,882
1083,382,308,899,1662,882
1082,381,308,899,1662,882
1082,381,308,899,1662,882
1080,380,308,899,1662,882
1077,380,308,899,1662,882
1074,379,308,899,1662,882
1070,378,308,899,1662,882
1067,378,308,899,1662,882
1066,377,308,899,1662,882
1064,377,308,899,1662,882
1063,377,308,899,1662,882
1063,377,308,899,1662,882
1063,377,308,899,1662,882
1062,377,308,899,1662,882
1060,376,308,899,1662,882
1056,375,308,899,1662,882
1056,375,308,899,1662,882
1056,375,308,899,1662,882
