891,371,555,902,1574,1010
891,371,555,902,1574,1010
891,371,555,902,1574,1010
891,371,555,902,1574,1010
891,371,555,902,1574,1010
891,371,555,902,1574,1010
891,371,555,902,1574,1010
891,372,555,902,1574,1010
887,379,555,902,1574,1010
883,385,555,902,1574,1010
879,392,555,902,1574,1010
878,393,555,902,1574,1010
876,397,555,902,1574,1010
873,404,555,902,1574,1010
871,412,555,902,1574,1010
869,418,555,902,1574,1010
865,427,555,902,1574,1010
859,440,555,902,1574,1010
852,453,555,902,1574,1010
849,461,555,902,1574,1010
844,469,555,902,1574,1010
838,478,555,902,1574,1010
834,485,555,902,1574,1010
829,496,555,902,1574,1010
827,506,555,902,1574,1010
825,512,555,902,1574,1010
821,520,555,902,1574,1010
817,528,555,902,1574,1010
811,540,555,902,1574,1010
806,548,555,902,1574,1010
798,560,555,902,1574,1010
793,572,555,902,1574,1010
788,580,555,902,1574,1010
782,589,555,902,1574,1010
781,593,555,902,1574,1010
776,601,555,902,1574,1010
769,610,555,902,1574,1010
764,619,555,902,1574,1010
758,629,555,902,1574,1010
749,640,555,902,1574,1010
744,648,555,902,1574,1010
737,659,555,902,1574,1010
733,665,555,902,1574,1010
731,669,555,902,1574,1010
728,674,555,902,1574,1010
723,681,555,902,1574,1010
717,690,555,902,1574,1010
713,698,555,902,1574,1010
706,707,555,902,1574,1010
700,718,555,902,1574,1010
695,725,555,902,1574,1010
691,731,555,902,1574,1010
688,736,555,902,1574,1010
681,745,555,902,1574,1010
677,751,555,902,1574,1010
672,759,555,902,1574,1010
668,765,555,902,1574,1010
667,769,555,902,1574,1010
663,775,555,902,1574,1010
658,781,555,902,1574,1010
655,786,555,902,1574,1010
653,788,555,902,1574,1010
648,792,555,902,1574,1010
642,796,555,902,1574,1010
637,802,555,902,1574,1010
632,807,555,902,1574,1010
627,814,555,902,1574,1010
622,821,555,902,1574,1010
619,828,555,902,1574,1010
615,835,555,902,1574,1010
609,844,555,902,1574,1010
601,853,555,902,1574,1010
595,859,555,902,1574,1010
590,864,555,902,1574,1010
586,867,555,902,1574,1010
578,872,555,902,1574,1010
573,875,555,902,1574,1010
571,879,555,902,1574,1010
570,880,555,902,1574,1010
568,884,555,902,1574,1010
566,886,555,902,1574,1010
565,887,555,902,1574,1010
565,889,555,902,1574,1010
564,891,555,902,1574,1010
563,893,555,902,1574,1010
561,896,555,902,1574,1010
560,898,555,902,1574,1010
560,900,555,902,1574,1010
560,900,555,902,1574,1010
560,900,555,902,1574,1010
559,901,555,902,1574,1010
557,904,555,902,1574,1010
556,905,555,902,1574,1010
555,905,555,902,1574,1010
555,905,555,902,1574,1010
555,905,555,902,1574,1010
555,905,555,902,1574,1010
555,905,555,902,1574,1010
555,905,555,902,1574,1010
555,905,555,902,1574,1010
556,905,555,902,1574,1010
563,903,555,902,1574,1010
570,902,555,902,1574,1010
577,902,555,902,1574,1010
588,902,555,902,1574,1010
599,902,555,902,1574,1010
605,902,555,902,1574,1010
612,902,555,902,1574,1010
621,902,555,902,1574,1010
633,902,555,902,1574,1010
640,902,555,902,1574,1010
650,903,555,902,1574,1010
659,903,555,902,1574,1010
668,905,555,902,1574,1010
678,907,555,902,1574,1010
692,909,555,902,1574,1010
706,911,555,902,1574,1010
722,913,555,902,1574,1010
734,916,555,902,1574,1010
753,920,555,902,1574,1010
768,924,555,902,1574,1010
783,927,555,902,1574,1010
792,928,555,902,1574,1010
796,930,555,902,1574,1010
804,932,555,902,1574,1010
816,936,555,902,1574,1010
825,939,555,902,1574,1010
835,941,555,902,1574,1010
852,946,555,902,1574,1010
880,950,555,902,1574,1010
906,953,555,902,1574,1010
920,956,555,902,1574,1010
931,958,555,902,1574,1010
944,960,555,902,1574,1010
954,961,555,902,1574,1010
961,961,555,902,1574,1010
969,961,555,902,1574,1010
981,960,555,902,1574,1010
992,960,555,902,1574,1010
999,960,555,902,1574,1010
1005,960,555,902,1574,1010
1010,959,555,902,1574,1010
1016,959,555,902,1574,1010
1029,960,555,902,1574,1010
1050,961,555,902,1574,1010
1079,962,555,902,1574,1010
1105,965,555,902,1574,1010
1128,968,555,902,1574,1010
1142,970,555,902,1574,1010
1150,971,555,902,1574,1010
1161,971,555,902,1574,1010
1174,974,555,902,1574,1010
1187,975,555,902,1574,1010
1204,978,555,902,1574,1010
1215,980,555,902,1574,1010
1227,982,555,902,1574,1010
1234,983,555,902,1574,1010
1237,983,555,902,1574,1010
1241,983,555,902,1574,1010
1246,985,555,902,1574,1010
1259,988,555,902,1574,1010
1269,989,555,902,1574,1010
1275,989,555,902,1574,1010
1286,991,555,902,1574,1010
1301,995,555,902,1574,1010
1317,999,555,902,1574,1010
1327,1001,555,902,1574,1010
1342,1004,555,902,1574,1010
1365,1007,555,902,1574,1010
1381,1008,555,902,1574,1010
1395,1010,555,902,1574,1010
1403,1010,555,902,1574,1010
1407,1010,555,902,1574,1010
1415,1010,555,902,1574,1010
1424,1010,555,902,1574,1010
1430,1010,555,902,1574,1010
1433,1010,555,902,1574,1010
1436,1011,555,902,1574,1010
1445,1012,555,902,1574,1010
1454,1013,555,902,1574,1010
1466,1015,555,902,1574,1010
1473,1015,555,902,1574,1010
1477,1015,555,902,1574,1010
1483,1014,555,902,1574,1010
1489,1014,555,902,1574,1010
1497,1015,555,902,1574,1010
1504,1015,555,902,1574,1010
1515,1016,555,902,1574,1010
1527,1017,555,902,1574,1010
1539,1018,555,902,1574,1010
1544,1016,555,902,1574,1010
1544,1015,555,902,1574,1010
1548,1015,555,902,1574,1010
1552,1014,555,902,1574,1010
1557,1013,555,902,1574,1010
1562,1012,555,902,1574,1010
1565,1011,555,902,1574,1010
1570,1010,555,902,1574,1010
1573,1008,555,902,1574,1010
1575,1007,555,902,1574,1010
1575,1006,555,902,1574,1010
1575,1004,555,902,1574,1010
1576,1004,555,902,1574,1010
1576,1004,555,902,1574,1010
1576,1004,555,902,1574,1010
1576,1004,555,902,1574,1010
1576,1004,555,902,1574,1010
1576,1004,555,902,1574,1010
1576,1004,555,902,1574,1010
1576,1004,555,902,1574,1010
1575,1003,555,902,1574,1010
1558,996,555,902,1574,1010
1540,983,555,902,1574,1010
1520,968,555,902,1574,1010
1514,962,555,902,1574,1010
1512,958,555,902,1574,1010
1503,951,555,902,1574,1010
1488,942,555,902,1574,1010
1475,934,555,902,1574,1010
1464,926,555,902,1574,1010
1459,921,555,902,1574,1010
1454,914,555,902,1574,1010
1450,908,555,902,1574,1010
1443,898,555,902,1574,1010
1436,886,555,902,1574,1010
1428,874,555,902,1574,1010
1424,868,555,902,1574,1010
1417,857,555,902,1574,1010
1409,845,555,902,1574,1010
1402,834,555,902,1574,1010
1392,819,555,902,1574,1010
1384,808,555,902,1574,1010
1379,799,555,902,1574,1010
1375,793,555,902,1574,1010
1373,789,555,902,1574,1010
1367,780,555,902,1574,1010
1361,771,555,902,1574,1010
1352,756,555,902,1574,1010
1345,741,555,902,1574,1010
1337,728,555,902,1574,1010
1328,713,555,902,1574,1010
1320,699,555,902,1574,1010
1315,691,555,902,1574,1010
1309,681,555,902,1574,1010
1303,672,555,902,1574,1010
1294,660,555,902,1574,1010
1286,648,555,902,1574,1010
1280,640,555,902,1574,1010
1274,631,555,902,1574,1010
1268,620,555,902,1574,1010
1261,611,555,902,1574,1010
1251,597,555,902,1574,1010
1243,585,555,902,1574,1010
1237,575,555,902,1574,1010
1230,562,555,902,1574,1010
1226,554,555,902,1574,1010
1224,544,555,902,1574,1010
1221,536,555,902,1574,1010
1217,526,555,902,1574,1010
1211,518,555,902,1574,1010
1207,512,555,902,1574,1010
1205,510,555,902,1574,1010
1203,506,555,902,1574,1010
1198,499,555,902,1574,1010
1190,491,555,902,1574,1010
1183,483,555,902,1574,1010
1175,473,555,902,1574,1010
1170,466,555,902,1574,1010
1160,456,555,902,1574,1010
1153,447,555,902,1574,1010
1147,441,555,902,1574,1010
1142,437,555,902,1574,1010
1132,429,555,902,1574,1010
1120,421,555,902,1574,1010
1113,417,555,902,1574,1010
1104,411,555,902,1574,1010
1095,405,555,902,1574,1010
1093,404,555,902,1574,1010
1093,404,555,902,1574,1010
1093,404,555,902,1574,1010
1089,401,555,902,1574,1010
1084,398,555,902,1574,1010
1080,395,555,902,1574,1010
1078,394,555,902,1574,1010
1074,391,555,902,1574,1010
1070,388,555,902,1574,1010
1068,386,555,902,1574,1010
1067,385,555,902,1574,1010
1067,385,555,902,1574,1010
1067,385,555,902,1574,1010
1067,385,555,902,1574,1010
1067,385,555,902,1574,1010
1067,385,555,902,1574,1010
1067,385,555,902,1574,1010
1066,381,555,902,1574,1010
1063,378,555,902,1574,1010
1063,378,555,902,1574,1010
1063,378,555,902,1574,1010
1062,375,555,902,1574,1010
1062,375,555,902,1574,1010
1062,375,555,902,1574,1010
1062,375,555,902,1574,1010
