889,373,596,1009,1525,1018
889,373,596,1009,1525,1018
889,373,596,1009,1525,1018
889,373,596,1009,1525,1018
886,373,596,1009,1525,1018
874,376,596,1009,1525,1018
859,380,596,1009,1525,1018
846,386,596,1009,1525,1018
832,392,596,1009,1525,1018
821,397,596,1009,1525,1018
811,403,596,1009,1525,1018
806,407,596,1009,1525,1018
800,411,596,1009,1525,1018
791,416,596,1009,1525,1018
783,420,596,1009,1525,1018
776,426,596,1009,1525,1018
769,433,596,1009,1525,1018
757,444,596,1009,1525,1018
748,454,596,1009,1525,1018
742,461,596,1009,1525,1018
732,472,596,1009,1525,1018
725,481,596,1009,1525,1018
720,491,596,1009,1525,1018
713,504,596,1009,1525,1018
702,515,596,1009,1525,1018
696,522,596,1009,1525,1018
693,528,596,1009,1525,1018
690,536,596,1009,1525,1018
687,542,596,1009,1525,1018
683,549,596,1009,1525,1018
678,558,596,1009,1525,1018
672,569,596,1009,1525,1018
667,580,596,1009,1525,1018
663,589,596,1009,1525,1018
657,604,596,1009,1525,1018
650,617,596,1009,1525,1018
646,626,596,1009,1525,1018
643,634,596,1009,1525,1018
639,642,596,1009,1525,1018
637,648,596,1009,1525,1018
634,656,596,1009,1525,1018
631,663,596,1009,1525,1018
627,674,596,1009,1525,1018
623,686,596,1009,1525,1018
619,697,596,1009,1525,1018
614,706,596,1009,1525,1018
611,714,596,1009,1525,1018
607,724,596,1009,1525,1018
601,736,596,1009,1525,1018
597,746,596,1009,1525,1018
593,754,596,1009,1525,1018
589,762,596,1009,1525,1018
586,771,596,1009,1525,1018
585,779,596,1009,1525,1018
583,788,596,1009,1525,1018
579,799,596,1009,1525,1018
577,810,596,1009,1525,1018
575,818,596,1009,1525,1018
571,829,596,1009,1525,1018
569,841,596,1009,1525,1018
568,852,596,1009,1525,1018
567,861,596,1009,1525,1018
567,869,596,1009,1525,1018
567,875,596,1009,1525,1018
568,879,596,1009,1525,1018
568,888,596,1009,1525,1018
568,897,596,1009,1525,1018
569,907,596,1009,1525,1018
569,916,596,1009,1525,1018
569,925,596,1009,1525,1018
570,932,596,1009,1525,1018
570,936,596,1009,1525,1018
570,941,596,1009,1525,1018
570,945,596,1009,1525,1018
570,946,596,1009,1525,1018
570,949,596,1009,1525,1018
570,954,596,1009,1525,1018
570,957,596,1009,1525,1018
570,960,596,1009,1525,1018
571,966,596,1009,1525,1018
573,970,596,1009,1525,1018
574,977,596,1009,1525,1018
576,981,596,1009,1525,1018
576,981,596,1009,1525,1018
577,981,596,1009,1525,1018
579,985,596,1009,1525,1018
580,987,596,1009,1525,1018
582,990,596,1009,1525,1018
584,992,596,1009,1525,1018
587,995,596,1009,1525,1018
589,998,596,1009,1525,1018
592,1001,596,1009,1525,1018
594,1003,596,1009,1525,1018
597,1007,596,1009,1525,1018
600,1009,596,1009,1525,1018
603,1012,596,1009,1525,1018
607,1016,596,1009,1525,1018
612,1020,596,1009,1525,1018
618,1025,596,1009,1525,1018
623,1029,596,1009,1525,1018
632,1034,596,1009,1525,1018
637,1037,596,1009,1525,1018
644,1043,596,1009,1525,1018
651,1048,596,1009,1525,1018
655,1051,596,1009,1525,1018
659,1054,596,1009,1525,1018
665,1058,596,1009,1525,1018
672,1064,596,1009,1525,1018
680,1068,596,1009,1525,1018
687,1073,596,1009,1525,1018
696,1077,596,1009,1525,1018
702,1080,596,1009,1525,1018
709,1084,596,1009,1525,1018
722,1092,596,1009,1525,1018
737,1097,596,1009,1525,1018
743,1099,596,1009,1525,1018
751,1102,596,1009,1525,1018
758,1105,596,1009,1525,1018
765,1109,596,1009,1525,1018
773,1112,596,1009,1525,1018
780,1114,596,1009,1525,1018
784,1116,596,1009,1525,1018
788,1118,596,1009,1525,1018
795,1120,596,1009,1525,1018
808,1124,596,1009,1525,1018
815,1127,596,1009,1525,1018
823,1130,596,1009,1525,1018
835,1133,596,1009,1525,1018
851,1138,596,1009,1525,1018
866,1143,596,1009,1525,1018
873,1145,596,1009,1525,1018
885,1146,596,1009,1525,1018
894,1149,596,1009,1525,1018
899,1150,596,1009,1525,1018
909,1152,596,1009,1525,1018
927,1155,596,1009,1525,1018
942,1160,596,1009,1525,1018
950,1163,596,1009,1525,1018
964,1167,596,1009,1525,1018
977,1172,596,1009,1525,1018
989,1173,596,1009,1525,1018
1004,1175,596,1009,1525,1018
1016,1178,596,1009,1525,1018
1021,1179,596,1009,1525,1018
1033,1180,596,1009,1525,1018
1047,1182,596,1009,1525,1018
1051,1182,596,1009,1525,1018
1060,1182,596,1009,1525,1018
1075,1182,596,1009,1525,1018
1089,1182,596,1009,1525,1018
1094,1182,596,1009,1525,1018
1102,1182,596,1009,1525,1018
1113,1182,596,1009,1525,1018
1123,1182,596,1009,1525,1018
1130,1182,596,1009,1525,1018
1141,1181,596,1009,1525,1018
1153,1181,596,1009,1525,1018
1166,1181,596,1009,1525,1018
1181,1181,596,1009,1525,1018
1190,1180,596,1009,1525,1018
1196,1179,596,1009,1525,1018
1207,1179,596,1009,1525,1018
1217,1178,596,1009,1525,1018
1222,1178,596,1009,1525,1018
1229,1177,596,1009,1525,1018
1237,1176,596,1009,1525,1018
1246,1173,596,1009,1525,1018
1250,1171,596,1009,1525,1018
1258,1169,596,1009,1525,1018
1271,1167,596,1009,1525,1018
1277,1166,596,1009,1525,1018
1279,1164,596,1009,1525,1018
1287,1162,596,1009,1525,1018
1296,1159,596,1009,1525,1018
1301,1157,596,1009,1525,1018
1307,1155,596,1009,1525,1018
1316,1153,596,1009,1525,1018
1323,1151,596,1009,1525,1018
1332,1148,596,1009,1525,1018
1340,1146,596,1009,1525,1018
1348,1144,596,1009,1525,1018
1357,1141,596,1009,1525,1018
1363,1138,596,1009,1525,1018
1371,1136,596,1009,1525,1018
1378,1133,596,1009,1525,1018
1384,1132,596,1009,1525,1018
1390,1129,596,1009,1525,1018
1399,1127,596,1009,1525,1018
1411,1123,596,1009,1525,1018
1416,1120,596,1009,1525,1018
1419,1118,596,1009,1525,1018
1426,1114,596,1009,1525,1018
1431,1111,596,1009,1525,1018
1436,1108,596,1009,1525,1018
1441,1105,596,1009,1525,1018
1445,1100,596,1009,1525,1018
1448,1097,596,1009,1525,1018
1452,1094,596,1009,1525,1018
1457,1090,596,1009,1525,1018
1463,1085,596,1009,1525,1018
1466,1081,596,1009,1525,1018
1470,1077,596,1009,1525,1018
1474,1073,596,1009,1525,1018
1478,1069,596,1009,1525,1018
1483,1066,596,1009,1525,1018
1487,1062,596,1009,1525,1018
1492,1058,596,1009,1525,1018
1496,1055,596,1009,1525,1018
1498,1053,596,1009,1525,1018
1501,1049,596,1009,1525,1018
1506,1044,596,1009,1525,1018
1510,1039,596,1009,1525,1018
1513,1034,596,1009,1525,1018
1516,1029,596,1009,1525,1018
1521,1022,596,1009,1525,1018
1525,1014,596,1009,1525,1018
1527,1006,596,1009,1525,1018
1527,996,596,1009,1525,1018
1528,985,596,1009,1525,1018
1530,975,596,1009,1525,1018
1530,967,596,1009,1525,1018
1529,957,596,1009,1525,1018
1529,948,596,1009,1525,1018
1529,941,596,1009,1525,1018
1528,933,596,1009,1525,1018
1527,920,596,1009,1525,1018
1526,913,596,1009,1525,1018
1525,902,596,1009,1525,1018
1525,890,596,1009,1525,1018
1524,877,596,1009,1525,1018
1523,865,596,1009,1525,1018
1523,851,596,1009,1525,1018
1521,839,596,1009,1525,1018
1519,829,596,1009,1525,1018
1518,820,596,1009,1525,1018
1516,813,596,1009,1525,1018
1513,800,596,1009,1525,1018
1508,785,596,1009,1525,1018
1504,773,596,1009,1525,1018
1502,767,596,1009,1525,1018
1499,760,596,1009,1525,1018
1495,751,596,1009,1525,1018
1489,740,596,1009,1525,1018
1483,729,596,1009,1525,1018
1477,717,596,1009,1525,1018
1470,706,596,1009,1525,1018
1464,696,596,1009,1525,1018
1459,688,596,1009,1525,1018
1453,679,596,1009,1525,1018
1448,671,596,1009,1525,1018
1443,666,596,1009,1525,1018
1439,660,596,1009,1525,1018
1432,653,596,1009,1525,1018
1426,645,596,1009,1525,1018
1420,638,596,1009,1525,1018
1412,628,596,1009,1525,1018
1403,620,596,1009,1525,1018
1392,609,596,1009,1525,1018
1380,598,596,1009,1525,1018
1373,591,596,1009,1525,1018
1367,585,596,1009,1525,1018
1357,577,596,1009,1525,1018
1351,571,596,1009,1525,1018
1344,564,596,1009,1525,1018
1335,555,596,1009,1525,1018
1324,546,596,1009,1525,1018
1314,536,596,1009,1525,1018
1306,529,596,1009,1525,1018
1297,521,596,1009,1525,1018
1290,513,596,1009,1525,1018
1282,505,596,1009,1525,1018
1272,495,596,1009,1525,1018
1261,485,596,1009,1525,1018
1251,476,596,1009,1525,1018
1241,468,596,1009,1525,1018
1233,462,596,1009,1525,1018
1225,457,596,1009,1525,1018
1216,451,596,1009,1525,1018
1205,443,596,1009,1525,1018
1195,436,596,1009,1525,1018
1186,430,596,1009,1525,1018
1175,422,596,1009,1525,1018
1167,417,596,1009,1525,1018
1157,412,596,1009,1525,1018
1146,406,596,1009,1525,1018
1140,403,596,1009,1525,1018
1131,401,596,1009,1525,1018
1122,399,596,1009,1525,1018
1112,395,596,1009,1525,1018
1101,392,596,1009,1525,1018
1091,388,596,1009,1525,1018
1079,386,596,1009,1525,1018
1074,386,596,1009,1525,1018
1074,386,596,1009,1525,1018
1074,386,596,1009,1525,1018
1074,386,596,1009,1525,1018
1074,386,596,1009,1525,1018
1074,386,596,1009,1525,1018
1074,386,596,1009,1525,1018
1073,386,596,1009,1525,1018
1073,385,596,1009,1525,1018
1074,386,596,1009,1525,1018
1073,385,596,1009,1525,1018
1073,385,596,1009,1525,1018
1073,385,596,1009,1525,1018
1073,385,596,1009,1525,1018
1073,385,596,1009,1525,1018
1073,385,596,1009,1525,1018
1073,385,596,1009,1525,1018
