888,368,610,1138,1518,1054
888,368,610,1138,1518,1054
888,368,610,1138,1518,1054
888,368,610,1138,1518,1054
887,368,610,1138,1518,1054
880,368,610,1138,1518,1054
873,368,610,1138,1518,1054
872,368,610,1138,1518,1054
871,368,610,1138,1518,1054
868,369,610,1138,1518,1054
864,370,610,1138,1518,1054
864,370,610,1138,1518,1054
863,370,610,1138,1518,1054
855,373,610,1138,1518,1054
850,374,610,1138,1518,1054
845,376,610,1138,1518,1054
835,379,610,1138,1518,1054
825,382,610,1138,1518,1054
817,385,610,1138,1518,1054
811,388,610,1138,1518,1054
809,390,610,1138,1518,1054
809,390,610,1138,1518,1054
805,393,610,1138,1518,1054
800,396,610,1138,1518,1054
796,399,610,1138,1518,1054
793,400,610,1138,1518,1054
785,405,610,1138,1518,1054
780,409,610,1138,1518,1054
775,414,610,1138,1518,1054
764,423,610,1138,1518,1054
753,433,610,1138,1518,1054
741,442,610,1138,1518,1054
725,453,610,1138,1518,1054
714,461,610,1138,1518,1054
706,468,610,1138,1518,1054
696,474,610,1138,1518,1054
688,480,610,1138,1518,1054
679,487,610,1138,1518,1054
668,496,610,1138,1518,1054
655,506,610,1138,1518,1054
637,520,610,1138,1518,1054
622,531,610,1138,1518,1054
617,538,610,1138,1518,1054
613,544,610,1138,1518,1054
606,555,610,1138,1518,1054
600,567,610,1138,1518,1054
597,576,610,1138,1518,1054
591,589,610,1138,1518,1054
583,606,610,1138,1518,1054
577,622,610,1138,1518,1054
567,641,610,1138,1518,1054
558,661,610,1138,1518,1054
551,677,610,1138,1518,1054
546,687,610,1138,1518,1054
539,697,610,1138,1518,1054
534,707,610,1138,1518,1054
532,713,610,1138,1518,1054
531,719,610,1138,1518,1054
529,727,610,1138,1518,1054
528,738,610,1138,1518,1054
527,746,610,1138,1518,1054
526,754,610,1138,1518,1054
526,764,610,1138,1518,1054
525,773,610,1138,1518,1054
525,783,610,1138,1518,1054
525,791,610,1138,1518,1054
523,802,610,1138,1518,1054
523,812,610,1138,1518,1054
521,822,610,1138,1518,1054
520,829,610,1138,1518,1054
520,837,610,1138,1518,1054
520,844,610,1138,1518,1054
520,856,610,1138,1518,1054
517,871,610,1138,1518,1054
515,886,610,1138,1518,1054
515,898,610,1138,1518,1054
515,912,610,1138,1518,1054
515,923,610,1138,1518,1054
516,929,610,1138,1518,1054
518,938,610,1138,1518,1054
520,949,610,1138,1518,1054
523,956,610,1138,1518,1054
528,963,610,1138,1518,1054
531,971,610,1138,1518,1054
534,979,610,1138,1518,1054
538,987,610,1138,1518,1054
542,995,610,1138,1518,1054
545,1001,610,1138,1518,1054
548,1008,610,1138,1518,1054
549,1015,610,1138,1518,1054
551,1025,610,1138,1518,1054
552,1035,610,1138,1518,1054
552,1044,610,1138,1518,1054
552,1056,610,1138,1518,1054
553,1063,610,1138,1518,1054
554,1065,610,1138,1518,1054
555,1066,610,1138,1518,1054
557,1068,610,1138,1518,1054
559,1069,610,1138,1518,1054
563,1073,610,1138,1518,1054
568,1077,610,1138,1518,1054
569,1080,610,1138,1518,1054
571,1083,610,1138,1518,1054
573,1089,610,1138,1518,1054
576,1095,610,1138,1518,1054
577,1099,610,1138,1518,1054
580,1107,610,1138,1518,1054
584,1111,610,1138,1518,1054
588,1116,610,1138,1518,1054
591,1121,610,1138,1518,1054
595,1127,610,1138,1518,1054
599,1132,610,1138,1518,1054
602,1135,610,1138,1518,1054
607,1138,610,1138,1518,1054
617,1142,610,1138,1518,1054
622,1144,610,1138,1518,1054
626,1146,610,1138,1518,1054
631,1148,610,1138,1518,1054
636,1151,610,1138,1518,1054
639,1153,610,1138,1518,1054
644,1156,610,1138,1518,1054
650,1158,610,1138,1518,1054
657,1162,610,1138,1518,1054
663,1166,610,1138,1518,1054
669,1169,610,1138,1518,1054
674,1172,610,1138,1518,1054
681,1176,610,1138,1518,1054
699,1184,610,1138,1518,1054
715,1189,610,1138,1518,1054
721,1192,610,1138,1518,1054
724,1193,610,1138,1518,1054
736,1196,610,1138,1518,1054
742,1198,610,1138,1518,1054
748,1199,610,1138,1518,1054
758,1200,610,1138,1518,1054
766,1202,610,1138,1518,1054
772,1202,610,1138,1518,1054
782,1204,610,1138,1518,1054
793,1206,610,1138,1518,1054
801,1209,610,1138,1518,1054
810,1212,610,1138,1518,1054
821,1216,610,1138,1518,1054
831,1221,610,1138,1518,1054
840,1225,610,1138,1518,1054
847,1227,610,1138,1518,1054
858,1231,610,1138,1518,1054
877,1236,610,1138,1518,1054
896,1239,610,1138,1518,1054
910,1241,610,1138,1518,1054
928,1244,610,1138,1518,1054
957,1247,610,1138,1518,1054
968,1249,610,1138,1518,1054
977,1249,610,1138,1518,1054
1014,1254,610,1138,1518,1054
1028,1256,610,1138,1518,1054
1038,1256,610,1138,1518,1054
1055,1256,610,1138,1518,1054
1066,1256,610,1138,1518,1054
1070,1256,610,1138,1518,1054
1078,1256,610,1138,1518,1054
1097,1257,610,1138,1518,1054
1116,1258,610,1138,1518,1054
1125,1258,610,1138,1518,1054
1136,1258,610,1138,1518,1054
1157,1259,610,1138,1518,1054
1169,1259,610,1138,1518,1054
1175,1259,610,1138,1518,1054
1191,1259,610,1138,1518,1054
1205,1259,610,1138,1518,1054
1214,1258,610,1138,1518,1054
1224,1258,610,1138,1518,1054
1237,1257,610,1138,1518,1054
1244,1255,610,1138,1518,1054
1255,1253,610,1138,1518,1054
1268,1252,610,1138,1518,1054
1279,1252,610,1138,1518,1054
1287,1251,610,1138,1518,1054
1297,1250,610,1138,1518,1054
1309,1248,610,1138,1518,1054
1318,1247,610,1138,1518,1054
1331,1243,610,1138,1518,1054
1343,1239,610,1138,1518,1054
1354,1233,610,1138,1518,1054
1365,1227,610,1138,1518,1054
1371,1224,610,1138,1518,1054
1377,1220,610,1138,1518,1054
1383,1215,610,1138,1518,1054
1388,1209,610,1138,1518,1054
1394,1202,610,1138,1518,1054
1400,1196,610,1138,1518,1054
1406,1192,610,1138,1518,1054
1409,1190,610,1138,1518,1054
1414,1187,610,1138,1518,1054
1420,1184,610,1138,1518,1054
1428,1180,610,1138,1518,1054
1436,1176,610,1138,1518,1054
1441,1173,610,1138,1518,1054
1445,1169,610,1138,1518,1054
1451,1164,610,1138,1518,1054
1458,1158,610,1138,1518,1054
1464,1153,610,1138,1518,1054
1467,1149,610,1138,1518,1054
1471,1143,610,1138,1518,1054
1475,1138,610,1138,1518,1054
1477,1134,610,1138,1518,1054
1478,1128,610,1138,1518,1054
1479,1118,610,1138,1518,1054
1480,1108,610,1138,1518,1054
1480,1103,610,1138,1518,1054
1481,1102,610,1138,1518,1054
1482,1100,610,1138,1518,1054
1485,1096,610,1138,1518,1054
1486,1094,610,1138,1518,1054
1486,1091,610,1138,1518,1054
1488,1088,610,1138,1518,1054
1489,1086,610,1138,1518,1054
1490,1083,610,1138,1518,1054
1491,1079,610,1138,1518,1054
1495,1075,610,1138,1518,1054
1496,1073,610,1138,1518,1054
1500,1067,610,1138,1518,1054
1503,1063,610,1138,1518,1054
1507,1056,610,1138,1518,1054
1509,1052,610,1138,1518,1054
1512,1048,610,1138,1518,1054
1516,1044,610,1138,1518,1054
1516,1043,610,1138,1518,1054
1517,1042,610,1138,1518,1054
1521,1031,610,1138,1518,1054
1521,1018,610,1138,1518,1054
1519,1004,610,1138,1518,1054
1517,989,610,1138,1518,1054
1513,971,610,1138,1518,1054
1509,956,610,1138,1518,1054
1504,949,610,1138,1518,1054
1501,939,610,1138,1518,1054
1496,926,610,1138,1518,1054
1492,913,610,1138,1518,1054
1489,903,610,1138,1518,1054
1487,891,610,1138,1518,1054
1484,877,610,1138,1518,1054
1481,865,610,1138,1518,1054
1477,852,610,1138,1518,1054
1473,841,610,1138,1518,1054
1470,834,610,1138,1518,1054
1466,826,610,1138,1518,1054
1461,814,610,1138,1518,1054
1457,804,610,1138,1518,1054
1453,793,610,1138,1518,1054
1449,784,610,1138,1518,1054
1444,774,610,1138,1518,1054
1440,762,610,1138,1518,1054
1435,747,610,1138,1518,1054
1428,729,610,1138,1518,1054
1423,711,610,1138,1518,1054
1420,696,610,1138,1518,1054
1417,678,610,1138,1518,1054
1414,658,610,1138,1518,1054
1407,640,610,1138,1518,1054
1403,629,610,1138,1518,1054
1399,618,610,1138,1518,1054
1393,608,610,1138,1518,1054
1387,602,610,1138,1518,1054
1382,597,610,1138,1518,1054
1374,590,610,1138,1518,1054
1366,582,610,1138,1518,1054
1357,573,610,1138,1518,1054
1349,562,610,1138,1518,1054
1343,554,610,1138,1518,1054
1339,549,610,1138,1518,1054
1335,543,610,1138,1518,1054
1327,534,610,1138,1518,1054
1314,521,610,1138,1518,1054
1302,509,610,1138,1518,1054
1290,500,610,1138,1518,1054
1276,490,610,1138,1518,1054
1261,481,610,1138,1518,1054
1252,476,610,1138,1518,1054
1243,469,610,1138,1518,1054
1231,460,610,1138,1518,1054
1224,456,610,1138,1518,1054
1220,453,610,1138,1518,1054
1212,448,610,1138,1518,1054
1203,443,610,1138,1518,1054
1197,439,610,1138,1518,1054
1190,433,610,1138,1518,1054
1181,427,610,1138,1518,1054
1171,421,610,1138,1518,1054
1161,415,610,1138,1518,1054
1153,410,610,1138,1518,1054
1141,403,610,1138,1518,1054
1127,395,610,1138,1518,1054
1109,387,610,1138,1518,1054
1100,382,610,1138,1518,1054
1088,377,610,1138,1518,1054
1081,376,610,1138,1518,1054
1078,375,610,1138,1518,1054
1074,374,610,1138,1518,1054
1065,373,610,1138,1518,1054
1053,375,610,1138,1518,1054
1046,375,610,1138,1518,1054
1040,375,610,1138,1518,1054
1036,376,610,1138,1518,1054
1035,376,610,1138,1518,1054
