906,380,398,1037,1539,1179
906,380,398,1037,1539,1179
906,380,398,1037,1539,1179
906,380,398,1037,1539,1179
906,380,398,1037,1539,1179
906,380,398,1037,1539,1179
907,380,398,1037,1539,1179
907,380,398,1037,1539,1179
903,416,398,1037,1539,1179
899,432,398,1037,1539,1179
892,447,398,1037,1539,1179
883,462,398,1037,1539,1179
874,480,398,1037,1539,1179
867,500,398,1037,1539,1179
861,516,398,1037,1539,1179
854,533,398,1037,1539,1179
849,546,398,1037,1539,1179
841,564,398,1037,1539,1179
831,586,398,1037,1539,1179
821,607,398,1037,1539,1179
817,619,398,1037,1539,1179
810,630,398,1037,1539,1179
804,640,398,1037,1539,1179
799,647,398,1037,1539,1179
797,650,398,1037,1539,1179
791,658,398,1037,1539,1179
785,669,398,1037,1539,1179
777,681,398,1037,1539,1179
767,696,398,1037,1539,1179
752,714,398,1037,1539,1179
733,735,398,1037,1539,1179
720,751,398,1037,1539,1179
706,772,398,1037,1539,1179
681,798,398,1037,1539,1179
654,830,398,1037,1539,1179
630,859,398,1037,1539,1179
603,883,398,1037,1539,1179
577,905,398,1037,1539,1179
560,921,398,1037,1539,1179
544,936,398,1037,1539,1179
528,951,398,1037,1539,1179
520,960,398,1037,1539,1179
514,965,398,1037,1539,1179
506,970,398,1037,1539,1179
497,978,398,1037,1539,1179
491,984,398,1037,1539,1179
479,992,398,1037,1539,1179
466,1000,398,1037,1539,1179
460,1004,398,1037,1539,1179
457,1005,398,1037,1539,1179
453,1007,398,1037,1539,1179
447,1012,398,1037,1539,1179
440,1017,398,1037,1539,1179
432,1023,398,1037,1539,1179
421,1028,398,1037,1539,1179
415,1033,398,1037,1539,1179
412,1034,398,1037,1539,1179
412,1035,398,1037,1539,1179
412,1035,398,1037,1539,1179
412,1035,398,1037,1539,1179
412,1035,398,1037,1539,1179
412,1035,398,1037,1539,1179
412,1035,398,1037,1539,1179
412,1035,398,1037,1539,1179
412,1035,398,1037,1539,1179
412,1035,398,1037,1539,1179
409,1036,398,1037,1539,1179
363,1054,398,1037,1539,1179
327,1063,398,1037,1539,1179
326,1063,398,1037,1539,1179
327,1063,398,1037,1539,1179
325,1063,398,1037,1539,1179
325,1063,398,1037,1539,1179
325,1063,398,1037,1539,1179
325,1063,398,1037,1539,1179
325,1063,398,1037,1539,1179
325,1063,398,1037,1539,1179
325,1063,398,1037,1539,1179
332,1061,398,1037,1539,1179
341,1061,398,1037,1539,1179
359,1060,398,1037,1539,1179
379,1058,398,1037,1539,1179
400,1056,398,1037,1539,1179
405,1055,398,1037,1539,1179
413,1054,398,1037,1539,1179
424,1051,398,1037,1539,1179
438,1051,398,1037,1539,1179
454,1052,398,1037,1539,1179
470,1052,398,1037,1539,1179
489,1052,398,1037,1539,1179
512,1052,398,1037,1539,1179
534,1055,398,1037,1539,1179
552,1058,398,1037,1539,1179
569,1059,398,1037,1539,1179
580,1061,398,1037,1539,1179
596,1063,398,1037,1539,1179
614,1064,398,1037,1539,1179
636,1067,398,1037,1539,1179
670,1072,398,1037,1539,1179
705,1076,398,1037,1539,1179
736,1080,398,1037,1539,1179
767,1083,398,1037,1539,1179
792,1086,398,1037,1539,1179
820,1089,398,1037,1539,1179
848,1090,398,1037,1539,1179
867,1092,398,1037,1539,1179
891,1095,398,1037,1539,1179
912,1095,398,1037,1539,1179
938,1096,398,1037,1539,1179
967,1096,398,1037,1539,1179
994,1097,398,1037,1539,1179
1019,1101,398,1037,1539,1179
1047,1104,398,1037,1539,1179
1072,1109,398,1037,1539,1179
1094,1117,398,1037,1539,1179
1116,1123,398,1037,1539,1179
1133,1126,398,1037,1539,1179
1155,1129,398,1037,1539,1179
1172,1131,398,1037,1539,1179
1189,1135,398,1037,1539,1179
1205,1139,398,1037,1539,1179
1220,1143,398,1037,1539,1179
1237,1150,398,1037,1539,1179
1253,1155,398,1037,1539,1179
1272,1158,398,1037,1539,1179
1282,1161,398,1037,1539,1179
1296,1163,398,1037,1539,1179
1311,1167,398,1037,1539,1179
1328,1169,398,1037,1539,1179
1343,1172,398,1037,1539,1179
1357,1174,398,1037,1539,1179
1368,1176,398,1037,1539,1179
1377,1176,398,1037,1539,1179
1388,1177,398,1037,1539,1179
1402,1177,398,1037,1539,1179
1411,1175,398,1037,1539,1179
1418,1174,398,1037,1539,1179
1428,1174,398,1037,1539,1179
1438,1174,398,1037,1539,1179
1447,1174,398,1037,1539,1179
1454,1174,398,1037,1539,1179
1464,1174,398,1037,1539,1179
1473,1174,398,1037,1539,1179
1479,1174,398,1037,1539,1179
1485,1172,398,1037,1539,1179
1491,1171,398,1037,1539,1179
1497,1171,398,1037,1539,1179
1501,1173,398,1037,1539,1179
1503,1173,398,1037,1539,1179
1506,1175,398,1037,1539,1179
1508,1176,398,1037,1539,1179
1509,1176,398,1037,1539,1179
1511,1178,398,1037,1539,1179
1514,1179,398,1037,1539,1179
1514,1179,398,1037,1539,1179
1514,1179,398,1037,1539,1179
1517,1179,398,1037,1539,1179
1519,1180,398,1037,1539,1179
1522,1180,398,1037,1539,1179
1524,1180,398,1037,1539,1179
1526,1180,398,1037,1539,1179
1528,1181,398,1037,1539,1179
1530,1182,398,1037,1539,1179
1531,1183,398,1037,1539,1179
1533,1184,398,1037,1539,1179
1534,1185,398,1037,1539,1179
1535,1185,398,1037,1539,1179
1535,1185,398,1037,1539,1179
1535,1185,398,1037,1539,1179
1536,1183,398,1037,1539,1179
1539,1180,398,1037,1539,1179
1540,1177,398,1037,1539,1179
1540,1174,398,1037,1539,1179
1540,1170,398,1037,1539,1179
1538,1165,398,1037,1539,1179
1536,1162,398,1037,1539,1179
1533,1158,398,1037,1539,1179
1529,1151,398,1037,1539,1179
1517,1134,398,1037,1539,1179
1501,1118,398,1037,1539,1179
1491,1104,398,1037,1539,1179
1483,1091,398,1037,1539,1179
1473,1075,398,1037,1539,1179
1463,1059,398,1037,1539,1179
1451,1046,398,1037,1539,1179
1434,1029,398,1037,1539,1179
1414,1010,398,1037,1539,1179
1397,989,398,1037,1539,1179
1381,968,398,1037,1539,1179
1367,951,398,1037,1539,1179
1358,942,398,1037,1539,1179
1347,931,398,1037,1539,1179
1332,917,398,1037,1539,1179
1314,900,398,1037,1539,1179
1297,882,398,1037,1539,1179
1280,866,398,1037,1539,1179
1264,851,398,1037,1539,1179
1248,833,398,1037,1539,1179
1233,815,398,1037,1539,1179
1217,793,398,1037,1539,1179
1206,772,398,1037,1539,1179
1192,753,398,1037,1539,1179
1184,742,398,1037,1539,1179
1176,724,398,1037,1539,1179
1168,707,398,1037,1539,1179
1161,689,398,1037,1539,1179
1157,671,398,1037,1539,1179
1154,649,398,1037,1539,1179
1151,632,398,1037,1539,1179
1148,615,398,1037,1539,1179
1145,597,398,1037,1539,1179
1140,577,398,1037,1539,1179
1136,563,398,1037,1539,1179
1130,545,398,1037,1539,1179
1122,526,398,1037,1539,1179
1113,508,398,1037,1539,1179
1104,492,398,1037,1539,1179
1094,474,398,1037,1539,1179
1086,458,398,1037,1539,1179
1080,443,398,1037,1539,1179
1075,430,398,1037,1539,1179
1072,421,398,1037,1539,1179
1069,410,398,1037,1539,1179
1068,401,398,1037,1539,1179
1067,396,398,1037,1539,1179
1066,389,398,1037,1539,1179
1065,383,398,1037,1539,1179
1065,379,398,1037,1539,1179
1065,377,398,1037,1539,1179
