890,366,506,1141,1348,1057
890,366,506,1141,1348,1057
890,366,506,1141,1348,1057
890,366,506,1141,1348,1057
890,366,506,1141,1348,1057
890,366,506,1141,1348,1057
890,366,506,1141,1348,1057
890,366,506,1141,1348,1057
890,366,506,1141,1348,1057
890,367,506,1141,1348,1057
888,380,506,1141,1348,1057
886,389,506,1141,1348,1057
885,395,506,1141,1348,1057
884,398,506,1141,1348,1057
881,406,506,1141,1348,1057
878,417,506,1141,1348,1057
875,427,506,1141,1348,1057
872,434,506,1141,1348,1057
868,444,506,1141,1348,1057
864,453,506,1141,1348,1057
856,465,506,1141,1348,1057
850,476,506,1141,1348,1057
840,490,506,1141,1348,1057
832,502,506,1141,1348,1057
824,515,506,1141,1348,1057
818,524,506,1141,1348,1057
810,537,506,1141,1348,1057
802,552,506,1141,1348,1057
790,570,506,1141,1348,1057
784,580,506,1141,1348,1057
775,590,506,1141,1348,1057
771,597,506,1141,1348,1057
767,605,506,1141,1348,1057
763,614,506,1141,1348,1057
759,624,506,1141,1348,1057
755,631,506,1141,1348,1057
753,635,506,1141,1348,1057
749,644,506,1141,1348,1057
743,655,506,1141,1348,1057
737,667,506,1141,1348,1057
733,675,506,1141,1348,1057
730,680,506,1141,1348,1057
724,690,506,1141,1348,1057
716,707,506,1141,1348,1057
710,729,506,1141,1348,1057
700,747,506,1141,1348,1057
698,757,506,1141,1348,1057
694,766,506,1141,1348,1057
692,774,506,1141,1348,1057
690,784,506,1141,1348,1057
691,792,506,1141,1348,1057
688,802,506,1141,1348,1057
687,809,506,1141,1348,1057
683,819,506,1141,1348,1057
678,828,506,1141,1348,1057
670,838,506,1141,1348,1057
664,848,506,1141,1348,1057
656,859,506,1141,1348,1057
648,873,506,1141,1348,1057
643,883,506,1141,1348,1057
633,900,506,1141,1348,1057
625,914,506,1141,1348,1057
618,926,506,1141,1348,1057
611,936,506,1141,1348,1057
608,940,506,1141,1348,1057
608,941,506,1141,1348,1057
605,946,506,1141,1348,1057
602,956,506,1141,1348,1057
600,967,506,1141,1348,1057
596,977,506,1141,1348,1057
594,981,506,1141,1348,1057
592,986,506,1141,1348,1057
589,992,506,1141,1348,1057
584,999,506,1141,1348,1057
577,1010,506,1141,1348,1057
571,1022,506,1141,1348,1057
566,1035,506,1141,1348,1057
564,1040,506,1141,1348,1057
564,1043,506,1141,1348,1057
561,1048,506,1141,1348,1057
559,1053,506,1141,1348,1057
555,1059,506,1141,1348,1057
553,1064,506,1141,1348,1057
549,1071,506,1141,1348,1057
545,1075,506,1141,1348,1057
540,1083,506,1141,1348,1057
537,1089,506,1141,1348,1057
531,1097,506,1141,1348,1057
527,1104,506,1141,1348,1057
525,1109,506,1141,1348,1057
523,1114,506,1141,1348,1057
519,1120,506,1141,1348,1057
519,1123,506,1141,1348,1057
517,1128,506,1141,1348,1057
514,1133,506,1141,1348,1057
512,1134,506,1141,1348,1057
511,1137,506,1141,1348,1057
510,1137,506,1141,1348,1057
509,1141,506,1141,1348,1057
506,1146,506,1141,1348,1057
506,1147,506,1141,1348,1057
506,1147,506,1141,1348,1057
506,1147,506,1141,1348,1057
506,1147,506,1141,1348,1057
510,1146,506,1141,1348,1057
517,1143,506,1141,1348,1057
524,1139,506,1141,1348,1057
538,1134,506,1141,1348,1057
555,1127,506,1141,1348,1057
568,1124,506,1141,1348,1057
584,1122,506,1141,1348,1057
592,1121,506,1141,1348,1057
592,1121,506,1141,1348,1057
598,1120,506,1141,1348,1057
611,1116,506,1141,1348,1057
624,1113,506,1141,1348,1057
641,1110,506,1141,1348,1057
666,1107,506,1141,1348,1057
683,1102,506,1141,1348,1057
693,1100,506,1141,1348,1057
702,1099,506,1141,1348,1057
718,1095,506,1141,1348,1057
724,1092,506,1141,1348,1057
735,1088,506,1141,1348,1057
752,1086,506,1141,1348,1057
757,1084,506,1141,1348,1057
765,1084,506,1141,1348,1057
782,1080,506,1141,1348,1057
804,1078,506,1141,1348,1057
832,1078,506,1141,1348,1057
859,1078,506,1141,1348,1057
890,1078,506,1141,1348,1057
908,1078,506,1141,1348,1057
924,1077,506,1141,1348,1057
941,1077,506,1141,1348,1057
947,1077,506,1141,1348,1057
958,1076,506,1141,1348,1057
971,1074,506,1141,1348,1057
977,1071,506,1141,1348,1057
981,1070,506,1141,1348,1057
993,1070,506,1141,1348,1057
1009,1070,506,1141,1348,1057
1020,1068,506,1141,1348,1057
1032,1068,506,1141,1348,1057
1050,1066,506,1141,1348,1057
1063,1064,506,1141,1348,1057
1079,1063,506,1141,1348,1057
1098,1063,506,1141,1348,1057
1112,1063,506,1141,1348,1057
1132,1063,506,1141,1348,1057
1156,1063,506,1141,1348,1057
1167,1062,506,1141,1348,1057
1171,1061,506,1141,1348,1057
1182,1061,506,1141,1348,1057
1189,1060,506,1141,1348,1057
1194,1059,506,1141,1348,1057
1204,1058,506,1141,1348,1057
1222,1056,506,1141,1348,1057
1233,1052,506,1141,1348,1057
1243,1047,506,1141,1348,1057
1247,1045,506,1141,1348,1057
1247,1045,506,1141,1348,1057
1250,1046,506,1141,1348,1057
1259,1049,506,1141,1348,1057
1270,1050,506,1141,1348,1057
1282,1050,506,1141,1348,1057
1289,1051,506,1141,1348,1057
1293,1051,506,1141,1348,1057
1296,1052,506,1141,1348,1057
1298,1052,506,1141,1348,1057
1304,1054,506,1141,1348,1057
1312,1054,506,1141,1348,1057
1313,1054,506,1141,1348,1057
1319,1055,506,1141,1348,1057
1322,1055,506,1141,1348,1057
1322,1055,506,1141,1348,1057
1322,1055,506,1141,1348,1057
1329,1054,506,1141,1348,1057
1339,1054,506,1141,1348,1057
1343,1055,506,1141,1348,1057
1344,1055,506,1141,1348,1057
1344,1055,506,1141,1348,1057
1346,1053,506,1141,1348,1057
1348,1052,506,1141,1348,1057
1348,1052,506,1141,1348,1057
1349,1052,506,1141,1348,1057
1349,1052,506,1141,1348,1057
1349,1052,506,1141,1348,1057
1349,1052,506,1141,1348,1057
1349,1052,506,1141,1348,1057
1349,1052,506,1141,1348,1057
1349,1052,506,1141,1348,1057
1340,1045,506,1141,1348,1057
1329,1030,506,1141,1348,1057
1322,1013,506,1141,1348,1057
1318,1002,506,1141,1348,1057
1317,993,506,1141,1348,1057
1315,979,506,1141,1348,1057
1310,965,506,1141,1348,1057
1306,954,506,1141,1348,1057
1304,944,506,1141,1348,1057
1301,936,506,1141,1348,1057
1295,922,506,1141,1348,1057
1288,908,506,1141,1348,1057
1284,899,506,1141,1348,1057
1280,889,506,1141,1348,1057
1272,872,506,1141,1348,1057
1267,859,506,1141,1348,1057
1261,846,506,1141,1348,1057
1253,833,506,1141,1348,1057
1248,818,506,1141,1348,1057
1243,806,506,1141,1348,1057
1236,794,506,1141,1348,1057
1230,781,506,1141,1348,1057
1225,769,506,1141,1348,1057
1220,759,506,1141,1348,1057
1216,751,506,1141,1348,1057
1211,739,506,1141,1348,1057
1202,724,506,1141,1348,1057
1191,704,506,1141,1348,1057
1183,689,506,1141,1348,1057
1173,673,506,1141,1348,1057
1166,661,506,1141,1348,1057
1159,650,506,1141,1348,1057
1153,642,506,1141,1348,1057
1150,637,506,1141,1348,1057
1145,630,506,1141,1348,1057
1140,622,506,1141,1348,1057
1135,613,506,1141,1348,1057
1129,603,506,1141,1348,1057
1123,590,506,1141,1348,1057
1119,582,506,1141,1348,1057
1115,573,506,1141,1348,1057
1109,562,506,1141,1348,1057
1103,547,506,1141,1348,1057
1097,533,506,1141,1348,1057
1092,520,506,1141,1348,1057
1087,505,506,1141,1348,1057
1081,484,506,1141,1348,1057
1076,466,506,1141,1348,1057
1073,457,506,1141,1348,1057
1071,450,506,1141,1348,1057
1070,443,506,1141,1348,1057
1068,434,506,1141,1348,1057
1067,428,506,1141,1348,1057
1066,423,506,1141,1348,1057
1063,417,506,1141,1348,1057
1063,413,506,1141,1348,1057
1062,409,506,1141,1348,1057
1060,404,506,1141,1348,1057
1059,400,506,1141,1348,1057
1058,396,506,1141,1348,1057
1058,390,506,1141,1348,1057
1058,385,506,1141,1348,1057
1058,383,506,1141,1348,1057
1059,383,506,1141,1348,1057
1060,383,506,1141,1348,1057
1060,383,506,1141,1348,1057
1060,383,506,1141,1348,1057
1060,383,506,1141,1348,1057
1060,383,506,1141,1348,1057
1060,383,506,1141,1348,1057
1060,383,506,1141,1348,1057
1060,383,506,1141,1348,1057
1060,383,506,1141,1348,1057
