868,372,608,1082,1354,1180
868,372,608,1082,1354,1180
868,372,608,1082,1354,1180
868,372,608,1082,1354,1180
868,372,608,1082,1354,1180
868,372,608,1082,1354,1180
868,378,608,1082,1354,1180
867,394,608,1082,1354,1180
866,413,608,1082,1354,1180
865,424,608,1082,1354,1180
864,430,608,1082,1354,1180
861,441,608,1082,1354,1180
857,454,608,1082,1354,1180
854,465,608,1082,1354,1180
850,475,608,1082,1354,1180
847,484,608,1082,1354,1180
842,497,608,1082,1354,1180
838,511,608,1082,1354,1180
835,521,608,1082,1354,1180
829,534,608,1082,1354,1180
823,546,608,1082,1354,1180
818,560,608,1082,1354,1180
813,576,608,1082,1354,1180
809,588,608,1082,1354,1180
805,600,608,1082,1354,1180
801,613,608,1082,1354,1180
792,634,608,1082,1354,1180
788,647,608,1082,1354,1180
785,657,608,1082,1354,1180
779,669,608,1082,1354,1180
773,683,608,1082,1354,1180
769,692,608,1082,1354,1180
763,703,608,1082,1354,1180
759,712,608,1082,1354,1180
756,720,608,1082,1354,1180
753,729,608,1082,1354,1180
749,741,608,1082,1354,1180
746,756,608,1082,1354,1180
741,773,608,1082,1354,1180
738,787,608,1082,1354,1180
737,798,608,1082,1354,1180
736,808,608,1082,1354,1180
733,821,608,1082,1354,1180
729,833,608,1082,1354,1180
726,845,608,1082,1354,1180
721,856,608,1082,1354,1180
716,869,608,1082,1354,1180
710,883,608,1082,1354,1180
704,898,608,1082,1354,1180
698,910,608,1082,1354,1180
691,923,608,1082,1354,1180
686,934,608,1082,1354,1180
679,947,608,1082,1354,1180
672,957,608,1082,1354,1180
669,963,608,1082,1354,1180
665,968,608,1082,1354,1180
663,973,608,1082,1354,1180
660,979,608,1082,1354,1180
656,986,608,1082,1354,1180
653,992,608,1082,1354,1180
648,1001,608,1082,1354,1180
646,1005,608,1082,1354,1180
642,1012,608,1082,1354,1180
638,1020,608,1082,1354,1180
635,1027,608,1082,1354,1180
633,1030,608,1082,1354,1180
633,1030,608,1082,1354,1180
629,1036,608,1082,1354,1180
622,1046,608,1082,1354,1180
620,1050,608,1082,1354,1180
619,1052,608,1082,1354,1180
618,1054,608,1082,1354,1180
617,1058,608,1082,1354,1180
615,1064,608,1082,1354,1180
614,1067,608,1082,1354,1180
613,1070,608,1082,1354,1180
613,1070,608,1082,1354,1180
610,1077,608,1082,1354,1180
605,1086,608,1082,1354,1180
603,1091,608,1082,1354,1180
602,1092,608,1082,1354,1180
602,1092,608,1082,1354,1180
603,1092,608,1082,1354,1180
603,1092,608,1082,1354,1180
603,1092,608,1082,1354,1180
603,1092,608,1082,1354,1180
603,1092,608,1082,1354,1180
603,1092,608,1082,1354,1180
604,1092,608,1082,1354,1180
615,1093,608,1082,1354,1180
627,1094,608,1082,1354,1180
642,1094,608,1082,1354,1180
656,1095,608,1082,1354,1180
665,1096,608,1082,1354,1180
672,1097,608,1082,1354,1180
684,1098,608,1082,1354,1180
693,1099,608,1082,1354,1180
704,1101,608,1082,1354,1180
717,1103,608,1082,1354,1180
732,1104,608,1082,1354,1180
747,1107,608,1082,1354,1180
761,1109,608,1082,1354,1180
770,1109,608,1082,1354,1180
784,1110,608,1082,1354,1180
800,1111,608,1082,1354,1180
817,1113,608,1082,1354,1180
832,1114,608,1082,1354,1180
843,1117,608,1082,1354,1180
854,1119,608,1082,1354,1180
866,1120,608,1082,1354,1180
879,1122,608,1082,1354,1180
893,1124,608,1082,1354,1180
909,1126,608,1082,1354,1180
924,1129,608,1082,1354,1180
939,1132,608,1082,1354,1180
953,1135,608,1082,1354,1180
967,1139,608,1082,1354,1180
988,1144,608,1082,1354,1180
1004,1147,608,1082,1354,1180
1017,1150,608,1082,1354,1180
1038,1153,608,1082,1354,1180
1050,1156,608,1082,1354,1180
1066,1159,608,1082,1354,1180
1082,1162,608,1082,1354,1180
1093,1165,608,1082,1354,1180
1106,1167,608,1082,1354,1180
1118,1169,608,1082,1354,1180
1126,1171,608,1082,1354,1180
1135,1173,608,1082,1354,1180
1146,1173,608,1082,1354,1180
1154,1174,608,1082,1354,1180
1162,1174,608,1082,1354,1180
1170,1175,608,1082,1354,1180
1180,1175,608,1082,1354,1180
1186,1176,608,1082,1354,1180
1194,1177,608,1082,1354,1180
1206,1177,608,1082,1354,1180
1216,1178,608,1082,1354,1180
1224,1178,608,1082,1354,1180
1233,1180,608,1082,1354,1180
1243,1181,608,1082,1354,1180
1249,1181,608,1082,1354,1180
1255,1181,608,1082,1354,1180
1265,1183,608,1082,1354,1180
1272,1184,608,1082,1354,1180
1279,1184,608,1082,1354,1180
1285,1184,608,1082,1354,1180
1296,1184,608,1082,1354,1180
1306,1184,608,1082,1354,1180
1310,1184,608,1082,1354,1180
1310,1184,608,1082,1354,1180
1310,1184,608,1082,1354,1180
1315,1184,608,1082,1354,1180
1318,1184,608,1082,1354,1180
1318,1184,608,1082,1354,1180
1318,1184,608,1082,1354,1180
1318,1184,608,1082,1354,1180
1320,1184,608,1082,1354,1180
1335,1186,608,1082,1354,1180
1347,1188,608,1082,1354,1180
1347,1188,608,1082,1354,1180
1347,1188,608,1082,1354,1180
1351,1188,608,1082,1354,1180
1353,1188,608,1082,1354,1180
1353,1188,608,1082,1354,1180
1353,1188,608,1082,1354,1180
1353,1188,608,1082,1354,1180
1353,1188,608,1082,1354,1180
1354,1188,608,1082,1354,1180
1355,1187,608,1082,1354,1180
1355,1186,608,1082,1354,1180
1354,1185,608,1082,1354,1180
1354,1182,608,1082,1354,1180
1353,1181,608,1082,1354,1180
1352,1177,608,1082,1354,1180
1350,1170,608,1082,1354,1180
1346,1159,608,1082,1354,1180
1342,1144,608,1082,1354,1180
1336,1130,608,1082,1354,1180
1329,1115,608,1082,1354,1180
1322,1097,608,1082,1354,1180
1315,1076,608,1082,1354,1180
1309,1061,608,1082,1354,1180
1303,1042,608,1082,1354,1180
1297,1024,608,1082,1354,1180
1292,998,608,1082,1354,1180
1280,959,608,1082,1354,1180
1275,914,608,1082,1354,1180
1273,882,608,1082,1354,1180
1272,858,608,1082,1354,1180
1268,832,608,1082,1354,1180
1265,814,608,1082,1354,1180
1259,790,608,1082,1354,1180
1251,765,608,1082,1354,1180
1243,741,608,1082,1354,1180
1236,724,608,1082,1354,1180
1231,706,608,1082,1354,1180
1222,685,608,1082,1354,1180
1211,662,608,1082,1354,1180
1202,641,608,1082,1354,1180
1193,627,608,1082,1354,1180
1183,611,608,1082,1354,1180
1175,598,608,1082,1354,1180
1169,588,608,1082,1354,1180
1160,577,608,1082,1354,1180
1152,562,608,1082,1354,1180
1142,549,608,1082,1354,1180
1133,537,608,1082,1354,1180
1131,532,608,1082,1354,1180
1114,502,608,1082,1354,1180
1101,483,608,1082,1354,1180
1092,473,608,1082,1354,1180
1088,467,608,1082,1354,1180
1083,457,608,1082,1354,1180
1080,450,608,1082,1354,1180
1078,445,608,1082,1354,1180
1076,440,608,1082,1354,1180
1074,430,608,1082,1354,1180
1069,418,608,1082,1354,1180
1065,411,608,1082,1354,1180
1061,402,608,1082,1354,1180
1057,392,608,1082,1354,1180
1056,387,608,1082,1354,1180
1054,381,608,1082,1354,1180
1052,378,608,1082,1354,1180
1052,378,608,1082,1354,1180
1052,378,608,1082,1354,1180
1052,377,608,1082,1354,1180
1052,377,608,1082,1354,1180
1052,377,608,1082,1354,1180
