878,378,501,1082,1643,935
878,378,501,1082,1643,935
878,378,501,1082,1643,935
878,378,501,1082,1643,935
878,378,501,1082,1643,935
876,394,501,1082,1643,935
866,422,501,1082,1643,935
853,452,501,1082,1643,935
845,473,501,1082,1643,935
840,486,501,1082,1643,935
835,496,501,1082,1643,935
832,506,501,1082,1643,935
830,513,501,1082,1643,935
826,524,501,1082,1643,935
821,540,501,1082,1643,935
814,562,501,1082,1643,935
805,586,501,1082,1643,935
796,604,501,1082,1643,935
788,619,501,1082,1643,935
778,635,501,1082,1643,935
769,650,501,1082,1643,935
762,661,501,1082,1643,935
748,682,501,1082,1643,935
733,705,501,1082,1643,935
722,722,501,1082,1643,935
713,736,501,1082,1643,935
701,755,501,1082,1643,935
690,773,501,1082,1643,935
684,783,501,1082,1643,935
677,795,501,1082,1643,935
663,812,501,1082,1643,935
652,829,501,1082,1643,935
642,844,501,1082,1643,935
631,858,501,1082,1643,935
620,874,501,1082,1643,935
615,884,501,1082,1643,935
612,889,501,1082,1643,935
608,896,501,1082,1643,935
600,908,501,1082,1643,935
594,919,501,1082,1643,935
587,931,501,1082,1643,935
578,945,501,1082,1643,935
570,955,501,1082,1643,935
565,963,501,1082,1643,935
557,973,501,1082,1643,935
550,983,501,1082,1643,935
547,988,501,1082,1643,935
545,991,501,1082,1643,935
545,991,501,1082,1643,935
544,993,501,1082,1643,935
539,1002,501,1082,1643,935
535,1007,501,1082,1643,935
533,1010,501,1082,1643,935
531,1014,501,1082,1643,935
529,1018,501,1082,1643,935
527,1021,501,1082,1643,935
525,1027,501,1082,1643,935
522,1031,501,1082,1643,935
519,1036,501,1082,1643,935
517,1040,501,1082,1643,935
515,1045,501,1082,1643,935
513,1048,501,1082,1643,935
511,1050,501,1082,1643,935
511,1052,501,1082,1643,935
510,1056,501,1082,1643,935
509,1058,501,1082,1643,935
509,1061,501,1082,1643,935
508,1065,501,1082,1643,935
506,1071,501,1082,1643,935
505,1079,501,1082,1643,935
505,1082,501,1082,1643,935
505,1082,501,1082,1643,935
505,1082,501,1082,1643,935
505,1082,501,1082,1643,935
505,1082,501,1082,1643,935
505,1082,501,1082,1643,935
505,1083,501,1082,1643,935
505,1083,501,1082,1643,935
505,1083,501,1082,1643,935
505,1082,501,1082,1643,935
510,1082,501,1082,1643,935
521,1080,501,1082,1643,935
535,1078,501,1082,1643,935
559,1075,501,1082,1643,935
588,1072,501,1082,1643,935
614,1072,501,1082,1643,935
631,1071,501,1082,1643,935
644,1069,501,1082,1643,935
659,1067,501,1082,1643,935
672,1065,501,1082,1643,935
691,1062,501,1082,1643,935
712,1059,501,1082,1643,935
733,1056,501,1082,1643,935
760,1053,501,1082,1643,935
791,1048,501,1082,1643,935
820,1042,501,1082,1643,935
845,1036,501,1082,1643,935
870,1028,501,1082,1643,935
888,1023,501,1082,1643,935
909,1020,501,1082,1643,935
928,1015,501,1082,1643,935
946,1011,501,1082,1643,935
957,1009,501,1082,1643,935
969,1008,501,1082,1643,935
984,1007,501,1082,1643,935
1001,1006,501,1082,1643,935
1016,1006,501,1082,1643,935
1036,1003,501,1082,1643,935
1059,1003,501,1082,1643,935
1084,1003,501,1082,1643,935
1101,1003,501,1082,1643,935
1118,1002,501,1082,1643,935
1135,1002,501,1082,1643,935
1152,1002,501,1082,1643,935
1164,1002,501,1082,1643,935
1184,1002,501,1082,1643,935
1207,1002,501,1082,1643,935
1235,1000,501,1082,1643,935
1261,1000,501,1082,1643,935
1284,999,501,1082,1643,935
1304,999,501,1082,1643,935
1327,997,501,1082,1643,935
1347,995,501,1082,1643,935
1372,994,501,1082,1643,935
1396,991,501,1082,1643,935
1416,987,501,1082,1643,935
1429,983,501,1082,1643,935
1436,979,501,1082,1643,935
1443,976,501,1082,1643,935
1456,971,501,1082,1643,935
1468,968,501,1082,1643,935
1484,964,501,1082,1643,935
1500,962,501,1082,1643,935
1515,960,501,1082,1643,935
1528,959,501,1082,1643,935
1543,956,501,1082,1643,935
1552,956,501,1082,1643,935
1565,954,501,1082,1643,935
1578,952,501,1082,1643,935
1586,949,501,1082,1643,935
1591,948,501,1082,1643,935
1597,947,501,1082,1643,935
1608,942,501,1082,1643,935
1614,940,501,1082,1643,935
1620,936,501,1082,1643,935
1626,934,501,1082,1643,935
1629,933,501,1082,1643,935
1631,933,501,1082,1643,935
1634,932,501,1082,1643,935
1635,932,501,1082,1643,935
1639,932,501,1082,1643,935
1647,932,501,1082,1643,935
1649,932,501,1082,1643,935
1649,933,501,1082,1643,935
1649,933,501,1082,1643,935
1649,933,501,1082,1643,935
1649,933,501,1082,1643,935
1649,933,501,1082,1643,935
1649,933,501,1082,1643,935
1649,933,501,1082,1643,935
1649,933,501,1082,1643,935
1649,933,501,1082,1643,935
1644,927,501,1082,1643,935
1628,910,501,1082,1643,935
1615,899,501,1082,1643,935
1605,890,501,1082,1643,935
1595,882,501,1082,1643,935
1585,875,501,1082,1643,935
1576,871,501,1082,1643,935
1561,863,501,1082,1643,935
1542,854,501,1082,1643,935
1524,844,501,1082,1643,935
1508,833,501,1082,1643,935
1490,819,501,1082,1643,935
1470,799,501,1082,1643,935
1456,786,501,1082,1643,935
1448,779,501,1082,1643,935
1435,765,501,1082,1643,935
1423,753,501,1082,1643,935
1411,740,501,1082,1643,935
1397,727,501,1082,1643,935
1378,708,501,1082,1643,935
1361,693,501,1082,1643,935
1348,679,501,1082,1643,935
1336,669,501,1082,1643,935
1317,657,501,1082,1643,935
1304,647,501,1082,1643,935
1290,639,501,1082,1643,935
1279,630,501,1082,1643,935
1265,620,501,1082,1643,935
1253,611,501,1082,1643,935
1239,601,501,1082,1643,935
1226,588,501,1082,1643,935
1216,578,501,1082,1643,935
1203,565,501,1082,1643,935
1190,550,501,1082,1643,935
1181,536,501,1082,1643,935
1173,523,501,1082,1643,935
1166,511,501,1082,1643,935
1162,501,501,1082,1643,935
1157,489,501,1082,1643,935
1155,476,501,1082,1643,935
1152,462,501,1082,1643,935
1148,450,501,1082,1643,935
1144,441,501,1082,1643,935
1139,433,501,1082,1643,935
1131,423,501,1082,1643,935
1125,418,501,1082,1643,935
1119,414,501,1082,1643,935
1108,408,501,1082,1643,935
1094,402,501,1082,1643,935
1081,398,501,1082,1643,935
1074,396,501,1082,1643,935
1066,393,501,1082,1643,935
1059,391,501,1082,1643,935
1054,387,501,1082,1643,935
1047,383,501,1082,1643,935
1044,380,501,1082,1643,935
1039,375,501,1082,1643,935
1038,375,501,1082,1643,935
