889,373,420,1156,1318,1189
889,373,420,1156,1318,1189
889,373,420,1156,1318,1189
889,373,420,1156,1318,1189
889,374,420,1156,1318,1189
889,374,420,1156,1318,1189
889,374,420,1156,1318,1189
889,374,420,1156,1318,1189
889,374,420,1156,1318,1189
889,375,420,1156,1318,1189
887,382,420,1156,1318,1189
883,390,420,1156,1318,1189
879,397,420,1156,1318,1189
874,405,420,1156,1318,1189
868,414,420,1156,1318,1189
863,421,420,1156,1318,1189
858,426,420,1156,1318,1189
853,432,420,1156,1318,1189
850,435,420,1156,1318,1189
847,439,420,1156,1318,1189
843,445,420,1156,1318,1189
840,453,420,1156,1318,1189
835,460,420,1156,1318,1189
833,465,420,1156,1318,1189
830,473,420,1156,1318,1189
825,487,420,1156,1318,1189
822,497,420,1156,1318,1189
817,509,420,1156,1318,1189
813,521,420,1156,1318,1189
810,533,420,1156,1318,1189
807,542,420,1156,1318,1189
802,553,420,1156,1318,1189
796,564,420,1156,1318,1189
794,576,420,1156,1318,1189
792,583,420,1156,1318,1189
791,587,420,1156,1318,1189
790,594,420,1156,1318,1189
786,605,420,1156,1318,1189
783,612,420,1156,1318,1189
782,616,420,1156,1318,1189
778,625,420,1156,1318,1189
774,635,420,1156,1318,1189
768,646,420,1156,1318,1189
764,654,420,1156,1318,1189
758,665,420,1156,1318,1189
754,673,420,1156,1318,1189
746,688,420,1156,1318,1189
736,706,420,1156,1318,1189
731,716,420,1156,1318,1189
729,720,420,1156,1318,1189
723,728,420,1156,1318,1189
712,744,420,1156,1318,1189
701,760,420,1156,1318,1189
675,787,420,1156,1318,1189
660,807,420,1156,1318,1189
659,808,420,1156,1318,1189
659,808,420,1156,1318,1189
658,809,420,1156,1318,1189
656,814,420,1156,1318,1189
651,826,420,1156,1318,1189
644,835,420,1156,1318,1189
639,841,420,1156,1318,1189
638,844,420,1156,1318,1189
632,850,420,1156,1318,1189
627,857,420,1156,1318,1189
624,862,420,1156,1318,1189
621,866,420,1156,1318,1189
616,872,420,1156,1318,1189
614,877,420,1156,1318,1189
612,880,420,1156,1318,1189
609,885,420,1156,1318,1189
603,893,420,1156,1318,1189
600,898,420,1156,1318,1189
598,901,420,1156,1318,1189
595,906,420,1156,1318,1189
591,915,420,1156,1318,1189
586,922,420,1156,1318,1189
584,926,420,1156,1318,1189
580,934,420,1156,1318,1189
575,943,420,1156,1318,1189
571,955,420,1156,1318,1189
566,964,420,1156,1318,1189
560,980,420,1156,1318,1189
557,993,420,1156,1318,1189
554,999,420,1156,1318,1189
549,1006,420,1156,1318,1189
545,1013,420,1156,1318,1189
541,1021,420,1156,1318,1189
537,1026,420,1156,1318,1189
533,1032,420,1156,1318,1189
530,1037,420,1156,1318,1189
529,1038,420,1156,1318,1189
526,1042,420,1156,1318,1189
520,1047,420,1156,1318,1189
517,1050,420,1156,1318,1189
513,1055,420,1156,1318,1189
506,1062,420,1156,1318,1189
500,1067,420,1156,1318,1189
497,1070,420,1156,1318,1189
490,1078,420,1156,1318,1189
481,1087,420,1156,1318,1189
475,1094,420,1156,1318,1189
471,1100,420,1156,1318,1189
469,1105,420,1156,1318,1189
464,1114,420,1156,1318,1189
459,1120,420,1156,1318,1189
457,1123,420,1156,1318,1189
455,1125,420,1156,1318,1189
453,1128,420,1156,1318,1189
451,1129,420,1156,1318,1189
449,1131,420,1156,1318,1189
446,1134,420,1156,1318,1189
442,1137,420,1156,1318,1189
438,1140,420,1156,1318,1189
436,1142,420,1156,1318,1189
436,1142,420,1156,1318,1189
436,1142,420,1156,1318,1189
431,1146,420,1156,1318,1189
431,1146,420,1156,1318,1189
431,1147,420,1156,1318,1189
430,1149,420,1156,1318,1189
429,1150,420,1156,1318,1189
429,1150,420,1156,1318,1189
428,1151,420,1156,1318,1189
428,1152,420,1156,1318,1189
425,1154,420,1156,1318,1189
424,1155,420,1156,1318,1189
424,1155,420,1156,1318,1189
424,1157,420,1156,1318,1189
424,1157,420,1156,1318,1189
424,1157,420,1156,1318,1189
424,1157,420,1156,1318,1189
424,1157,420,1156,1318,1189
426,1155,420,1156,1318,1189
430,1153,420,1156,1318,1189
442,1151,420,1156,1318,1189
453,1149,420,1156,1318,1189
463,1149,420,1156,1318,1189
479,1150,420,1156,1318,1189
493,1151,420,1156,1318,1189
512,1152,420,1156,1318,1189
529,1152,420,1156,1318,1189
544,1150,420,1156,1318,1189
557,1148,420,1156,1318,1189
566,1147,420,1156,1318,1189
575,1147,420,1156,1318,1189
584,1145,420,1156,1318,1189
590,1144,420,1156,1318,1189
602,1141,420,1156,1318,1189
620,1141,420,1156,1318,1189
628,1140,420,1156,1318,1189
638,1140,420,1156,1318,1189
648,1141,420,1156,1318,1189
656,1141,420,1156,1318,1189
666,1142,420,1156,1318,1189
672,1142,420,1156,1318,1189
679,1143,420,1156,1318,1189
692,1144,420,1156,1318,1189
702,1145,420,1156,1318,1189
707,1145,420,1156,1318,1189
719,1145,420,1156,1318,1189
734,1145,420,1156,1318,1189
743,1146,420,1156,1318,1189
756,1147,420,1156,1318,1189
767,1149,420,1156,1318,1189
774,1152,420,1156,1318,1189
783,1155,420,1156,1318,1189
797,1160,420,1156,1318,1189
802,1161,420,1156,1318,1189
805,1161,420,1156,1318,1189
816,1164,420,1156,1318,1189
825,1165,420,1156,1318,1189
831,1166,420,1156,1318,1189
842,1169,420,1156,1318,1189
855,1171,420,1156,1318,1189
862,1172,420,1156,1318,1189
873,1174,420,1156,1318,1189
881,1176,420,1156,1318,1189
889,1177,420,1156,1318,1189
900,1178,420,1156,1318,1189
916,1179,420,1156,1318,1189
930,1180,420,1156,1318,1189
940,1180,420,1156,1318,1189
948,1182,420,1156,1318,1189
957,1182,420,1156,1318,1189
962,1182,420,1156,1318,1189
962,1182,420,1156,1318,1189
968,1185,420,1156,1318,1189
981,1190,420,1156,1318,1189
994,1194,420,1156,1318,1189
1007,1199,420,1156,1318,1189
1014,1202,420,1156,1318,1189
1021,1204,420,1156,1318,1189
1038,1207,420,1156,1318,1189
1053,1208,420,1156,1318,1189
1062,1209,420,1156,1318,1189
1075,1209,420,1156,1318,1189
1087,1209,420,1156,1318,1189
1087,1210,420,1156,1318,1189
1089,1211,420,1156,1318,1189
1109,1216,420,1156,1318,1189
1116,1216,420,1156,1318,1189
1119,1216,420,1156,1318,1189
1129,1217,420,1156,1318,1189
1138,1217,420,1156,1318,1189
1140,1216,420,1156,1318,1189
1142,1216,420,1156,1318,1189
1155,1215,420,1156,1318,1189
1168,1214,420,1156,1318,1189
1176,1214,420,1156,1318,1189
1184,1213,420,1156,1318,1189
1186,1213,420,1156,1318,1189
1187,1212,420,1156,1318,1189
1195,1210,420,1156,1318,1189
1207,1207,420,1156,1318,1189
1213,1204,420,1156,1318,1189
1222,1204,420,1156,1318,1189
1229,1203,420,1156,1318,1189
1231,1202,420,1156,1318,1189
1235,1200,420,1156,1318,1189
1242,1198,420,1156,1318,1189
1243,1197,420,1156,1318,1189
1244,1195,420,1156,1318,1189
1248,1193,420,1156,1318,1189
1262,1193,420,1156,1318,1189
1266,1193,420,1156,1318,1189
1266,1193,420,1156,1318,1189
1266,1193,420,1156,1318,1189
1266,1193,420,1156,1318,1189
1267,1194,420,1156,1318,1189
1272,1194,420,1156,1318,1189
1275,1194,420,1156,1318,1189
1277,1194,420,1156,1318,1189
1290,1196,420,1156,1318,1189
1307,1198,420,1156,1318,1189
1310,1198,420,1156,1318,1189
1310,1197,420,1156,1318,1189
1310,1197,420,1156,1318,1189
1310,1197,420,1156,1318,1189
1310,1197,420,1156,1318,1189
1311,1198,420,1156,1318,1189
1312,1197,420,1156,1318,1189
1315,1196,420,1156,1318,1189
1319,1194,420,1156,1318,1189
1322,1193,420,1156,1318,1189
1322,1193,420,1156,1318,1189
1322,1192,420,1156,1318,1189
1322,1192,420,1156,1318,1189
1323,1192,420,1156,1318,1189
1323,1192,420,1156,1318,1189
1323,1192,420,1156,1318,1189
1323,1192,420,1156,1318,1189
1323,1192,420,1156,1318,1189
1323,1192,420,1156,1318,1189
1323,1192,420,1156,1318,1189
1318,1183,420,1156,1318,1189
1297,1154,420,1156,1318,1189
1276,1128,420,1156,1318,1189
1267,1114,420,1156,1318,1189
1260,1104,420,1156,1318,1189
1255,1099,420,1156,1318,1189
1252,1089,420,1156,1318,1189
1249,1074,420,1156,1318,1189
1243,1058,420,1156,1318,1189
1240,1048,420,1156,1318,1189
1239,1042,420,1156,1318,1189
1237,1038,420,1156,1318,1189
1233,1031,420,1156,1318,1189
1232,1027,420,1156,1318,1189
1231,1020,420,1156,1318,1189
1230,1015,420,1156,1318,1189
1229,1010,420,1156,1318,1189
1229,1000,420,1156,1318,1189
1226,989,420,1156,1318,1189
1224,974,420,1156,1318,1189
1223,965,420,1156,1318,1189
1223,957,420,1156,1318,1189
1223,951,420,1156,1318,1189
1223,941,420,1156,1318,1189
1222,931,420,1156,1318,1189
1220,924,420,1156,1318,1189
1218,917,420,1156,1318,1189
1215,905,420,1156,1318,1189
1213,893,420,1156,1318,1189
1211,885,420,1156,1318,1189
1208,875,420,1156,1318,1189
1205,864,420,1156,1318,1189
1202,850,420,1156,1318,1189
1198,836,420,1156,1318,1189
1195,826,420,1156,1318,1189
1191,812,420,1156,1318,1189
1187,800,420,1156,1318,1189
1185,791,420,1156,1318,1189
1185,788,420,1156,1318,1189
1184,782,420,1156,1318,1189
1181,775,420,1156,1318,1189
1177,765,420,1156,1318,1189
1172,755,420,1156,1318,1189
1169,748,420,1156,1318,1189
1167,737,420,1156,1318,1189
1163,726,420,1156,1318,1189
1159,713,420,1156,1318,1189
1156,705,420,1156,1318,1189
1152,695,420,1156,1318,1189
1148,685,420,1156,1318,1189
1144,677,420,1156,1318,1189
1140,670,420,1156,1318,1189
1135,659,420,1156,1318,1189
1127,647,420,1156,1318,1189
1120,633,420,1156,1318,1189
1116,625,420,1156,1318,1189
1113,618,420,1156,1318,1189
1106,606,420,1156,1318,1189
1103,597,420,1156,1318,1189
1098,583,420,1156,1318,1189
1091,568,420,1156,1318,1189
1087,552,420,1156,1318,1189
1085,537,420,1156,1318,1189
1083,524,420,1156,1318,1189
1082,517,420,1156,1318,1189
1081,511,420,1156,1318,1189
1080,505,420,1156,1318,1189
1079,500,420,1156,1318,1189
1079,492,420,1156,1318,1189
1078,484,420,1156,1318,1189
1078,478,420,1156,1318,1189
1078,469,420,1156,1318,1189
1077,461,420,1156,1318,1189
1077,452,420,1156,1318,1189
1077,443,420,1156,1318,1189
1075,434,420,1156,1318,1189
1073,424,420,1156,1318,1189
1072,419,420,1156,1318,1189
1071,415,420,1156,1318,1189
1068,408,420,1156,1318,1189
1066,401,420,1156,1318,1189
1065,397,420,1156,1318,1189
1064,395,420,1156,1318,1189
1062,391,420,1156,1318,1189
1061,387,420,1156,1318,1189
1060,383,420,1156,1318,1189
1060,380,420,1156,1318,1189
1059,377,420,1156,1318,1189
1059,376,420,1156,1318,1189
1059,376,420,1156,1318,1189
1059,376,420,1156,1318,1189
1059,376,420,1156,1318,1189
1059,376,420,1156,1318,1189
1059,376,420,1156,1318,1189
