890,374,467,928,1684,1147
890,374,467,928,1684,1147
890,374,467,928,1684,1147
890,374,467,928,1684,1147
890,374,467,928,1684,1147
890,374,467,928,1684,1147
887,378,467,928,1684,1147
883,385,467,928,1684,1147
874,397,467,928,1684,1147
868,403,467,928,1684,1147
864,405,467,928,1684,1147
862,407,467,928,1684,1147
859,409,467,928,1684,1147
854,413,467,928,1684,1147
847,417,467,928,1684,1147
840,422,467,928,1684,1147
833,428,467,928,1684,1147
828,432,467,928,1684,1147
820,438,467,928,1684,1147
813,445,467,928,1684,1147
806,453,467,928,1684,1147
798,462,467,928,1684,1147
790,475,467,928,1684,1147
781,484,467,928,1684,1147
775,489,467,928,1684,1147
771,493,467,928,1684,1147
767,497,467,928,1684,1147
763,502,467,928,1684,1147
757,507,467,928,1684,1147
753,512,467,928,1684,1147
748,518,467,928,1684,1147
743,526,467,928,1684,1147
738,534,467,928,1684,1147
734,540,467,928,1684,1147
727,551,467,928,1684,1147
721,564,467,928,1684,1147
716,572,467,928,1684,1147
711,583,467,928,1684,1147
707,591,467,928,1684,1147
703,601,467,928,1684,1147
698,612,467,928,1684,1147
692,621,467,928,1684,1147
688,629,467,928,1684,1147
685,634,467,928,1684,1147
680,642,467,928,1684,1147
676,648,467,928,1684,1147
672,655,467,928,1684,1147
667,661,467,928,1684,1147
660,671,467,928,1684,1147
655,677,467,928,1684,1147
652,683,467,928,1684,1147
647,688,467,928,1684,1147
642,693,467,928,1684,1147
635,700,467,928,1684,1147
628,710,467,928,1684,1147
618,721,467,928,1684,1147
609,733,467,928,1684,1147
604,741,467,928,1684,1147
598,751,467,928,1684,1147
590,763,467,928,1684,1147
581,776,467,928,1684,1147
577,782,467,928,1684,1147
574,786,467,928,1684,1147
572,789,467,928,1684,1147
572,790,467,928,1684,1147
570,793,467,928,1684,1147
565,801,467,928,1684,1147
562,806,467,928,1684,1147
560,810,467,928,1684,1147
558,814,467,928,1684,1147
556,819,467,928,1684,1147
554,823,467,928,1684,1147
550,829,467,928,1684,1147
546,835,467,928,1684,1147
543,840,467,928,1684,1147
539,846,467,928,1684,1147
536,849,467,928,1684,1147
534,852,467,928,1684,1147
528,860,467,928,1684,1147
521,867,467,928,1684,1147
518,871,467,928,1684,1147
516,874,467,928,1684,1147
510,879,467,928,1684,1147
506,882,467,928,1684,1147
505,883,467,928,1684,1147
501,887,467,928,1684,1147
494,892,467,928,1684,1147
484,900,467,928,1684,1147
482,904,467,928,1684,1147
480,906,467,928,1684,1147
479,907,467,928,1684,1147
479,908,467,928,1684,1147
476,911,467,928,1684,1147
475,913,467,928,1684,1147
475,914,467,928,1684,1147
473,917,467,928,1684,1147
472,919,467,928,1684,1147
469,922,467,928,1684,1147
468,924,467,928,1684,1147
468,924,467,928,1684,1147
468,924,467,928,1684,1147
468,924,467,928,1684,1147
468,924,467,928,1684,1147
468,924,467,928,1684,1147
468,924,467,928,1684,1147
468,924,467,928,1684,1147
468,924,467,928,1684,1147
469,924,467,928,1684,1147
478,926,467,928,1684,1147
490,929,467,928,1684,1147
496,930,467,928,1684,1147
501,931,467,928,1684,1147
511,931,467,928,1684,1147
518,933,467,928,1684,1147
523,936,467,928,1684,1147
533,939,467,928,1684,1147
540,941,467,928,1684,1147
550,945,467,928,1684,1147
567,948,467,928,1684,1147
573,948,467,928,1684,1147
578,949,467,928,1684,1147
592,951,467,928,1684,1147
606,953,467,928,1684,1147
619,956,467,928,1684,1147
626,957,467,928,1684,1147
629,959,467,928,1684,1147
637,963,467,928,1684,1147
648,969,467,928,1684,1147
657,972,467,928,1684,1147
665,973,467,928,1684,1147
679,974,467,928,1684,1147
690,974,467,928,1684,1147
703,975,467,928,1684,1147
714,975,467,928,1684,1147
723,975,467,928,1684,1147
730,976,467,928,1684,1147
741,979,467,928,1684,1147
758,982,467,928,1684,1147
773,983,467,928,1684,1147
783,985,467,928,1684,1147
795,988,467,928,1684,1147
802,988,467,928,1684,1147
806,989,467,928,1684,1147
814,992,467,928,1684,1147
821,994,467,928,1684,1147
828,996,467,928,1684,1147
835,999,467,928,1684,1147
846,1003,467,928,1684,1147
863,1007,467,928,1684,1147
871,1009,467,928,1684,1147
882,1013,467,928,1684,1147
899,1015,467,928,1684,1147
906,1015,467,928,1684,1147
911,1017,467,928,1684,1147
919,1019,467,928,1684,1147
920,1019,467,928,1684,1147
923,1021,467,928,1684,1147
930,1024,467,928,1684,1147
937,1028,467,928,1684,1147
937,1028,467,928,1684,1147
946,1030,467,928,1684,1147
959,1033,467,928,1684,1147
967,1034,467,928,1684,1147
967,1034,467,928,1684,1147
968,1035,467,928,1684,1147
973,1036,467,928,1684,1147
984,1038,467,928,1684,1147
1018,1043,467,928,1684,1147
1046,1043,467,928,1684,1147
1051,1043,467,928,1684,1147
1056,1046,467,928,1684,1147
1065,1048,467,928,1684,1147
1081,1052,467,928,1684,1147
1101,1053,467,928,1684,1147
1120,1053,467,928,1684,1147
1129,1055,467,928,1684,1147
1137,1062,467,928,1684,1147
1149,1068,467,928,1684,1147
1157,1072,467,928,1684,1147
1166,1076,467,928,1684,1147
1173,1077,467,928,1684,1147
1173,1077,467,928,1684,1147
1183,1081,467,928,1684,1147
1195,1082,467,928,1684,1147
1208,1084,467,928,1684,1147
1215,1086,467,928,1684,1147
1229,1089,467,928,1684,1147
1242,1090,467,928,1684,1147
1253,1091,467,928,1684,1147
1264,1094,467,928,1684,1147
1281,1095,467,928,1684,1147
1291,1096,467,928,1684,1147
1297,1100,467,928,1684,1147
1308,1105,467,928,1684,1147
1316,1107,467,928,1684,1147
1319,1107,467,928,1684,1147
1327,1109,467,928,1684,1147
1343,1110,467,928,1684,1147
1353,1111,467,928,1684,1147
1353,1112,467,928,1684,1147
1353,1112,467,928,1684,1147
1353,1112,467,928,1684,1147
1353,1112,467,928,1684,1147
1357,1111,467,928,1684,1147
1367,1111,467,928,1684,1147
1373,1112,467,928,1684,1147
1379,1113,467,928,1684,1147
1388,1116,467,928,1684,1147
1407,1120,467,928,1684,1147
1418,1121,467,928,1684,1147
1419,1121,467,928,1684,1147
1424,1123,467,928,1684,1147
1432,1123,467,928,1684,1147
1438,1123,467,928,1684,1147
1446,1124,467,928,1684,1147
1454,1124,467,928,1684,1147
1465,1125,467,928,1684,1147
1481,1127,467,928,1684,1147
1487,1129,467,928,1684,1147
1498,1133,467,928,1684,1147
1523,1135,467,928,1684,1147
1534,1138,467,928,1684,1147
1537,1139,467,928,1684,1147
1541,1141,467,928,1684,1147
1547,1143,467,928,1684,1147
1549,1143,467,928,1684,1147
1553,1144,467,928,1684,1147
1561,1146,467,928,1684,1147
1573,1146,467,928,1684,1147
1583,1146,467,928,1684,1147
1584,1146,467,928,1684,1147
1584,1146,467,928,1684,1147
1586,1148,467,928,1684,1147
1590,1149,467,928,1684,1147
1594,1149,467,928,1684,1147
1599,1149,467,928,1684,1147
1608,1149,467,928,1684,1147
1614,1149,467,928,1684,1147
1626,1149,467,928,1684,1147
1631,1148,467,928,1684,1147
1632,1148,467,928,1684,1147
1633,1148,467,928,1684,1147
1642,1148,467,928,1684,1147
1649,1148,467,928,1684,1147
1649,1148,467,928,1684,1147
1649,1148,467,928,1684,1147
1653,1149,467,928,1684,1147
1669,1150,467,928,1684,1147
1673,1150,467,928,1684,1147
1673,1150,467,928,1684,1147
1673,1150,467,928,1684,1147
1676,1151,467,928,1684,1147
1681,1152,467,928,1684,1147
1685,1152,467,928,1684,1147
1685,1152,467,928,1684,1147
1685,1152,467,928,1684,1147
1685,1152,467,928,1684,1147
1685,1152,467,928,1684,1147
1685,1152,467,928,1684,1147
1685,1152,467,928,1684,1147
1685,1152,467,928,1684,1147
1685,1152,467,928,1684,1147
1685,1152,467,928,1684,1147
1685,1152,467,928,1684,1147
1678,1147,467,928,1684,1147
1672,1142,467,928,1684,1147
1665,1134,467,928,1684,1147
1656,1125,467,928,1684,1147
1646,1117,467,928,1684,1147
1642,1113,467,928,1684,1147
1640,1111,467,928,1684,1147
1636,1107,467,928,1684,1147
1630,1100,467,928,1684,1147
1626,1095,467,928,1684,1147
1616,1087,467,928,1684,1147
1598,1076,467,928,1684,1147
1583,1068,467,928,1684,1147
1573,1061,467,928,1684,1147
1565,1056,467,928,1684,1147
1554,1048,467,928,1684,1147
1550,1043,467,928,1684,1147
1546,1038,467,928,1684,1147
1542,1033,467,928,1684,1147
1539,1030,467,928,1684,1147
1536,1026,467,928,1684,1147
1529,1019,467,928,1684,1147
1523,1015,467,928,1684,1147
1521,1013,467,928,1684,1147
1515,1008,467,928,1684,1147
1505,1000,467,928,1684,1147
1497,992,467,928,1684,1147
1492,987,467,928,1684,1147
1486,980,467,928,1684,1147
1482,976,467,928,1684,1147
1475,967,467,928,1684,1147
1464,956,467,928,1684,1147
1456,949,467,928,1684,1147
1444,939,467,928,1684,1147
1436,931,467,928,1684,1147
1429,925,467,928,1684,1147
1423,919,467,928,1684,1147
1416,914,467,928,1684,1147
1413,912,467,928,1684,1147
1410,910,467,928,1684,1147
1405,907,467,928,1684,1147
1400,902,467,928,1684,1147
1394,897,467,928,1684,1147
1389,894,467,928,1684,1147
1383,889,467,928,1684,1147
1373,881,467,928,1684,1147
1364,873,467,928,1684,1147
1359,867,467,928,1684,1147
1354,861,467,928,1684,1147
1348,855,467,928,1684,1147
1339,847,467,928,1684,1147
1333,840,467,928,1684,1147
1328,835,467,928,1684,1147
1325,832,467,928,1684,1147
1319,825,467,928,1684,1147
1315,820,467,928,1684,1147
1311,815,467,928,1684,1147
1305,807,467,928,1684,1147
1300,800,467,928,1684,1147
1296,795,467,928,1684,1147
1294,791,467,928,1684,1147
1292,787,467,928,1684,1147
1287,779,467,928,1684,1147
1284,770,467,928,1684,1147
1282,765,467,928,1684,1147
1277,757,467,928,1684,1147
1271,748,467,928,1684,1147
1268,741,467,928,1684,1147
1265,736,467,928,1684,1147
1261,730,467,928,1684,1147
1258,724,467,928,1684,1147
1256,720,467,928,1684,1147
1252,713,467,928,1684,1147
1249,705,467,928,1684,1147
1248,696,467,928,1684,1147
1246,689,467,928,1684,1147
1245,684,467,928,1684,1147
1242,675,467,928,1684,1147
1239,666,467,928,1684,1147
1236,656,467,928,1684,1147
1234,647,467,928,1684,1147
1232,640,467,928,1684,1147
1229,632,467,928,1684,1147
1225,623,467,928,1684,1147
1221,612,467,928,1684,1147
1218,602,467,928,1684,1147
1217,596,467,928,1684,1147
1214,586,467,928,1684,1147
1211,575,467,928,1684,1147
1209,569,467,928,1684,1147
1207,564,467,928,1684,1147
1205,559,467,928,1684,1147
1201,553,467,928,1684,1147
1197,545,467,928,1684,1147
1195,540,467,928,1684,1147
1192,533,467,928,1684,1147
1187,528,467,928,1684,1147
1183,521,467,928,1684,1147
1179,514,467,928,1684,1147
1173,505,467,928,1684,1147
1168,497,467,928,1684,1147
1163,490,467,928,1684,1147
1158,483,467,928,1684,1147
1153,476,467,928,1684,1147
1144,468,467,928,1684,1147
1133,462,467,928,1684,1147
1125,456,467,928,1684,1147
1117,449,467,928,1684,1147
1110,442,467,928,1684,1147
1106,438,467,928,1684,1147
1103,435,467,928,1684,1147
1098,430,467,928,1684,1147
1093,425,467,928,1684,1147
1089,422,467,928,1684,1147
1087,419,467,928,1684,1147
1085,416,467,928,1684,1147
1082,411,467,928,1684,1147
1080,408,467,928,1684,1147
1078,406,467,928,1684,1147
1076,403,467,928,1684,1147
1074,400,467,928,1684,1147
1072,397,467,928,1684,1147
1071,395,467,928,1684,1147
1071,394,467,928,1684,1147
1069,391,467,928,1684,1147
1068,388,467,928,1684,1147
1067,385,467,928,1684,1147
1066,384,467,928,1684,1147
1065,381,467,928,1684,1147
1065,379,467,928,1684,1147
1064,377,467,928,1684,1147
1063,376,467,928,1684,1147
1063,377,467,928,1684,1147
1063,377,467,928,1684,1147
1063,377,467,928,1684,1147
1061,375,467,928,1684,1147
1058,372,467,928,1684,1147
1057,370,467,928,1684,1147
