917,380,583,1060,1527,1189
917,380,583,1060,1527,1189
917,380,583,1060,1527,1189
917,380,583,1060,1527,1189
917,380,583,1060,1527,1189
917,380,583,1060,1527,1189
917,380,583,1060,1527,1189
917,380,583,1060,1527,1189
917,380,583,1060,1527,1189
917,380,583,1060,1527,1189
917,380,583,1060,1527,1189
917,380,583,1060,1527,1189
916,382,583,1060,1527,1189
914,387,583,1060,1527,1189
912,391,583,1060,1527,1189
909,397,583,1060,1527,1189
906,402,583,1060,1527,1189
901,409,583,1060,1527,1189
897,415,583,1060,1527,1189
892,423,583,1060,1527,1189
889,428,583,1060,1527,1189
885,435,583,1060,1527,1189
883,439,583,1060,1527,1189
880,446,583,1060,1527,1189
878,452,583,1060,1527,1189
874,459,583,1060,1527,1189
870,467,583,1060,1527,1189
868,472,583,1060,1527,1189
863,481,583,1060,1527,1189
857,493,583,1060,1527,1189
852,502,583,1060,1527,1189
850,507,583,1060,1527,1189
846,515,583,1060,1527,1189
844,523,583,1060,1527,1189
841,529,583,1060,1527,1189
837,536,583,1060,1527,1189
833,544,583,1060,1527,1189
830,550,583,1060,1527,1189
827,556,583,1060,1527,1189
824,564,583,1060,1527,1189
820,573,583,1060,1527,1189
816,583,583,1060,1527,1189
813,592,583,1060,1527,1189
813,603,583,1060,1527,1189
812,615,583,1060,1527,1189
811,623,583,1060,1527,1189
810,634,583,1060,1527,1189
810,644,583,1060,1527,1189
810,654,583,1060,1527,1189
810,658,583,1060,1527,1189
809,663,583,1060,1527,1189
806,670,583,1060,1527,1189
805,675,583,1060,1527,1189
802,682,583,1060,1527,1189
798,690,583,1060,1527,1189
797,695,583,1060,1527,1189
796,702,583,1060,1527,1189
795,709,583,1060,1527,1189
792,717,583,1060,1527,1189
789,724,583,1060,1527,1189
785,734,583,1060,1527,1189
780,744,583,1060,1527,1189
777,756,583,1060,1527,1189
774,763,583,1060,1527,1189
769,771,583,1060,1527,1189
761,786,583,1060,1527,1189
756,796,583,1060,1527,1189
756,800,583,1060,1527,1189
754,806,583,1060,1527,1189
748,814,583,1060,1527,1189
743,822,583,1060,1527,1189
741,826,583,1060,1527,1189
740,830,583,1060,1527,1189
737,834,583,1060,1527,1189
734,838,583,1060,1527,1189
734,841,583,1060,1527,1189
732,846,583,1060,1527,1189
727,854,583,1060,1527,1189
725,859,583,1060,1527,1189
724,865,583,1060,1527,1189
719,875,583,1060,1527,1189
712,886,583,1060,1527,1189
706,895,583,1060,1527,1189
704,900,583,1060,1527,1189
696,911,583,1060,1527,1189
690,919,583,1060,1527,1189
686,925,583,1060,1527,1189
682,930,583,1060,1527,1189
677,936,583,1060,1527,1189
672,942,583,1060,1527,1189
668,947,583,1060,1527,1189
664,952,583,1060,1527,1189
661,957,583,1060,1527,1189
657,962,583,1060,1527,1189
656,963,583,1060,1527,1189
656,964,583,1060,1527,1189
654,969,583,1060,1527,1189
647,976,583,1060,1527,1189
636,985,583,1060,1527,1189
632,990,583,1060,1527,1189
629,996,583,1060,1527,1189
625,1001,583,1060,1527,1189
619,1008,583,1060,1527,1189
615,1014,583,1060,1527,1189
611,1021,583,1060,1527,1189
608,1025,583,1060,1527,1189
606,1028,583,1060,1527,1189
606,1028,583,1060,1527,1189
606,1028,583,1060,1527,1189
605,1032,583,1060,1527,1189
603,1037,583,1060,1527,1189
600,1041,583,1060,1527,1189
599,1044,583,1060,1527,1189
597,1049,583,1060,1527,1189
594,1053,583,1060,1527,1189
592,1056,583,1060,1527,1189
592,1057,583,1060,1527,1189
589,1060,583,1060,1527,1189
588,1063,583,1060,1527,1189
586,1066,583,1060,1527,1189
585,1066,583,1060,1527,1189
585,1066,583,1060,1527,1189
585,1066,583,1060,1527,1189
585,1067,583,1060,1527,1189
585,1068,583,1060,1527,1189
586,1067,583,1060,1527,1189
589,1067,583,1060,1527,1189
590,1067,583,1060,1527,1189
595,1066,583,1060,1527,1189
610,1066,583,1060,1527,1189
620,1066,583,1060,1527,1189
630,1067,583,1060,1527,1189
634,1066,583,1060,1527,1189
638,1066,583,1060,1527,1189
645,1066,583,1060,1527,1189
651,1066,583,1060,1527,1189
655,1066,583,1060,1527,1189
659,1066,583,1060,1527,1189
667,1067,583,1060,1527,1189
678,1069,583,1060,1527,1189
691,1070,583,1060,1527,1189
699,1071,583,1060,1527,1189
710,1073,583,1060,1527,1189
720,1074,583,1060,1527,1189
727,1075,583,1060,1527,1189
738,1076,583,1060,1527,1189
749,1076,583,1060,1527,1189
759,1077,583,1060,1527,1189
769,1077,583,1060,1527,1189
778,1077,583,1060,1527,1189
789,1077,583,1060,1527,1189
797,1077,583,1060,1527,1189
805,1077,583,1060,1527,1189
817,1079,583,1060,1527,1189
832,1082,583,1060,1527,1189
853,1086,583,1060,1527,1189
872,1089,583,1060,1527,1189
884,1091,583,1060,1527,1189
893,1094,583,1060,1527,1189
906,1097,583,1060,1527,1189
917,1101,583,1060,1527,1189
925,1105,583,1060,1527,1189
931,1107,583,1060,1527,1189
940,1110,583,1060,1527,1189
954,1112,583,1060,1527,1189
965,1113,583,1060,1527,1189
976,1116,583,1060,1527,1189
992,1122,583,1060,1527,1189
1004,1123,583,1060,1527,1189
1024,1123,583,1060,1527,1189
1045,1125,583,1060,1527,1189
1058,1129,583,1060,1527,1189
1076,1132,583,1060,1527,1189
1096,1136,583,1060,1527,1189
1114,1140,583,1060,1527,1189
1138,1141,583,1060,1527,1189
1151,1141,583,1060,1527,1189
1162,1142,583,1060,1527,1189
1177,1145,583,1060,1527,1189
1189,1147,583,1060,1527,1189
1198,1150,583,1060,1527,1189
1210,1152,583,1060,1527,1189
1233,1157,583,1060,1527,1189
1250,1162,583,1060,1527,1189
1258,1164,583,1060,1527,1189
1267,1166,583,1060,1527,1189
1280,1166,583,1060,1527,1189
1291,1168,583,1060,1527,1189
1295,1168,583,1060,1527,1189
1308,1169,583,1060,1527,1189
1327,1169,583,1060,1527,1189
1340,1169,583,1060,1527,1189
1349,1169,583,1060,1527,1189
1361,1169,583,1060,1527,1189
1366,1168,583,1060,1527,1189
1373,1168,583,1060,1527,1189
1379,1168,583,1060,1527,1189
1389,1170,583,1060,1527,1189
1407,1173,583,1060,1527,1189
1419,1172,583,1060,1527,1189
1426,1171,583,1060,1527,1189
1442,1173,583,1060,1527,1189
1453,1173,583,1060,1527,1189
1455,1173,583,1060,1527,1189
1459,1176,583,1060,1527,1189
1469,1178,583,1060,1527,1189
1476,1178,583,1060,1527,1189
1480,1177,583,1060,1527,1189
1486,1178,583,1060,1527,1189
1490,1178,583,1060,1527,1189
1491,1179,583,1060,1527,1189
1493,1180,583,1060,1527,1189
1497,1181,583,1060,1527,1189
1499,1182,583,1060,1527,1189
1503,1183,583,1060,1527,1189
1510,1185,583,1060,1527,1189
1514,1186,583,1060,1527,1189
1518,1189,583,1060,1527,1189
1518,1189,583,1060,1527,1189
1518,1189,583,1060,1527,1189
1518,1189,583,1060,1527,1189
1518,1189,583,1060,1527,1189
1518,1189,583,1060,1527,1189
1519,1188,583,1060,1527,1189
1519,1188,583,1060,1527,1189
1519,1188,583,1060,1527,1189
1524,1185,583,1060,1527,1189
1531,1180,583,1060,1527,1189
1531,1180,583,1060,1527,1189
1531,1180,583,1060,1527,1189
1531,1180,583,1060,1527,1189
1531,1180,583,1060,1527,1189
1530,1181,583,1060,1527,1189
1529,1181,583,1060,1527,1189
1526,1179,583,1060,1527,1189
1519,1174,583,1060,1527,1189
1507,1164,583,1060,1527,1189
1499,1157,583,1060,1527,1189
1491,1149,583,1060,1527,1189
1481,1138,583,1060,1527,1189
1475,1132,583,1060,1527,1189
1469,1125,583,1060,1527,1189
1463,1117,583,1060,1527,1189
1457,1106,583,1060,1527,1189
1451,1097,583,1060,1527,1189
1447,1089,583,1060,1527,1189
1442,1080,583,1060,1527,1189
1437,1071,583,1060,1527,1189
1432,1064,583,1060,1527,1189
1430,1059,583,1060,1527,1189
1425,1053,583,1060,1527,1189
1419,1044,583,1060,1527,1189
1413,1035,583,1060,1527,1189
1409,1029,583,1060,1527,1189
1403,1019,583,1060,1527,1189
1396,1009,583,1060,1527,1189
1391,999,583,1060,1527,1189
1386,990,583,1060,1527,1189
1379,978,583,1060,1527,1189
1373,966,583,1060,1527,1189
1369,956,583,1060,1527,1189
1366,950,583,1060,1527,1189
1363,944,583,1060,1527,1189
1360,936,583,1060,1527,1189
1354,926,583,1060,1527,1189
1346,914,583,1060,1527,1189
1340,904,583,1060,1527,1189
1335,894,583,1060,1527,1189
1330,886,583,1060,1527,1189
1322,874,583,1060,1527,1189
1315,863,583,1060,1527,1189
1312,855,583,1060,1527,1189
1309,849,583,1060,1527,1189
1307,846,583,1060,1527,1189
1305,843,583,1060,1527,1189
1302,838,583,1060,1527,1189
1297,829,583,1060,1527,1189
1293,819,583,1060,1527,1189
1291,812,583,1060,1527,1189
1286,803,583,1060,1527,1189
1283,796,583,1060,1527,1189
1279,788,583,1060,1527,1189
1276,783,583,1060,1527,1189
1270,773,583,1060,1527,1189
1264,762,583,1060,1527,1189
1258,751,583,1060,1527,1189
1252,740,583,1060,1527,1189
1248,726,583,1060,1527,1189
1242,713,583,1060,1527,1189
1236,697,583,1060,1527,1189
1231,684,583,1060,1527,1189
1225,673,583,1060,1527,1189
1222,665,583,1060,1527,1189
1219,658,583,1060,1527,1189
1217,653,583,1060,1527,1189
1213,646,583,1060,1527,1189
1208,639,583,1060,1527,1189
1206,633,583,1060,1527,1189
1202,626,583,1060,1527,1189
1196,618,583,1060,1527,1189
1190,607,583,1060,1527,1189
1182,596,583,1060,1527,1189
1178,589,583,1060,1527,1189
1171,579,583,1060,1527,1189
1163,566,583,1060,1527,1189
1157,557,583,1060,1527,1189
1153,549,583,1060,1527,1189
1149,543,583,1060,1527,1189
1145,535,583,1060,1527,1189
1142,529,583,1060,1527,1189
1137,521,583,1060,1527,1189
1136,520,583,1060,1527,1189
1135,517,583,1060,1527,1189
1132,513,583,1060,1527,1189
1128,507,583,1060,1527,1189
1124,501,583,1060,1527,1189
1121,496,583,1060,1527,1189
1116,489,583,1060,1527,1189
1112,483,583,1060,1527,1189
1107,475,583,1060,1527,1189
1102,468,583,1060,1527,1189
1100,464,583,1060,1527,1189
1096,458,583,1060,1527,1189
1093,451,583,1060,1527,1189
1089,444,583,1060,1527,1189
1086,438,583,1060,1527,1189
1083,431,583,1060,1527,1189
1080,424,583,1060,1527,1189
1078,421,583,1060,1527,1189
1077,419,583,1060,1527,1189
1071,412,583,1060,1527,1189
1070,406,583,1060,1527,1189
1070,400,583,1060,1527,1189
1069,398,583,1060,1527,1189
1068,394,583,1060,1527,1189
1068,390,583,1060,1527,1189
1067,386,583,1060,1527,1189
1066,385,583,1060,1527,1189
1065,383,583,1060,1527,1189
1065,383,583,1060,1527,1189
1065,383,583,1060,1527,1189
1065,382,583,1060,1527,1189
1065,381,583,1060,1527,1189
1065,381,583,1060,1527,1189
1063,379,583,1060,1527,1189
1063,378,583,1060,1527,1189
1063,377,583,1060,1527,1189
1063,376,583,1060,1527,1189
1063,376,583,1060,1527,1189
1063,376,583,1060,1527,1189
