888,369,476,1118,1512,1103
888,369,476,1118,1512,1103
888,369,476,1118,1512,1103
888,369,476,1118,1512,1103
888,369,476,1118,1512,1103
888,369,476,1118,1512,1103
888,369,476,1118,1512,1103
887,369,476,1118,1512,1103
887,372,476,1118,1512,1103
886,376,476,1118,1512,1103
885,382,476,1118,1512,1103
883,393,476,1118,1512,1103
879,403,476,1118,1512,1103
877,407,476,1118,1512,1103
874,414,476,1118,1512,1103
870,422,476,1118,1512,1103
866,430,476,1118,1512,1103
865,432,476,1118,1512,1103
863,437,476,1118,1512,1103
861,444,476,1118,1512,1103
857,452,476,1118,1512,1103
853,458,476,1118,1512,1103
848,466,476,1118,1512,1103
842,474,476,1118,1512,1103
835,484,476,1118,1512,1103
828,496,476,1118,1512,1103
819,514,476,1118,1512,1103
815,525,476,1118,1512,1103
813,531,476,1118,1512,1103
809,540,476,1118,1512,1103
806,549,476,1118,1512,1103
801,556,476,1118,1512,1103
794,564,476,1118,1512,1103
790,573,476,1118,1512,1103
783,582,476,1118,1512,1103
778,593,476,1118,1512,1103
771,605,476,1118,1512,1103
767,610,476,1118,1512,1103
764,614,476,1118,1512,1103
761,618,476,1118,1512,1103
757,623,476,1118,1512,1103
754,630,476,1118,1512,1103
748,643,476,1118,1512,1103
742,654,476,1118,1512,1103
739,662,476,1118,1512,1103
736,672,476,1118,1512,1103
733,683,476,1118,1512,1103
727,697,476,1118,1512,1103
723,706,476,1118,1512,1103
718,716,476,1118,1512,1103
713,726,476,1118,1512,1103
710,733,476,1118,1512,1103
705,744,476,1118,1512,1103
699,755,476,1118,1512,1103
694,763,476,1118,1512,1103
690,768,476,1118,1512,1103
684,776,476,1118,1512,1103
681,780,476,1118,1512,1103
681,783,476,1118,1512,1103
678,789,476,1118,1512,1103
676,796,476,1118,1512,1103
674,803,476,1118,1512,1103
671,808,476,1118,1512,1103
668,813,476,1118,1512,1103
662,821,476,1118,1512,1103
657,830,476,1118,1512,1103
654,836,476,1118,1512,1103
648,843,476,1118,1512,1103
645,848,476,1118,1512,1103
642,851,476,1118,1512,1103
634,858,476,1118,1512,1103
629,866,476,1118,1512,1103
626,871,476,1118,1512,1103
620,878,476,1118,1512,1103
615,886,476,1118,1512,1103
615,887,476,1118,1512,1103
615,888,476,1118,1512,1103
614,893,476,1118,1512,1103
612,899,476,1118,1512,1103
611,904,476,1118,1512,1103
609,907,476,1118,1512,1103
606,912,476,1118,1512,1103
603,919,476,1118,1512,1103
603,923,476,1118,1512,1103
602,927,476,1118,1512,1103
599,933,476,1118,1512,1103
597,936,476,1118,1512,1103
596,938,476,1118,1512,1103
594,943,476,1118,1512,1103
592,949,476,1118,1512,1103
590,955,476,1118,1512,1103
588,959,476,1118,1512,1103
585,965,476,1118,1512,1103
582,971,476,1118,1512,1103
580,977,476,1118,1512,1103
579,979,476,1118,1512,1103
579,981,476,1118,1512,1103
575,989,476,1118,1512,1103
572,994,476,1118,1512,1103
570,998,476,1118,1512,1103
567,1005,476,1118,1512,1103
562,1011,476,1118,1512,1103
556,1019,476,1118,1512,1103
551,1028,476,1118,1512,1103
549,1034,476,1118,1512,1103
544,1046,476,1118,1512,1103
536,1058,476,1118,1512,1103
531,1064,476,1118,1512,1103
530,1066,476,1118,1512,1103
530,1066,476,1118,1512,1103
527,1071,476,1118,1512,1103
523,1075,476,1118,1512,1103
520,1078,476,1118,1512,1103
518,1080,476,1118,1512,1103
515,1082,476,1118,1512,1103
510,1087,476,1118,1512,1103
505,1093,476,1118,1512,1103
501,1097,476,1118,1512,1103
501,1098,476,1118,1512,1103
498,1103,476,1118,1512,1103
496,1105,476,1118,1512,1103
496,1105,476,1118,1512,1103
495,1106,476,1118,1512,1103
494,1108,476,1118,1512,1103
493,1109,476,1118,1512,1103
492,1112,476,1118,1512,1103
491,1114,476,1118,1512,1103
490,1115,476,1118,1512,1103
487,1117,476,1118,1512,1103
485,1118,476,1118,1512,1103
483,1120,476,1118,1512,1103
483,1121,476,1118,1512,1103
482,1122,476,1118,1512,1103
482,1122,476,1118,1512,1103
480,1125,476,1118,1512,1103
480,1125,476,1118,1512,1103
480,1125,476,1118,1512,1103
480,1125,476,1118,1512,1103
480,1124,476,1118,1512,1103
481,1124,476,1118,1512,1103
485,1123,476,1118,1512,1103
495,1123,476,1118,1512,1103
507,1123,476,1118,1512,1103
521,1123,476,1118,1512,1103
530,1123,476,1118,1512,1103
536,1123,476,1118,1512,1103
549,1123,476,1118,1512,1103
559,1123,476,1118,1512,1103
567,1123,476,1118,1512,1103
574,1123,476,1118,1512,1103
586,1123,476,1118,1512,1103
593,1123,476,1118,1512,1103
600,1123,476,1118,1512,1103
616,1122,476,1118,1512,1103
631,1122,476,1118,1512,1103
645,1121,476,1118,1512,1103
659,1121,476,1118,1512,1103
678,1121,476,1118,1512,1103
700,1121,476,1118,1512,1103
711,1120,476,1118,1512,1103
732,1119,476,1118,1512,1103
751,1119,476,1118,1512,1103
761,1119,476,1118,1512,1103
775,1119,476,1118,1512,1103
796,1119,476,1118,1512,1103
808,1119,476,1118,1512,1103
814,1118,476,1118,1512,1103
823,1117,476,1118,1512,1103
838,1115,476,1118,1512,1103
847,1114,476,1118,1512,1103
854,1115,476,1118,1512,1103
866,1116,476,1118,1512,1103
879,1118,476,1118,1512,1103
885,1118,476,1118,1512,1103
888,1118,476,1118,1512,1103
895,1116,476,1118,1512,1103
904,1114,476,1118,1512,1103
915,1114,476,1118,1512,1103
931,1114,476,1118,1512,1103
946,1114,476,1118,1512,1103
963,1114,476,1118,1512,1103
982,1114,476,1118,1512,1103
998,1113,476,1118,1512,1103
1008,1113,476,1118,1512,1103
1025,1113,476,1118,1512,1103
1034,1113,476,1118,1512,1103
1041,1114,476,1118,1512,1103
1049,1115,476,1118,1512,1103
1060,1116,476,1118,1512,1103
1070,1116,476,1118,1512,1103
1077,1116,476,1118,1512,1103
1090,1115,476,1118,1512,1103
1099,1114,476,1118,1512,1103
1108,1114,476,1118,1512,1103
1116,1114,476,1118,1512,1103
1126,1114,476,1118,1512,1103
1142,1113,476,1118,1512,1103
1164,1116,476,1118,1512,1103
1174,1115,476,1118,1512,1103
1179,1114,476,1118,1512,1103
1187,1114,476,1118,1512,1103
1199,1116,476,1118,1512,1103
1211,1116,476,1118,1512,1103
1225,1116,476,1118,1512,1103
1236,1115,476,1118,1512,1103
1243,1114,476,1118,1512,1103
1249,1114,476,1118,1512,1103
1267,1114,476,1118,1512,1103
1281,1114,476,1118,1512,1103
1293,1113,476,1118,1512,1103
1305,1113,476,1118,1512,1103
1326,1113,476,1118,1512,1103
1329,1111,476,1118,1512,1103
1330,1111,476,1118,1512,1103
1339,1109,476,1118,1512,1103
1342,1108,476,1118,1512,1103
1346,1108,476,1118,1512,1103
1352,1108,476,1118,1512,1103
1366,1108,476,1118,1512,1103
1373,1108,476,1118,1512,1103
1377,1108,476,1118,1512,1103
1382,1108,476,1118,1512,1103
1396,1108,476,1118,1512,1103
1404,1108,476,1118,1512,1103
1406,1107,476,1118,1512,1103
1412,1106,476,1118,1512,1103
1417,1105,476,1118,1512,1103
1419,1105,476,1118,1512,1103
1424,1104,476,1118,1512,1103
1429,1103,476,1118,1512,1103
1435,1103,476,1118,1512,1103
1444,1103,476,1118,1512,1103
1453,1103,476,1118,1512,1103
1456,1103,476,1118,1512,1103
1463,1103,476,1118,1512,1103
1470,1103,476,1118,1512,1103
1474,1103,476,1118,1512,1103
1478,1103,476,1118,1512,1103
1484,1104,476,1118,1512,1103
1487,1104,476,1118,1512,1103
1491,1105,476,1118,1512,1103
1503,1107,476,1118,1512,1103
1509,1107,476,1118,1512,1103
1510,1107,476,1118,1512,1103
1510,1107,476,1118,1512,1103
1513,1107,476,1118,1512,1103
1513,1107,476,1118,1512,1103
1513,1107,476,1118,1512,1103
1513,1107,476,1118,1512,1103
1514,1107,476,1118,1512,1103
1514,1107,476,1118,1512,1103
1514,1107,476,1118,1512,1103
1513,1107,476,1118,1512,1103
1512,1106,476,1118,1512,1103
1510,1105,476,1118,1512,1103
1507,1100,476,1118,1512,1103
1501,1091,476,1118,1512,1103
1492,1080,476,1118,1512,1103
1484,1068,476,1118,1512,1103
1475,1052,476,1118,1512,1103
1463,1039,476,1118,1512,1103
1454,1030,476,1118,1512,1103
1444,1018,476,1118,1512,1103
1432,1006,476,1118,1512,1103
1424,994,476,1118,1512,1103
1416,981,476,1118,1512,1103
1411,971,476,1118,1512,1103
1406,961,476,1118,1512,1103
1402,953,476,1118,1512,1103
1398,943,476,1118,1512,1103
1394,935,476,1118,1512,1103
1391,929,476,1118,1512,1103
1384,918,476,1118,1512,1103
1375,905,476,1118,1512,1103
1369,896,476,1118,1512,1103
1359,882,476,1118,1512,1103
1347,861,476,1118,1512,1103
1337,843,476,1118,1512,1103
1329,830,476,1118,1512,1103
1323,821,476,1118,1512,1103
1317,810,476,1118,1512,1103
1312,800,476,1118,1512,1103
1309,795,476,1118,1512,1103
1305,788,476,1118,1512,1103
1300,781,476,1118,1512,1103
1294,771,476,1118,1512,1103
1288,760,476,1118,1512,1103
1283,748,476,1118,1512,1103
1277,737,476,1118,1512,1103
1269,721,476,1118,1512,1103
1262,710,476,1118,1512,1103
1254,697,476,1118,1512,1103
1249,688,476,1118,1512,1103
1247,684,476,1118,1512,1103
1243,677,476,1118,1512,1103
1238,668,476,1118,1512,1103
1233,660,476,1118,1512,1103
1229,653,476,1118,1512,1103
1223,644,476,1118,1512,1103
1218,636,476,1118,1512,1103
1215,629,476,1118,1512,1103
1210,622,476,1118,1512,1103
1205,613,476,1118,1512,1103
1200,606,476,1118,1512,1103
1194,598,476,1118,1512,1103
1188,588,476,1118,1512,1103
1184,578,476,1118,1512,1103
1180,569,476,1118,1512,1103
1175,558,476,1118,1512,1103
1170,552,476,1118,1512,1103
1167,547,476,1118,1512,1103
1162,540,476,1118,1512,1103
1155,532,476,1118,1512,1103
1149,523,476,1118,1512,1103
1144,517,476,1118,1512,1103
1139,509,476,1118,1512,1103
1133,500,476,1118,1512,1103
1127,491,476,1118,1512,1103
1121,482,476,1118,1512,1103
1116,473,476,1118,1512,1103
1111,463,476,1118,1512,1103
1106,454,476,1118,1512,1103
1101,444,476,1118,1512,1103
1097,438,476,1118,1512,1103
1094,433,476,1118,1512,1103
1091,428,476,1118,1512,1103
1087,423,476,1118,1512,1103
1085,420,476,1118,1512,1103
1084,417,476,1118,1512,1103
1082,414,476,1118,1512,1103
1081,412,476,1118,1512,1103
1079,409,476,1118,1512,1103
1077,406,476,1118,1512,1103
1074,401,476,1118,1512,1103
1073,398,476,1118,1512,1103
1072,397,476,1118,1512,1103
1071,395,476,1118,1512,1103
1069,393,476,1118,1512,1103
1067,390,476,1118,1512,1103
1067,390,476,1118,1512,1103
1067,390,476,1118,1512,1103
1067,390,476,1118,1512,1103
1067,390,476,1118,1512,1103
1067,390,476,1118,1512,1103
1067,390,476,1118,1512,1103
1067,390,476,1118,1512,1103
1067,390,476,1118,1512,1103
1067,388,476,1118,1512,1103
1067,386,476,1118,1512,1103
1066,384,476,1118,1512,1103
1066,384,476,1118,1512,1103
1066,384,476,1118,1512,1103
1066,384,476,1118,1512,1103
1066,383,476,1118,1512,1103
1066,383,476,1118,1512,1103
1065,382,476,1118,1512,1103
1065,381,476,1118,1512,1103
1065,380,476,1118,1512,1103
1065,380,476,1118,1512,1103
1064,379,476,1118,1512,1103
1063,379,476,1118,1512,1103
1063,379,476,1118,1512,1103
1063,379,476,1118,1512,1103
1063,379,476,1118,1512,1103
1063,377,476,1118,1512,1103
1063,377,476,1118,1512,1103
1063,376,476,1118,1512,1103
1063,376,476,1118,1512,1103
1063,375,476,1118,1512,1103
1063,375,476,1118,1512,1103
1063,375,476,1118,1512,1103
1063,375,476,1118,1512,1103
1063,374,476,1118,1512,1103
