888,369,689,1197,1696,1149
888,369,689,1197,1696,1149
888,369,689,1197,1696,1149
888,369,689,1197,1696,1149
888,369,689,1197,1696,1149
888,369,689,1197,1696,1149
888,369,689,1197,1696,1149
888,369,689,1197,1696,1149
888,369,689,1197,1696,1149
888,371,689,1197,1696,1149
887,374,689,1197,1696,1149
885,378,689,1197,1696,1149
883,383,689,1197,1696,1149
880,389,689,1197,1696,1149
877,398,689,1197,1696,1149
874,406,689,1197,1696,1149
871,413,689,1197,1696,1149
868,421,689,1197,1696,1149
862,433,689,1197,1696,1149
858,445,689,1197,1696,1149
856,456,689,1197,1696,1149
854,465,689,1197,1696,1149
854,473,689,1197,1696,1149
851,484,689,1197,1696,1149
849,490,689,1197,1696,1149
849,494,689,1197,1696,1149
847,501,689,1197,1696,1149
847,509,689,1197,1696,1149
846,513,689,1197,1696,1149
844,520,689,1197,1696,1149
842,530,689,1197,1696,1149
840,537,689,1197,1696,1149
838,543,689,1197,1696,1149
836,551,689,1197,1696,1149
831,563,689,1197,1696,1149
830,569,689,1197,1696,1149
827,577,689,1197,1696,1149
826,586,689,1197,1696,1149
826,597,689,1197,1696,1149
825,608,689,1197,1696,1149
824,623,689,1197,1696,1149
822,634,689,1197,1696,1149
822,640,689,1197,1696,1149
821,645,689,1197,1696,1149
818,653,689,1197,1696,1149
817,658,689,1197,1696,1149
817,663,689,1197,1696,1149
816,670,689,1197,1696,1149
816,681,689,1197,1696,1149
817,692,689,1197,1696,1149
817,703,689,1197,1696,1149
817,714,689,1197,1696,1149
818,727,689,1197,1696,1149
818,739,689,1197,1696,1149
817,747,689,1197,1696,1149
816,757,689,1197,1696,1149
814,766,689,1197,1696,1149
813,771,689,1197,1696,1149
813,771,689,1197,1696,1149
813,771,689,1197,1696,1149
811,775,689,1197,1696,1149
810,782,689,1197,1696,1149
807,788,689,1197,1696,1149
805,794,689,1197,1696,1149
802,802,689,1197,1696,1149
797,811,689,1197,1696,1149
790,822,689,1197,1696,1149
785,830,689,1197,1696,1149
780,838,689,1197,1696,1149
778,843,689,1197,1696,1149
775,849,689,1197,1696,1149
771,858,689,1197,1696,1149
768,863,689,1197,1696,1149
766,869,689,1197,1696,1149
763,876,689,1197,1696,1149
762,882,689,1197,1696,1149
762,889,689,1197,1696,1149
762,895,689,1197,1696,1149
762,899,689,1197,1696,1149
761,904,689,1197,1696,1149
760,908,689,1197,1696,1149
758,911,689,1197,1696,1149
756,918,689,1197,1696,1149
754,926,689,1197,1696,1149
751,932,689,1197,1696,1149
748,939,689,1197,1696,1149
746,944,689,1197,1696,1149
743,951,689,1197,1696,1149
742,955,689,1197,1696,1149
741,961,689,1197,1696,1149
740,967,689,1197,1696,1149
737,972,689,1197,1696,1149
736,977,689,1197,1696,1149
735,978,689,1197,1696,1149
735,979,689,1197,1696,1149
736,985,689,1197,1696,1149
735,990,689,1197,1696,1149
734,991,689,1197,1696,1149
734,991,689,1197,1696,1149
734,995,689,1197,1696,1149
734,998,689,1197,1696,1149
734,1000,689,1197,1696,1149
735,1002,689,1197,1696,1149
736,1006,689,1197,1696,1149
736,1011,689,1197,1696,1149
737,1016,689,1197,1696,1149
737,1019,689,1197,1696,1149
737,1025,689,1197,1696,1149
735,1030,689,1197,1696,1149
734,1034,689,1197,1696,1149
733,1041,689,1197,1696,1149
732,1046,689,1197,1696,1149
733,1048,689,1197,1696,1149
732,1053,689,1197,1696,1149
728,1059,689,1197,1696,1149
727,1063,689,1197,1696,1149
726,1068,689,1197,1696,1149
725,1072,689,1197,1696,1149
724,1075,689,1197,1696,1149
723,1076,689,1197,1696,1149
721,1079,689,1197,1696,1149
719,1084,689,1197,1696,1149
718,1087,689,1197,1696,1149
718,1090,689,1197,1696,1149
716,1093,689,1197,1696,1149
715,1096,689,1197,1696,1149
715,1097,689,1197,1696,1149
714,1099,689,1197,1696,1149
712,1102,689,1197,1696,1149
711,1105,689,1197,1696,1149
709,1108,689,1197,1696,1149
707,1112,689,1197,1696,1149
704,1116,689,1197,1696,1149
702,1119,689,1197,1696,1149
701,1123,689,1197,1696,1149
700,1128,689,1197,1696,1149
699,1133,689,1197,1696,1149
696,1139,689,1197,1696,1149
694,1146,689,1197,1696,1149
694,1157,689,1197,1696,1149
694,1167,689,1197,1696,1149
695,1173,689,1197,1696,1149
695,1173,689,1197,1696,1149
695,1173,689,1197,1696,1149
695,1173,689,1197,1696,1149
695,1174,689,1197,1696,1149
696,1175,689,1197,1696,1149
696,1175,689,1197,1696,1149
696,1176,689,1197,1696,1149
696,1177,689,1197,1696,1149
696,1178,689,1197,1696,1149
695,1181,689,1197,1696,1149
694,1182,689,1197,1696,1149
694,1182,689,1197,1696,1149
693,1186,689,1197,1696,1149
692,1188,689,1197,1696,1149
691,1188,689,1197,1696,1149
691,1189,689,1197,1696,1149
690,1191,689,1197,1696,1149
689,1192,689,1197,1696,1149
689,1193,689,1197,1696,1149
688,1195,689,1197,1696,1149
688,1195,689,1197,1696,1149
688,1195,689,1197,1696,1149
688,1196,689,1197,1696,1149
688,1197,689,1197,1696,1149
688,1197,689,1197,1696,1149
688,1197,689,1197,1696,1149
689,1196,689,1197,1696,1149
692,1195,689,1197,1696,1149
704,1193,689,1197,1696,1149
717,1191,689,1197,1696,1149
728,1190,689,1197,1696,1149
736,1189,689,1197,1696,1149
741,1188,689,1197,1696,1149
746,1188,689,1197,1696,1149
755,1187,689,1197,1696,1149
769,1186,689,1197,1696,1149
780,1186,689,1197,1696,1149
790,1184,689,1197,1696,1149
794,1184,689,1197,1696,1149
803,1183,689,1197,1696,1149
821,1182,689,1197,1696,1149
837,1182,689,1197,1696,1149
843,1182,689,1197,1696,1149
853,1182,689,1197,1696,1149
874,1181,689,1197,1696,1149
888,1181,689,1197,1696,1149
892,1180,689,1197,1696,1149
903,1179,689,1197,1696,1149
922,1178,689,1197,1696,1149
933,1177,689,1197,1696,1149
944,1176,689,1197,1696,1149
958,1175,689,1197,1696,1149
966,1173,689,1197,1696,1149
976,1170,689,1197,1696,1149
986,1169,689,1197,1696,1149
993,1168,689,1197,1696,1149
996,1167,689,1197,1696,1149
1003,1166,689,1197,1696,1149
1017,1166,689,1197,1696,1149
1031,1163,689,1197,1696,1149
1039,1162,689,1197,1696,1149
1049,1162,689,1197,1696,1149
1060,1162,689,1197,1696,1149
1068,1162,689,1197,1696,1149
1078,1163,689,1197,1696,1149
1092,1163,689,1197,1696,1149
1115,1164,689,1197,1696,1149
1131,1164,689,1197,1696,1149
1149,1165,689,1197,1696,1149
1167,1167,689,1197,1696,1149
1185,1167,689,1197,1696,1149
1195,1167,689,1197,1696,1149
1201,1167,689,1197,1696,1149
1213,1167,689,1197,1696,1149
1231,1166,689,1197,1696,1149
1243,1166,689,1197,1696,1149
1258,1167,689,1197,1696,1149
1280,1168,689,1197,1696,1149
1299,1168,689,1197,1696,1149
1317,1166,689,1197,1696,1149
1323,1165,689,1197,1696,1149
1326,1166,689,1197,1696,1149
1336,1163,689,1197,1696,1149
1344,1161,689,1197,1696,1149
1349,1161,689,1197,1696,1149
1355,1161,689,1197,1696,1149
1370,1160,689,1197,1696,1149
1380,1160,689,1197,1696,1149
1381,1160,689,1197,1696,1149
1384,1160,689,1197,1696,1149
1390,1159,689,1197,1696,1149
1407,1160,689,1197,1696,1149
1426,1161,689,1197,1696,1149
1448,1161,689,1197,1696,1149
1464,1162,689,1197,1696,1149
1481,1162,689,1197,1696,1149
1508,1164,689,1197,1696,1149
1529,1164,689,1197,1696,1149
1542,1165,689,1197,1696,1149
1555,1165,689,1197,1696,1149
1571,1166,689,1197,1696,1149
1576,1165,689,1197,1696,1149
1578,1165,689,1197,1696,1149
1591,1165,689,1197,1696,1149
1598,1165,689,1197,1696,1149
1599,1165,689,1197,1696,1149
1606,1165,689,1197,1696,1149
1612,1164,689,1197,1696,1149
1612,1164,689,1197,1696,1149
1612,1164,689,1197,1696,1149
1616,1162,689,1197,1696,1149
1623,1161,689,1197,1696,1149
1626,1161,689,1197,1696,1149
1632,1160,689,1197,1696,1149
1641,1158,689,1197,1696,1149
1650,1157,689,1197,1696,1149
1653,1156,689,1197,1696,1149
1656,1156,689,1197,1696,1149
1663,1154,689,1197,1696,1149
1667,1152,689,1197,1696,1149
1669,1151,689,1197,1696,1149
1669,1151,689,1197,1696,1149
1671,1151,689,1197,1696,1149
1677,1150,689,1197,1696,1149
1680,1150,689,1197,1696,1149
1682,1150,689,1197,1696,1149
1687,1150,689,1197,1696,1149
1698,1150,689,1197,1696,1149
1702,1150,689,1197,1696,1149
1702,1150,689,1197,1696,1149
1703,1149,689,1197,1696,1149
1711,1149,689,1197,1696,1149
1712,1149,689,1197,1696,1149
1712,1149,689,1197,1696,1149
1712,1149,689,1197,1696,1149
1712,1149,689,1197,1696,1149
1711,1149,689,1197,1696,1149
1711,1149,689,1197,1696,1149
1702,1143,689,1197,1696,1149
1692,1136,689,1197,1696,1149
1681,1128,689,1197,1696,1149
1673,1122,689,1197,1696,1149
1666,1115,689,1197,1696,1149
1659,1107,689,1197,1696,1149
1649,1095,689,1197,1696,1149
1640,1085,689,1197,1696,1149
1630,1074,689,1197,1696,1149
1622,1063,689,1197,1696,1149
1611,1047,689,1197,1696,1149
1599,1029,689,1197,1696,1149
1587,1012,689,1197,1696,1149
1580,1002,689,1197,1696,1149
1571,988,689,1197,1696,1149
1560,976,689,1197,1696,1149
1555,969,689,1197,1696,1149
1548,960,689,1197,1696,1149
1540,950,689,1197,1696,1149
1533,940,689,1197,1696,1149
1528,934,689,1197,1696,1149
1522,927,689,1197,1696,1149
1517,921,689,1197,1696,1149
1510,914,689,1197,1696,1149
1505,910,689,1197,1696,1149
1498,904,689,1197,1696,1149
1495,901,689,1197,1696,1149
1492,898,689,1197,1696,1149
1484,892,689,1197,1696,1149
1476,886,689,1197,1696,1149
1469,881,689,1197,1696,1149
1463,876,689,1197,1696,1149
1458,870,689,1197,1696,1149
1452,864,689,1197,1696,1149
1445,856,689,1197,1696,1149
1437,849,689,1197,1696,1149
1430,842,689,1197,1696,1149
1422,835,689,1197,1696,1149
1416,827,689,1197,1696,1149
1409,821,689,1197,1696,1149
1399,812,689,1197,1696,1149
1390,805,689,1197,1696,1149
1380,800,689,1197,1696,1149
1372,794,689,1197,1696,1149
1362,786,689,1197,1696,1149
1355,780,689,1197,1696,1149
1349,775,689,1197,1696,1149
1339,766,689,1197,1696,1149
1329,757,689,1197,1696,1149
1321,747,689,1197,1696,1149
1310,731,689,1197,1696,1149
1302,718,689,1197,1696,1149
1293,705,689,1197,1696,1149
1284,690,689,1197,1696,1149
1276,679,689,1197,1696,1149
1267,664,689,1197,1696,1149
1259,652,689,1197,1696,1149
1252,639,689,1197,1696,1149
1244,629,689,1197,1696,1149
1233,614,689,1197,1696,1149
1227,607,689,1197,1696,1149
1222,597,689,1197,1696,1149
1215,588,689,1197,1696,1149
1206,578,689,1197,1696,1149
1201,571,689,1197,1696,1149
1194,560,689,1197,1696,1149
1186,548,689,1197,1696,1149
1181,540,689,1197,1696,1149
1175,530,689,1197,1696,1149
1170,522,689,1197,1696,1149
1164,511,689,1197,1696,1149
1159,500,689,1197,1696,1149
1156,491,689,1197,1696,1149
1150,480,689,1197,1696,1149
1146,474,689,1197,1696,1149
1141,468,689,1197,1696,1149
1137,462,689,1197,1696,1149
1134,458,689,1197,1696,1149
1130,452,689,1197,1696,1149
1124,447,689,1197,1696,1149
1113,440,689,1197,1696,1149
1105,434,689,1197,1696,1149
1100,429,689,1197,1696,1149
1094,423,689,1197,1696,1149
1090,419,689,1197,1696,1149
1088,417,689,1197,1696,1149
1083,413,689,1197,1696,1149
1079,410,689,1197,1696,1149
1075,407,689,1197,1696,1149
1073,406,689,1197,1696,1149
1071,404,689,1197,1696,1149
1066,399,689,1197,1696,1149
1058,393,689,1197,1696,1149
1054,390,689,1197,1696,1149
1054,389,689,1197,1696,1149
1054,389,689,1197,1696,1149
1053,388,689,1197,1696,1149
1053,387,689,1197,1696,1149
1053,385,689,1197,1696,1149
1053,385,689,1197,1696,1149
1053,385,689,1197,1696,1149
1053,385,689,1197,1696,1149
1053,385,689,1197,1696,1149
1053,385,689,1197,1696,1149
1053,384,689,1197,1696,1149
1053,385,689,1197,1696,1149
1053,384,689,1197,1696,1149
1054,384,689,1197,1696,1149
1056,380,689,1197,1696,1149
1057,377,689,1197,1696,1149
1057,376,689,1197,1696,1149
1058,376,689,1197,1696,1149
1058,376,689,1197,1696,1149
1058,376,689,1197,1696,1149
1058,376,689,1197,1696,1149
1058,376,689,1197,1696,1149
1058,376,689,1197,1696,1149
1058,376,689,1197,1696,1149
1058,376,689,1197,1696,1149
