907,377,438,1004,1562,1061
907,377,438,1004,1562,1061
907,377,438,1004,1562,1061
907,377,438,1004,1562,1061
907,378,438,1004,1562,1061
905,379,438,1004,1562,1061
897,391,438,1004,1562,1061
889,404,438,1004,1562,1061
882,414,438,1004,1562,1061
873,424,438,1004,1562,1061
860,435,438,1004,1562,1061
849,445,438,1004,1562,1061
832,458,438,1004,1562,1061
815,474,438,1004,1562,1061
799,487,438,1004,1562,1061
791,494,438,1004,1562,1061
779,506,438,1004,1562,1061
767,516,438,1004,1562,1061
758,523,438,1004,1562,1061
748,531,438,1004,1562,1061
736,539,438,1004,1562,1061
726,547,438,1004,1562,1061
715,555,438,1004,1562,1061
699,571,438,1004,1562,1061
684,586,438,1004,1562,1061
667,605,438,1004,1562,1061
652,624,438,1004,1562,1061
637,640,438,1004,1562,1061
622,653,438,1004,1562,1061
614,661,438,1004,1562,1061
611,666,438,1004,1562,1061
609,669,438,1004,1562,1061
601,676,438,1004,1562,1061
592,685,438,1004,1562,1061
584,691,438,1004,1562,1061
577,698,438,1004,1562,1061
570,706,438,1004,1562,1061
560,717,438,1004,1562,1061
551,728,438,1004,1562,1061
542,741,438,1004,1562,1061
533,757,438,1004,1562,1061
524,773,438,1004,1562,1061
518,782,438,1004,1562,1061
511,788,438,1004,1562,1061
508,793,438,1004,1562,1061
503,795,438,1004,1562,1061
500,797,438,1004,1562,1061
500,797,438,1004,1562,1061
498,798,438,1004,1562,1061
485,810,438,1004,1562,1061
475,824,438,1004,1562,1061
469,835,438,1004,1562,1061
465,842,438,1004,1562,1061
459,853,438,1004,1562,1061
455,861,438,1004,1562,1061
449,871,438,1004,1562,1061
443,882,438,1004,1562,1061
439,892,438,1004,1562,1061
435,904,438,1004,1562,1061
433,913,438,1004,1562,1061
431,922,438,1004,1562,1061
430,931,438,1004,1562,1061
430,938,438,1004,1562,1061
430,942,438,1004,1562,1061
430,947,438,1004,1562,1061
431,955,438,1004,1562,1061
431,963,438,1004,1562,1061
432,969,438,1004,1562,1061
433,973,438,1004,1562,1061
433,979,438,1004,1562,1061
434,984,438,1004,1562,1061
436,988,438,1004,1562,1061
437,992,438,1004,1562,1061
439,998,438,1004,1562,1061
440,1002,438,1004,1562,1061
442,1007,438,1004,1562,1061
446,1012,438,1004,1562,1061
452,1017,438,1004,1562,1061
461,1022,438,1004,1562,1061
469,1027,438,1004,1562,1061
478,1031,438,1004,1562,1061
488,1034,438,1004,1562,1061
495,1037,438,1004,1562,1061
505,1041,438,1004,1562,1061
521,1048,438,1004,1562,1061
538,1055,438,1004,1562,1061
550,1059,438,1004,1562,1061
564,1063,438,1004,1562,1061
579,1069,438,1004,1562,1061
596,1078,438,1004,1562,1061
611,1083,438,1004,1562,1061
625,1086,438,1004,1562,1061
639,1089,438,1004,1562,1061
651,1091,438,1004,1562,1061
665,1095,438,1004,1562,1061
678,1099,438,1004,1562,1061
691,1102,438,1004,1562,1061
707,1107,438,1004,1562,1061
725,1110,438,1004,1562,1061
745,1115,438,1004,1562,1061
765,1119,438,1004,1562,1061
782,1123,438,1004,1562,1061
798,1125,438,1004,1562,1061
811,1127,438,1004,1562,1061
823,1129,438,1004,1562,1061
844,1133,438,1004,1562,1061
862,1136,438,1004,1562,1061
887,1138,438,1004,1562,1061
912,1140,438,1004,1562,1061
928,1143,438,1004,1562,1061
952,1146,438,1004,1562,1061
979,1151,438,1004,1562,1061
993,1154,438,1004,1562,1061
1000,1154,438,1004,1562,1061
1010,1154,438,1004,1562,1061
1028,1154,438,1004,1562,1061
1057,1155,438,1004,1562,1061
1094,1159,438,1004,1562,1061
1132,1163,438,1004,1562,1061
1187,1169,438,1004,1562,1061
1229,1172,438,1004,1562,1061
1245,1172,438,1004,1562,1061
1267,1172,438,1004,1562,1061
1295,1173,438,1004,1562,1061
1322,1174,438,1004,1562,1061
1346,1172,438,1004,1562,1061
1364,1169,438,1004,1562,1061
1366,1168,438,1004,1562,1061
1367,1168,438,1004,1562,1061
1372,1166,438,1004,1562,1061
1388,1164,438,1004,1562,1061
1401,1161,438,1004,1562,1061
1408,1160,438,1004,1562,1061
1421,1156,438,1004,1562,1061
1433,1153,438,1004,1562,1061
1442,1148,438,1004,1562,1061
1454,1143,438,1004,1562,1061
1466,1138,438,1004,1562,1061
1479,1132,438,1004,1562,1061
1493,1126,438,1004,1562,1061
1505,1121,438,1004,1562,1061
1515,1117,438,1004,1562,1061
1519,1113,438,1004,1562,1061
1529,1108,438,1004,1562,1061
1533,1103,438,1004,1562,1061
1539,1095,438,1004,1562,1061
1544,1085,438,1004,1562,1061
1549,1078,438,1004,1562,1061
1554,1071,438,1004,1562,1061
1557,1066,438,1004,1562,1061
1561,1059,438,1004,1562,1061
1563,1054,438,1004,1562,1061
1567,1045,438,1004,1562,1061
1570,1039,438,1004,1562,1061
1572,1034,438,1004,1562,1061
1573,1027,438,1004,1562,1061
1575,1014,438,1004,1562,1061
1573,1003,438,1004,1562,1061
1571,989,438,1004,1562,1061
1571,973,438,1004,1562,1061
1569,960,438,1004,1562,1061
1567,944,438,1004,1562,1061
1566,933,438,1004,1562,1061
1564,916,438,1004,1562,1061
1562,898,438,1004,1562,1061
1557,881,438,1004,1562,1061
1551,861,438,1004,1562,1061
1545,840,438,1004,1562,1061
1539,826,438,1004,1562,1061
1533,808,438,1004,1562,1061
1525,787,438,1004,1562,1061
1515,765,438,1004,1562,1061
1505,749,438,1004,1562,1061
1495,733,438,1004,1562,1061
1484,717,438,1004,1562,1061
1474,699,438,1004,1562,1061
1462,679,438,1004,1562,1061
1448,660,438,1004,1562,1061
1439,645,438,1004,1562,1061
1428,629,438,1004,1562,1061
1417,612,438,1004,1562,1061
1403,595,438,1004,1562,1061
1389,580,438,1004,1562,1061
1378,567,438,1004,1562,1061
1369,557,438,1004,1562,1061
1354,545,438,1004,1562,1061
1340,533,438,1004,1562,1061
1325,523,438,1004,1562,1061
1307,511,438,1004,1562,1061
1295,503,438,1004,1562,1061
1277,491,438,1004,1562,1061
1259,482,438,1004,1562,1061
1245,473,438,1004,1562,1061
1230,464,438,1004,1562,1061
1216,456,438,1004,1562,1061
1202,448,438,1004,1562,1061
1191,440,438,1004,1562,1061
1178,432,438,1004,1562,1061
1169,425,438,1004,1562,1061
1157,418,438,1004,1562,1061
1145,412,438,1004,1562,1061
1134,405,438,1004,1562,1061
1123,399,438,1004,1562,1061
1113,393,438,1004,1562,1061
1102,389,438,1004,1562,1061
1088,384,438,1004,1562,1061
1079,381,438,1004,1562,1061
1069,379,438,1004,1562,1061
1060,377,438,1004,1562,1061
1053,376,438,1004,1562,1061
1046,376,438,1004,1562,1061
1043,376,438,1004,1562,1061
1040,376,438,1004,1562,1061
1039,376,438,1004,1562,1061
1039,375,438,1004,1562,1061
