889,367,554,1010,1558,1048
889,367,554,1010,1558,1048
889,367,554,1010,1558,1048
889,367,554,1010,1558,1048
889,367,554,1010,1558,1048
889,367,554,1010,1558,1048
889,367,554,1010,1558,1048
889,367,554,1010,1558,1048
889,367,554,1010,1558,1048
883,370,554,1010,1558,1048
881,372,554,1010,1558,1048
878,374,554,1010,1558,1048
875,376,554,1010,1558,1048
869,378,554,1010,1558,1048
862,380,554,1010,1558,1048
857,382,554,1010,1558,1048
853,383,554,1010,1558,1048
847,385,554,1010,1558,1048
842,386,554,1010,1558,1048
835,389,554,1010,1558,1048
830,390,554,1010,1558,1048
822,393,554,1010,1558,1048
816,395,554,1010,1558,1048
811,397,554,1010,1558,1048
804,399,554,1010,1558,1048
797,402,554,1010,1558,1048
790,404,554,1010,1558,1048
782,407,554,1010,1558,1048
776,411,554,1010,1558,1048
771,414,554,1010,1558,1048
763,418,554,1010,1558,1048
756,421,554,1010,1558,1048
748,425,554,1010,1558,1048
739,430,554,1010,1558,1048
732,433,554,1010,1558,1048
725,437,554,1010,1558,1048
717,441,554,1010,1558,1048
712,444,554,1010,1558,1048
706,448,554,1010,1558,1048
702,450,554,1010,1558,1048
697,454,554,1010,1558,1048
694,456,554,1010,1558,1048
692,458,554,1010,1558,1048
683,464,554,1010,1558,1048
676,468,554,1010,1558,1048
671,472,554,1010,1558,1048
667,476,554,1010,1558,1048
662,479,554,1010,1558,1048
657,484,554,1010,1558,1048
652,488,554,1010,1558,1048
648,492,554,1010,1558,1048
642,496,554,1010,1558,1048
635,501,554,1010,1558,1048
631,504,554,1010,1558,1048
625,508,554,1010,1558,1048
620,513,554,1010,1558,1048
616,516,554,1010,1558,1048
615,517,554,1010,1558,1048
615,517,554,1010,1558,1048
615,517,554,1010,1558,1048
615,517,554,1010,1558,1048
615,517,554,1010,1558,1048
615,517,554,1010,1558,1048
615,517,554,1010,1558,1048
611,522,554,1010,1558,1048
598,536,554,1010,1558,1048
594,541,554,1010,1558,1048
590,546,554,1010,1558,1048
588,548,554,1010,1558,1048
585,552,554,1010,1558,1048
581,557,554,1010,1558,1048
577,563,554,1010,1558,1048
573,566,554,1010,1558,1048
569,572,554,1010,1558,1048
564,579,554,1010,1558,1048
560,585,554,1010,1558,1048
555,592,554,1010,1558,1048
552,597,554,1010,1558,1048
547,605,554,1010,1558,1048
542,612,554,1010,1558,1048
539,617,554,1010,1558,1048
535,624,554,1010,1558,1048
532,631,554,1010,1558,1048
529,637,554,1010,1558,1048
525,644,554,1010,1558,1048
523,649,554,1010,1558,1048
518,658,554,1010,1558,1048
514,665,554,1010,1558,1048
512,669,554,1010,1558,1048
509,676,554,1010,1558,1048
507,681,554,1010,1558,1048
504,687,554,1010,1558,1048
503,692,554,1010,1558,1048
501,697,554,1010,1558,1048
498,705,554,1010,1558,1048
496,713,554,1010,1558,1048
493,720,554,1010,1558,1048
491,727,554,1010,1558,1048
490,733,554,1010,1558,1048
488,742,554,1010,1558,1048
481,766,554,1010,1558,1048
474,783,554,1010,1558,1048
471,796,554,1010,1558,1048
469,801,554,1010,1558,1048
469,802,554,1010,1558,1048
469,802,554,1010,1558,1048
469,802,554,1010,1558,1048
469,802,554,1010,1558,1048
469,811,554,1010,1558,1048
470,824,554,1010,1558,1048
471,831,554,1010,1558,1048
471,836,554,1010,1558,1048
471,845,554,1010,1558,1048
472,851,554,1010,1558,1048
472,862,554,1010,1558,1048
474,873,554,1010,1558,1048
474,880,554,1010,1558,1048
474,892,554,1010,1558,1048
475,898,554,1010,1558,1048
476,904,554,1010,1558,1048
478,909,554,1010,1558,1048
480,915,554,1010,1558,1048
485,923,554,1010,1558,1048
491,932,554,1010,1558,1048
495,938,554,1010,1558,1048
501,945,554,1010,1558,1048
504,949,554,1010,1558,1048
507,952,554,1010,1558,1048
511,958,554,1010,1558,1048
514,961,554,1010,1558,1048
516,964,554,1010,1558,1048
519,967,554,1010,1558,1048
521,971,554,1010,1558,1048
524,974,554,1010,1558,1048
527,977,554,1010,1558,1048
529,980,554,1010,1558,1048
534,985,554,1010,1558,1048
540,991,554,1010,1558,1048
547,997,554,1010,1558,1048
551,1001,554,1010,1558,1048
556,1004,554,1010,1558,1048
558,1006,554,1010,1558,1048
562,1008,554,1010,1558,1048
567,1011,554,1010,1558,1048
571,1014,554,1010,1558,1048
573,1015,554,1010,1558,1048
580,1018,554,1010,1558,1048
585,1021,554,1010,1558,1048
590,1023,554,1010,1558,1048
598,1025,554,1010,1558,1048
604,1028,554,1010,1558,1048
607,1030,554,1010,1558,1048
612,1033,554,1010,1558,1048
617,1037,554,1010,1558,1048
623,1041,554,1010,1558,1048
630,1045,554,1010,1558,1048
636,1050,554,1010,1558,1048
642,1054,554,1010,1558,1048
649,1057,554,1010,1558,1048
655,1061,554,1010,1558,1048
662,1064,554,1010,1558,1048
669,1066,554,1010,1558,1048
678,1069,554,1010,1558,1048
688,1073,554,1010,1558,1048
698,1074,554,1010,1558,1048
709,1076,554,1010,1558,1048
714,1078,554,1010,1558,1048
722,1080,554,1010,1558,1048
731,1082,554,1010,1558,1048
738,1085,554,1010,1558,1048
744,1087,554,1010,1558,1048
753,1089,554,1010,1558,1048
757,1091,554,1010,1558,1048
762,1092,554,1010,1558,1048
772,1094,554,1010,1558,1048
777,1095,554,1010,1558,1048
787,1097,554,1010,1558,1048
793,1098,554,1010,1558,1048
796,1098,554,1010,1558,1048
799,1098,554,1010,1558,1048
803,1098,554,1010,1558,1048
806,1098,554,1010,1558,1048
813,1098,554,1010,1558,1048
820,1098,554,1010,1558,1048
829,1098,554,1010,1558,1048
837,1099,554,1010,1558,1048
844,1099,554,1010,1558,1048
853,1100,554,1010,1558,1048
859,1100,554,1010,1558,1048
865,1100,554,1010,1558,1048
873,1100,554,1010,1558,1048
877,1100,554,1010,1558,1048
881,1100,554,1010,1558,1048
888,1101,554,1010,1558,1048
892,1101,554,1010,1558,1048
896,1102,554,1010,1558,1048
899,1102,554,1010,1558,1048
900,1102,554,1010,1558,1048
905,1102,554,1010,1558,1048
913,1103,554,1010,1558,1048
918,1103,554,1010,1558,1048
923,1103,554,1010,1558,1048
930,1104,554,1010,1558,1048
937,1105,554,1010,1558,1048
940,1105,554,1010,1558,1048
947,1105,554,1010,1558,1048
954,1105,554,1010,1558,1048
960,1105,554,1010,1558,1048
968,1105,554,1010,1558,1048
972,1105,554,1010,1558,1048
980,1105,554,1010,1558,1048
990,1105,554,1010,1558,1048
996,1105,554,1010,1558,1048
1005,1105,554,1010,1558,1048
1017,1105,554,1010,1558,1048
1026,1106,554,1010,1558,1048
1032,1106,554,1010,1558,1048
1042,1106,554,1010,1558,1048
1046,1106,554,1010,1558,1048
1050,1106,554,1010,1558,1048
1059,1106,554,1010,1558,1048
1067,1106,554,1010,1558,1048
1069,1106,554,1010,1558,1048
1076,1106,554,1010,1558,1048
1085,1106,554,1010,1558,1048
1092,1106,554,1010,1558,1048
1097,1106,554,1010,1558,1048
1105,1106,554,1010,1558,1048
1115,1106,554,1010,1558,1048
1125,1106,554,1010,1558,1048
1134,1106,554,1010,1558,1048
1146,1106,554,1010,1558,1048
1160,1106,554,1010,1558,1048
1168,1106,554,1010,1558,1048
1178,1106,554,1010,1558,1048
1188,1107,554,1010,1558,1048
1197,1107,554,1010,1558,1048
1206,1107,554,1010,1558,1048
1214,1109,554,1010,1558,1048
1222,1109,554,1010,1558,1048
1231,1109,554,1010,1558,1048
1239,1109,554,1010,1558,1048
1248,1109,554,1010,1558,1048
1258,1109,554,1010,1558,1048
1266,1109,554,1010,1558,1048
1272,1108,554,1010,1558,1048
1279,1108,554,1010,1558,1048
1287,1108,554,1010,1558,1048
1294,1108,554,1010,1558,1048
1302,1107,554,1010,1558,1048
1312,1105,554,1010,1558,1048
1319,1105,554,1010,1558,1048
1327,1105,554,1010,1558,1048
1333,1105,554,1010,1558,1048
1341,1105,554,1010,1558,1048
1349,1104,554,1010,1558,1048
1351,1104,554,1010,1558,1048
1351,1104,554,1010,1558,1048
1353,1104,554,1010,1558,1048
1357,1104,554,1010,1558,1048
1359,1104,554,1010,1558,1048
1364,1104,554,1010,1558,1048
1370,1105,554,1010,1558,1048
1374,1105,554,1010,1558,1048
1380,1104,554,1010,1558,1048
1388,1103,554,1010,1558,1048
1392,1103,554,1010,1558,1048
1394,1103,554,1010,1558,1048
1398,1102,554,1010,1558,1048
1401,1102,554,1010,1558,1048
1408,1102,554,1010,1558,1048
1418,1102,554,1010,1558,1048
1422,1101,554,1010,1558,1048
1430,1101,554,1010,1558,1048
1437,1100,554,1010,1558,1048
1438,1100,554,1010,1558,1048
1444,1099,554,1010,1558,1048
1447,1099,554,1010,1558,1048
1447,1099,554,1010,1558,1048
1447,1099,554,1010,1558,1048
1453,1098,554,1010,1558,1048
1461,1097,554,1010,1558,1048
1468,1095,554,1010,1558,1048
1474,1094,554,1010,1558,1048
1481,1093,554,1010,1558,1048
1487,1091,554,1010,1558,1048
1492,1089,554,1010,1558,1048
1496,1087,554,1010,1558,1048
1500,1085,554,1010,1558,1048
1506,1083,554,1010,1558,1048
1512,1081,554,1010,1558,1048
1513,1080,554,1010,1558,1048
1514,1078,554,1010,1558,1048
1515,1077,554,1010,1558,1048
1515,1077,554,1010,1558,1048
1516,1077,554,1010,1558,1048
1519,1075,554,1010,1558,1048
1526,1071,554,1010,1558,1048
1533,1069,554,1010,1558,1048
1535,1067,554,1010,1558,1048
1539,1065,554,1010,1558,1048
1543,1062,554,1010,1558,1048
1548,1060,554,1010,1558,1048
1552,1058,554,1010,1558,1048
1555,1056,554,1010,1558,1048
1558,1053,554,1010,1558,1048
1564,1049,554,1010,1558,1048
1565,1049,554,1010,1558,1048
1567,1047,554,1010,1558,1048
1572,1042,554,1010,1558,1048
1575,1038,554,1010,1558,1048
1579,1032,554,1010,1558,1048
1583,1027,554,1010,1558,1048
1585,1021,554,1010,1558,1048
1587,1015,554,1010,1558,1048
1590,1006,554,1010,1558,1048
1591,998,554,1010,1558,1048
1591,986,554,1010,1558,1048
1590,974,554,1010,1558,1048
1588,962,554,1010,1558,1048
1587,953,554,1010,1558,1048
1585,941,554,1010,1558,1048
1584,930,554,1010,1558,1048
1582,924,554,1010,1558,1048
1581,914,554,1010,1558,1048
1579,907,554,1010,1558,1048
1578,899,554,1010,1558,1048
1578,893,554,1010,1558,1048
1577,890,554,1010,1558,1048
1575,885,554,1010,1558,1048
1573,878,554,1010,1558,1048
1571,872,554,1010,1558,1048
1567,864,554,1010,1558,1048
1563,857,554,1010,1558,1048
1561,853,554,1010,1558,1048
1557,844,554,1010,1558,1048
1555,838,554,1010,1558,1048
1551,829,554,1010,1558,1048
1547,821,554,1010,1558,1048
1545,814,554,1010,1558,1048
1540,802,554,1010,1558,1048
1536,790,554,1010,1558,1048
1533,781,554,1010,1558,1048
1530,770,554,1010,1558,1048
1527,762,554,1010,1558,1048
1524,756,554,1010,1558,1048
1520,748,554,1010,1558,1048
1516,738,554,1010,1558,1048
1512,729,554,1010,1558,1048
1507,716,554,1010,1558,1048
1500,702,554,1010,1558,1048
1495,693,554,1010,1558,1048
1488,679,554,1010,1558,1048
1483,668,554,1010,1558,1048
1475,655,554,1010,1558,1048
1467,642,554,1010,1558,1048
1461,631,554,1010,1558,1048
1449,617,554,1010,1558,1048
1441,606,554,1010,1558,1048
1435,599,554,1010,1558,1048
1429,592,554,1010,1558,1048
1419,585,554,1010,1558,1048
1410,579,554,1010,1558,1048
1398,570,554,1010,1558,1048
1389,564,554,1010,1558,1048
1373,556,554,1010,1558,1048
1360,549,554,1010,1558,1048
1355,546,554,1010,1558,1048
1347,542,554,1010,1558,1048
1339,537,554,1010,1558,1048
1331,532,554,1010,1558,1048
1322,525,554,1010,1558,1048
1310,518,554,1010,1558,1048
1300,513,554,1010,1558,1048
1288,504,554,1010,1558,1048
1274,495,554,1010,1558,1048
1264,489,554,1010,1558,1048
1251,482,554,1010,1558,1048
1237,473,554,1010,1558,1048
1227,467,554,1010,1558,1048
1213,459,554,1010,1558,1048
1201,452,554,1010,1558,1048
1193,447,554,1010,1558,1048
1186,443,554,1010,1558,1048
1177,438,554,1010,1558,1048
1170,433,554,1010,1558,1048
1161,427,554,1010,1558,1048
1153,423,554,1010,1558,1048
1147,419,554,1010,1558,1048
1140,415,554,1010,1558,1048
1136,413,554,1010,1558,1048
1131,411,554,1010,1558,1048
1125,409,554,1010,1558,1048
1120,407,554,1010,1558,1048
1117,406,554,1010,1558,1048
1113,405,554,1010,1558,1048
1106,402,554,1010,1558,1048
1100,400,554,1010,1558,1048
1093,397,554,1010,1558,1048
1089,395,554,1010,1558,1048
1087,395,554,1010,1558,1048
1084,393,554,1010,1558,1048
1080,392,554,1010,1558,1048
1078,391,554,1010,1558,1048
1077,390,554,1010,1558,1048
1077,390,554,1010,1558,1048
1077,390,554,1010,1558,1048
1077,390,554,1010,1558,1048
1077,390,554,1010,1558,1048
1077,390,554,1010,1558,1048
1077,390,554,1010,1558,1048
1077,390,554,1010,1558,1048
1073,386,554,1010,1558,1048
1069,383,554,1010,1558,1048
1066,381,554,1010,1558,1048
1065,380,554,1010,1558,1048
1065,380,554,1010,1558,1048
1065,380,554,1010,1558,1048
1065,380,554,1010,1558,1048
1065,381,554,1010,1558,1048
1061,381,554,1010,1558,1048
1058,380,554,1010,1558,1048
1057,380,554,1010,1558,1048
1057,380,554,1010,1558,1048
1057,380,554,1010,1558,1048
1057,380,554,1010,1558,1048
1057,380,554,1010,1558,1048
