887,371,628,904,1510,947
887,372,628,904,1510,947
887,372,628,904,1510,947
887,372,628,904,1510,947
887,372,628,904,1510,947
887,372,628,904,1510,947
887,372,628,904,1510,947
887,372,628,904,1510,947
887,372,628,904,1510,947
887,372,628,904,1510,947
887,372,628,904,1510,947
887,372,628,904,1510,947
883,375,628,904,1510,947
880,378,628,904,1510,947
873,382,628,904,1510,947
869,385,628,904,1510,947
862,390,628,904,1510,947
852,396,628,904,1510,947
839,403,628,904,1510,947
827,410,628,904,1510,947
822,414,628,904,1510,947
814,419,628,904,1510,947
808,423,628,904,1510,947
798,429,628,904,1510,947
790,435,628,904,1510,947
784,439,628,904,1510,947
775,445,628,904,1510,947
769,449,628,904,1510,947
763,454,628,904,1510,947
757,458,628,904,1510,947
752,463,628,904,1510,947
748,466,628,904,1510,947
743,470,628,904,1510,947
737,475,628,904,1510,947
731,481,628,904,1510,947
727,486,628,904,1510,947
722,492,628,904,1510,947
716,498,628,904,1510,947
712,503,628,904,1510,947
707,509,628,904,1510,947
704,514,628,904,1510,947
702,517,628,904,1510,947
700,521,628,904,1510,947
699,521,628,904,1510,947
699,521,628,904,1510,947
699,521,628,904,1510,947
699,521,628,904,1510,947
699,522,628,904,1510,947
694,533,628,904,1510,947
689,544,628,904,1510,947
685,553,628,904,1510,947
683,558,628,904,1510,947
680,566,628,904,1510,947
677,572,628,904,1510,947
673,581,628,904,1510,947
670,588,628,904,1510,947
667,594,628,904,1510,947
664,602,628,904,1510,947
661,608,628,904,1510,947
658,613,628,904,1510,947
656,619,628,904,1510,947
654,623,628,904,1510,947
651,629,628,904,1510,947
648,636,628,904,1510,947
646,642,628,904,1510,947
643,649,628,904,1510,947
640,658,628,904,1510,947
638,666,628,904,1510,947
634,677,628,904,1510,947
631,685,628,904,1510,947
629,689,628,904,1510,947
629,693,628,904,1510,947
628,694,628,904,1510,947
628,698,628,904,1510,947
628,703,628,904,1510,947
627,708,628,904,1510,947
627,711,628,904,1510,947
627,714,628,904,1510,947
626,720,628,904,1510,947
625,726,628,904,1510,947
625,731,628,904,1510,947
625,738,628,904,1510,947
625,743,628,904,1510,947
625,750,628,904,1510,947
625,760,628,904,1510,947
625,768,628,904,1510,947
625,775,628,904,1510,947
625,779,628,904,1510,947
625,787,628,904,1510,947
625,792,628,904,1510,947
625,794,628,904,1510,947
625,794,628,904,1510,947
625,794,628,904,1510,947
625,794,628,904,1510,947
625,800,628,904,1510,947
625,806,628,904,1510,947
625,812,628,904,1510,947
625,816,628,904,1510,947
625,819,628,904,1510,947
625,825,628,904,1510,947
625,830,628,904,1510,947
625,837,628,904,1510,947
625,841,628,904,1510,947
625,847,628,904,1510,947
625,852,628,904,1510,947
625,856,628,904,1510,947
625,860,628,904,1510,947
625,864,628,904,1510,947
624,868,628,904,1510,947
624,874,628,904,1510,947
624,878,628,904,1510,947
624,882,628,904,1510,947
624,887,628,904,1510,947
624,890,628,904,1510,947
625,892,628,904,1510,947
625,894,628,904,1510,947
625,899,628,904,1510,947
627,903,628,904,1510,947
629,907,628,904,1510,947
631,912,628,904,1510,947
634,918,628,904,1510,947
637,924,628,904,1510,947
640,930,628,904,1510,947
642,934,628,904,1510,947
645,939,628,904,1510,947
647,943,628,904,1510,947
651,949,628,904,1510,947
655,955,628,904,1510,947
659,960,628,904,1510,947
664,966,628,904,1510,947
667,971,628,904,1510,947
671,977,628,904,1510,947
674,983,628,904,1510,947
678,988,628,904,1510,947
682,996,628,904,1510,947
689,1005,628,904,1510,947
698,1014,628,904,1510,947
702,1020,628,904,1510,947
707,1027,628,904,1510,947
713,1032,628,904,1510,947
722,1041,628,904,1510,947
729,1046,628,904,1510,947
735,1053,628,904,1510,947
744,1059,628,904,1510,947
751,1065,628,904,1510,947
755,1068,628,904,1510,947
761,1073,628,904,1510,947
766,1077,628,904,1510,947
771,1081,628,904,1510,947
775,1084,628,904,1510,947
777,1087,628,904,1510,947
784,1093,628,904,1510,947
791,1098,628,904,1510,947
794,1101,628,904,1510,947
798,1104,628,904,1510,947
802,1108,628,904,1510,947
805,1111,628,904,1510,947
808,1113,628,904,1510,947
812,1116,628,904,1510,947
813,1116,628,904,1510,947
813,1117,628,904,1510,947
821,1120,628,904,1510,947
830,1124,628,904,1510,947
840,1127,628,904,1510,947
848,1130,628,904,1510,947
852,1131,628,904,1510,947
862,1135,628,904,1510,947
874,1139,628,904,1510,947
884,1144,628,904,1510,947
891,1146,628,904,1510,947
896,1147,628,904,1510,947
905,1151,628,904,1510,947
911,1153,628,904,1510,947
916,1154,628,904,1510,947
922,1155,628,904,1510,947
933,1156,628,904,1510,947
939,1156,628,904,1510,947
948,1157,628,904,1510,947
956,1159,628,904,1510,947
965,1160,628,904,1510,947
976,1163,628,904,1510,947
984,1164,628,904,1510,947
991,1165,628,904,1510,947
1001,1166,628,904,1510,947
1009,1167,628,904,1510,947
1015,1168,628,904,1510,947
1020,1168,628,904,1510,947
1023,1168,628,904,1510,947
1030,1168,628,904,1510,947
1039,1168,628,904,1510,947
1047,1168,628,904,1510,947
1052,1168,628,904,1510,947
1060,1170,628,904,1510,947
1066,1170,628,904,1510,947
1074,1171,628,904,1510,947
1079,1171,628,904,1510,947
1085,1171,628,904,1510,947
1092,1171,628,904,1510,947
1094,1171,628,904,1510,947
1094,1171,628,904,1510,947
1101,1171,628,904,1510,947
1110,1171,628,904,1510,947
1118,1171,628,904,1510,947
1122,1171,628,904,1510,947
1128,1171,628,904,1510,947
1137,1171,628,904,1510,947
1150,1171,628,904,1510,947
1157,1170,628,904,1510,947
1164,1171,628,904,1510,947
1176,1171,628,904,1510,947
1186,1170,628,904,1510,947
1193,1170,628,904,1510,947
1203,1170,628,904,1510,947
1212,1170,628,904,1510,947
1220,1170,628,904,1510,947
1229,1170,628,904,1510,947
1238,1169,628,904,1510,947
1244,1169,628,904,1510,947
1252,1169,628,904,1510,947
1259,1168,628,904,1510,947
1264,1167,628,904,1510,947
1271,1165,628,904,1510,947
1278,1163,628,904,1510,947
1286,1162,628,904,1510,947
1294,1159,628,904,1510,947
1299,1157,628,904,1510,947
1306,1155,628,904,1510,947
1315,1151,628,904,1510,947
1321,1148,628,904,1510,947
1328,1144,628,904,1510,947
1333,1141,628,904,1510,947
1337,1139,628,904,1510,947
1341,1136,628,904,1510,947
1343,1135,628,904,1510,947
1347,1133,628,904,1510,947
1353,1131,628,904,1510,947
1357,1129,628,904,1510,947
1360,1126,628,904,1510,947
1365,1123,628,904,1510,947
1368,1121,628,904,1510,947
1373,1118,628,904,1510,947
1379,1114,628,904,1510,947
1382,1112,628,904,1510,947
1387,1108,628,904,1510,947
1390,1105,628,904,1510,947
1394,1103,628,904,1510,947
1399,1099,628,904,1510,947
1403,1097,628,904,1510,947
1406,1094,628,904,1510,947
1411,1090,628,904,1510,947
1415,1087,628,904,1510,947
1420,1083,628,904,1510,947
1424,1078,628,904,1510,947
1427,1075,628,904,1510,947
1430,1070,628,904,1510,947
1433,1066,628,904,1510,947
1435,1062,628,904,1510,947
1438,1058,628,904,1510,947
1439,1054,628,904,1510,947
1442,1051,628,904,1510,947
1446,1047,628,904,1510,947
1449,1043,628,904,1510,947
1451,1039,628,904,1510,947
1454,1036,628,904,1510,947
1456,1034,628,904,1510,947
1459,1030,628,904,1510,947
1461,1024,628,904,1510,947
1464,1020,628,904,1510,947
1468,1015,628,904,1510,947
1472,1008,628,904,1510,947
1474,1004,628,904,1510,947
1478,999,628,904,1510,947
1481,994,628,904,1510,947
1483,991,628,904,1510,947
1486,988,628,904,1510,947
1488,985,628,904,1510,947
1491,981,628,904,1510,947
1492,976,628,904,1510,947
1494,972,628,904,1510,947
1496,968,628,904,1510,947
1497,965,628,904,1510,947
1498,961,628,904,1510,947
1499,958,628,904,1510,947
1500,953,628,904,1510,947
1501,950,628,904,1510,947
1502,946,628,904,1510,947
1504,943,628,904,1510,947
1506,940,628,904,1510,947
1507,936,628,904,1510,947
1509,929,628,904,1510,947
1512,923,628,904,1510,947
1515,913,628,904,1510,947
1517,902,628,904,1510,947
1518,894,628,904,1510,947
1520,882,628,904,1510,947
1521,875,628,904,1510,947
1522,868,628,904,1510,947
1522,862,628,904,1510,947
1522,855,628,904,1510,947
1522,849,628,904,1510,947
1521,838,628,904,1510,947
1520,832,628,904,1510,947
1520,824,628,904,1510,947
1520,818,628,904,1510,947
1520,810,628,904,1510,947
1520,802,628,904,1510,947
1519,791,628,904,1510,947
1518,783,628,904,1510,947
1516,774,628,904,1510,947
1516,768,628,904,1510,947
1516,761,628,904,1510,947
1515,752,628,904,1510,947
1514,745,628,904,1510,947
1513,738,628,904,1510,947
1512,730,628,904,1510,947
1511,723,628,904,1510,947
1508,713,628,904,1510,947
1506,705,628,904,1510,947
1505,701,628,904,1510,947
1502,695,628,904,1510,947
1500,688,628,904,1510,947
1496,679,628,904,1510,947
1490,670,628,904,1510,947
1487,664,628,904,1510,947
1483,656,628,904,1510,947
1479,649,628,904,1510,947
1476,643,628,904,1510,947
1472,635,628,904,1510,947
1468,629,628,904,1510,947
1464,623,628,904,1510,947
1460,618,628,904,1510,947
1455,610,628,904,1510,947
1452,606,628,904,1510,947
1448,600,628,904,1510,947
1443,593,628,904,1510,947
1440,589,628,904,1510,947
1436,583,628,904,1510,947
1432,577,628,904,1510,947
1428,573,628,904,1510,947
1423,568,628,904,1510,947
1419,563,628,904,1510,947
1414,558,628,904,1510,947
1410,552,628,904,1510,947
1404,547,628,904,1510,947
1399,542,628,904,1510,947
1392,537,628,904,1510,947
1385,532,628,904,1510,947
1379,527,628,904,1510,947
1373,522,628,904,1510,947
1365,516,628,904,1510,947
1357,510,628,904,1510,947
1351,506,628,904,1510,947
1344,500,628,904,1510,947
1337,495,628,904,1510,947
1329,489,628,904,1510,947
1320,482,628,904,1510,947
1311,476,628,904,1510,947
1304,471,628,904,1510,947
1295,465,628,904,1510,947
1287,460,628,904,1510,947
1281,455,628,904,1510,947
1274,452,628,904,1510,947
1269,449,628,904,1510,947
1264,447,628,904,1510,947
1260,445,628,904,1510,947
1255,443,628,904,1510,947
1247,439,628,904,1510,947
1239,435,628,904,1510,947
1233,433,628,904,1510,947
1227,430,628,904,1510,947
1217,426,628,904,1510,947
1210,423,628,904,1510,947
1199,419,628,904,1510,947
1191,416,628,904,1510,947
1186,414,628,904,1510,947
1178,411,628,904,1510,947
1169,408,628,904,1510,947
1164,406,628,904,1510,947
1158,403,628,904,1510,947
1151,400,628,904,1510,947
1147,399,628,904,1510,947
1141,397,628,904,1510,947
1134,395,628,904,1510,947
1130,393,628,904,1510,947
1126,393,628,904,1510,947
1121,391,628,904,1510,947
1116,390,628,904,1510,947
1110,389,628,904,1510,947
1104,387,628,904,1510,947
1100,385,628,904,1510,947
1094,383,628,904,1510,947
1093,383,628,904,1510,947
1093,383,628,904,1510,947
1093,383,628,904,1510,947
1093,383,628,904,1510,947
1093,383,628,904,1510,947
1093,383,628,904,1510,947
1093,383,628,904,1510,947
1093,383,628,904,1510,947
1079,383,628,904,1510,947
1069,382,628,904,1510,947
1066,382,628,904,1510,947
1066,382,628,904,1510,947
1066,382,628,904,1510,947
1066,382,628,904,1510,947
1066,382,628,904,1510,947
1066,382,628,904,1510,947
1066,382,628,904,1510,947
1066,382,628,904,1510,947
1066,382,628,904,1510,947
1066,382,628,904,1510,947
1066,382,628,904,1510,947
1063,383,628,904,1510,947
1061,383,628,904,1510,947
1061,383,628,904,1510,947
1061,383,628,904,1510,947
1061,383,628,904,1510,947
1061,383,628,904,1510,947
1061,383,628,904,1510,947
1061,383,628,904,1510,947
1061,382,628,904,1510,947
1061,382,628,904,1510,947
1058,379,628,904,1510,947
1055,375,628,904,1510,947
1054,373,628,904,1510,947
1053,371,628,904,1510,947
1053,371,628,904,1510,947
