888,372,407,1134,1697,1120
888,372,407,1134,1697,1120
888,372,407,1134,1697,1120
888,372,407,1134,1697,1120
888,372,407,1134,1697,1120
888,373,407,1134,1697,1120
888,373,407,1134,1697,1120
887,375,407,1134,1697,1120
884,379,407,1134,1697,1120
881,382,407,1134,1697,1120
879,386,407,1134,1697,1120
875,391,407,1134,1697,1120
870,395,407,1134,1697,1120
862,402,407,1134,1697,1120
851,409,407,1134,1697,1120
841,415,407,1134,1697,1120
832,421,407,1134,1697,1120
822,427,407,1134,1697,1120
814,430,407,1134,1697,1120
808,434,407,1134,1697,1120
799,438,407,1134,1697,1120
791,443,407,1134,1697,1120
784,446,407,1134,1697,1120
775,452,407,1134,1697,1120
767,456,407,1134,1697,1120
758,462,407,1134,1697,1120
752,466,407,1134,1697,1120
742,471,407,1134,1697,1120
735,475,407,1134,1697,1120
724,480,407,1134,1697,1120
714,486,407,1134,1697,1120
706,490,407,1134,1697,1120
693,496,407,1134,1697,1120
680,502,407,1134,1697,1120
670,507,407,1134,1697,1120
661,512,407,1134,1697,1120
654,517,407,1134,1697,1120
648,521,407,1134,1697,1120
637,529,407,1134,1697,1120
630,536,407,1134,1697,1120
620,544,407,1134,1697,1120
608,552,407,1134,1697,1120
599,560,407,1134,1697,1120
591,567,407,1134,1697,1120
575,581,407,1134,1697,1120
564,591,407,1134,1697,1120
557,599,407,1134,1697,1120
548,608,407,1134,1697,1120
543,613,407,1134,1697,1120
533,623,407,1134,1697,1120
526,631,407,1134,1697,1120
519,637,407,1134,1697,1120
514,642,407,1134,1697,1120
509,648,407,1134,1697,1120
502,654,407,1134,1697,1120
497,658,407,1134,1697,1120
492,664,407,1134,1697,1120
487,668,407,1134,1697,1120
480,675,407,1134,1697,1120
475,680,407,1134,1697,1120
471,683,407,1134,1697,1120
467,687,407,1134,1697,1120
461,692,407,1134,1697,1120
458,696,407,1134,1697,1120
454,700,407,1134,1697,1120
450,704,407,1134,1697,1120
444,711,407,1134,1697,1120
440,715,407,1134,1697,1120
435,720,407,1134,1697,1120
431,725,407,1134,1697,1120
427,731,407,1134,1697,1120
423,737,407,1134,1697,1120
418,744,407,1134,1697,1120
415,749,407,1134,1697,1120
413,752,407,1134,1697,1120
412,753,407,1134,1697,1120
411,754,407,1134,1697,1120
407,757,407,1134,1697,1120
403,762,407,1134,1697,1120
401,764,407,1134,1697,1120
398,768,407,1134,1697,1120
396,772,407,1134,1697,1120
394,776,407,1134,1697,1120
390,781,407,1134,1697,1120
389,782,407,1134,1697,1120
389,782,407,1134,1697,1120
389,782,407,1134,1697,1120
389,783,407,1134,1697,1120
389,783,407,1134,1697,1120
388,785,407,1134,1697,1120
384,795,407,1134,1697,1120
381,802,407,1134,1697,1120
378,809,407,1134,1697,1120
376,813,407,1134,1697,1120
373,818,407,1134,1697,1120
370,825,407,1134,1697,1120
368,831,407,1134,1697,1120
366,837,407,1134,1697,1120
365,843,407,1134,1697,1120
364,850,407,1134,1697,1120
362,855,407,1134,1697,1120
361,862,407,1134,1697,1120
360,869,407,1134,1697,1120
359,873,407,1134,1697,1120
358,880,407,1134,1697,1120
357,885,407,1134,1697,1120
356,891,407,1134,1697,1120
355,896,407,1134,1697,1120
354,900,407,1134,1697,1120
353,904,407,1134,1697,1120
353,910,407,1134,1697,1120
352,916,407,1134,1697,1120
352,922,407,1134,1697,1120
352,930,407,1134,1697,1120
352,935,407,1134,1697,1120
352,943,407,1134,1697,1120
352,951,407,1134,1697,1120
352,957,407,1134,1697,1120
352,966,407,1134,1697,1120
351,973,407,1134,1697,1120
351,978,407,1134,1697,1120
351,984,407,1134,1697,1120
351,991,407,1134,1697,1120
351,997,407,1134,1697,1120
352,1004,407,1134,1697,1120
353,1009,407,1134,1697,1120
353,1013,407,1134,1697,1120
353,1020,407,1134,1697,1120
354,1026,407,1134,1697,1120
355,1033,407,1134,1697,1120
357,1038,407,1134,1697,1120
359,1043,407,1134,1697,1120
361,1048,407,1134,1697,1120
362,1052,407,1134,1697,1120
365,1057,407,1134,1697,1120
366,1060,407,1134,1697,1120
367,1064,407,1134,1697,1120
369,1068,407,1134,1697,1120
371,1072,407,1134,1697,1120
372,1076,407,1134,1697,1120
374,1081,407,1134,1697,1120
376,1084,407,1134,1697,1120
378,1088,407,1134,1697,1120
380,1093,407,1134,1697,1120
382,1095,407,1134,1697,1120
384,1099,407,1134,1697,1120
389,1105,407,1134,1697,1120
391,1108,407,1134,1697,1120
396,1112,407,1134,1697,1120
398,1114,407,1134,1697,1120
400,1117,407,1134,1697,1120
402,1120,407,1134,1697,1120
404,1123,407,1134,1697,1120
406,1125,407,1134,1697,1120
407,1128,407,1134,1697,1120
408,1130,407,1134,1697,1120
411,1134,407,1134,1697,1120
414,1138,407,1134,1697,1120
416,1141,407,1134,1697,1120
418,1144,407,1134,1697,1120
422,1148,407,1134,1697,1120
426,1152,407,1134,1697,1120
430,1156,407,1134,1697,1120
436,1160,407,1134,1697,1120
439,1163,407,1134,1697,1120
446,1167,407,1134,1697,1120
451,1171,407,1134,1697,1120
455,1173,407,1134,1697,1120
457,1175,407,1134,1697,1120
462,1178,407,1134,1697,1120
466,1181,407,1134,1697,1120
476,1186,407,1134,1697,1120
481,1188,407,1134,1697,1120
486,1191,407,1134,1697,1120
494,1195,407,1134,1697,1120
498,1198,407,1134,1697,1120
502,1199,407,1134,1697,1120
506,1200,407,1134,1697,1120
508,1201,407,1134,1697,1120
511,1202,407,1134,1697,1120
519,1204,407,1134,1697,1120
527,1205,407,1134,1697,1120
536,1207,407,1134,1697,1120
542,1209,407,1134,1697,1120
542,1209,407,1134,1697,1120
542,1209,407,1134,1697,1120
550,1212,407,1134,1697,1120
559,1215,407,1134,1697,1120
563,1216,407,1134,1697,1120
564,1217,407,1134,1697,1120
571,1220,407,1134,1697,1120
578,1222,407,1134,1697,1120
589,1225,407,1134,1697,1120
594,1227,407,1134,1697,1120
596,1228,407,1134,1697,1120
600,1230,407,1134,1697,1120
607,1232,407,1134,1697,1120
611,1234,407,1134,1697,1120
616,1236,407,1134,1697,1120
622,1238,407,1134,1697,1120
626,1240,407,1134,1697,1120
633,1242,407,1134,1697,1120
638,1244,407,1134,1697,1120
640,1244,407,1134,1697,1120
645,1246,407,1134,1697,1120
654,1249,407,1134,1697,1120
658,1250,407,1134,1697,1120
659,1250,407,1134,1697,1120
667,1253,407,1134,1697,1120
676,1256,407,1134,1697,1120
686,1259,407,1134,1697,1120
695,1261,407,1134,1697,1120
706,1262,407,1134,1697,1120
716,1264,407,1134,1697,1120
719,1265,407,1134,1697,1120
724,1267,407,1134,1697,1120
730,1268,407,1134,1697,1120
734,1269,407,1134,1697,1120
746,1275,407,1134,1697,1120
755,1279,407,1134,1697,1120
764,1280,407,1134,1697,1120
775,1281,407,1134,1697,1120
783,1283,407,1134,1697,1120
794,1284,407,1134,1697,1120
799,1285,407,1134,1697,1120
805,1285,407,1134,1697,1120
811,1285,407,1134,1697,1120
814,1286,407,1134,1697,1120
816,1287,407,1134,1697,1120
821,1287,407,1134,1697,1120
825,1287,407,1134,1697,1120
830,1287,407,1134,1697,1120
836,1288,407,1134,1697,1120
837,1288,407,1134,1697,1120
844,1289,407,1134,1697,1120
852,1290,407,1134,1697,1120
856,1291,407,1134,1697,1120
864,1294,407,1134,1697,1120
871,1296,407,1134,1697,1120
880,1298,407,1134,1697,1120
886,1300,407,1134,1697,1120
891,1301,407,1134,1697,1120
903,1303,407,1134,1697,1120
911,1305,407,1134,1697,1120
920,1306,407,1134,1697,1120
926,1306,407,1134,1697,1120
939,1306,407,1134,1697,1120
955,1306,407,1134,1697,1120
973,1306,407,1134,1697,1120
986,1306,407,1134,1697,1120
998,1306,407,1134,1697,1120
1011,1306,407,1134,1697,1120
1025,1306,407,1134,1697,1120
1041,1306,407,1134,1697,1120
1046,1306,407,1134,1697,1120
1052,1306,407,1134,1697,1120
1065,1306,407,1134,1697,1120
1074,1306,407,1134,1697,1120
1083,1306,407,1134,1697,1120
1088,1306,407,1134,1697,1120
1097,1306,407,1134,1697,1120
1106,1306,407,1134,1697,1120
1111,1305,407,1134,1697,1120
1115,1304,407,1134,1697,1120
1125,1304,407,1134,1697,1120
1132,1304,407,1134,1697,1120
1140,1304,407,1134,1697,1120
1147,1304,407,1134,1697,1120
1148,1303,407,1134,1697,1120
1151,1302,407,1134,1697,1120
1156,1299,407,1134,1697,1120
1162,1298,407,1134,1697,1120
1168,1298,407,1134,1697,1120
1174,1298,407,1134,1697,1120
1177,1297,407,1134,1697,1120
1183,1297,407,1134,1697,1120
1191,1297,407,1134,1697,1120
1203,1297,407,1134,1697,1120
1215,1297,407,1134,1697,1120
1225,1298,407,1134,1697,1120
1230,1299,407,1134,1697,1120
1241,1300,407,1134,1697,1120
1258,1302,407,1134,1697,1120
1265,1302,407,1134,1697,1120
1272,1302,407,1134,1697,1120
1280,1302,407,1134,1697,1120
1291,1302,407,1134,1697,1120
1295,1302,407,1134,1697,1120
1295,1302,407,1134,1697,1120
1300,1301,407,1134,1697,1120
1308,1300,407,1134,1697,1120
1313,1300,407,1134,1697,1120
1320,1298,407,1134,1697,1120
1333,1296,407,1134,1697,1120
1347,1295,407,1134,1697,1120
1362,1294,407,1134,1697,1120
1375,1293,407,1134,1697,1120
1385,1291,407,1134,1697,1120
1386,1290,407,1134,1697,1120
1391,1289,407,1134,1697,1120
1407,1287,407,1134,1697,1120
1419,1285,407,1134,1697,1120
1420,1284,407,1134,1697,1120
1427,1282,407,1134,1697,1120
1434,1279,407,1134,1697,1120
1438,1276,407,1134,1697,1120
1443,1275,407,1134,1697,1120
1443,1275,407,1134,1697,1120
1445,1275,407,1134,1697,1120
1458,1273,407,1134,1697,1120
1470,1271,407,1134,1697,1120
1474,1270,407,1134,1697,1120
1478,1269,407,1134,1697,1120
1486,1268,407,1134,1697,1120
1498,1267,407,1134,1697,1120
1502,1267,407,1134,1697,1120
1503,1266,407,1134,1697,1120
1507,1265,407,1134,1697,1120
1519,1262,407,1134,1697,1120
1526,1261,407,1134,1697,1120
1530,1260,407,1134,1697,1120
1533,1259,407,1134,1697,1120
1542,1257,407,1134,1697,1120
1552,1255,407,1134,1697,1120
1556,1253,407,1134,1697,1120
1558,1253,407,1134,1697,1120
1565,1251,407,1134,1697,1120
1575,1250,407,1134,1697,1120
1587,1247,407,1134,1697,1120
1592,1245,407,1134,1697,1120
1598,1244,407,1134,1697,1120
1604,1241,407,1134,1697,1120
1604,1240,407,1134,1697,1120
1604,1240,407,1134,1697,1120
1608,1239,407,1134,1697,1120
1609,1238,407,1134,1697,1120
1608,1236,407,1134,1697,1120
1609,1234,407,1134,1697,1120
1612,1229,407,1134,1697,1120
1613,1225,407,1134,1697,1120
1615,1221,407,1134,1697,1120
1618,1215,407,1134,1697,1120
1619,1212,407,1134,1697,1120
1622,1207,407,1134,1697,1120
1627,1203,407,1134,1697,1120
1630,1199,407,1134,1697,1120
1634,1195,407,1134,1697,1120
1637,1193,407,1134,1697,1120
1640,1190,407,1134,1697,1120
1645,1185,407,1134,1697,1120
1650,1180,407,1134,1697,1120
1654,1177,407,1134,1697,1120
1661,1170,407,1134,1697,1120
1665,1165,407,1134,1697,1120
1671,1161,407,1134,1697,1120
1676,1157,407,1134,1697,1120
1677,1155,407,1134,1697,1120
1680,1152,407,1134,1697,1120
1684,1149,407,1134,1697,1120
1685,1147,407,1134,1697,1120
1687,1144,407,1134,1697,1120
1691,1142,407,1134,1697,1120
1692,1138,407,1134,1697,1120
1694,1135,407,1134,1697,1120
1696,1132,407,1134,1697,1120
1697,1129,407,1134,1697,1120
1698,1126,407,1134,1697,1120
1698,1122,407,1134,1697,1120
1699,1119,407,1134,1697,1120
1700,1115,407,1134,1697,1120
1701,1111,407,1134,1697,1120
1702,1105,407,1134,1697,1120
1703,1100,407,1134,1697,1120
1704,1097,407,1134,1697,1120
1705,1093,407,1134,1697,1120
1707,1088,407,1134,1697,1120
1707,1084,407,1134,1697,1120
1709,1079,407,1134,1697,1120
1711,1075,407,1134,1697,1120
1713,1070,407,1134,1697,1120
1714,1065,407,1134,1697,1120
1715,1059,407,1134,1697,1120
1717,1056,407,1134,1697,1120
1718,1050,407,1134,1697,1120
1719,1044,407,1134,1697,1120
1720,1039,407,1134,1697,1120
1722,1030,407,1134,1697,1120
1724,1020,407,1134,1697,1120
1725,1012,407,1134,1697,1120
1727,1002,407,1134,1697,1120
1728,995,407,1134,1697,1120
1730,985,407,1134,1697,1120
1731,976,407,1134,1697,1120
1733,967,407,1134,1697,1120
1734,960,407,1134,1697,1120
1735,950,407,1134,1697,1120
1736,942,407,1134,1697,1120
1737,937,407,1134,1697,1120
1738,929,407,1134,1697,1120
1739,924,407,1134,1697,1120
1739,918,407,1134,1697,1120
1739,911,407,1134,1697,1120
1739,903,407,1134,1697,1120
1739,895,407,1134,1697,1120
1738,885,407,1134,1697,1120
1738,877,407,1134,1697,1120
1738,871,407,1134,1697,1120
1737,862,407,1134,1697,1120
1735,856,407,1134,1697,1120
1733,846,407,1134,1697,1120
1732,840,407,1134,1697,1120
1728,832,407,1134,1697,1120
1725,825,407,1134,1697,1120
1723,819,407,1134,1697,1120
1719,811,407,1134,1697,1120
1716,806,407,1134,1697,1120
1712,798,407,1134,1697,1120
1709,791,407,1134,1697,1120
1705,783,407,1134,1697,1120
1700,775,407,1134,1697,1120
1696,769,407,1134,1697,1120
1690,760,407,1134,1697,1120
1686,753,407,1134,1697,1120
1683,748,407,1134,1697,1120
1679,742,407,1134,1697,1120
1674,735,407,1134,1697,1120
1671,730,407,1134,1697,1120
1665,724,407,1134,1697,1120
1659,717,407,1134,1697,1120
1655,712,407,1134,1697,1120
1650,705,407,1134,1697,1120
1645,700,407,1134,1697,1120
1636,692,407,1134,1697,1120
1628,685,407,1134,1697,1120
1619,677,407,1134,1697,1120
1612,671,407,1134,1697,1120
1603,663,407,1134,1697,1120
1598,658,407,1134,1697,1120
1590,650,407,1134,1697,1120
1583,644,407,1134,1697,1120
1574,637,407,1134,1697,1120
1566,631,407,1134,1697,1120
1559,626,407,1134,1697,1120
1553,621,407,1134,1697,1120
1545,616,407,1134,1697,1120
1537,610,407,1134,1697,1120
1531,607,407,1134,1697,1120
1523,602,407,1134,1697,1120
1518,599,407,1134,1697,1120
1512,594,407,1134,1697,1120
1507,590,407,1134,1697,1120
1500,587,407,1134,1697,1120
1492,581,407,1134,1697,1120
1484,576,407,1134,1697,1120
1478,571,407,1134,1697,1120
1470,567,407,1134,1697,1120
1465,564,407,1134,1697,1120
1457,560,407,1134,1697,1120
1451,557,407,1134,1697,1120
1447,555,407,1134,1697,1120
1441,551,407,1134,1697,1120
1437,548,407,1134,1697,1120
1433,545,407,1134,1697,1120
1425,541,407,1134,1697,1120
1419,538,407,1134,1697,1120
1416,537,407,1134,1697,1120
1412,534,407,1134,1697,1120
1405,531,407,1134,1697,1120
1400,528,407,1134,1697,1120
1392,523,407,1134,1697,1120
1383,519,407,1134,1697,1120
1376,515,407,1134,1697,1120
1368,512,407,1134,1697,1120
1363,509,407,1134,1697,1120
1357,506,407,1134,1697,1120
1355,505,407,1134,1697,1120
1353,504,407,1134,1697,1120
1349,502,407,1134,1697,1120
1341,498,407,1134,1697,1120
1334,496,407,1134,1697,1120
1328,492,407,1134,1697,1120
1320,489,407,1134,1697,1120
1314,485,407,1134,1697,1120
1307,481,407,1134,1697,1120
1301,477,407,1134,1697,1120
1297,475,407,1134,1697,1120
1292,473,407,1134,1697,1120
1291,472,407,1134,1697,1120
1290,470,407,1134,1697,1120
1285,466,407,1134,1697,1120
1281,463,407,1134,1697,1120
1275,459,407,1134,1697,1120
1269,455,407,1134,1697,1120
1263,452,407,1134,1697,1120
1257,447,407,1134,1697,1120
1253,445,407,1134,1697,1120
1245,441,407,1134,1697,1120
1235,435,407,1134,1697,1120
1228,432,407,1134,1697,1120
1219,429,407,1134,1697,1120
1207,424,407,1134,1697,1120
1199,421,407,1134,1697,1120
1190,417,407,1134,1697,1120
1184,415,407,1134,1697,1120
1174,410,407,1134,1697,1120
1162,407,407,1134,1697,1120
1154,403,407,1134,1697,1120
1146,400,407,1134,1697,1120
1138,397,407,1134,1697,1120
1130,393,407,1134,1697,1120
1123,390,407,1134,1697,1120
1117,387,407,1134,1697,1120
1110,384,407,1134,1697,1120
1106,383,407,1134,1697,1120
1101,381,407,1134,1697,1120
1093,380,407,1134,1697,1120
1088,379,407,1134,1697,1120
1083,378,407,1134,1697,1120
1079,377,407,1134,1697,1120
1075,376,407,1134,1697,1120
1071,376,407,1134,1697,1120
1069,376,407,1134,1697,1120
1066,376,407,1134,1697,1120
1065,376,407,1134,1697,1120
1065,376,407,1134,1697,1120
1065,376,407,1134,1697,1120
1065,376,407,1134,1697,1120
1065,376,407,1134,1697,1120
