887,371,494,1067,1487,940
887,371,494,1067,1487,940
887,371,494,1067,1487,940
887,372,494,1067,1487,940
887,372,494,1067,1487,940
886,372,494,1067,1487,940
884,372,494,1067,1487,940
880,373,494,1067,1487,940
875,377,494,1067,1487,940
868,381,494,1067,1487,940
865,383,494,1067,1487,940
860,388,494,1067,1487,940
852,394,494,1067,1487,940
842,400,494,1067,1487,940
835,405,494,1067,1487,940
826,411,494,1067,1487,940
817,416,494,1067,1487,940
804,422,494,1067,1487,940
796,427,494,1067,1487,940
787,433,494,1067,1487,940
780,438,494,1067,1487,940
774,442,494,1067,1487,940
769,445,494,1067,1487,940
761,449,494,1067,1487,940
756,453,494,1067,1487,940
751,456,494,1067,1487,940
747,459,494,1067,1487,940
740,463,494,1067,1487,940
733,468,494,1067,1487,940
726,473,494,1067,1487,940
721,476,494,1067,1487,940
714,481,494,1067,1487,940
706,486,494,1067,1487,940
702,490,494,1067,1487,940
696,495,494,1067,1487,940
692,498,494,1067,1487,940
684,504,494,1067,1487,940
676,510,494,1067,1487,940
669,515,494,1067,1487,940
661,520,494,1067,1487,940
654,525,494,1067,1487,940
647,529,494,1067,1487,940
638,534,494,1067,1487,940
629,541,494,1067,1487,940
622,545,494,1067,1487,940
614,552,494,1067,1487,940
606,561,494,1067,1487,940
597,570,494,1067,1487,940
585,581,494,1067,1487,940
576,589,494,1067,1487,940
571,595,494,1067,1487,940
561,603,494,1067,1487,940
550,613,494,1067,1487,940
544,618,494,1067,1487,940
536,626,494,1067,1487,940
528,633,494,1067,1487,940
524,637,494,1067,1487,940
520,641,494,1067,1487,940
517,644,494,1067,1487,940
511,649,494,1067,1487,940
508,652,494,1067,1487,940
506,656,494,1067,1487,940
501,661,494,1067,1487,940
498,665,494,1067,1487,940
495,670,494,1067,1487,940
493,673,494,1067,1487,940
489,679,494,1067,1487,940
484,686,494,1067,1487,940
481,692,494,1067,1487,940
479,697,494,1067,1487,940
476,702,494,1067,1487,940
473,707,494,1067,1487,940
467,716,494,1067,1487,940
464,722,494,1067,1487,940
462,726,494,1067,1487,940
460,730,494,1067,1487,940
455,738,494,1067,1487,940
451,745,494,1067,1487,940
450,748,494,1067,1487,940
447,754,494,1067,1487,940
443,762,494,1067,1487,940
441,767,494,1067,1487,940
439,774,494,1067,1487,940
437,780,494,1067,1487,940
436,786,494,1067,1487,940
434,792,494,1067,1487,940
432,798,494,1067,1487,940
430,806,494,1067,1487,940
430,812,494,1067,1487,940
428,820,494,1067,1487,940
427,828,494,1067,1487,940
427,834,494,1067,1487,940
427,841,494,1067,1487,940
426,847,494,1067,1487,940
426,853,494,1067,1487,940
427,859,494,1067,1487,940
427,867,494,1067,1487,940
428,875,494,1067,1487,940
429,878,494,1067,1487,940
429,883,494,1067,1487,940
431,888,494,1067,1487,940
432,891,494,1067,1487,940
433,896,494,1067,1487,940
433,899,494,1067,1487,940
433,903,494,1067,1487,940
435,908,494,1067,1487,940
437,912,494,1067,1487,940
438,915,494,1067,1487,940
439,919,494,1067,1487,940
441,924,494,1067,1487,940
443,932,494,1067,1487,940
444,936,494,1067,1487,940
446,942,494,1067,1487,940
449,947,494,1067,1487,940
451,953,494,1067,1487,940
453,960,494,1067,1487,940
455,966,494,1067,1487,940
458,975,494,1067,1487,940
460,982,494,1067,1487,940
462,989,494,1067,1487,940
464,995,494,1067,1487,940
465,999,494,1067,1487,940
466,1004,494,1067,1487,940
466,1006,494,1067,1487,940
467,1009,494,1067,1487,940
468,1013,494,1067,1487,940
469,1015,494,1067,1487,940
470,1019,494,1067,1487,940
472,1022,494,1067,1487,940
473,1024,494,1067,1487,940
474,1028,494,1067,1487,940
475,1031,494,1067,1487,940
476,1034,494,1067,1487,940
477,1037,494,1067,1487,940
479,1040,494,1067,1487,940
479,1041,494,1067,1487,940
480,1043,494,1067,1487,940
481,1046,494,1067,1487,940
483,1049,494,1067,1487,940
484,1051,494,1067,1487,940
486,1055,494,1067,1487,940
488,1058,494,1067,1487,940
491,1063,494,1067,1487,940
498,1070,494,1067,1487,940
501,1074,494,1067,1487,940
505,1081,494,1067,1487,940
507,1084,494,1067,1487,940
508,1086,494,1067,1487,940
513,1090,494,1067,1487,940
517,1093,494,1067,1487,940
520,1096,494,1067,1487,940
524,1100,494,1067,1487,940
528,1103,494,1067,1487,940
535,1109,494,1067,1487,940
540,1114,494,1067,1487,940
547,1119,494,1067,1487,940
554,1125,494,1067,1487,940
559,1129,494,1067,1487,940
565,1135,494,1067,1487,940
572,1140,494,1067,1487,940
576,1144,494,1067,1487,940
583,1149,494,1067,1487,940
585,1150,494,1067,1487,940
589,1154,494,1067,1487,940
594,1157,494,1067,1487,940
600,1161,494,1067,1487,940
608,1166,494,1067,1487,940
615,1170,494,1067,1487,940
619,1172,494,1067,1487,940
627,1176,494,1067,1487,940
634,1180,494,1067,1487,940
642,1183,494,1067,1487,940
651,1186,494,1067,1487,940
659,1189,494,1067,1487,940
665,1191,494,1067,1487,940
666,1192,494,1067,1487,940
676,1196,494,1067,1487,940
691,1202,494,1067,1487,940
697,1203,494,1067,1487,940
697,1204,494,1067,1487,940
702,1206,494,1067,1487,940
714,1210,494,1067,1487,940
729,1213,494,1067,1487,940
739,1216,494,1067,1487,940
753,1219,494,1067,1487,940
769,1222,494,1067,1487,940
779,1224,494,1067,1487,940
791,1226,494,1067,1487,940
805,1229,494,1067,1487,940
816,1230,494,1067,1487,940
830,1232,494,1067,1487,940
840,1233,494,1067,1487,940
849,1234,494,1067,1487,940
856,1236,494,1067,1487,940
867,1237,494,1067,1487,940
870,1238,494,1067,1487,940
874,1238,494,1067,1487,940
882,1239,494,1067,1487,940
889,1239,494,1067,1487,940
897,1239,494,1067,1487,940
905,1239,494,1067,1487,940
914,1240,494,1067,1487,940
924,1240,494,1067,1487,940
931,1240,494,1067,1487,940
941,1241,494,1067,1487,940
953,1241,494,1067,1487,940
961,1241,494,1067,1487,940
964,1240,494,1067,1487,940
966,1240,494,1067,1487,940
971,1240,494,1067,1487,940
983,1240,494,1067,1487,940
997,1240,494,1067,1487,940
1003,1240,494,1067,1487,940
1007,1239,494,1067,1487,940
1012,1239,494,1067,1487,940
1016,1239,494,1067,1487,940
1020,1239,494,1067,1487,940
1024,1239,494,1067,1487,940
1032,1239,494,1067,1487,940
1041,1239,494,1067,1487,940
1050,1239,494,1067,1487,940
1056,1239,494,1067,1487,940
1064,1238,494,1067,1487,940
1081,1236,494,1067,1487,940
1098,1234,494,1067,1487,940
1124,1233,494,1067,1487,940
1148,1231,494,1067,1487,940
1165,1228,494,1067,1487,940
1176,1227,494,1067,1487,940
1192,1224,494,1067,1487,940
1201,1221,494,1067,1487,940
1211,1219,494,1067,1487,940
1222,1217,494,1067,1487,940
1227,1214,494,1067,1487,940
1235,1210,494,1067,1487,940
1242,1208,494,1067,1487,940
1252,1204,494,1067,1487,940
1264,1200,494,1067,1487,940
1271,1196,494,1067,1487,940
1280,1193,494,1067,1487,940
1290,1188,494,1067,1487,940
1299,1184,494,1067,1487,940
1306,1180,494,1067,1487,940
1311,1177,494,1067,1487,940
1320,1173,494,1067,1487,940
1331,1168,494,1067,1487,940
1339,1163,494,1067,1487,940
1344,1159,494,1067,1487,940
1348,1154,494,1067,1487,940
1352,1150,494,1067,1487,940
1356,1145,494,1067,1487,940
1358,1140,494,1067,1487,940
1365,1134,494,1067,1487,940
1372,1129,494,1067,1487,940
1381,1125,494,1067,1487,940
1386,1121,494,1067,1487,940
1389,1118,494,1067,1487,940
1394,1114,494,1067,1487,940
1400,1109,494,1067,1487,940
1404,1106,494,1067,1487,940
1410,1100,494,1067,1487,940
1412,1097,494,1067,1487,940
1415,1093,494,1067,1487,940
1419,1089,494,1067,1487,940
1423,1085,494,1067,1487,940
1426,1080,494,1067,1487,940
1429,1076,494,1067,1487,940
1434,1069,494,1067,1487,940
1438,1063,494,1067,1487,940
1440,1059,494,1067,1487,940
1442,1054,494,1067,1487,940
1444,1050,494,1067,1487,940
1449,1045,494,1067,1487,940
1453,1040,494,1067,1487,940
1456,1035,494,1067,1487,940
1459,1028,494,1067,1487,940
1462,1024,494,1067,1487,940
1466,1018,494,1067,1487,940
1468,1013,494,1067,1487,940
1469,1008,494,1067,1487,940
1470,1002,494,1067,1487,940
1471,998,494,1067,1487,940
1473,992,494,1067,1487,940
1475,987,494,1067,1487,940
1476,984,494,1067,1487,940
1480,978,494,1067,1487,940
1483,973,494,1067,1487,940
1483,969,494,1067,1487,940
1484,965,494,1067,1487,940
1485,961,494,1067,1487,940
1487,956,494,1067,1487,940
1487,951,494,1067,1487,940
1487,947,494,1067,1487,940
1488,941,494,1067,1487,940
1487,932,494,1067,1487,940
1487,926,494,1067,1487,940
1487,921,494,1067,1487,940
1487,915,494,1067,1487,940
1487,910,494,1067,1487,940
1488,901,494,1067,1487,940
1488,892,494,1067,1487,940
1488,884,494,1067,1487,940
1488,873,494,1067,1487,940
1487,863,494,1067,1487,940
1486,847,494,1067,1487,940
1484,831,494,1067,1487,940
1484,818,494,1067,1487,940
1483,802,494,1067,1487,940
1482,787,494,1067,1487,940
1480,776,494,1067,1487,940
1477,761,494,1067,1487,940
1475,750,494,1067,1487,940
1471,735,494,1067,1487,940
1467,723,494,1067,1487,940
1463,705,494,1067,1487,940
1457,690,494,1067,1487,940
1453,678,494,1067,1487,940
1445,663,494,1067,1487,940
1441,655,494,1067,1487,940
1435,644,494,1067,1487,940
1429,636,494,1067,1487,940
1423,625,494,1067,1487,940
1416,615,494,1067,1487,940
1410,607,494,1067,1487,940
1400,596,494,1067,1487,940
1392,587,494,1067,1487,940
1384,578,494,1067,1487,940
1375,569,494,1067,1487,940
1366,561,494,1067,1487,940
1357,554,494,1067,1487,940
1345,545,494,1067,1487,940
1334,534,494,1067,1487,940
1325,528,494,1067,1487,940
1313,520,494,1067,1487,940
1300,510,494,1067,1487,940
1287,502,494,1067,1487,940
1273,493,494,1067,1487,940
1263,485,494,1067,1487,940
1247,475,494,1067,1487,940
1240,469,494,1067,1487,940
1231,461,494,1067,1487,940
1223,455,494,1067,1487,940
1213,449,494,1067,1487,940
1204,442,494,1067,1487,940
1197,438,494,1067,1487,940
1188,431,494,1067,1487,940
1181,428,494,1067,1487,940
1173,422,494,1067,1487,940
1164,417,494,1067,1487,940
1157,413,494,1067,1487,940
1148,408,494,1067,1487,940
1139,404,494,1067,1487,940
1131,402,494,1067,1487,940
1124,400,494,1067,1487,940
1113,397,494,1067,1487,940
1103,393,494,1067,1487,940
1097,390,494,1067,1487,940
1092,388,494,1067,1487,940
1088,387,494,1067,1487,940
1084,384,494,1067,1487,940
1079,382,494,1067,1487,940
1075,381,494,1067,1487,940
1071,381,494,1067,1487,940
1070,380,494,1067,1487,940
1070,380,494,1067,1487,940
1070,380,494,1067,1487,940
1070,380,494,1067,1487,940
1070,380,494,1067,1487,940
1069,380,494,1067,1487,940
1066,378,494,1067,1487,940
1062,377,494,1067,1487,940
1060,376,494,1067,1487,940
1060,375,494,1067,1487,940
1060,375,494,1067,1487,940
1060,375,494,1067,1487,940
1060,375,494,1067,1487,940
1060,375,494,1067,1487,940
