889,369,318,956,1553,1181
889,369,318,956,1553,1181
889,369,318,956,1553,1181
889,370,318,956,1553,1181
889,370,318,956,1553,1181
889,370,318,956,1553,1181
885,371,318,956,1553,1181
876,375,318,956,1553,1181
864,381,318,956,1553,1181
855,386,318,956,1553,1181
845,392,318,956,1553,1181
835,396,318,956,1553,1181
824,402,318,956,1553,1181
813,406,318,956,1553,1181
803,411,318,956,1553,1181
795,414,318,956,1553,1181
784,420,318,956,1553,1181
775,424,318,956,1553,1181
765,428,318,956,1553,1181
758,431,318,956,1553,1181
749,436,318,956,1553,1181
742,440,318,956,1553,1181
736,443,318,956,1553,1181
727,447,318,956,1553,1181
717,452,318,956,1553,1181
706,458,318,956,1553,1181
700,462,318,956,1553,1181
690,468,318,956,1553,1181
680,473,318,956,1553,1181
673,479,318,956,1553,1181
669,481,318,956,1553,1181
663,486,318,956,1553,1181
655,491,318,956,1553,1181
648,495,318,956,1553,1181
641,501,318,956,1553,1181
632,506,318,956,1553,1181
625,511,318,956,1553,1181
618,516,318,956,1553,1181
613,520,318,956,1553,1181
605,527,318,956,1553,1181
599,532,318,956,1553,1181
594,535,318,956,1553,1181
590,538,318,956,1553,1181
587,540,318,956,1553,1181
580,545,318,956,1553,1181
572,549,318,956,1553,1181
567,553,318,956,1553,1181
560,557,318,956,1553,1181
553,562,318,956,1553,1181
548,565,318,956,1553,1181
539,572,318,956,1553,1181
533,576,318,956,1553,1181
526,582,318,956,1553,1181
516,588,318,956,1553,1181
510,592,318,956,1553,1181
501,600,318,956,1553,1181
492,606,318,956,1553,1181
486,611,318,956,1553,1181
480,619,318,956,1553,1181
475,624,318,956,1553,1181
467,631,318,956,1553,1181
460,637,318,956,1553,1181
456,642,318,956,1553,1181
452,645,318,956,1553,1181
447,649,318,956,1553,1181
444,652,318,956,1553,1181
440,656,318,956,1553,1181
436,660,318,956,1553,1181
432,665,318,956,1553,1181
424,673,318,956,1553,1181
416,683,318,956,1553,1181
411,689,318,956,1553,1181
405,698,318,956,1553,1181
402,702,318,956,1553,1181
400,705,318,956,1553,1181
396,710,318,956,1553,1181
394,714,318,956,1553,1181
392,717,318,956,1553,1181
389,722,318,956,1553,1181
387,726,318,956,1553,1181
384,733,318,956,1553,1181
380,741,318,956,1553,1181
376,749,318,956,1553,1181
371,759,318,956,1553,1181
368,764,318,956,1553,1181
365,770,318,956,1553,1181
363,775,318,956,1553,1181
360,779,318,956,1553,1181
357,784,318,956,1553,1181
355,787,318,956,1553,1181
353,790,318,956,1553,1181
349,796,318,956,1553,1181
347,800,318,956,1553,1181
345,803,318,956,1553,1181
342,807,318,956,1553,1181
338,814,318,956,1553,1181
334,819,318,956,1553,1181
332,822,318,956,1553,1181
328,829,318,956,1553,1181
325,835,318,956,1553,1181
323,839,318,956,1553,1181
323,839,318,956,1553,1181
321,843,318,956,1553,1181
320,848,318,956,1553,1181
320,852,318,956,1553,1181
319,857,318,956,1553,1181
318,862,318,956,1553,1181
317,864,318,956,1553,1181
317,868,318,956,1553,1181
317,874,318,956,1553,1181
317,880,318,956,1553,1181
317,883,318,956,1553,1181
317,888,318,956,1553,1181
317,894,318,956,1553,1181
317,899,318,956,1553,1181
317,903,318,956,1553,1181
317,906,318,956,1553,1181
317,913,318,956,1553,1181
316,919,318,956,1553,1181
315,923,318,956,1553,1181
315,927,318,956,1553,1181
315,931,318,956,1553,1181
315,934,318,956,1553,1181
315,939,318,956,1553,1181
315,943,318,956,1553,1181
316,947,318,956,1553,1181
317,955,318,956,1553,1181
319,960,318,956,1553,1181
321,966,318,956,1553,1181
323,970,318,956,1553,1181
325,976,318,956,1553,1181
328,982,318,956,1553,1181
330,986,318,956,1553,1181
332,990,318,956,1553,1181
335,996,318,956,1553,1181
337,1000,318,956,1553,1181
339,1005,318,956,1553,1181
341,1009,318,956,1553,1181
344,1015,318,956,1553,1181
347,1020,318,956,1553,1181
350,1025,318,956,1553,1181
353,1031,318,956,1553,1181
356,1035,318,956,1553,1181
360,1041,318,956,1553,1181
362,1045,318,956,1553,1181
364,1048,318,956,1553,1181
366,1051,318,956,1553,1181
369,1056,318,956,1553,1181
374,1062,318,956,1553,1181
379,1068,318,956,1553,1181
384,1074,318,956,1553,1181
389,1078,318,956,1553,1181
398,1085,318,956,1553,1181
406,1091,318,956,1553,1181
413,1095,318,956,1553,1181
418,1100,318,956,1553,1181
422,1103,318,956,1553,1181
432,1111,318,956,1553,1181
443,1120,318,956,1553,1181
449,1124,318,956,1553,1181
455,1129,318,956,1553,1181
459,1132,318,956,1553,1181
464,1135,318,956,1553,1181
474,1141,318,956,1553,1181
484,1146,318,956,1553,1181
493,1150,318,956,1553,1181
500,1153,318,956,1553,1181
509,1156,318,956,1553,1181
521,1160,318,956,1553,1181
531,1163,318,956,1553,1181
542,1166,318,956,1553,1181
552,1167,318,956,1553,1181
557,1168,318,956,1553,1181
564,1169,318,956,1553,1181
569,1170,318,956,1553,1181
576,1172,318,956,1553,1181
581,1172,318,956,1553,1181
584,1173,318,956,1553,1181
589,1174,318,956,1553,1181
592,1175,318,956,1553,1181
593,1175,318,956,1553,1181
594,1176,318,956,1553,1181
596,1177,318,956,1553,1181
598,1177,318,956,1553,1181
602,1180,318,956,1553,1181
605,1182,318,956,1553,1181
607,1182,318,956,1553,1181
611,1184,318,956,1553,1181
616,1185,318,956,1553,1181
621,1187,318,956,1553,1181
625,1188,318,956,1553,1181
627,1189,318,956,1553,1181
630,1191,318,956,1553,1181
632,1192,318,956,1553,1181
635,1193,318,956,1553,1181
641,1196,318,956,1553,1181
650,1198,318,956,1553,1181
657,1200,318,956,1553,1181
658,1200,318,956,1553,1181
658,1200,318,956,1553,1181
663,1203,318,956,1553,1181
665,1204,318,956,1553,1181
670,1205,318,956,1553,1181
681,1209,318,956,1553,1181
686,1210,318,956,1553,1181
688,1210,318,956,1553,1181
689,1210,318,956,1553,1181
697,1214,318,956,1553,1181
706,1215,318,956,1553,1181
712,1217,318,956,1553,1181
716,1217,318,956,1553,1181
718,1218,318,956,1553,1181
722,1218,318,956,1553,1181
732,1222,318,956,1553,1181
737,1223,318,956,1553,1181
741,1224,318,956,1553,1181
746,1226,318,956,1553,1181
755,1228,318,956,1553,1181
756,1229,318,956,1553,1181
756,1229,318,956,1553,1181
762,1232,318,956,1553,1181
768,1234,318,956,1553,1181
773,1236,318,956,1553,1181
779,1239,318,956,1553,1181
780,1240,318,956,1553,1181
786,1243,318,956,1553,1181
791,1245,318,956,1553,1181
798,1248,318,956,1553,1181
803,1249,318,956,1553,1181
809,1250,318,956,1553,1181
816,1252,318,956,1553,1181
822,1253,318,956,1553,1181
829,1256,318,956,1553,1181
840,1259,318,956,1553,1181
848,1262,318,956,1553,1181
856,1267,318,956,1553,1181
867,1273,318,956,1553,1181
873,1276,318,956,1553,1181
879,1280,318,956,1553,1181
884,1282,318,956,1553,1181
891,1284,318,956,1553,1181
899,1286,318,956,1553,1181
903,1287,318,956,1553,1181
905,1287,318,956,1553,1181
906,1287,318,956,1553,1181
914,1288,318,956,1553,1181
924,1289,318,956,1553,1181
928,1290,318,956,1553,1181
930,1290,318,956,1553,1181
934,1291,318,956,1553,1181
939,1292,318,956,1553,1181
948,1293,318,956,1553,1181
953,1294,318,956,1553,1181
959,1295,318,956,1553,1181
966,1296,318,956,1553,1181
971,1297,318,956,1553,1181
972,1297,318,956,1553,1181
972,1297,318,956,1553,1181
976,1298,318,956,1553,1181
980,1298,318,956,1553,1181
983,1299,318,956,1553,1181
990,1302,318,956,1553,1181
994,1303,318,956,1553,1181
1001,1304,318,956,1553,1181
1006,1304,318,956,1553,1181
1017,1306,318,956,1553,1181
1026,1307,318,956,1553,1181
1034,1308,318,956,1553,1181
1038,1308,318,956,1553,1181
1045,1309,318,956,1553,1181
1055,1309,318,956,1553,1181
1060,1309,318,956,1553,1181
1065,1310,318,956,1553,1181
1068,1310,318,956,1553,1181
1071,1310,318,956,1553,1181
1080,1311,318,956,1553,1181
1087,1312,318,956,1553,1181
1093,1312,318,956,1553,1181
1101,1313,318,956,1553,1181
1111,1315,318,956,1553,1181
1118,1316,318,956,1553,1181
1119,1316,318,956,1553,1181
1122,1316,318,956,1553,1181
1131,1317,318,956,1553,1181
1138,1318,318,956,1553,1181
1143,1318,318,956,1553,1181
1145,1318,318,956,1553,1181
1148,1318,318,956,1553,1181
1153,1318,318,956,1553,1181
1158,1318,318,956,1553,1181
1162,1318,318,956,1553,1181
1162,1318,318,956,1553,1181
1165,1318,318,956,1553,1181
1177,1320,318,956,1553,1181
1181,1320,318,956,1553,1181
1185,1322,318,956,1553,1181
1190,1323,318,956,1553,1181
1199,1324,318,956,1553,1181
1207,1325,318,956,1553,1181
1218,1327,318,956,1553,1181
1224,1327,318,956,1553,1181
1231,1327,318,956,1553,1181
1237,1327,318,956,1553,1181
1245,1327,318,956,1553,1181
1249,1327,318,956,1553,1181
1254,1327,318,956,1553,1181
1258,1327,318,956,1553,1181
1265,1327,318,956,1553,1181
1280,1327,318,956,1553,1181
1293,1327,318,956,1553,1181
1299,1327,318,956,1553,1181
1305,1327,318,956,1553,1181
1313,1326,318,956,1553,1181
1326,1325,318,956,1553,1181
1339,1325,318,956,1553,1181
1348,1324,318,956,1553,1181
1352,1324,318,956,1553,1181
1352,1324,318,956,1553,1181
1352,1323,318,956,1553,1181
1353,1323,318,956,1553,1181
1356,1321,318,956,1553,1181
1367,1319,318,956,1553,1181
1377,1317,318,956,1553,1181
1380,1315,318,956,1553,1181
1382,1314,318,956,1553,1181
1385,1314,318,956,1553,1181
1395,1311,318,956,1553,1181
1403,1308,318,956,1553,1181
1405,1307,318,956,1553,1181
1405,1307,318,956,1553,1181
1408,1306,318,956,1553,1181
1415,1302,318,956,1553,1181
1420,1299,318,956,1553,1181
1424,1297,318,956,1553,1181
1430,1294,318,956,1553,1181
1435,1291,318,956,1553,1181
1442,1287,318,956,1553,1181
1445,1285,318,956,1553,1181
1447,1283,318,956,1553,1181
1450,1282,318,956,1553,1181
1451,1281,318,956,1553,1181
1453,1279,318,956,1553,1181
1454,1277,318,956,1553,1181
1456,1274,318,956,1553,1181
1461,1271,318,956,1553,1181
1463,1269,318,956,1553,1181
1467,1266,318,956,1553,1181
1469,1265,318,956,1553,1181
1470,1262,318,956,1553,1181
1473,1258,318,956,1553,1181
1477,1256,318,956,1553,1181
1479,1254,318,956,1553,1181
1480,1253,318,956,1553,1181
1483,1249,318,956,1553,1181
1485,1245,318,956,1553,1181
1486,1243,318,956,1553,1181
1486,1243,318,956,1553,1181
1486,1243,318,956,1553,1181
1486,1243,318,956,1553,1181
1487,1242,318,956,1553,1181
1491,1240,318,956,1553,1181
1493,1239,318,956,1553,1181
1496,1237,318,956,1553,1181
1499,1236,318,956,1553,1181
1503,1235,318,956,1553,1181
1508,1233,318,956,1553,1181
1509,1231,318,956,1553,1181
1511,1229,318,956,1553,1181
1515,1227,318,956,1553,1181
1520,1224,318,956,1553,1181
1520,1224,318,956,1553,1181
1520,1224,318,956,1553,1181
1520,1224,318,956,1553,1181
1520,1224,318,956,1553,1181
1520,1224,318,956,1553,1181
1520,1224,318,956,1553,1181
1522,1219,318,956,1553,1181
1528,1215,318,956,1553,1181
1531,1212,318,956,1553,1181
1532,1211,318,956,1553,1181
1532,1209,318,956,1553,1181
1534,1206,318,956,1553,1181
1535,1204,318,956,1553,1181
1536,1202,318,956,1553,1181
1538,1199,318,956,1553,1181
1540,1196,318,956,1553,1181
1541,1194,318,956,1553,1181
1544,1191,318,956,1553,1181
1547,1189,318,956,1553,1181
1548,1187,318,956,1553,1181
1548,1184,318,956,1553,1181
1552,1180,318,956,1553,1181
1554,1179,318,956,1553,1181
1555,1177,318,956,1553,1181
1555,1177,318,956,1553,1181
1555,1177,318,956,1553,1181
1555,1177,318,956,1553,1181
1555,1177,318,956,1553,1181
1556,1175,318,956,1553,1181
1559,1169,318,956,1553,1181
1563,1163,318,956,1553,1181
1565,1159,318,956,1553,1181
1567,1156,318,956,1553,1181
1570,1153,318,956,1553,1181
1573,1149,318,956,1553,1181
1574,1145,318,956,1553,1181
1576,1142,318,956,1553,1181
1579,1137,318,956,1553,1181
1581,1132,318,956,1553,1181
1582,1128,318,956,1553,1181
1583,1123,318,956,1553,1181
1586,1116,318,956,1553,1181
1589,1112,318,956,1553,1181
1593,1107,318,956,1553,1181
1596,1103,318,956,1553,1181
1598,1100,318,956,1553,1181
1600,1095,318,956,1553,1181
1602,1088,318,956,1553,1181
1604,1082,318,956,1553,1181
1606,1078,318,956,1553,1181
1608,1073,318,956,1553,1181
1611,1067,318,956,1553,1181
1613,1063,318,956,1553,1181
1616,1059,318,956,1553,1181
1617,1056,318,956,1553,1181
1618,1053,318,956,1553,1181
1620,1049,318,956,1553,1181
1622,1045,318,956,1553,1181
1623,1040,318,956,1553,1181
1625,1036,318,956,1553,1181
1627,1030,318,956,1553,1181
1629,1022,318,956,1553,1181
1630,1016,318,956,1553,1181
1632,1008,318,956,1553,1181
1633,1002,318,956,1553,1181
1633,995,318,956,1553,1181
1634,989,318,956,1553,1181
1637,985,318,956,1553,1181
1641,978,318,956,1553,1181
1642,972,318,956,1553,1181
1642,965,318,956,1553,1181
1642,959,318,956,1553,1181
1642,955,318,956,1553,1181
1642,949,318,956,1553,1181
1642,946,318,956,1553,1181
1642,940,318,956,1553,1181
1642,937,318,956,1553,1181
1642,934,318,956,1553,1181
1642,932,318,956,1553,1181
1642,928,318,956,1553,1181
1642,925,318,956,1553,1181
1642,922,318,956,1553,1181
1642,918,318,956,1553,1181
1642,912,318,956,1553,1181
1642,908,318,956,1553,1181
1642,902,318,956,1553,1181
1642,898,318,956,1553,1181
1642,894,318,956,1553,1181
1641,890,318,956,1553,1181
1640,884,318,956,1553,1181
1639,877,318,956,1553,1181
1638,873,318,956,1553,1181
1637,865,318,956,1553,1181
1636,857,318,956,1553,1181
1634,850,318,956,1553,1181
1632,842,318,956,1553,1181
1630,836,318,956,1553,1181
1627,829,318,956,1553,1181
1623,821,318,956,1553,1181
1619,815,318,956,1553,1181
1615,808,318,956,1553,1181
1611,803,318,956,1553,1181
1604,795,318,956,1553,1181
1598,787,318,956,1553,1181
1594,783,318,956,1553,1181
1589,776,318,956,1553,1181
1585,770,318,956,1553,1181
1579,763,318,956,1553,1181
1573,758,318,956,1553,1181
1569,753,318,956,1553,1181
1563,747,318,956,1553,1181
1558,743,318,956,1553,1181
1552,737,318,956,1553,1181
1546,731,318,956,1553,1181
1538,725,318,956,1553,1181
1534,721,318,956,1553,1181
1529,716,318,956,1553,1181
1524,712,318,956,1553,1181
1516,706,318,956,1553,1181
1509,701,318,956,1553,1181
1498,693,318,956,1553,1181
1487,685,318,956,1553,1181
1476,677,318,956,1553,1181
1463,668,318,956,1553,1181
1459,664,318,956,1553,1181
1457,662,318,956,1553,1181
1453,657,318,956,1553,1181
1449,653,318,956,1553,1181
1445,648,318,956,1553,1181
1441,644,318,956,1553,1181
1437,640,318,956,1553,1181
1431,634,318,956,1553,1181
1426,629,318,956,1553,1181
1423,625,318,956,1553,1181
1417,621,318,956,1553,1181
1411,617,318,956,1553,1181
1405,613,318,956,1553,1181
1400,609,318,956,1553,1181
1396,606,318,956,1553,1181
1388,599,318,956,1553,1181
1382,595,318,956,1553,1181
1379,592,318,956,1553,1181
1374,587,318,956,1553,1181
1368,581,318,956,1553,1181
1364,576,318,956,1553,1181
1357,571,318,956,1553,1181
1351,564,318,956,1553,1181
1346,560,318,956,1553,1181
1340,554,318,956,1553,1181
1336,550,318,956,1553,1181
1330,545,318,956,1553,1181
1323,539,318,956,1553,1181
1318,535,318,956,1553,1181
1313,531,318,956,1553,1181
1309,528,318,956,1553,1181
1302,523,318,956,1553,1181
1294,518,318,956,1553,1181
1288,513,318,956,1553,1181
1279,508,318,956,1553,1181
1271,503,318,956,1553,1181
1259,497,318,956,1553,1181
1253,494,318,956,1553,1181
1247,491,318,956,1553,1181
1244,489,318,956,1553,1181
1244,489,318,956,1553,1181
1244,488,318,956,1553,1181
1244,489,318,956,1553,1181
1244,489,318,956,1553,1181
1244,489,318,956,1553,1181
1243,488,318,956,1553,1181
1226,480,318,956,1553,1181
1210,474,318,956,1553,1181
1204,472,318,956,1553,1181
1201,469,318,956,1553,1181
1197,467,318,956,1553,1181
1189,462,318,956,1553,1181
1184,461,318,956,1553,1181
1181,459,318,956,1553,1181
1175,456,318,956,1553,1181
1169,453,318,956,1553,1181
1162,449,318,956,1553,1181
1154,445,318,956,1553,1181
1146,441,318,956,1553,1181
1141,437,318,956,1553,1181
1138,435,318,956,1553,1181
1135,433,318,956,1553,1181
1129,429,318,956,1553,1181
1125,426,318,956,1553,1181
1120,423,318,956,1553,1181
1113,418,318,956,1553,1181
1108,414,318,956,1553,1181
1103,411,318,956,1553,1181
1099,408,318,956,1553,1181
1095,405,318,956,1553,1181
1094,404,318,956,1553,1181
1092,402,318,956,1553,1181
1087,399,318,956,1553,1181
1082,394,318,956,1553,1181
1077,389,318,956,1553,1181
1073,385,318,956,1553,1181
1070,383,318,956,1553,1181
1068,381,318,956,1553,1181
1067,380,318,956,1553,1181
1066,379,318,956,1553,1181
1066,378,318,956,1553,1181
1066,378,318,956,1553,1181
1066,378,318,956,1553,1181
1066,378,318,956,1553,1181
1066,378,318,956,1553,1181
1066,378,318,956,1553,1181
1066,378,318,956,1553,1181
1066,377,318,956,1553,1181
1066,377,318,956,1553,1181
1066,377,318,956,1553,1181
1065,375,318,956,1553,1181
1062,370,318,956,1553,1181
1059,366,318,956,1553,1181
1059,366,318,956,1553,1181
1059,366,318,956,1553,1181
1059,366,318,956,1553,1181
1059,366,318,956,1553,1181
1059,366,318,956,1553,1181
