889,372,429,1152,1555,1085
889,372,429,1152,1555,1085
889,372,429,1152,1555,1085
889,372,429,1152,1555,1085
889,372,429,1152,1555,1085
889,372,429,1152,1555,1085
889,372,429,1152,1555,1085
889,372,429,1152,1555,1085
889,372,429,1152,1555,1085
889,372,429,1152,1555,1085
889,372,429,1152,1555,1085
889,372,429,1152,1555,1085
888,375,429,1152,1555,1085
886,379,429,1152,1555,1085
882,385,429,1152,1555,1085
878,390,429,1152,1555,1085
873,396,429,1152,1555,1085
866,404,429,1152,1555,1085
859,411,429,1152,1555,1085
853,416,429,1152,1555,1085
845,423,429,1152,1555,1085
840,429,429,1152,1555,1085
835,435,429,1152,1555,1085
829,441,429,1152,1555,1085
825,444,429,1152,1555,1085
819,449,429,1152,1555,1085
815,453,429,1152,1555,1085
810,456,429,1152,1555,1085
804,460,429,1152,1555,1085
798,465,429,1152,1555,1085
794,469,429,1152,1555,1085
789,474,429,1152,1555,1085
785,478,429,1152,1555,1085
780,483,429,1152,1555,1085
775,487,429,1152,1555,1085
771,491,429,1152,1555,1085
765,496,429,1152,1555,1085
759,501,429,1152,1555,1085
754,505,429,1152,1555,1085
746,510,429,1152,1555,1085
737,515,429,1152,1555,1085
730,519,429,1152,1555,1085
722,524,429,1152,1555,1085
715,529,429,1152,1555,1085
704,535,429,1152,1555,1085
694,540,429,1152,1555,1085
687,544,429,1152,1555,1085
676,549,429,1152,1555,1085
667,553,429,1152,1555,1085
657,559,429,1152,1555,1085
647,563,429,1152,1555,1085
640,567,429,1152,1555,1085
631,571,429,1152,1555,1085
623,577,429,1152,1555,1085
617,581,429,1152,1555,1085
609,586,429,1152,1555,1085
602,589,429,1152,1555,1085
594,594,429,1152,1555,1085
584,600,429,1152,1555,1085
577,605,429,1152,1555,1085
568,610,429,1152,1555,1085
561,614,429,1152,1555,1085
554,618,429,1152,1555,1085
546,624,429,1152,1555,1085
539,628,429,1152,1555,1085
532,633,429,1152,1555,1085
525,637,429,1152,1555,1085
519,640,429,1152,1555,1085
512,644,429,1152,1555,1085
506,647,429,1152,1555,1085
498,651,429,1152,1555,1085
494,654,429,1152,1555,1085
490,656,429,1152,1555,1085
485,659,429,1152,1555,1085
480,664,429,1152,1555,1085
476,668,429,1152,1555,1085
473,671,429,1152,1555,1085
470,673,429,1152,1555,1085
466,677,429,1152,1555,1085
461,683,429,1152,1555,1085
458,688,429,1152,1555,1085
454,693,429,1152,1555,1085
450,699,429,1152,1555,1085
446,705,429,1152,1555,1085
441,711,429,1152,1555,1085
439,715,429,1152,1555,1085
437,719,429,1152,1555,1085
436,722,429,1152,1555,1085
434,727,429,1152,1555,1085
433,731,429,1152,1555,1085
431,735,429,1152,1555,1085
429,741,429,1152,1555,1085
426,747,429,1152,1555,1085
422,752,429,1152,1555,1085
419,756,429,1152,1555,1085
417,760,429,1152,1555,1085
413,765,429,1152,1555,1085
409,771,429,1152,1555,1085
407,775,429,1152,1555,1085
405,780,429,1152,1555,1085
403,785,429,1152,1555,1085
400,793,429,1152,1555,1085
397,801,429,1152,1555,1085
394,807,429,1152,1555,1085
391,814,429,1152,1555,1085
390,819,429,1152,1555,1085
389,823,429,1152,1555,1085
389,828,429,1152,1555,1085
388,831,429,1152,1555,1085
387,834,429,1152,1555,1085
387,834,429,1152,1555,1085
387,834,429,1152,1555,1085
387,837,429,1152,1555,1085
387,846,429,1152,1555,1085
387,852,429,1152,1555,1085
387,855,429,1152,1555,1085
387,860,429,1152,1555,1085
387,864,429,1152,1555,1085
387,867,429,1152,1555,1085
388,873,429,1152,1555,1085
389,878,429,1152,1555,1085
389,884,429,1152,1555,1085
389,891,429,1152,1555,1085
390,896,429,1152,1555,1085
389,903,429,1152,1555,1085
389,908,429,1152,1555,1085
389,912,429,1152,1555,1085
388,918,429,1152,1555,1085
387,923,429,1152,1555,1085
387,928,429,1152,1555,1085
387,934,429,1152,1555,1085
387,939,429,1152,1555,1085
387,945,429,1152,1555,1085
389,957,429,1152,1555,1085
389,970,429,1152,1555,1085
389,981,429,1152,1555,1085
388,986,429,1152,1555,1085
388,986,429,1152,1555,1085
388,986,429,1152,1555,1085
388,988,429,1152,1555,1085
388,991,429,1152,1555,1085
388,994,429,1152,1555,1085
388,998,429,1152,1555,1085
388,1002,429,1152,1555,1085
389,1004,429,1152,1555,1085
391,1008,429,1152,1555,1085
393,1011,429,1152,1555,1085
396,1017,429,1152,1555,1085
398,1025,429,1152,1555,1085
400,1033,429,1152,1555,1085
401,1041,429,1152,1555,1085
402,1045,429,1152,1555,1085
403,1051,429,1152,1555,1085
404,1054,429,1152,1555,1085
405,1057,429,1152,1555,1085
405,1060,429,1152,1555,1085
405,1062,429,1152,1555,1085
405,1065,429,1152,1555,1085
406,1070,429,1152,1555,1085
407,1073,429,1152,1555,1085
407,1077,429,1152,1555,1085
408,1080,429,1152,1555,1085
409,1083,429,1152,1555,1085
410,1087,429,1152,1555,1085
410,1090,429,1152,1555,1085
410,1094,429,1152,1555,1085
411,1097,429,1152,1555,1085
411,1101,429,1152,1555,1085
412,1105,429,1152,1555,1085
412,1109,429,1152,1555,1085
412,1113,429,1152,1555,1085
412,1117,429,1152,1555,1085
413,1119,429,1152,1555,1085
415,1122,429,1152,1555,1085
417,1128,429,1152,1555,1085
419,1132,429,1152,1555,1085
422,1137,429,1152,1555,1085
425,1141,429,1152,1555,1085
428,1145,429,1152,1555,1085
429,1149,429,1152,1555,1085
431,1152,429,1152,1555,1085
432,1154,429,1152,1555,1085
432,1154,429,1152,1555,1085
432,1154,429,1152,1555,1085
433,1156,429,1152,1555,1085
434,1159,429,1152,1555,1085
436,1162,429,1152,1555,1085
438,1163,429,1152,1555,1085
441,1166,429,1152,1555,1085
445,1169,429,1152,1555,1085
449,1171,429,1152,1555,1085
454,1174,429,1152,1555,1085
457,1175,429,1152,1555,1085
459,1176,429,1152,1555,1085
462,1178,429,1152,1555,1085
464,1178,429,1152,1555,1085
463,1179,429,1152,1555,1085
464,1178,429,1152,1555,1085
469,1178,429,1152,1555,1085
472,1179,429,1152,1555,1085
473,1179,429,1152,1555,1085
473,1179,429,1152,1555,1085
475,1179,429,1152,1555,1085
478,1181,429,1152,1555,1085
485,1184,429,1152,1555,1085
490,1187,429,1152,1555,1085
497,1192,429,1152,1555,1085
503,1196,429,1152,1555,1085
514,1201,429,1152,1555,1085
523,1209,429,1152,1555,1085
529,1215,429,1152,1555,1085
532,1218,429,1152,1555,1085
536,1220,429,1152,1555,1085
540,1222,429,1152,1555,1085
545,1224,429,1152,1555,1085
547,1225,429,1152,1555,1085
548,1226,429,1152,1555,1085
549,1226,429,1152,1555,1085
551,1227,429,1152,1555,1085
555,1230,429,1152,1555,1085
556,1231,429,1152,1555,1085
556,1231,429,1152,1555,1085
556,1231,429,1152,1555,1085
556,1231,429,1152,1555,1085
557,1231,429,1152,1555,1085
563,1236,429,1152,1555,1085
571,1241,429,1152,1555,1085
575,1244,429,1152,1555,1085
580,1247,429,1152,1555,1085
584,1249,429,1152,1555,1085
587,1250,429,1152,1555,1085
591,1251,429,1152,1555,1085
593,1252,429,1152,1555,1085
593,1252,429,1152,1555,1085
593,1252,429,1152,1555,1085
602,1256,429,1152,1555,1085
620,1265,429,1152,1555,1085
627,1268,429,1152,1555,1085
630,1269,429,1152,1555,1085
635,1271,429,1152,1555,1085
643,1274,429,1152,1555,1085
648,1274,429,1152,1555,1085
648,1275,429,1152,1555,1085
651,1276,429,1152,1555,1085
660,1279,429,1152,1555,1085
670,1282,429,1152,1555,1085
683,1285,429,1152,1555,1085
702,1289,429,1152,1555,1085
720,1293,429,1152,1555,1085
739,1298,429,1152,1555,1085
752,1300,429,1152,1555,1085
768,1304,429,1152,1555,1085
780,1305,429,1152,1555,1085
786,1306,429,1152,1555,1085
797,1308,429,1152,1555,1085
813,1310,429,1152,1555,1085
822,1311,429,1152,1555,1085
832,1312,429,1152,1555,1085
837,1313,429,1152,1555,1085
844,1314,429,1152,1555,1085
849,1315,429,1152,1555,1085
852,1315,429,1152,1555,1085
857,1315,429,1152,1555,1085
868,1317,429,1152,1555,1085
876,1318,429,1152,1555,1085
882,1319,429,1152,1555,1085
885,1320,429,1152,1555,1085
889,1321,429,1152,1555,1085
895,1321,429,1152,1555,1085
900,1322,429,1152,1555,1085
904,1324,429,1152,1555,1085
909,1325,429,1152,1555,1085
913,1326,429,1152,1555,1085
920,1328,429,1152,1555,1085
925,1329,429,1152,1555,1085
929,1330,429,1152,1555,1085
936,1331,429,1152,1555,1085
943,1332,429,1152,1555,1085
951,1333,429,1152,1555,1085
958,1333,429,1152,1555,1085
967,1333,429,1152,1555,1085
982,1333,429,1152,1555,1085
1000,1334,429,1152,1555,1085
1003,1334,429,1152,1555,1085
1007,1335,429,1152,1555,1085
1013,1336,429,1152,1555,1085
1023,1338,429,1152,1555,1085
1030,1338,429,1152,1555,1085
1041,1338,429,1152,1555,1085
1052,1338,429,1152,1555,1085
1061,1338,429,1152,1555,1085
1065,1338,429,1152,1555,1085
1072,1338,429,1152,1555,1085
1086,1338,429,1152,1555,1085
1098,1338,429,1152,1555,1085
1107,1338,429,1152,1555,1085
1115,1338,429,1152,1555,1085
1120,1338,429,1152,1555,1085
1128,1338,429,1152,1555,1085
1140,1339,429,1152,1555,1085
1152,1339,429,1152,1555,1085
1163,1340,429,1152,1555,1085
1167,1341,429,1152,1555,1085
1174,1341,429,1152,1555,1085
1180,1342,429,1152,1555,1085
1182,1343,429,1152,1555,1085
1184,1343,429,1152,1555,1085
1188,1344,429,1152,1555,1085
1198,1343,429,1152,1555,1085
1206,1343,429,1152,1555,1085
1211,1343,429,1152,1555,1085
1219,1343,429,1152,1555,1085
1227,1343,429,1152,1555,1085
1232,1343,429,1152,1555,1085
1236,1343,429,1152,1555,1085
1245,1343,429,1152,1555,1085
1253,1343,429,1152,1555,1085
1262,1343,429,1152,1555,1085
1268,1343,429,1152,1555,1085
1274,1343,429,1152,1555,1085
1279,1343,429,1152,1555,1085
1289,1343,429,1152,1555,1085
1296,1342,429,1152,1555,1085
1300,1341,429,1152,1555,1085
1308,1338,429,1152,1555,1085
1318,1335,429,1152,1555,1085
1326,1333,429,1152,1555,1085
1335,1330,429,1152,1555,1085
1340,1328,429,1152,1555,1085
1347,1325,429,1152,1555,1085
1356,1322,429,1152,1555,1085
1365,1320,429,1152,1555,1085
1373,1319,429,1152,1555,1085
1380,1317,429,1152,1555,1085
1386,1315,429,1152,1555,1085
1392,1313,429,1152,1555,1085
1396,1312,429,1152,1555,1085
1403,1309,429,1152,1555,1085
1407,1308,429,1152,1555,1085
1411,1305,429,1152,1555,1085
1416,1301,429,1152,1555,1085
1423,1298,429,1152,1555,1085
1430,1294,429,1152,1555,1085
1434,1291,429,1152,1555,1085
1440,1287,429,1152,1555,1085
1444,1284,429,1152,1555,1085
1447,1282,429,1152,1555,1085
1451,1277,429,1152,1555,1085
1455,1273,429,1152,1555,1085
1460,1267,429,1152,1555,1085
1463,1262,429,1152,1555,1085
1466,1258,429,1152,1555,1085
1469,1255,429,1152,1555,1085
1472,1251,429,1152,1555,1085
1474,1248,429,1152,1555,1085
1477,1245,429,1152,1555,1085
1478,1243,429,1152,1555,1085
1481,1240,429,1152,1555,1085
1483,1235,429,1152,1555,1085
1486,1231,429,1152,1555,1085
1491,1225,429,1152,1555,1085
1494,1220,429,1152,1555,1085
1500,1211,429,1152,1555,1085
1505,1203,429,1152,1555,1085
1508,1199,429,1152,1555,1085
1510,1196,429,1152,1555,1085
1512,1193,429,1152,1555,1085
1514,1189,429,1152,1555,1085
1517,1185,429,1152,1555,1085
1519,1184,429,1152,1555,1085
1521,1180,429,1152,1555,1085
1524,1176,429,1152,1555,1085
1525,1173,429,1152,1555,1085
1529,1168,429,1152,1555,1085
1531,1164,429,1152,1555,1085
1533,1160,429,1152,1555,1085
1536,1154,429,1152,1555,1085
1538,1149,429,1152,1555,1085
1539,1144,429,1152,1555,1085
1540,1139,429,1152,1555,1085
1542,1133,429,1152,1555,1085
1543,1129,429,1152,1555,1085
1544,1126,429,1152,1555,1085
1545,1121,429,1152,1555,1085
1545,1117,429,1152,1555,1085
1546,1115,429,1152,1555,1085
1547,1113,429,1152,1555,1085
1549,1110,429,1152,1555,1085
1550,1107,429,1152,1555,1085
1551,1104,429,1152,1555,1085
1552,1100,429,1152,1555,1085
1553,1096,429,1152,1555,1085
1554,1093,429,1152,1555,1085
1555,1088,429,1152,1555,1085
1556,1083,429,1152,1555,1085
1556,1080,429,1152,1555,1085
1557,1076,429,1152,1555,1085
1558,1073,429,1152,1555,1085
1559,1068,429,1152,1555,1085
1559,1064,429,1152,1555,1085
1559,1060,429,1152,1555,1085
1559,1054,429,1152,1555,1085
1559,1048,429,1152,1555,1085
1559,1039,429,1152,1555,1085
1559,1030,429,1152,1555,1085
1559,1021,429,1152,1555,1085
1558,1009,429,1152,1555,1085
1557,1001,429,1152,1555,1085
1556,992,429,1152,1555,1085
1555,984,429,1152,1555,1085
1554,977,429,1152,1555,1085
1551,969,429,1152,1555,1085
1549,961,429,1152,1555,1085
1548,956,429,1152,1555,1085
1546,949,429,1152,1555,1085
1544,943,429,1152,1555,1085
1541,935,429,1152,1555,1085
1538,928,429,1152,1555,1085
1534,919,429,1152,1555,1085
1528,907,429,1152,1555,1085
1524,898,429,1152,1555,1085
1520,887,429,1152,1555,1085
1515,878,429,1152,1555,1085
1511,870,429,1152,1555,1085
1506,859,429,1152,1555,1085
1501,850,429,1152,1555,1085
1498,844,429,1152,1555,1085
1495,837,429,1152,1555,1085
1492,829,429,1152,1555,1085
1488,819,429,1152,1555,1085
1482,809,429,1152,1555,1085
1478,801,429,1152,1555,1085
1474,791,429,1152,1555,1085
1469,783,429,1152,1555,1085
1465,777,429,1152,1555,1085
1460,769,429,1152,1555,1085
1456,763,429,1152,1555,1085
1449,753,429,1152,1555,1085
1443,745,429,1152,1555,1085
1438,739,429,1152,1555,1085
1432,732,429,1152,1555,1085
1426,725,429,1152,1555,1085
1421,720,429,1152,1555,1085
1413,712,429,1152,1555,1085
1405,706,429,1152,1555,1085
1398,700,429,1152,1555,1085
1393,696,429,1152,1555,1085
1389,690,429,1152,1555,1085
1385,686,429,1152,1555,1085
1378,679,429,1152,1555,1085
1374,675,429,1152,1555,1085
1367,668,429,1152,1555,1085
1362,663,429,1152,1555,1085
1356,656,429,1152,1555,1085
1352,654,429,1152,1555,1085
1348,649,429,1152,1555,1085
1344,644,429,1152,1555,1085
1340,642,429,1152,1555,1085
1335,638,429,1152,1555,1085
1329,634,429,1152,1555,1085
1323,630,429,1152,1555,1085
1316,625,429,1152,1555,1085
1311,623,429,1152,1555,1085
1305,619,429,1152,1555,1085
1300,615,429,1152,1555,1085
1295,612,429,1152,1555,1085
1290,609,429,1152,1555,1085
1286,606,429,1152,1555,1085
1283,603,429,1152,1555,1085
1277,598,429,1152,1555,1085
1271,594,429,1152,1555,1085
1266,589,429,1152,1555,1085
1259,583,429,1152,1555,1085
1254,578,429,1152,1555,1085
1247,571,429,1152,1555,1085
1242,565,429,1152,1555,1085
1237,560,429,1152,1555,1085
1233,555,429,1152,1555,1085
1228,549,429,1152,1555,1085
1223,544,429,1152,1555,1085
1220,540,429,1152,1555,1085
1216,536,429,1152,1555,1085
1212,532,429,1152,1555,1085
1209,529,429,1152,1555,1085
1207,527,429,1152,1555,1085
1206,526,429,1152,1555,1085
1206,526,429,1152,1555,1085
1206,526,429,1152,1555,1085
1206,526,429,1152,1555,1085
1199,519,429,1152,1555,1085
1191,512,429,1152,1555,1085
1181,504,429,1152,1555,1085
1176,500,429,1152,1555,1085
1172,495,429,1152,1555,1085
1165,489,429,1152,1555,1085
1158,484,429,1152,1555,1085
1155,480,429,1152,1555,1085
1150,476,429,1152,1555,1085
1147,473,429,1152,1555,1085
1144,470,429,1152,1555,1085
1140,466,429,1152,1555,1085
1138,464,429,1152,1555,1085
1136,461,429,1152,1555,1085
1134,458,429,1152,1555,1085
1133,455,429,1152,1555,1085
1130,452,429,1152,1555,1085
1128,448,429,1152,1555,1085
1126,445,429,1152,1555,1085
1124,442,429,1152,1555,1085
1122,439,429,1152,1555,1085
1120,436,429,1152,1555,1085
1118,433,429,1152,1555,1085
1115,428,429,1152,1555,1085
1113,425,429,1152,1555,1085
1109,420,429,1152,1555,1085
1105,415,429,1152,1555,1085
1102,411,429,1152,1555,1085
1098,406,429,1152,1555,1085
1095,403,429,1152,1555,1085
1090,398,429,1152,1555,1085
1086,395,429,1152,1555,1085
1084,393,429,1152,1555,1085
1081,390,429,1152,1555,1085
1078,387,429,1152,1555,1085
1076,385,429,1152,1555,1085
1074,382,429,1152,1555,1085
1072,380,429,1152,1555,1085
1070,378,429,1152,1555,1085
1069,377,429,1152,1555,1085
1069,377,429,1152,1555,1085
1068,376,429,1152,1555,1085
1068,376,429,1152,1555,1085
1068,376,429,1152,1555,1085
1069,376,429,1152,1555,1085
1069,376,429,1152,1555,1085
