890,371,477,974,1397,902
890,371,477,974,1397,902
890,371,477,974,1397,902
890,371,477,974,1397,902
890,371,477,974,1397,902
890,371,477,974,1397,902
890,371,477,974,1397,902
887,373,477,974,1397,902
880,376,477,974,1397,902
874,377,477,974,1397,902
867,380,477,974,1397,902
860,382,477,974,1397,902
854,384,477,974,1397,902
850,387,477,974,1397,902
847,389,477,974,1397,902
842,392,477,974,1397,902
838,395,477,974,1397,902
834,397,477,974,1397,902
831,400,477,974,1397,902
827,402,477,974,1397,902
819,406,477,974,1397,902
812,408,477,974,1397,902
802,412,477,974,1397,902
796,414,477,974,1397,902
788,419,477,974,1397,902
777,422,477,974,1397,902
770,425,477,974,1397,902
762,429,477,974,1397,902
756,433,477,974,1397,902
746,438,477,974,1397,902
739,441,477,974,1397,902
730,447,477,974,1397,902
722,451,477,974,1397,902
712,458,477,974,1397,902
704,462,477,974,1397,902
698,467,477,974,1397,902
690,474,477,974,1397,902
684,479,477,974,1397,902
679,483,477,974,1397,902
672,489,477,974,1397,902
666,493,477,974,1397,902
659,498,477,974,1397,902
654,502,477,974,1397,902
646,508,477,974,1397,902
640,513,477,974,1397,902
633,520,477,974,1397,902
628,525,477,974,1397,902
626,528,477,974,1397,902
621,533,477,974,1397,902
616,538,477,974,1397,902
608,547,477,974,1397,902
604,551,477,974,1397,902
600,556,477,974,1397,902
597,561,477,974,1397,902
592,568,477,974,1397,902
589,573,477,974,1397,902
583,581,477,974,1397,902
578,589,477,974,1397,902
573,597,477,974,1397,902
568,604,477,974,1397,902
565,608,477,974,1397,902
562,613,477,974,1397,902
559,617,477,974,1397,902
554,624,477,974,1397,902
550,630,477,974,1397,902
547,634,477,974,1397,902
543,640,477,974,1397,902
539,647,477,974,1397,902
536,651,477,974,1397,902
532,656,477,974,1397,902
527,663,477,974,1397,902
522,671,477,974,1397,902
518,676,477,974,1397,902
514,681,477,974,1397,902
511,688,477,974,1397,902
507,694,477,974,1397,902
502,701,477,974,1397,902
500,704,477,974,1397,902
499,706,477,974,1397,902
498,708,477,974,1397,902
496,711,477,974,1397,902
493,717,477,974,1397,902
491,723,477,974,1397,902
490,727,477,974,1397,902
488,729,477,974,1397,902
488,732,477,974,1397,902
487,736,477,974,1397,902
486,741,477,974,1397,902
484,745,477,974,1397,902
482,750,477,974,1397,902
481,753,477,974,1397,902
480,759,477,974,1397,902
478,765,477,974,1397,902
478,770,477,974,1397,902
477,776,477,974,1397,902
477,780,477,974,1397,902
476,786,477,974,1397,902
474,793,477,974,1397,902
475,795,477,974,1397,902
475,797,477,974,1397,902
475,802,477,974,1397,902
475,807,477,974,1397,902
475,813,477,974,1397,902
475,818,477,974,1397,902
475,822,477,974,1397,902
474,830,477,974,1397,902
474,838,477,974,1397,902
473,847,477,974,1397,902
472,854,477,974,1397,902
473,859,477,974,1397,902
473,864,477,974,1397,902
473,869,477,974,1397,902
472,875,477,974,1397,902
472,880,477,974,1397,902
472,883,477,974,1397,902
472,889,477,974,1397,902
472,895,477,974,1397,902
471,901,477,974,1397,902
470,907,477,974,1397,902
470,914,477,974,1397,902
470,919,477,974,1397,902
470,924,477,974,1397,902
470,928,477,974,1397,902
470,932,477,974,1397,902
470,934,477,974,1397,902
470,937,477,974,1397,902
470,938,477,974,1397,902
470,940,477,974,1397,902
471,944,477,974,1397,902
471,948,477,974,1397,902
473,952,477,974,1397,902
475,956,477,974,1397,902
475,960,477,974,1397,902
476,963,477,974,1397,902
476,966,477,974,1397,902
478,970,477,974,1397,902
479,973,477,974,1397,902
480,979,477,974,1397,902
482,982,477,974,1397,902
484,986,477,974,1397,902
485,989,477,974,1397,902
487,993,477,974,1397,902
488,996,477,974,1397,902
489,999,477,974,1397,902
491,1002,477,974,1397,902
492,1005,477,974,1397,902
496,1011,477,974,1397,902
499,1016,477,974,1397,902
506,1026,477,974,1397,902
510,1033,477,974,1397,902
513,1039,477,974,1397,902
514,1040,477,974,1397,902
514,1040,477,974,1397,902
514,1040,477,974,1397,902
514,1040,477,974,1397,902
515,1040,477,974,1397,902
515,1040,477,974,1397,902
524,1046,477,974,1397,902
531,1051,477,974,1397,902
541,1057,477,974,1397,902
547,1062,477,974,1397,902
556,1068,477,974,1397,902
568,1075,477,974,1397,902
581,1083,477,974,1397,902
592,1088,477,974,1397,902
607,1096,477,974,1397,902
620,1104,477,974,1397,902
634,1109,477,974,1397,902
640,1113,477,974,1397,902
646,1115,477,974,1397,902
651,1118,477,974,1397,902
666,1123,477,974,1397,902
677,1127,477,974,1397,902
682,1129,477,974,1397,902
688,1131,477,974,1397,902
695,1133,477,974,1397,902
704,1135,477,974,1397,902
711,1136,477,974,1397,902
722,1139,477,974,1397,902
726,1139,477,974,1397,902
730,1140,477,974,1397,902
739,1142,477,974,1397,902
745,1143,477,974,1397,902
750,1144,477,974,1397,902
755,1145,477,974,1397,902
761,1147,477,974,1397,902
769,1149,477,974,1397,902
772,1150,477,974,1397,902
777,1151,477,974,1397,902
789,1154,477,974,1397,902
805,1159,477,974,1397,902
814,1161,477,974,1397,902
818,1162,477,974,1397,902
823,1162,477,974,1397,902
835,1162,477,974,1397,902
852,1164,477,974,1397,902
865,1166,477,974,1397,902
875,1169,477,974,1397,902
886,1173,477,974,1397,902
895,1175,477,974,1397,902
905,1179,477,974,1397,902
913,1183,477,974,1397,902
921,1185,477,974,1397,902
930,1188,477,974,1397,902
937,1191,477,974,1397,902
945,1194,477,974,1397,902
957,1197,477,974,1397,902
967,1200,477,974,1397,902
981,1203,477,974,1397,902
990,1203,477,974,1397,902
1002,1204,477,974,1397,902
1020,1204,477,974,1397,902
1032,1204,477,974,1397,902
1042,1204,477,974,1397,902
1051,1203,477,974,1397,902
1059,1203,477,974,1397,902
1065,1202,477,974,1397,902
1072,1201,477,974,1397,902
1078,1199,477,974,1397,902
1087,1197,477,974,1397,902
1093,1195,477,974,1397,902
1098,1194,477,974,1397,902
1107,1191,477,974,1397,902
1114,1189,477,974,1397,902
1123,1187,477,974,1397,902
1128,1185,477,974,1397,902
1136,1183,477,974,1397,902
1144,1180,477,974,1397,902
1153,1178,477,974,1397,902
1163,1174,477,974,1397,902
1171,1171,477,974,1397,902
1177,1166,477,974,1397,902
1181,1163,477,974,1397,902
1187,1159,477,974,1397,902
1194,1154,477,974,1397,902
1201,1149,477,974,1397,902
1208,1144,477,974,1397,902
1215,1139,477,974,1397,902
1223,1136,477,974,1397,902
1230,1132,477,974,1397,902
1234,1130,477,974,1397,902
1244,1128,477,974,1397,902
1252,1126,477,974,1397,902
1255,1124,477,974,1397,902
1262,1121,477,974,1397,902
1268,1120,477,974,1397,902
1272,1118,477,974,1397,902
1276,1117,477,974,1397,902
1280,1114,477,974,1397,902
1284,1111,477,974,1397,902
1288,1108,477,974,1397,902
1290,1105,477,974,1397,902
1296,1101,477,974,1397,902
1305,1095,477,974,1397,902
1309,1091,477,974,1397,902
1311,1085,477,974,1397,902
1315,1080,477,974,1397,902
1317,1073,477,974,1397,902
1321,1067,477,974,1397,902
1325,1061,477,974,1397,902
1328,1056,477,974,1397,902
1331,1051,477,974,1397,902
1337,1045,477,974,1397,902
1342,1040,477,974,1397,902
1346,1035,477,974,1397,902
1348,1031,477,974,1397,902
1351,1025,477,974,1397,902
1355,1020,477,974,1397,902
1358,1015,477,974,1397,902
1361,1011,477,974,1397,902
1364,1007,477,974,1397,902
1366,1004,477,974,1397,902
1369,1002,477,974,1397,902
1370,1000,477,974,1397,902
1372,997,477,974,1397,902
1373,995,477,974,1397,902
1375,991,477,974,1397,902
1376,989,477,974,1397,902
1377,987,477,974,1397,902
1379,982,477,974,1397,902
1380,979,477,974,1397,902
1382,974,477,974,1397,902
1383,969,477,974,1397,902
1385,963,477,974,1397,902
1386,958,477,974,1397,902
1388,953,477,974,1397,902
1390,950,477,974,1397,902
1390,949,477,974,1397,902
1391,945,477,974,1397,902
1392,942,477,974,1397,902
1393,938,477,974,1397,902
1393,936,477,974,1397,902
1395,932,477,974,1397,902
1396,928,477,974,1397,902
1396,923,477,974,1397,902
1397,919,477,974,1397,902
1397,915,477,974,1397,902
1396,909,477,974,1397,902
1396,904,477,974,1397,902
1396,898,477,974,1397,902
1397,894,477,974,1397,902
1397,889,477,974,1397,902
1397,883,477,974,1397,902
1397,877,477,974,1397,902
1397,870,477,974,1397,902
1397,864,477,974,1397,902
1397,855,477,974,1397,902
1397,847,477,974,1397,902
1397,835,477,974,1397,902
1397,826,477,974,1397,902
1397,814,477,974,1397,902
1397,803,477,974,1397,902
1397,795,477,974,1397,902
1397,783,477,974,1397,902
1397,774,477,974,1397,902
1394,761,477,974,1397,902
1393,752,477,974,1397,902
1390,739,477,974,1397,902
1387,724,477,974,1397,902
1386,714,477,974,1397,902
1384,701,477,974,1397,902
1382,691,477,974,1397,902
1381,680,477,974,1397,902
1378,673,477,974,1397,902
1375,659,477,974,1397,902
1372,649,477,974,1397,902
1370,641,477,974,1397,902
1366,631,477,974,1397,902
1363,623,477,974,1397,902
1357,614,477,974,1397,902
1350,604,477,974,1397,902
1345,595,477,974,1397,902
1336,583,477,974,1397,902
1330,575,477,974,1397,902
1322,565,477,974,1397,902
1312,556,477,974,1397,902
1302,545,477,974,1397,902
1294,536,477,974,1397,902
1284,527,477,974,1397,902
1274,517,477,974,1397,902
1268,511,477,974,1397,902
1259,503,477,974,1397,902
1252,497,477,974,1397,902
1246,492,477,974,1397,902
1240,488,477,974,1397,902
1233,483,477,974,1397,902
1229,479,477,974,1397,902
1224,474,477,974,1397,902
1218,470,477,974,1397,902
1213,465,477,974,1397,902
1204,459,477,974,1397,902
1198,454,477,974,1397,902
1189,449,477,974,1397,902
1181,444,477,974,1397,902
1169,437,477,974,1397,902
1161,433,477,974,1397,902
1155,430,477,974,1397,902
1148,427,477,974,1397,902
1141,424,477,974,1397,902
1129,419,477,974,1397,902
1122,416,477,974,1397,902
1114,413,477,974,1397,902
1110,410,477,974,1397,902
1104,408,477,974,1397,902
1100,406,477,974,1397,902
1093,402,477,974,1397,902
1089,400,477,974,1397,902
1087,399,477,974,1397,902
1083,396,477,974,1397,902
1078,393,477,974,1397,902
1073,389,477,974,1397,902
1070,387,477,974,1397,902
1068,384,477,974,1397,902
1067,383,477,974,1397,902
1065,381,477,974,1397,902
1064,379,477,974,1397,902
1064,377,477,974,1397,902
1063,375,477,974,1397,902
1062,373,477,974,1397,902
1061,371,477,974,1397,902
1061,370,477,974,1397,902
1060,368,477,974,1397,902
1060,368,477,974,1397,902
1060,368,477,974,1397,902
1060,368,477,974,1397,902
