888,374,360,1070,1673,1195
888,374,360,1070,1673,1195
888,374,360,1070,1673,1195
888,374,360,1070,1673,1195
888,374,360,1070,1673,1195
888,374,360,1070,1673,1195
888,374,360,1070,1673,1195
888,374,360,1070,1673,1195
884,374,360,1070,1673,1195
882,375,360,1070,1673,1195
878,378,360,1070,1673,1195
873,381,360,1070,1673,1195
866,385,360,1070,1673,1195
860,389,360,1070,1673,1195
856,391,360,1070,1673,1195
850,395,360,1070,1673,1195
848,397,360,1070,1673,1195
844,400,360,1070,1673,1195
840,403,360,1070,1673,1195
834,407,360,1070,1673,1195
828,412,360,1070,1673,1195
824,415,360,1070,1673,1195
818,420,360,1070,1673,1195
813,424,360,1070,1673,1195
806,430,360,1070,1673,1195
800,434,360,1070,1673,1195
796,437,360,1070,1673,1195
791,441,360,1070,1673,1195
787,444,360,1070,1673,1195
781,448,360,1070,1673,1195
773,453,360,1070,1673,1195
766,458,360,1070,1673,1195
757,463,360,1070,1673,1195
753,466,360,1070,1673,1195
746,471,360,1070,1673,1195
741,474,360,1070,1673,1195
734,479,360,1070,1673,1195
727,483,360,1070,1673,1195
723,486,360,1070,1673,1195
717,490,360,1070,1673,1195
709,495,360,1070,1673,1195
704,498,360,1070,1673,1195
695,504,360,1070,1673,1195
689,508,360,1070,1673,1195
684,512,360,1070,1673,1195
678,516,360,1070,1673,1195
674,519,360,1070,1673,1195
668,523,360,1070,1673,1195
663,526,360,1070,1673,1195
659,529,360,1070,1673,1195
657,531,360,1070,1673,1195
651,535,360,1070,1673,1195
643,540,360,1070,1673,1195
638,543,360,1070,1673,1195
632,547,360,1070,1673,1195
628,550,360,1070,1673,1195
620,555,360,1070,1673,1195
611,560,360,1070,1673,1195
606,563,360,1070,1673,1195
600,566,360,1070,1673,1195
593,570,360,1070,1673,1195
587,573,360,1070,1673,1195
580,577,360,1070,1673,1195
576,581,360,1070,1673,1195
570,585,360,1070,1673,1195
564,589,360,1070,1673,1195
557,593,360,1070,1673,1195
550,599,360,1070,1673,1195
546,602,360,1070,1673,1195
542,606,360,1070,1673,1195
539,608,360,1070,1673,1195
534,613,360,1070,1673,1195
529,617,360,1070,1673,1195
526,621,360,1070,1673,1195
522,626,360,1070,1673,1195
518,631,360,1070,1673,1195
513,638,360,1070,1673,1195
509,643,360,1070,1673,1195
504,651,360,1070,1673,1195
499,658,360,1070,1673,1195
494,665,360,1070,1673,1195
491,670,360,1070,1673,1195
487,674,360,1070,1673,1195
485,678,360,1070,1673,1195
480,684,360,1070,1673,1195
477,689,360,1070,1673,1195
472,695,360,1070,1673,1195
469,698,360,1070,1673,1195
465,702,360,1070,1673,1195
460,708,360,1070,1673,1195
455,714,360,1070,1673,1195
451,718,360,1070,1673,1195
446,724,360,1070,1673,1195
443,730,360,1070,1673,1195
438,737,360,1070,1673,1195
434,742,360,1070,1673,1195
430,749,360,1070,1673,1195
426,755,360,1070,1673,1195
421,764,360,1070,1673,1195
415,772,360,1070,1673,1195
412,778,360,1070,1673,1195
408,787,360,1070,1673,1195
404,793,360,1070,1673,1195
401,800,360,1070,1673,1195
399,805,360,1070,1673,1195
398,813,360,1070,1673,1195
397,820,360,1070,1673,1195
397,822,360,1070,1673,1195
395,828,360,1070,1673,1195
393,834,360,1070,1673,1195
391,840,360,1070,1673,1195
391,846,360,1070,1673,1195
388,854,360,1070,1673,1195
385,861,360,1070,1673,1195
383,865,360,1070,1673,1195
382,870,360,1070,1673,1195
381,876,360,1070,1673,1195
380,881,360,1070,1673,1195
379,883,360,1070,1673,1195
379,886,360,1070,1673,1195
378,889,360,1070,1673,1195
378,894,360,1070,1673,1195
378,897,360,1070,1673,1195
377,901,360,1070,1673,1195
376,908,360,1070,1673,1195
375,912,360,1070,1673,1195
374,918,360,1070,1673,1195
373,922,360,1070,1673,1195
372,928,360,1070,1673,1195
370,932,360,1070,1673,1195
366,936,360,1070,1673,1195
365,940,360,1070,1673,1195
365,943,360,1070,1673,1195
364,950,360,1070,1673,1195
364,955,360,1070,1673,1195
363,960,360,1070,1673,1195
364,963,360,1070,1673,1195
364,963,360,1070,1673,1195
364,963,360,1070,1673,1195
363,963,360,1070,1673,1195
364,971,360,1070,1673,1195
365,977,360,1070,1673,1195
365,981,360,1070,1673,1195
365,985,360,1070,1673,1195
365,988,360,1070,1673,1195
365,993,360,1070,1673,1195
364,996,360,1070,1673,1195
364,998,360,1070,1673,1195
363,1001,360,1070,1673,1195
363,1004,360,1070,1673,1195
363,1008,360,1070,1673,1195
363,1011,360,1070,1673,1195
363,1016,360,1070,1673,1195
363,1021,360,1070,1673,1195
363,1024,360,1070,1673,1195
363,1025,360,1070,1673,1195
363,1025,360,1070,1673,1195
363,1026,360,1070,1673,1195
362,1031,360,1070,1673,1195
362,1033,360,1070,1673,1195
361,1035,360,1070,1673,1195
361,1038,360,1070,1673,1195
360,1041,360,1070,1673,1195
361,1045,360,1070,1673,1195
361,1049,360,1070,1673,1195
361,1055,360,1070,1673,1195
362,1059,360,1070,1673,1195
363,1064,360,1070,1673,1195
363,1068,360,1070,1673,1195
364,1072,360,1070,1673,1195
364,1074,360,1070,1673,1195
365,1077,360,1070,1673,1195
365,1079,360,1070,1673,1195
367,1082,360,1070,1673,1195
368,1084,360,1070,1673,1195
370,1086,360,1070,1673,1195
372,1089,360,1070,1673,1195
375,1093,360,1070,1673,1195
377,1096,360,1070,1673,1195
380,1099,360,1070,1673,1195
383,1102,360,1070,1673,1195
385,1105,360,1070,1673,1195
386,1107,360,1070,1673,1195
386,1110,360,1070,1673,1195
387,1112,360,1070,1673,1195
391,1117,360,1070,1673,1195
393,1121,360,1070,1673,1195
394,1124,360,1070,1673,1195
398,1130,360,1070,1673,1195
405,1146,360,1070,1673,1195
410,1158,360,1070,1673,1195
417,1173,360,1070,1673,1195
422,1183,360,1070,1673,1195
427,1193,360,1070,1673,1195
430,1197,360,1070,1673,1195
434,1200,360,1070,1673,1195
437,1203,360,1070,1673,1195
441,1205,360,1070,1673,1195
448,1209,360,1070,1673,1195
456,1213,360,1070,1673,1195
465,1218,360,1070,1673,1195
474,1222,360,1070,1673,1195
478,1224,360,1070,1673,1195
482,1227,360,1070,1673,1195
489,1230,360,1070,1673,1195
493,1232,360,1070,1673,1195
498,1234,360,1070,1673,1195
503,1235,360,1070,1673,1195
510,1236,360,1070,1673,1195
521,1238,360,1070,1673,1195
529,1239,360,1070,1673,1195
534,1240,360,1070,1673,1195
537,1241,360,1070,1673,1195
545,1244,360,1070,1673,1195
555,1246,360,1070,1673,1195
569,1252,360,1070,1673,1195
579,1257,360,1070,1673,1195
586,1262,360,1070,1673,1195
600,1273,360,1070,1673,1195
612,1283,360,1070,1673,1195
620,1292,360,1070,1673,1195
632,1304,360,1070,1673,1195
641,1309,360,1070,1673,1195
652,1318,360,1070,1673,1195
661,1324,360,1070,1673,1195
665,1326,360,1070,1673,1195
671,1330,360,1070,1673,1195
676,1332,360,1070,1673,1195
684,1336,360,1070,1673,1195
692,1339,360,1070,1673,1195
701,1343,360,1070,1673,1195
711,1348,360,1070,1673,1195
718,1351,360,1070,1673,1195
727,1355,360,1070,1673,1195
732,1358,360,1070,1673,1195
740,1362,360,1070,1673,1195
750,1365,360,1070,1673,1195
755,1367,360,1070,1673,1195
762,1368,360,1070,1673,1195
771,1370,360,1070,1673,1195
779,1371,360,1070,1673,1195
795,1375,360,1070,1673,1195
803,1377,360,1070,1673,1195
814,1380,360,1070,1673,1195
828,1382,360,1070,1673,1195
835,1385,360,1070,1673,1195
847,1389,360,1070,1673,1195
857,1391,360,1070,1673,1195
873,1394,360,1070,1673,1195
879,1396,360,1070,1673,1195
890,1400,360,1070,1673,1195
900,1401,360,1070,1673,1195
905,1402,360,1070,1673,1195
914,1403,360,1070,1673,1195
925,1405,360,1070,1673,1195
936,1407,360,1070,1673,1195
944,1408,360,1070,1673,1195
951,1409,360,1070,1673,1195
961,1410,360,1070,1673,1195
970,1411,360,1070,1673,1195
986,1414,360,1070,1673,1195
996,1416,360,1070,1673,1195
1013,1418,360,1070,1673,1195
1028,1420,360,1070,1673,1195
1037,1420,360,1070,1673,1195
1048,1422,360,1070,1673,1195
1060,1424,360,1070,1673,1195
1075,1424,360,1070,1673,1195
1085,1424,360,1070,1673,1195
1094,1424,360,1070,1673,1195
1107,1424,360,1070,1673,1195
1116,1424,360,1070,1673,1195
1128,1424,360,1070,1673,1195
1140,1424,360,1070,1673,1195
1152,1424,360,1070,1673,1195
1159,1424,360,1070,1673,1195
1165,1424,360,1070,1673,1195
1177,1424,360,1070,1673,1195
1193,1424,360,1070,1673,1195
1197,1424,360,1070,1673,1195
1199,1424,360,1070,1673,1195
1205,1424,360,1070,1673,1195
1218,1423,360,1070,1673,1195
1225,1423,360,1070,1673,1195
1227,1423,360,1070,1673,1195
1232,1422,360,1070,1673,1195
1235,1422,360,1070,1673,1195
1235,1422,360,1070,1673,1195
1238,1422,360,1070,1673,1195
1252,1422,360,1070,1673,1195
1272,1423,360,1070,1673,1195
1280,1423,360,1070,1673,1195
1285,1423,360,1070,1673,1195
1300,1423,360,1070,1673,1195
1316,1423,360,1070,1673,1195
1326,1422,360,1070,1673,1195
1342,1421,360,1070,1673,1195
1365,1421,360,1070,1673,1195
1384,1419,360,1070,1673,1195
1407,1415,360,1070,1673,1195
1437,1410,360,1070,1673,1195
1446,1408,360,1070,1673,1195
1455,1405,360,1070,1673,1195
1466,1398,360,1070,1673,1195
1477,1393,360,1070,1673,1195
1484,1390,360,1070,1673,1195
1492,1386,360,1070,1673,1195
1498,1382,360,1070,1673,1195
1502,1379,360,1070,1673,1195
1507,1374,360,1070,1673,1195
1513,1370,360,1070,1673,1195
1521,1365,360,1070,1673,1195
1525,1361,360,1070,1673,1195
1531,1358,360,1070,1673,1195
1537,1355,360,1070,1673,1195
1541,1352,360,1070,1673,1195
1545,1348,360,1070,1673,1195
1549,1345,360,1070,1673,1195
1552,1342,360,1070,1673,1195
1556,1338,360,1070,1673,1195
1558,1336,360,1070,1673,1195
1562,1332,360,1070,1673,1195
1566,1329,360,1070,1673,1195
1570,1325,360,1070,1673,1195
1577,1321,360,1070,1673,1195
1582,1317,360,1070,1673,1195
1587,1313,360,1070,1673,1195
1591,1310,360,1070,1673,1195
1596,1306,360,1070,1673,1195
1599,1303,360,1070,1673,1195
1602,1299,360,1070,1673,1195
1605,1295,360,1070,1673,1195
1607,1291,360,1070,1673,1195
1609,1285,360,1070,1673,1195
1613,1280,360,1070,1673,1195
1617,1275,360,1070,1673,1195
1619,1271,360,1070,1673,1195
1620,1268,360,1070,1673,1195
1624,1264,360,1070,1673,1195
1626,1261,360,1070,1673,1195
1628,1257,360,1070,1673,1195
1632,1254,360,1070,1673,1195
1636,1250,360,1070,1673,1195
1639,1246,360,1070,1673,1195
1642,1243,360,1070,1673,1195
1645,1238,360,1070,1673,1195
1646,1235,360,1070,1673,1195
1650,1228,360,1070,1673,1195
1652,1225,360,1070,1673,1195
1652,1223,360,1070,1673,1195
1654,1219,360,1070,1673,1195
1657,1214,360,1070,1673,1195
1658,1212,360,1070,1673,1195
1659,1209,360,1070,1673,1195
1661,1207,360,1070,1673,1195
1662,1205,360,1070,1673,1195
1663,1205,360,1070,1673,1195
1664,1204,360,1070,1673,1195
1666,1202,360,1070,1673,1195
1669,1200,360,1070,1673,1195
1673,1197,360,1070,1673,1195
1674,1194,360,1070,1673,1195
1677,1191,360,1070,1673,1195
1681,1188,360,1070,1673,1195
1683,1186,360,1070,1673,1195
1685,1182,360,1070,1673,1195
1686,1178,360,1070,1673,1195
1689,1173,360,1070,1673,1195
1691,1170,360,1070,1673,1195
1693,1166,360,1070,1673,1195
1695,1162,360,1070,1673,1195
1698,1158,360,1070,1673,1195
1700,1155,360,1070,1673,1195
1703,1150,360,1070,1673,1195
1706,1146,360,1070,1673,1195
1708,1139,360,1070,1673,1195
1710,1133,360,1070,1673,1195
1713,1125,360,1070,1673,1195
1715,1119,360,1070,1673,1195
1717,1111,360,1070,1673,1195
1720,1103,360,1070,1673,1195
1721,1098,360,1070,1673,1195
1722,1090,360,1070,1673,1195
1723,1084,360,1070,1673,1195
1725,1074,360,1070,1673,1195
1727,1065,360,1070,1673,1195
1728,1059,360,1070,1673,1195
1730,1050,360,1070,1673,1195
1731,1044,360,1070,1673,1195
1732,1036,360,1070,1673,1195
1735,1026,360,1070,1673,1195
1737,1020,360,1070,1673,1195
1739,1013,360,1070,1673,1195
1741,1004,360,1070,1673,1195
1742,998,360,1070,1673,1195
1744,990,360,1070,1673,1195
1744,985,360,1070,1673,1195
1745,975,360,1070,1673,1195
1745,969,360,1070,1673,1195
1745,960,360,1070,1673,1195
1745,950,360,1070,1673,1195
1744,943,360,1070,1673,1195
1742,933,360,1070,1673,1195
1739,924,360,1070,1673,1195
1736,916,360,1070,1673,1195
1733,908,360,1070,1673,1195
1731,902,360,1070,1673,1195
1728,895,360,1070,1673,1195
1726,889,360,1070,1673,1195
1725,885,360,1070,1673,1195
1723,881,360,1070,1673,1195
1720,875,360,1070,1673,1195
1719,872,360,1070,1673,1195
1716,866,360,1070,1673,1195
1714,861,360,1070,1673,1195
1711,855,360,1070,1673,1195
1709,851,360,1070,1673,1195
1706,846,360,1070,1673,1195
1703,839,360,1070,1673,1195
1698,833,360,1070,1673,1195
1693,825,360,1070,1673,1195
1687,817,360,1070,1673,1195
1681,809,360,1070,1673,1195
1675,802,360,1070,1673,1195
1667,792,360,1070,1673,1195
1659,784,360,1070,1673,1195
1654,779,360,1070,1673,1195
1646,771,360,1070,1673,1195
1638,764,360,1070,1673,1195
1631,759,360,1070,1673,1195
1626,754,360,1070,1673,1195
1619,749,360,1070,1673,1195
1611,743,360,1070,1673,1195
1599,733,360,1070,1673,1195
1589,725,360,1070,1673,1195
1584,721,360,1070,1673,1195
1576,714,360,1070,1673,1195
1569,707,360,1070,1673,1195
1565,703,360,1070,1673,1195
1561,698,360,1070,1673,1195
1556,692,360,1070,1673,1195
1548,683,360,1070,1673,1195
1545,679,360,1070,1673,1195
1540,674,360,1070,1673,1195
1535,668,360,1070,1673,1195
1532,664,360,1070,1673,1195
1528,659,360,1070,1673,1195
1526,656,360,1070,1673,1195
1523,652,360,1070,1673,1195
1518,647,360,1070,1673,1195
1513,642,360,1070,1673,1195
1506,636,360,1070,1673,1195
1502,632,360,1070,1673,1195
1499,629,360,1070,1673,1195
1491,622,360,1070,1673,1195
1483,617,360,1070,1673,1195
1473,610,360,1070,1673,1195
1467,605,360,1070,1673,1195
1460,601,360,1070,1673,1195
1452,594,360,1070,1673,1195
1447,591,360,1070,1673,1195
1443,588,360,1070,1673,1195
1438,586,360,1070,1673,1195
1432,582,360,1070,1673,1195
1427,578,360,1070,1673,1195
1422,575,360,1070,1673,1195
1414,570,360,1070,1673,1195
1408,567,360,1070,1673,1195
1402,563,360,1070,1673,1195
1393,558,360,1070,1673,1195
1383,554,360,1070,1673,1195
1372,550,360,1070,1673,1195
1357,547,360,1070,1673,1195
1353,545,360,1070,1673,1195
1353,545,360,1070,1673,1195
1352,544,360,1070,1673,1195
1346,542,360,1070,1673,1195
1338,539,360,1070,1673,1195
1331,536,360,1070,1673,1195
1327,534,360,1070,1673,1195
1321,530,360,1070,1673,1195
1316,527,360,1070,1673,1195
1310,523,360,1070,1673,1195
1301,518,360,1070,1673,1195
1294,514,360,1070,1673,1195
1288,511,360,1070,1673,1195
1281,506,360,1070,1673,1195
1276,503,360,1070,1673,1195
1269,499,360,1070,1673,1195
1262,494,360,1070,1673,1195
1257,492,360,1070,1673,1195
1247,487,360,1070,1673,1195
1239,483,360,1070,1673,1195
1230,478,360,1070,1673,1195
1224,475,360,1070,1673,1195
1218,472,360,1070,1673,1195
1206,468,360,1070,1673,1195
1197,464,360,1070,1673,1195
1192,462,360,1070,1673,1195
1184,458,360,1070,1673,1195
1173,454,360,1070,1673,1195
1156,448,360,1070,1673,1195
1144,444,360,1070,1673,1195
1142,443,360,1070,1673,1195
1142,443,360,1070,1673,1195
1142,443,360,1070,1673,1195
1142,443,360,1070,1673,1195
1139,441,360,1070,1673,1195
1125,434,360,1070,1673,1195
1115,428,360,1070,1673,1195
1106,422,360,1070,1673,1195
1103,421,360,1070,1673,1195
1100,419,360,1070,1673,1195
1096,416,360,1070,1673,1195
1093,413,360,1070,1673,1195
1089,410,360,1070,1673,1195
1087,407,360,1070,1673,1195
1084,404,360,1070,1673,1195
1082,402,360,1070,1673,1195
1079,399,360,1070,1673,1195
1077,396,360,1070,1673,1195
1075,394,360,1070,1673,1195
1072,390,360,1070,1673,1195
1069,386,360,1070,1673,1195
1069,386,360,1070,1673,1195
1069,386,360,1070,1673,1195
1069,386,360,1070,1673,1195
1069,385,360,1070,1673,1195
1069,385,360,1070,1673,1195
1069,385,360,1070,1673,1195
1069,385,360,1070,1673,1195
1069,385,360,1070,1673,1195
1069,385,360,1070,1673,1195
1067,381,360,1070,1673,1195
1066,380,360,1070,1673,1195
1066,378,360,1070,1673,1195
1066,378,360,1070,1673,1195
1066,378,360,1070,1673,1195
1066,378,360,1070,1673,1195
1066,378,360,1070,1673,1195
1066,378,360,1070,1673,1195
1066,378,360,1070,1673,1195
1066,378,360,1070,1673,1195
1066,378,360,1070,1673,1195
1066,378,360,1070,1673,1195
1066,378,360,1070,1673,1195
1066,378,360,1070,1673,1195
1066,378,360,1070,1673,1195
1065,377,360,1070,1673,1195
1063,375,360,1070,1673,1195
1061,374,360,1070,1673,1195
1060,373,360,1070,1673,1195
1060,373,360,1070,1673,1195
1060,373,360,1070,1673,1195
1060,373,360,1070,1673,1195
