887,371,367,1042,1335,1160
887,371,367,1042,1335,1160
887,371,367,1042,1335,1160
887,371,367,1042,1335,1160
887,371,367,1042,1335,1160
887,371,367,1042,1335,1160
887,371,367,1042,1335,1160
887,371,367,1042,1335,1160
887,371,367,1042,1335,1160
887,371,367,1042,1335,1160
884,372,367,1042,1335,1160
880,374,367,1042,1335,1160
876,376,367,1042,1335,1160
874,377,367,1042,1335,1160
870,378,367,1042,1335,1160
861,381,367,1042,1335,1160
848,384,367,1042,1335,1160
841,385,367,1042,1335,1160
833,387,367,1042,1335,1160
826,388,367,1042,1335,1160
817,390,367,1042,1335,1160
810,391,367,1042,1335,1160
805,392,367,1042,1335,1160
799,394,367,1042,1335,1160
793,396,367,1042,1335,1160
787,398,367,1042,1335,1160
778,402,367,1042,1335,1160
770,404,367,1042,1335,1160
764,406,367,1042,1335,1160
753,410,367,1042,1335,1160
743,413,367,1042,1335,1160
738,415,367,1042,1335,1160
732,418,367,1042,1335,1160
722,422,367,1042,1335,1160
712,427,367,1042,1335,1160
704,431,367,1042,1335,1160
698,434,367,1042,1335,1160
688,440,367,1042,1335,1160
677,446,367,1042,1335,1160
667,453,367,1042,1335,1160
659,459,367,1042,1335,1160
650,467,367,1042,1335,1160
639,475,367,1042,1335,1160
632,480,367,1042,1335,1160
626,484,367,1042,1335,1160
621,487,367,1042,1335,1160
612,492,367,1042,1335,1160
606,496,367,1042,1335,1160
600,499,367,1042,1335,1160
594,504,367,1042,1335,1160
585,510,367,1042,1335,1160
577,516,367,1042,1335,1160
570,521,367,1042,1335,1160
564,526,367,1042,1335,1160
559,531,367,1042,1335,1160
554,536,367,1042,1335,1160
548,541,367,1042,1335,1160
543,546,367,1042,1335,1160
536,552,367,1042,1335,1160
530,556,367,1042,1335,1160
528,559,367,1042,1335,1160
525,561,367,1042,1335,1160
521,566,367,1042,1335,1160
513,573,367,1042,1335,1160
507,578,367,1042,1335,1160
503,583,367,1042,1335,1160
496,589,367,1042,1335,1160
490,596,367,1042,1335,1160
485,603,367,1042,1335,1160
479,612,367,1042,1335,1160
472,621,367,1042,1335,1160
467,629,367,1042,1335,1160
464,636,367,1042,1335,1160
459,645,367,1042,1335,1160
453,653,367,1042,1335,1160
448,660,367,1042,1335,1160
443,667,367,1042,1335,1160
438,673,367,1042,1335,1160
432,681,367,1042,1335,1160
428,687,367,1042,1335,1160
424,691,367,1042,1335,1160
418,698,367,1042,1335,1160
414,703,367,1042,1335,1160
409,708,367,1042,1335,1160
406,712,367,1042,1335,1160
402,718,367,1042,1335,1160
398,724,367,1042,1335,1160
393,729,367,1042,1335,1160
390,733,367,1042,1335,1160
389,734,367,1042,1335,1160
387,738,367,1042,1335,1160
384,744,367,1042,1335,1160
381,752,367,1042,1335,1160
378,758,367,1042,1335,1160
374,764,367,1042,1335,1160
372,770,367,1042,1335,1160
368,777,367,1042,1335,1160
365,786,367,1042,1335,1160
362,794,367,1042,1335,1160
358,804,367,1042,1335,1160
356,812,367,1042,1335,1160
355,817,367,1042,1335,1160
353,825,367,1042,1335,1160
352,832,367,1042,1335,1160
349,840,367,1042,1335,1160
348,847,367,1042,1335,1160
346,854,367,1042,1335,1160
343,861,367,1042,1335,1160
342,865,367,1042,1335,1160
340,871,367,1042,1335,1160
338,878,367,1042,1335,1160
337,886,367,1042,1335,1160
336,894,367,1042,1335,1160
334,905,367,1042,1335,1160
333,914,367,1042,1335,1160
332,919,367,1042,1335,1160
331,923,367,1042,1335,1160
331,927,367,1042,1335,1160
331,933,367,1042,1335,1160
331,940,367,1042,1335,1160
331,949,367,1042,1335,1160
331,957,367,1042,1335,1160
332,962,367,1042,1335,1160
333,966,367,1042,1335,1160
333,969,367,1042,1335,1160
334,975,367,1042,1335,1160
335,979,367,1042,1335,1160
338,983,367,1042,1335,1160
340,986,367,1042,1335,1160
343,991,367,1042,1335,1160
346,997,367,1042,1335,1160
349,1005,367,1042,1335,1160
354,1011,367,1042,1335,1160
357,1017,367,1042,1335,1160
358,1021,367,1042,1335,1160
360,1025,367,1042,1335,1160
361,1027,367,1042,1335,1160
362,1030,367,1042,1335,1160
364,1032,367,1042,1335,1160
366,1035,367,1042,1335,1160
371,1040,367,1042,1335,1160
375,1044,367,1042,1335,1160
381,1048,367,1042,1335,1160
389,1055,367,1042,1335,1160
394,1061,367,1042,1335,1160
399,1065,367,1042,1335,1160
405,1069,367,1042,1335,1160
409,1072,367,1042,1335,1160
413,1075,367,1042,1335,1160
419,1079,367,1042,1335,1160
425,1085,367,1042,1335,1160
432,1089,367,1042,1335,1160
439,1094,367,1042,1335,1160
445,1099,367,1042,1335,1160
449,1103,367,1042,1335,1160
455,1107,367,1042,1335,1160
459,1110,367,1042,1335,1160
466,1113,367,1042,1335,1160
475,1117,367,1042,1335,1160
482,1120,367,1042,1335,1160
488,1124,367,1042,1335,1160
496,1127,367,1042,1335,1160
503,1130,367,1042,1335,1160
510,1133,367,1042,1335,1160
514,1134,367,1042,1335,1160
517,1136,367,1042,1335,1160
528,1139,367,1042,1335,1160
538,1142,367,1042,1335,1160
542,1144,367,1042,1335,1160
549,1147,367,1042,1335,1160
552,1148,367,1042,1335,1160
560,1152,367,1042,1335,1160
572,1157,367,1042,1335,1160
582,1162,367,1042,1335,1160
588,1166,367,1042,1335,1160
594,1170,367,1042,1335,1160
599,1174,367,1042,1335,1160
605,1178,367,1042,1335,1160
611,1181,367,1042,1335,1160
616,1185,367,1042,1335,1160
622,1188,367,1042,1335,1160
627,1191,367,1042,1335,1160
633,1195,367,1042,1335,1160
645,1200,367,1042,1335,1160
653,1204,367,1042,1335,1160
661,1206,367,1042,1335,1160
669,1210,367,1042,1335,1160
676,1213,367,1042,1335,1160
684,1217,367,1042,1335,1160
691,1220,367,1042,1335,1160
698,1223,367,1042,1335,1160
705,1226,367,1042,1335,1160
711,1227,367,1042,1335,1160
719,1231,367,1042,1335,1160
728,1233,367,1042,1335,1160
739,1236,367,1042,1335,1160
748,1239,367,1042,1335,1160
758,1241,367,1042,1335,1160
764,1243,367,1042,1335,1160
767,1244,367,1042,1335,1160
774,1245,367,1042,1335,1160
785,1246,367,1042,1335,1160
800,1249,367,1042,1335,1160
809,1251,367,1042,1335,1160
818,1251,367,1042,1335,1160
831,1252,367,1042,1335,1160
840,1253,367,1042,1335,1160
845,1253,367,1042,1335,1160
853,1255,367,1042,1335,1160
862,1256,367,1042,1335,1160
871,1256,367,1042,1335,1160
878,1257,367,1042,1335,1160
886,1258,367,1042,1335,1160
894,1259,367,1042,1335,1160
903,1261,367,1042,1335,1160
911,1262,367,1042,1335,1160
919,1263,367,1042,1335,1160
927,1263,367,1042,1335,1160
933,1264,367,1042,1335,1160
942,1264,367,1042,1335,1160
953,1266,367,1042,1335,1160
962,1266,367,1042,1335,1160
972,1266,367,1042,1335,1160
984,1267,367,1042,1335,1160
995,1267,367,1042,1335,1160
1002,1267,367,1042,1335,1160
1012,1267,367,1042,1335,1160
1027,1267,367,1042,1335,1160
1043,1267,367,1042,1335,1160
1049,1268,367,1042,1335,1160
1050,1267,367,1042,1335,1160
1053,1266,367,1042,1335,1160
1060,1265,367,1042,1335,1160
1067,1264,367,1042,1335,1160
1074,1263,367,1042,1335,1160
1083,1262,367,1042,1335,1160
1092,1261,367,1042,1335,1160
1102,1260,367,1042,1335,1160
1109,1258,367,1042,1335,1160
1118,1256,367,1042,1335,1160
1124,1256,367,1042,1335,1160
1129,1255,367,1042,1335,1160
1136,1254,367,1042,1335,1160
1143,1253,367,1042,1335,1160
1150,1252,367,1042,1335,1160
1157,1251,367,1042,1335,1160
1162,1250,367,1042,1335,1160
1170,1248,367,1042,1335,1160
1175,1246,367,1042,1335,1160
1182,1244,367,1042,1335,1160
1189,1242,367,1042,1335,1160
1194,1240,367,1042,1335,1160
1199,1238,367,1042,1335,1160
1206,1236,367,1042,1335,1160
1212,1234,367,1042,1335,1160
1215,1233,367,1042,1335,1160
1219,1231,367,1042,1335,1160
1223,1229,367,1042,1335,1160
1229,1227,367,1042,1335,1160
1234,1224,367,1042,1335,1160
1238,1222,367,1042,1335,1160
1246,1220,367,1042,1335,1160
1254,1217,367,1042,1335,1160
1258,1215,367,1042,1335,1160
1260,1213,367,1042,1335,1160
1263,1210,367,1042,1335,1160
1266,1208,367,1042,1335,1160
1269,1206,367,1042,1335,1160
1271,1205,367,1042,1335,1160
1274,1203,367,1042,1335,1160
1280,1201,367,1042,1335,1160
1283,1199,367,1042,1335,1160
1287,1197,367,1042,1335,1160
1292,1195,367,1042,1335,1160
1294,1193,367,1042,1335,1160
1299,1190,367,1042,1335,1160
1307,1186,367,1042,1335,1160
1311,1184,367,1042,1335,1160
1314,1181,367,1042,1335,1160
1316,1180,367,1042,1335,1160
1319,1178,367,1042,1335,1160
1319,1177,367,1042,1335,1160
1322,1175,367,1042,1335,1160
1325,1172,367,1042,1335,1160
1329,1169,367,1042,1335,1160
1332,1166,367,1042,1335,1160
1336,1160,367,1042,1335,1160
1342,1155,367,1042,1335,1160
1346,1151,367,1042,1335,1160
1351,1146,367,1042,1335,1160
1353,1142,367,1042,1335,1160
1355,1137,367,1042,1335,1160
1361,1131,367,1042,1335,1160
1365,1124,367,1042,1335,1160
1368,1118,367,1042,1335,1160
1372,1109,367,1042,1335,1160
1378,1099,367,1042,1335,1160
1381,1091,367,1042,1335,1160
1385,1080,367,1042,1335,1160
1387,1070,367,1042,1335,1160
1388,1062,367,1042,1335,1160
1389,1054,367,1042,1335,1160
1390,1046,367,1042,1335,1160
1390,1041,367,1042,1335,1160
1390,1033,367,1042,1335,1160
1390,1025,367,1042,1335,1160
1391,1019,367,1042,1335,1160
1391,1012,367,1042,1335,1160
1391,1004,367,1042,1335,1160
1390,997,367,1042,1335,1160
1389,988,367,1042,1335,1160
1389,980,367,1042,1335,1160
1389,974,367,1042,1335,1160
1389,965,367,1042,1335,1160
1387,956,367,1042,1335,1160
1387,950,367,1042,1335,1160
1387,943,367,1042,1335,1160
1386,939,367,1042,1335,1160
1385,933,367,1042,1335,1160
1383,924,367,1042,1335,1160
1381,918,367,1042,1335,1160
1379,910,367,1042,1335,1160
1376,902,367,1042,1335,1160
1375,896,367,1042,1335,1160
1374,892,367,1042,1335,1160
1373,886,367,1042,1335,1160
1372,882,367,1042,1335,1160
1370,877,367,1042,1335,1160
1369,872,367,1042,1335,1160
1368,867,367,1042,1335,1160
1367,861,367,1042,1335,1160
1366,854,367,1042,1335,1160
1365,848,367,1042,1335,1160
1364,843,367,1042,1335,1160
1363,837,367,1042,1335,1160
1361,831,367,1042,1335,1160
1360,826,367,1042,1335,1160
1359,821,367,1042,1335,1160
1358,818,367,1042,1335,1160
1357,813,367,1042,1335,1160
1355,806,367,1042,1335,1160
1354,799,367,1042,1335,1160
1350,790,367,1042,1335,1160
1348,782,367,1042,1335,1160
1345,776,367,1042,1335,1160
1343,769,367,1042,1335,1160
1340,763,367,1042,1335,1160
1336,756,367,1042,1335,1160
1334,748,367,1042,1335,1160
1331,742,367,1042,1335,1160
1329,735,367,1042,1335,1160
1327,729,367,1042,1335,1160
1325,725,367,1042,1335,1160
1323,722,367,1042,1335,1160
1320,716,367,1042,1335,1160
1318,710,367,1042,1335,1160
1315,704,367,1042,1335,1160
1312,698,367,1042,1335,1160
1308,691,367,1042,1335,1160
1301,676,367,1042,1335,1160
1295,663,367,1042,1335,1160
1292,656,367,1042,1335,1160
1289,650,367,1042,1335,1160
1286,646,367,1042,1335,1160
1284,641,367,1042,1335,1160
1281,635,367,1042,1335,1160
1278,628,367,1042,1335,1160
1273,618,367,1042,1335,1160
1268,611,367,1042,1335,1160
1267,608,367,1042,1335,1160
1264,604,367,1042,1335,1160
1259,597,367,1042,1335,1160
1254,588,367,1042,1335,1160
1250,583,367,1042,1335,1160
1246,576,367,1042,1335,1160
1242,570,367,1042,1335,1160
1237,563,367,1042,1335,1160
1232,559,367,1042,1335,1160
1228,555,367,1042,1335,1160
1223,549,367,1042,1335,1160
1218,543,367,1042,1335,1160
1214,538,367,1042,1335,1160
1210,532,367,1042,1335,1160
1204,524,367,1042,1335,1160
1200,516,367,1042,1335,1160
1195,510,367,1042,1335,1160
1193,507,367,1042,1335,1160
1189,502,367,1042,1335,1160
1184,497,367,1042,1335,1160
1181,493,367,1042,1335,1160
1175,487,367,1042,1335,1160
1169,481,367,1042,1335,1160
1166,477,367,1042,1335,1160
1160,471,367,1042,1335,1160
1154,465,367,1042,1335,1160
1149,460,367,1042,1335,1160
1143,455,367,1042,1335,1160
1138,450,367,1042,1335,1160
1134,447,367,1042,1335,1160
1129,442,367,1042,1335,1160
1123,437,367,1042,1335,1160
1119,434,367,1042,1335,1160
1115,430,367,1042,1335,1160
1112,427,367,1042,1335,1160
1107,423,367,1042,1335,1160
1104,420,367,1042,1335,1160
1101,418,367,1042,1335,1160
1097,415,367,1042,1335,1160
1095,414,367,1042,1335,1160
1095,413,367,1042,1335,1160
1095,413,367,1042,1335,1160
1095,413,367,1042,1335,1160
1095,413,367,1042,1335,1160
1095,413,367,1042,1335,1160
1095,413,367,1042,1335,1160
1095,413,367,1042,1335,1160
1095,413,367,1042,1335,1160
1095,413,367,1042,1335,1160
1090,409,367,1042,1335,1160
1078,401,367,1042,1335,1160
1072,397,367,1042,1335,1160
1068,394,367,1042,1335,1160
1066,392,367,1042,1335,1160
1064,389,367,1042,1335,1160
1061,386,367,1042,1335,1160
1061,386,367,1042,1335,1160
1061,386,367,1042,1335,1160
1061,386,367,1042,1335,1160
1061,386,367,1042,1335,1160
1061,385,367,1042,1335,1160
1061,385,367,1042,1335,1160
1061,385,367,1042,1335,1160
1061,385,367,1042,1335,1160
1061,385,367,1042,1335,1160
1061,382,367,1042,1335,1160
1061,376,367,1042,1335,1160
1061,375,367,1042,1335,1160
1061,375,367,1042,1335,1160
1061,375,367,1042,1335,1160
1061,375,367,1042,1335,1160
1061,375,367,1042,1335,1160
1061,375,367,1042,1335,1160
