887,371,531,1008,1546,968
887,371,531,1008,1546,968
887,371,531,1008,1546,968
887,371,531,1008,1546,968
887,371,531,1008,1546,968
887,371,531,1008,1546,968
887,371,531,1008,1546,968
887,371,531,1008,1546,968
887,371,531,1008,1546,968
887,371,531,1008,1546,968
885,373,531,1008,1546,968
875,378,531,1008,1546,968
867,380,531,1008,1546,968
864,382,531,1008,1546,968
857,386,531,1008,1546,968
850,390,531,1008,1546,968
840,396,531,1008,1546,968
832,402,531,1008,1546,968
824,407,531,1008,1546,968
816,413,531,1008,1546,968
806,419,531,1008,1546,968
799,424,531,1008,1546,968
789,430,531,1008,1546,968
781,437,531,1008,1546,968
774,443,531,1008,1546,968
769,448,531,1008,1546,968
760,455,531,1008,1546,968
751,464,531,1008,1546,968
742,472,531,1008,1546,968
734,479,531,1008,1546,968
728,484,531,1008,1546,968
722,489,531,1008,1546,968
716,494,531,1008,1546,968
708,500,531,1008,1546,968
700,506,531,1008,1546,968
693,512,531,1008,1546,968
685,519,531,1008,1546,968
677,527,531,1008,1546,968
668,536,531,1008,1546,968
661,544,531,1008,1546,968
655,551,531,1008,1546,968
648,559,531,1008,1546,968
643,566,531,1008,1546,968
638,571,531,1008,1546,968
632,577,531,1008,1546,968
628,582,531,1008,1546,968
624,589,531,1008,1546,968
619,593,531,1008,1546,968
614,600,531,1008,1546,968
609,605,531,1008,1546,968
605,611,531,1008,1546,968
600,617,531,1008,1546,968
594,625,531,1008,1546,968
591,631,531,1008,1546,968
586,638,531,1008,1546,968
581,646,531,1008,1546,968
577,653,531,1008,1546,968
571,661,531,1008,1546,968
567,668,531,1008,1546,968
563,674,531,1008,1546,968
560,680,531,1008,1546,968
558,685,531,1008,1546,968
555,693,531,1008,1546,968
553,699,531,1008,1546,968
550,706,531,1008,1546,968
546,712,531,1008,1546,968
544,717,531,1008,1546,968
542,722,531,1008,1546,968
539,727,531,1008,1546,968
537,731,531,1008,1546,968
536,734,531,1008,1546,968
533,741,531,1008,1546,968
531,746,531,1008,1546,968
529,751,531,1008,1546,968
526,759,531,1008,1546,968
524,766,531,1008,1546,968
522,772,531,1008,1546,968
519,781,531,1008,1546,968
517,789,531,1008,1546,968
516,798,531,1008,1546,968
515,805,531,1008,1546,968
514,813,531,1008,1546,968
514,819,531,1008,1546,968
514,823,531,1008,1546,968
514,827,531,1008,1546,968
514,832,531,1008,1546,968
514,837,531,1008,1546,968
512,846,531,1008,1546,968
511,854,531,1008,1546,968
508,862,531,1008,1546,968
506,867,531,1008,1546,968
504,875,531,1008,1546,968
502,882,531,1008,1546,968
501,887,531,1008,1546,968
500,893,531,1008,1546,968
500,897,531,1008,1546,968
499,903,531,1008,1546,968
498,909,531,1008,1546,968
497,914,531,1008,1546,968
497,920,531,1008,1546,968
497,925,531,1008,1546,968
497,931,531,1008,1546,968
497,936,531,1008,1546,968
497,938,531,1008,1546,968
499,943,531,1008,1546,968
501,948,531,1008,1546,968
503,952,531,1008,1546,968
504,956,531,1008,1546,968
506,960,531,1008,1546,968
508,964,531,1008,1546,968
511,969,531,1008,1546,968
512,974,531,1008,1546,968
513,977,531,1008,1546,968
514,979,531,1008,1546,968
515,984,531,1008,1546,968
516,986,531,1008,1546,968
516,987,531,1008,1546,968
516,987,531,1008,1546,968
517,990,531,1008,1546,968
520,996,531,1008,1546,968
523,1001,531,1008,1546,968
525,1004,531,1008,1546,968
528,1008,531,1008,1546,968
531,1011,531,1008,1546,968
535,1015,531,1008,1546,968
540,1019,531,1008,1546,968
542,1022,531,1008,1546,968
546,1026,531,1008,1546,968
549,1030,531,1008,1546,968
552,1033,531,1008,1546,968
556,1036,531,1008,1546,968
562,1040,531,1008,1546,968
565,1043,531,1008,1546,968
569,1046,531,1008,1546,968
575,1050,531,1008,1546,968
580,1053,531,1008,1546,968
586,1057,531,1008,1546,968
592,1060,531,1008,1546,968
602,1065,531,1008,1546,968
608,1068,531,1008,1546,968
612,1071,531,1008,1546,968
616,1073,531,1008,1546,968
622,1077,531,1008,1546,968
629,1080,531,1008,1546,968
634,1083,531,1008,1546,968
638,1085,531,1008,1546,968
645,1088,531,1008,1546,968
651,1091,531,1008,1546,968
660,1094,531,1008,1546,968
662,1095,531,1008,1546,968
662,1095,531,1008,1546,968
662,1095,531,1008,1546,968
668,1097,531,1008,1546,968
676,1099,531,1008,1546,968
686,1101,531,1008,1546,968
694,1102,531,1008,1546,968
704,1104,531,1008,1546,968
724,1109,531,1008,1546,968
731,1111,531,1008,1546,968
738,1114,531,1008,1546,968
749,1116,531,1008,1546,968
755,1117,531,1008,1546,968
755,1117,531,1008,1546,968
759,1117,531,1008,1546,968
770,1120,531,1008,1546,968
781,1122,531,1008,1546,968
793,1124,531,1008,1546,968
803,1127,531,1008,1546,968
816,1132,531,1008,1546,968
823,1133,531,1008,1546,968
832,1135,531,1008,1546,968
840,1137,531,1008,1546,968
850,1140,531,1008,1546,968
863,1143,531,1008,1546,968
871,1145,531,1008,1546,968
881,1147,531,1008,1546,968
891,1148,531,1008,1546,968
902,1149,531,1008,1546,968
913,1150,531,1008,1546,968
924,1152,531,1008,1546,968
934,1153,531,1008,1546,968
940,1154,531,1008,1546,968
950,1154,531,1008,1546,968
956,1154,531,1008,1546,968
960,1154,531,1008,1546,968
964,1154,531,1008,1546,968
971,1154,531,1008,1546,968
983,1154,531,1008,1546,968
994,1154,531,1008,1546,968
1006,1154,531,1008,1546,968
1018,1154,531,1008,1546,968
1032,1154,531,1008,1546,968
1048,1154,531,1008,1546,968
1061,1154,531,1008,1546,968
1073,1154,531,1008,1546,968
1081,1154,531,1008,1546,968
1090,1154,531,1008,1546,968
1102,1154,531,1008,1546,968
1112,1154,531,1008,1546,968
1121,1154,531,1008,1546,968
1128,1154,531,1008,1546,968
1135,1154,531,1008,1546,968
1147,1154,531,1008,1546,968
1154,1154,531,1008,1546,968
1162,1154,531,1008,1546,968
1171,1154,531,1008,1546,968
1183,1154,531,1008,1546,968
1189,1154,531,1008,1546,968
1193,1154,531,1008,1546,968
1202,1154,531,1008,1546,968
1212,1154,531,1008,1546,968
1218,1154,531,1008,1546,968
1225,1154,531,1008,1546,968
1232,1154,531,1008,1546,968
1241,1154,531,1008,1546,968
1251,1154,531,1008,1546,968
1260,1154,531,1008,1546,968
1271,1152,531,1008,1546,968
1280,1152,531,1008,1546,968
1287,1151,531,1008,1546,968
1293,1149,531,1008,1546,968
1296,1148,531,1008,1546,968
1296,1148,531,1008,1546,968
1300,1146,531,1008,1546,968
1309,1142,531,1008,1546,968
1318,1139,531,1008,1546,968
1323,1136,531,1008,1546,968
1328,1135,531,1008,1546,968
1336,1132,531,1008,1546,968
1342,1130,531,1008,1546,968
1350,1129,531,1008,1546,968
1357,1127,531,1008,1546,968
1367,1125,531,1008,1546,968
1375,1123,531,1008,1546,968
1387,1121,531,1008,1546,968
1395,1118,531,1008,1546,968
1402,1116,531,1008,1546,968
1414,1112,531,1008,1546,968
1423,1109,531,1008,1546,968
1426,1105,531,1008,1546,968
1429,1101,531,1008,1546,968
1433,1097,531,1008,1546,968
1438,1092,531,1008,1546,968
1444,1087,531,1008,1546,968
1448,1084,531,1008,1546,968
1450,1079,531,1008,1546,968
1454,1075,531,1008,1546,968
1459,1071,531,1008,1546,968
1465,1067,531,1008,1546,968
1468,1064,531,1008,1546,968
1474,1061,531,1008,1546,968
1478,1059,531,1008,1546,968
1482,1056,531,1008,1546,968
1488,1052,531,1008,1546,968
1495,1047,531,1008,1546,968
1498,1045,531,1008,1546,968
1500,1041,531,1008,1546,968
1502,1039,531,1008,1546,968
1505,1036,531,1008,1546,968
1506,1035,531,1008,1546,968
1507,1032,531,1008,1546,968
1510,1028,531,1008,1546,968
1511,1025,531,1008,1546,968
1514,1021,531,1008,1546,968
1517,1016,531,1008,1546,968
1519,1013,531,1008,1546,968
1521,1010,531,1008,1546,968
1523,1007,531,1008,1546,968
1525,1004,531,1008,1546,968
1528,1001,531,1008,1546,968
1530,998,531,1008,1546,968
1531,996,531,1008,1546,968
1534,993,531,1008,1546,968
1534,992,531,1008,1546,968
1534,992,531,1008,1546,968
1534,992,531,1008,1546,968
1536,986,531,1008,1546,968
1539,983,531,1008,1546,968
1541,981,531,1008,1546,968
1541,978,531,1008,1546,968
1543,973,531,1008,1546,968
1544,970,531,1008,1546,968
1547,965,531,1008,1546,968
1548,961,531,1008,1546,968
1548,958,531,1008,1546,968
1549,952,531,1008,1546,968
1550,947,531,1008,1546,968
1550,942,531,1008,1546,968
1550,939,531,1008,1546,968
1551,933,531,1008,1546,968
1552,928,531,1008,1546,968
1552,923,531,1008,1546,968
1552,917,531,1008,1546,968
1552,909,531,1008,1546,968
1552,901,531,1008,1546,968
1551,896,531,1008,1546,968
1550,887,531,1008,1546,968
1548,877,531,1008,1546,968
1546,870,531,1008,1546,968
1544,861,531,1008,1546,968
1542,853,531,1008,1546,968
1540,847,531,1008,1546,968
1537,838,531,1008,1546,968
1534,828,531,1008,1546,968
1530,820,531,1008,1546,968
1527,815,531,1008,1546,968
1523,808,531,1008,1546,968
1519,801,531,1008,1546,968
1515,794,531,1008,1546,968
1509,784,531,1008,1546,968
1503,773,531,1008,1546,968
1496,763,531,1008,1546,968
1492,756,531,1008,1546,968
1487,747,531,1008,1546,968
1483,739,531,1008,1546,968
1479,731,531,1008,1546,968
1474,723,531,1008,1546,968
1469,713,531,1008,1546,968
1465,706,531,1008,1546,968
1459,696,531,1008,1546,968
1454,685,531,1008,1546,968
1447,675,531,1008,1546,968
1442,668,531,1008,1546,968
1435,658,531,1008,1546,968
1430,651,531,1008,1546,968
1425,642,531,1008,1546,968
1418,633,531,1008,1546,968
1412,624,531,1008,1546,968
1408,618,531,1008,1546,968
1402,610,531,1008,1546,968
1394,601,531,1008,1546,968
1389,595,531,1008,1546,968
1381,586,531,1008,1546,968
1372,578,531,1008,1546,968
1363,568,531,1008,1546,968
1356,561,531,1008,1546,968
1347,551,531,1008,1546,968
1338,541,531,1008,1546,968
1331,535,531,1008,1546,968
1321,527,531,1008,1546,968
1313,519,531,1008,1546,968
1305,514,531,1008,1546,968
1297,508,531,1008,1546,968
1289,501,531,1008,1546,968
1281,495,531,1008,1546,968
1276,491,531,1008,1546,968
1270,487,531,1008,1546,968
1263,482,531,1008,1546,968
1257,478,531,1008,1546,968
1250,473,531,1008,1546,968
1243,467,531,1008,1546,968
1239,464,531,1008,1546,968
1231,459,531,1008,1546,968
1222,452,531,1008,1546,968
1215,448,531,1008,1546,968
1206,443,531,1008,1546,968
1177,432,531,1008,1546,968
1148,417,531,1008,1546,968
1145,416,531,1008,1546,968
1145,416,531,1008,1546,968
1145,416,531,1008,1546,968
1145,416,531,1008,1546,968
1145,416,531,1008,1546,968
1145,416,531,1008,1546,968
1145,416,531,1008,1546,968
1145,416,531,1008,1546,968
1143,414,531,1008,1546,968
1127,402,531,1008,1546,968
1117,396,531,1008,1546,968
1109,390,531,1008,1546,968
1106,388,531,1008,1546,968
1101,383,531,1008,1546,968
1096,379,531,1008,1546,968
1093,377,531,1008,1546,968
1093,376,531,1008,1546,968
1093,376,531,1008,1546,968
1092,376,531,1008,1546,968
1092,376,531,1008,1546,968
1092,376,531,1008,1546,968
1092,376,531,1008,1546,968
1092,376,531,1008,1546,968
1086,375,531,1008,1546,968
1081,375,531,1008,1546,968
1075,374,531,1008,1546,968
1073,373,531,1008,1546,968
1070,373,531,1008,1546,968
1066,373,531,1008,1546,968
1060,373,531,1008,1546,968
1055,373,531,1008,1546,968
1051,373,531,1008,1546,968
1048,373,531,1008,1546,968
1044,372,531,1008,1546,968
1041,372,531,1008,1546,968
1040,372,531,1008,1546,968
1040,372,531,1008,1546,968
