889,372,594,1182,1577,1192
889,372,594,1182,1577,1192
889,372,594,1182,1577,1192
889,372,594,1182,1577,1192
889,372,594,1182,1577,1192
889,372,594,1182,1577,1192
889,372,594,1182,1577,1192
889,372,594,1182,1577,1192
887,373,594,1182,1577,1192
880,377,594,1182,1577,1192
872,380,594,1182,1577,1192
864,384,594,1182,1577,1192
857,388,594,1182,1577,1192
846,395,594,1182,1577,1192
836,402,594,1182,1577,1192
829,407,594,1182,1577,1192
820,412,594,1182,1577,1192
813,418,594,1182,1577,1192
807,423,594,1182,1577,1192
799,430,594,1182,1577,1192
791,437,594,1182,1577,1192
785,444,594,1182,1577,1192
780,450,594,1182,1577,1192
772,459,594,1182,1577,1192
767,468,594,1182,1577,1192
763,472,594,1182,1577,1192
758,478,594,1182,1577,1192
752,484,594,1182,1577,1192
748,488,594,1182,1577,1192
742,492,594,1182,1577,1192
737,498,594,1182,1577,1192
734,501,594,1182,1577,1192
733,502,594,1182,1577,1192
733,502,594,1182,1577,1192
732,503,594,1182,1577,1192
729,505,594,1182,1577,1192
715,514,594,1182,1577,1192
702,524,594,1182,1577,1192
693,530,594,1182,1577,1192
689,534,594,1182,1577,1192
682,537,594,1182,1577,1192
675,542,594,1182,1577,1192
669,545,594,1182,1577,1192
664,550,594,1182,1577,1192
656,556,594,1182,1577,1192
648,564,594,1182,1577,1192
641,571,594,1182,1577,1192
634,579,594,1182,1577,1192
629,586,594,1182,1577,1192
623,595,594,1182,1577,1192
618,603,594,1182,1577,1192
614,610,594,1182,1577,1192
609,618,594,1182,1577,1192
606,625,594,1182,1577,1192
603,629,594,1182,1577,1192
600,635,594,1182,1577,1192
597,641,594,1182,1577,1192
593,648,594,1182,1577,1192
590,653,594,1182,1577,1192
586,662,594,1182,1577,1192
581,677,594,1182,1577,1192
576,691,594,1182,1577,1192
571,707,594,1182,1577,1192
570,715,594,1182,1577,1192
570,719,594,1182,1577,1192
569,726,594,1182,1577,1192
568,737,594,1182,1577,1192
567,745,594,1182,1577,1192
565,757,594,1182,1577,1192
563,769,594,1182,1577,1192
560,779,594,1182,1577,1192
558,791,594,1182,1577,1192
556,803,594,1182,1577,1192
554,809,594,1182,1577,1192
552,815,594,1182,1577,1192
550,823,594,1182,1577,1192
549,827,594,1182,1577,1192
547,833,594,1182,1577,1192
545,840,594,1182,1577,1192
544,845,594,1182,1577,1192
543,853,594,1182,1577,1192
542,860,594,1182,1577,1192
540,865,594,1182,1577,1192
538,872,594,1182,1577,1192
537,881,594,1182,1577,1192
537,886,594,1182,1577,1192
537,892,594,1182,1577,1192
537,897,594,1182,1577,1192
536,901,594,1182,1577,1192
536,907,594,1182,1577,1192
536,913,594,1182,1577,1192
536,916,594,1182,1577,1192
536,921,594,1182,1577,1192
536,927,594,1182,1577,1192
536,933,594,1182,1577,1192
536,938,594,1182,1577,1192
536,945,594,1182,1577,1192
535,949,594,1182,1577,1192
535,956,594,1182,1577,1192
535,962,594,1182,1577,1192
535,966,594,1182,1577,1192
535,973,594,1182,1577,1192
535,980,594,1182,1577,1192
535,985,594,1182,1577,1192
536,990,594,1182,1577,1192
537,995,594,1182,1577,1192
538,1000,594,1182,1577,1192
538,1009,594,1182,1577,1192
541,1016,594,1182,1577,1192
543,1021,594,1182,1577,1192
545,1026,594,1182,1577,1192
547,1031,594,1182,1577,1192
549,1035,594,1182,1577,1192
550,1041,594,1182,1577,1192
552,1046,594,1182,1577,1192
552,1049,594,1182,1577,1192
552,1055,594,1182,1577,1192
552,1060,594,1182,1577,1192
552,1064,594,1182,1577,1192
552,1068,594,1182,1577,1192
551,1072,594,1182,1577,1192
551,1075,594,1182,1577,1192
551,1080,594,1182,1577,1192
552,1084,594,1182,1577,1192
553,1087,594,1182,1577,1192
554,1091,594,1182,1577,1192
555,1094,594,1182,1577,1192
556,1096,594,1182,1577,1192
558,1099,594,1182,1577,1192
560,1102,594,1182,1577,1192
561,1105,594,1182,1577,1192
563,1107,594,1182,1577,1192
564,1110,594,1182,1577,1192
565,1111,594,1182,1577,1192
566,1114,594,1182,1577,1192
568,1117,594,1182,1577,1192
570,1121,594,1182,1577,1192
571,1124,594,1182,1577,1192
572,1128,594,1182,1577,1192
575,1137,594,1182,1577,1192
576,1149,594,1182,1577,1192
576,1163,594,1182,1577,1192
576,1173,594,1182,1577,1192
577,1176,594,1182,1577,1192
577,1176,594,1182,1577,1192
577,1176,594,1182,1577,1192
577,1176,594,1182,1577,1192
578,1179,594,1182,1577,1192
580,1182,594,1182,1577,1192
583,1184,594,1182,1577,1192
586,1187,594,1182,1577,1192
587,1187,594,1182,1577,1192
587,1187,594,1182,1577,1192
590,1189,594,1182,1577,1192
591,1191,594,1182,1577,1192
591,1193,594,1182,1577,1192
592,1195,594,1182,1577,1192
593,1196,594,1182,1577,1192
593,1196,594,1182,1577,1192
593,1196,594,1182,1577,1192
593,1196,594,1182,1577,1192
593,1197,594,1182,1577,1192
594,1197,594,1182,1577,1192
595,1195,594,1182,1577,1192
596,1194,594,1182,1577,1192
597,1193,594,1182,1577,1192
598,1193,594,1182,1577,1192
598,1193,594,1182,1577,1192
598,1193,594,1182,1577,1192
598,1197,594,1182,1577,1192
598,1203,594,1182,1577,1192
601,1211,594,1182,1577,1192
606,1218,594,1182,1577,1192
609,1221,594,1182,1577,1192
610,1222,594,1182,1577,1192
610,1222,594,1182,1577,1192
610,1222,594,1182,1577,1192
610,1223,594,1182,1577,1192
617,1230,594,1182,1577,1192
632,1239,594,1182,1577,1192
642,1245,594,1182,1577,1192
645,1247,594,1182,1577,1192
647,1248,594,1182,1577,1192
650,1251,594,1182,1577,1192
653,1254,594,1182,1577,1192
655,1256,594,1182,1577,1192
661,1261,594,1182,1577,1192
665,1263,594,1182,1577,1192
671,1268,594,1182,1577,1192
680,1274,594,1182,1577,1192
687,1278,594,1182,1577,1192
696,1283,594,1182,1577,1192
709,1291,594,1182,1577,1192
728,1300,594,1182,1577,1192
746,1307,594,1182,1577,1192
770,1315,594,1182,1577,1192
790,1324,594,1182,1577,1192
800,1328,594,1182,1577,1192
805,1332,594,1182,1577,1192
810,1334,594,1182,1577,1192
817,1338,594,1182,1577,1192
828,1342,594,1182,1577,1192
840,1346,594,1182,1577,1192
851,1350,594,1182,1577,1192
870,1355,594,1182,1577,1192
890,1361,594,1182,1577,1192
905,1364,594,1182,1577,1192
920,1370,594,1182,1577,1192
929,1374,594,1182,1577,1192
936,1377,594,1182,1577,1192
945,1379,594,1182,1577,1192
957,1381,594,1182,1577,1192
966,1382,594,1182,1577,1192
978,1383,594,1182,1577,1192
990,1384,594,1182,1577,1192
999,1385,594,1182,1577,1192
1011,1386,594,1182,1577,1192
1025,1388,594,1182,1577,1192
1034,1388,594,1182,1577,1192
1045,1388,594,1182,1577,1192
1051,1388,594,1182,1577,1192
1055,1389,594,1182,1577,1192
1057,1389,594,1182,1577,1192
1059,1389,594,1182,1577,1192
1061,1388,594,1182,1577,1192
1068,1387,594,1182,1577,1192
1075,1386,594,1182,1577,1192
1082,1385,594,1182,1577,1192
1094,1383,594,1182,1577,1192
1106,1382,594,1182,1577,1192
1118,1380,594,1182,1577,1192
1129,1379,594,1182,1577,1192
1141,1377,594,1182,1577,1192
1148,1376,594,1182,1577,1192
1157,1376,594,1182,1577,1192
1166,1376,594,1182,1577,1192
1179,1376,594,1182,1577,1192
1195,1376,594,1182,1577,1192
1215,1376,594,1182,1577,1192
1229,1374,594,1182,1577,1192
1248,1372,594,1182,1577,1192
1263,1369,594,1182,1577,1192
1274,1367,594,1182,1577,1192
1281,1365,594,1182,1577,1192
1286,1364,594,1182,1577,1192
1289,1363,594,1182,1577,1192
1293,1362,594,1182,1577,1192
1298,1360,594,1182,1577,1192
1306,1357,594,1182,1577,1192
1314,1354,594,1182,1577,1192
1321,1350,594,1182,1577,1192
1327,1347,594,1182,1577,1192
1333,1344,594,1182,1577,1192
1337,1342,594,1182,1577,1192
1342,1339,594,1182,1577,1192
1347,1336,594,1182,1577,1192
1356,1331,594,1182,1577,1192
1363,1326,594,1182,1577,1192
1370,1323,594,1182,1577,1192
1376,1319,594,1182,1577,1192
1383,1315,594,1182,1577,1192
1390,1312,594,1182,1577,1192
1401,1307,594,1182,1577,1192
1409,1302,594,1182,1577,1192
1417,1299,594,1182,1577,1192
1422,1296,594,1182,1577,1192
1427,1294,594,1182,1577,1192
1433,1291,594,1182,1577,1192
1438,1288,594,1182,1577,1192
1443,1285,594,1182,1577,1192
1452,1281,594,1182,1577,1192
1457,1277,594,1182,1577,1192
1461,1274,594,1182,1577,1192
1466,1272,594,1182,1577,1192
1471,1268,594,1182,1577,1192
1478,1265,594,1182,1577,1192
1481,1262,594,1182,1577,1192
1486,1260,594,1182,1577,1192
1490,1257,594,1182,1577,1192
1490,1256,594,1182,1577,1192
1494,1254,594,1182,1577,1192
1501,1250,594,1182,1577,1192
1505,1246,594,1182,1577,1192
1510,1243,594,1182,1577,1192
1514,1241,594,1182,1577,1192
1517,1238,594,1182,1577,1192
1523,1234,594,1182,1577,1192
1527,1231,594,1182,1577,1192
1530,1228,594,1182,1577,1192
1536,1225,594,1182,1577,1192
1538,1223,594,1182,1577,1192
1541,1221,594,1182,1577,1192
1546,1217,594,1182,1577,1192
1549,1215,594,1182,1577,1192
1549,1215,594,1182,1577,1192
1549,1215,594,1182,1577,1192
1551,1215,594,1182,1577,1192
1556,1211,594,1182,1577,1192
1563,1207,594,1182,1577,1192
1569,1203,594,1182,1577,1192
1572,1201,594,1182,1577,1192
1573,1200,594,1182,1577,1192
1578,1195,594,1182,1577,1192
1582,1191,594,1182,1577,1192
1587,1186,594,1182,1577,1192
1590,1182,594,1182,1577,1192
1593,1178,594,1182,1577,1192
1597,1172,594,1182,1577,1192
1601,1166,594,1182,1577,1192
1602,1162,594,1182,1577,1192
1605,1155,594,1182,1577,1192
1607,1148,594,1182,1577,1192
1608,1143,594,1182,1577,1192
1608,1135,594,1182,1577,1192
1610,1126,594,1182,1577,1192
1610,1120,594,1182,1577,1192
1610,1111,594,1182,1577,1192
1610,1101,594,1182,1577,1192
1610,1093,594,1182,1577,1192
1610,1081,594,1182,1577,1192
1610,1069,594,1182,1577,1192
1610,1059,594,1182,1577,1192
1609,1045,594,1182,1577,1192
1608,1030,594,1182,1577,1192
1607,1019,594,1182,1577,1192
1605,1005,594,1182,1577,1192
1604,992,594,1182,1577,1192
1602,983,594,1182,1577,1192
1599,972,594,1182,1577,1192
1596,960,594,1182,1577,1192
1595,953,594,1182,1577,1192
1592,942,594,1182,1577,1192
1590,932,594,1182,1577,1192
1589,924,594,1182,1577,1192
1585,913,594,1182,1577,1192
1583,902,594,1182,1577,1192
1580,890,594,1182,1577,1192
1577,880,594,1182,1577,1192
1573,868,594,1182,1577,1192
1569,856,594,1182,1577,1192
1566,847,594,1182,1577,1192
1563,835,594,1182,1577,1192
1560,826,594,1182,1577,1192
1555,814,594,1182,1577,1192
1551,801,594,1182,1577,1192
1547,792,594,1182,1577,1192
1542,778,594,1182,1577,1192
1538,771,594,1182,1577,1192
1534,760,594,1182,1577,1192
1530,752,594,1182,1577,1192
1527,745,594,1182,1577,1192
1523,737,594,1182,1577,1192
1517,729,594,1182,1577,1192
1513,722,594,1182,1577,1192
1506,710,594,1182,1577,1192
1498,698,594,1182,1577,1192
1491,687,594,1182,1577,1192
1487,680,594,1182,1577,1192
1481,672,594,1182,1577,1192
1477,665,594,1182,1577,1192
1472,659,594,1182,1577,1192
1468,652,594,1182,1577,1192
1464,648,594,1182,1577,1192
1458,641,594,1182,1577,1192
1452,635,594,1182,1577,1192
1445,629,594,1182,1577,1192
1439,623,594,1182,1577,1192
1432,616,594,1182,1577,1192
1426,609,594,1182,1577,1192
1421,605,594,1182,1577,1192
1415,599,594,1182,1577,1192
1410,594,594,1182,1577,1192
1404,589,594,1182,1577,1192
1398,585,594,1182,1577,1192
1390,579,594,1182,1577,1192
1386,575,594,1182,1577,1192
1380,571,594,1182,1577,1192
1376,568,594,1182,1577,1192
1374,566,594,1182,1577,1192
1371,563,594,1182,1577,1192
1367,560,594,1182,1577,1192
1363,557,594,1182,1577,1192
1357,552,594,1182,1577,1192
1349,547,594,1182,1577,1192
1343,544,594,1182,1577,1192
1334,538,594,1182,1577,1192
1325,533,594,1182,1577,1192
1315,527,594,1182,1577,1192
1309,523,594,1182,1577,1192
1301,519,594,1182,1577,1192
1296,515,594,1182,1577,1192
1289,511,594,1182,1577,1192
1283,506,594,1182,1577,1192
1275,502,594,1182,1577,1192
1271,499,594,1182,1577,1192
1264,496,594,1182,1577,1192
1258,492,594,1182,1577,1192
1253,488,594,1182,1577,1192
1245,483,594,1182,1577,1192
1237,479,594,1182,1577,1192
1234,476,594,1182,1577,1192
1228,471,594,1182,1577,1192
1221,467,594,1182,1577,1192
1217,464,594,1182,1577,1192
1210,459,594,1182,1577,1192
1203,455,594,1182,1577,1192
1197,450,594,1182,1577,1192
1192,446,594,1182,1577,1192
1185,441,594,1182,1577,1192
1180,438,594,1182,1577,1192
1173,432,594,1182,1577,1192
1167,428,594,1182,1577,1192
1161,422,594,1182,1577,1192
1157,419,594,1182,1577,1192
1153,416,594,1182,1577,1192
1150,413,594,1182,1577,1192
1146,410,594,1182,1577,1192
1141,405,594,1182,1577,1192
1135,400,594,1182,1577,1192
1130,396,594,1182,1577,1192
1125,392,594,1182,1577,1192
1120,389,594,1182,1577,1192
1116,386,594,1182,1577,1192
1110,383,594,1182,1577,1192
1106,382,594,1182,1577,1192
1102,381,594,1182,1577,1192
1098,380,594,1182,1577,1192
1092,378,594,1182,1577,1192
1087,377,594,1182,1577,1192
1082,377,594,1182,1577,1192
1078,377,594,1182,1577,1192
1074,377,594,1182,1577,1192
1069,376,594,1182,1577,1192
1065,375,594,1182,1577,1192
1061,376,594,1182,1577,1192
1060,375,594,1182,1577,1192
1060,375,594,1182,1577,1192
1060,375,594,1182,1577,1192
1060,375,594,1182,1577,1192
1060,375,594,1182,1577,1192
1060,375,594,1182,1577,1192
