888,374,668,1129,1333,893
888,374,668,1129,1333,893
888,374,668,1129,1333,893
888,374,668,1129,1333,893
888,374,668,1129,1333,893
888,374,668,1129,1333,893
882,375,668,1129,1333,893
873,379,668,1129,1333,893
858,389,668,1129,1333,893
843,398,668,1129,1333,893
836,404,668,1129,1333,893
823,413,668,1129,1333,893
816,421,668,1129,1333,893
806,428,668,1129,1333,893
800,434,668,1129,1333,893
794,440,668,1129,1333,893
788,446,668,1129,1333,893
780,453,668,1129,1333,893
772,462,668,1129,1333,893
768,467,668,1129,1333,893
764,473,668,1129,1333,893
756,480,668,1129,1333,893
750,485,668,1129,1333,893
744,491,668,1129,1333,893
739,496,668,1129,1333,893
735,502,668,1129,1333,893
728,510,668,1129,1333,893
721,517,668,1129,1333,893
716,523,668,1129,1333,893
710,529,668,1129,1333,893
706,534,668,1129,1333,893
699,543,668,1129,1333,893
693,551,668,1129,1333,893
685,560,668,1129,1333,893
678,570,668,1129,1333,893
672,577,668,1129,1333,893
663,587,668,1129,1333,893
658,593,668,1129,1333,893
651,602,668,1129,1333,893
647,607,668,1129,1333,893
641,615,668,1129,1333,893
638,619,668,1129,1333,893
635,623,668,1129,1333,893
631,628,668,1129,1333,893
627,634,668,1129,1333,893
620,642,668,1129,1333,893
616,648,668,1129,1333,893
612,654,668,1129,1333,893
608,661,668,1129,1333,893
605,666,668,1129,1333,893
601,673,668,1129,1333,893
597,678,668,1129,1333,893
594,685,668,1129,1333,893
590,690,668,1129,1333,893
585,700,668,1129,1333,893
583,705,668,1129,1333,893
579,712,668,1129,1333,893
577,717,668,1129,1333,893
573,724,668,1129,1333,893
570,730,668,1129,1333,893
567,735,668,1129,1333,893
565,739,668,1129,1333,893
562,744,668,1129,1333,893
558,752,668,1129,1333,893
556,757,668,1129,1333,893
551,766,668,1129,1333,893
547,774,668,1129,1333,893
546,778,668,1129,1333,893
542,786,668,1129,1333,893
540,790,668,1129,1333,893
539,796,668,1129,1333,893
537,799,668,1129,1333,893
536,802,668,1129,1333,893
535,804,668,1129,1333,893
534,808,668,1129,1333,893
531,813,668,1129,1333,893
530,816,668,1129,1333,893
527,822,668,1129,1333,893
526,826,668,1129,1333,893
524,832,668,1129,1333,893
523,836,668,1129,1333,893
521,841,668,1129,1333,893
520,844,668,1129,1333,893
520,846,668,1129,1333,893
520,849,668,1129,1333,893
518,852,668,1129,1333,893
518,855,668,1129,1333,893
518,859,668,1129,1333,893
518,865,668,1129,1333,893
518,871,668,1129,1333,893
518,877,668,1129,1333,893
518,884,668,1129,1333,893
518,891,668,1129,1333,893
519,900,668,1129,1333,893
520,903,668,1129,1333,893
520,907,668,1129,1333,893
521,910,668,1129,1333,893
522,916,668,1129,1333,893
522,920,668,1129,1333,893
523,924,668,1129,1333,893
524,928,668,1129,1333,893
525,933,668,1129,1333,893
525,938,668,1129,1333,893
526,940,668,1129,1333,893
526,944,668,1129,1333,893
527,948,668,1129,1333,893
529,954,668,1129,1333,893
530,957,668,1129,1333,893
531,959,668,1129,1333,893
533,962,668,1129,1333,893
535,966,668,1129,1333,893
537,969,668,1129,1333,893
540,973,668,1129,1333,893
542,978,668,1129,1333,893
545,984,668,1129,1333,893
547,989,668,1129,1333,893
548,993,668,1129,1333,893
550,997,668,1129,1333,893
550,997,668,1129,1333,893
550,997,668,1129,1333,893
550,997,668,1129,1333,893
551,998,668,1129,1333,893
554,1007,668,1129,1333,893
556,1013,668,1129,1333,893
557,1017,668,1129,1333,893
558,1023,668,1129,1333,893
560,1029,668,1129,1333,893
563,1036,668,1129,1333,893
566,1044,668,1129,1333,893
569,1051,668,1129,1333,893
572,1056,668,1129,1333,893
573,1057,668,1129,1333,893
574,1059,668,1129,1333,893
577,1062,668,1129,1333,893
581,1066,668,1129,1333,893
583,1069,668,1129,1333,893
585,1072,668,1129,1333,893
588,1077,668,1129,1333,893
591,1081,668,1129,1333,893
596,1087,668,1129,1333,893
599,1092,668,1129,1333,893
602,1098,668,1129,1333,893
605,1102,668,1129,1333,893
608,1107,668,1129,1333,893
610,1112,668,1129,1333,893
612,1114,668,1129,1333,893
612,1114,668,1129,1333,893
612,1114,668,1129,1333,893
612,1114,668,1129,1333,893
619,1117,668,1129,1333,893
626,1121,668,1129,1333,893
635,1125,668,1129,1333,893
638,1126,668,1129,1333,893
640,1127,668,1129,1333,893
643,1128,668,1129,1333,893
647,1130,668,1129,1333,893
655,1133,668,1129,1333,893
660,1135,668,1129,1333,893
664,1137,668,1129,1333,893
667,1138,668,1129,1333,893
670,1138,668,1129,1333,893
676,1140,668,1129,1333,893
689,1142,668,1129,1333,893
697,1142,668,1129,1333,893
703,1142,668,1129,1333,893
712,1142,668,1129,1333,893
721,1142,668,1129,1333,893
729,1142,668,1129,1333,893
735,1142,668,1129,1333,893
746,1141,668,1129,1333,893
755,1140,668,1129,1333,893
766,1138,668,1129,1333,893
776,1136,668,1129,1333,893
785,1136,668,1129,1333,893
794,1134,668,1129,1333,893
803,1133,668,1129,1333,893
815,1130,668,1129,1333,893
821,1128,668,1129,1333,893
830,1125,668,1129,1333,893
841,1121,668,1129,1333,893
849,1118,668,1129,1333,893
857,1116,668,1129,1333,893
865,1114,668,1129,1333,893
877,1112,668,1129,1333,893
884,1111,668,1129,1333,893
894,1109,668,1129,1333,893
905,1106,668,1129,1333,893
912,1104,668,1129,1333,893
917,1103,668,1129,1333,893
926,1102,668,1129,1333,893
934,1101,668,1129,1333,893
940,1099,668,1129,1333,893
947,1096,668,1129,1333,893
953,1094,668,1129,1333,893
963,1089,668,1129,1333,893
969,1086,668,1129,1333,893
977,1083,668,1129,1333,893
983,1081,668,1129,1333,893
990,1079,668,1129,1333,893
998,1073,668,1129,1333,893
1005,1070,668,1129,1333,893
1013,1066,668,1129,1333,893
1023,1064,668,1129,1333,893
1028,1061,668,1129,1333,893
1036,1056,668,1129,1333,893
1042,1052,668,1129,1333,893
1048,1049,668,1129,1333,893
1051,1046,668,1129,1333,893
1057,1043,668,1129,1333,893
1061,1041,668,1129,1333,893
1067,1038,668,1129,1333,893
1074,1037,668,1129,1333,893
1082,1034,668,1129,1333,893
1089,1032,668,1129,1333,893
1095,1030,668,1129,1333,893
1103,1028,668,1129,1333,893
1108,1027,668,1129,1333,893
1117,1024,668,1129,1333,893
1123,1021,668,1129,1333,893
1129,1018,668,1129,1333,893
1137,1014,668,1129,1333,893
1143,1012,668,1129,1333,893
1149,1009,668,1129,1333,893
1154,1007,668,1129,1333,893
1161,1004,668,1129,1333,893
1167,1002,668,1129,1333,893
1176,998,668,1129,1333,893
1182,996,668,1129,1333,893
1186,994,668,1129,1333,893
1193,991,668,1129,1333,893
1198,988,668,1129,1333,893
1203,985,668,1129,1333,893
1206,983,668,1129,1333,893
1213,979,668,1129,1333,893
1218,976,668,1129,1333,893
1221,975,668,1129,1333,893
1224,973,668,1129,1333,893
1228,970,668,1129,1333,893
1232,968,668,1129,1333,893
1235,966,668,1129,1333,893
1239,964,668,1129,1333,893
1244,960,668,1129,1333,893
1248,957,668,1129,1333,893
1252,953,668,1129,1333,893
1255,950,668,1129,1333,893
1259,945,668,1129,1333,893
1262,942,668,1129,1333,893
1265,938,668,1129,1333,893
1267,934,668,1129,1333,893
1270,930,668,1129,1333,893
1271,929,668,1129,1333,893
1273,927,668,1129,1333,893
1275,926,668,1129,1333,893
1278,924,668,1129,1333,893
1283,923,668,1129,1333,893
1286,922,668,1129,1333,893
1288,920,668,1129,1333,893
1292,919,668,1129,1333,893
1301,916,668,1129,1333,893
1306,915,668,1129,1333,893
1307,914,668,1129,1333,893
1312,911,668,1129,1333,893
1316,909,668,1129,1333,893
1319,907,668,1129,1333,893
1321,906,668,1129,1333,893
1325,903,668,1129,1333,893
1329,901,668,1129,1333,893
1332,900,668,1129,1333,893
1334,898,668,1129,1333,893
1336,896,668,1129,1333,893
1339,893,668,1129,1333,893
1343,890,668,1129,1333,893
1347,887,668,1129,1333,893
1350,884,668,1129,1333,893
1351,881,668,1129,1333,893
1354,876,668,1129,1333,893
1356,871,668,1129,1333,893
1359,865,668,1129,1333,893
1362,860,668,1129,1333,893
1364,853,668,1129,1333,893
1368,844,668,1129,1333,893
1370,837,668,1129,1333,893
1372,829,668,1129,1333,893
1373,823,668,1129,1333,893
1374,815,668,1129,1333,893
1374,808,668,1129,1333,893
1375,797,668,1129,1333,893
1377,789,668,1129,1333,893
1378,778,668,1129,1333,893
1378,771,668,1129,1333,893
1378,761,668,1129,1333,893
1378,752,668,1129,1333,893
1377,745,668,1129,1333,893
1376,735,668,1129,1333,893
1375,725,668,1129,1333,893
1374,716,668,1129,1333,893
1373,710,668,1129,1333,893
1372,701,668,1129,1333,893
1370,694,668,1129,1333,893
1367,685,668,1129,1333,893
1365,678,668,1129,1333,893
1361,667,668,1129,1333,893
1359,659,668,1129,1333,893
1355,648,668,1129,1333,893
1352,641,668,1129,1333,893
1348,632,668,1129,1333,893
1345,624,668,1129,1333,893
1342,619,668,1129,1333,893
1338,611,668,1129,1333,893
1335,605,668,1129,1333,893
1331,597,668,1129,1333,893
1329,591,668,1129,1333,893
1325,583,668,1129,1333,893
1320,576,668,1129,1333,893
1317,570,668,1129,1333,893
1312,561,668,1129,1333,893
1308,556,668,1129,1333,893
1304,551,668,1129,1333,893
1302,548,668,1129,1333,893
1296,542,668,1129,1333,893
1291,537,668,1129,1333,893
1283,527,668,1129,1333,893
1274,518,668,1129,1333,893
1267,512,668,1129,1333,893
1259,503,668,1129,1333,893
1254,497,668,1129,1333,893
1248,492,668,1129,1333,893
1245,489,668,1129,1333,893
1237,483,668,1129,1333,893
1230,478,668,1129,1333,893
1225,474,668,1129,1333,893
1217,468,668,1129,1333,893
1211,463,668,1129,1333,893
1202,457,668,1129,1333,893
1196,452,668,1129,1333,893
1191,448,668,1129,1333,893
1185,445,668,1129,1333,893
1179,441,668,1129,1333,893
1171,436,668,1129,1333,893
1165,432,668,1129,1333,893
1156,426,668,1129,1333,893
1149,423,668,1129,1333,893
1143,419,668,1129,1333,893
1133,414,668,1129,1333,893
1128,410,668,1129,1333,893
1123,407,668,1129,1333,893
1119,405,668,1129,1333,893
1114,402,668,1129,1333,893
1110,400,668,1129,1333,893
1106,398,668,1129,1333,893
1102,395,668,1129,1333,893
1099,393,668,1129,1333,893
1093,390,668,1129,1333,893
1089,388,668,1129,1333,893
1086,386,668,1129,1333,893
1083,385,668,1129,1333,893
1079,384,668,1129,1333,893
1076,384,668,1129,1333,893
1074,383,668,1129,1333,893
1070,382,668,1129,1333,893
1067,381,668,1129,1333,893
1065,380,668,1129,1333,893
1063,380,668,1129,1333,893
1060,379,668,1129,1333,893
1057,379,668,1129,1333,893
1057,379,668,1129,1333,893
1057,379,668,1129,1333,893
1057,379,668,1129,1333,893
1057,379,668,1129,1333,893
1057,379,668,1129,1333,893
1057,378,668,1129,1333,893
1057,378,668,1129,1333,893
