886,364,656,1063,1391,1117
886,364,656,1063,1391,1117
886,364,656,1063,1391,1117
886,364,656,1063,1391,1117
886,364,656,1063,1391,1117
886,364,656,1063,1391,1117
886,364,656,1063,1391,1117
886,364,656,1063,1391,1117
886,364,656,1063,1391,1117
884,367,656,1063,1391,1117
880,369,656,1063,1391,1117
877,371,656,1063,1391,1117
873,373,656,1063,1391,1117
869,375,656,1063,1391,1117
866,377,656,1063,1391,1117
859,380,656,1063,1391,1117
851,383,656,1063,1391,1117
847,385,656,1063,1391,1117
842,388,656,1063,1391,1117
836,392,656,1063,1391,1117
829,396,656,1063,1391,1117
825,398,656,1063,1391,1117
819,402,656,1063,1391,1117
813,405,656,1063,1391,1117
807,409,656,1063,1391,1117
802,413,656,1063,1391,1117
797,416,656,1063,1391,1117
790,420,656,1063,1391,1117
784,423,656,1063,1391,1117
778,427,656,1063,1391,1117
773,430,656,1063,1391,1117
767,434,656,1063,1391,1117
760,439,656,1063,1391,1117
754,443,656,1063,1391,1117
747,447,656,1063,1391,1117
743,449,656,1063,1391,1117
738,454,656,1063,1391,1117
731,458,656,1063,1391,1117
724,464,656,1063,1391,1117
718,468,656,1063,1391,1117
708,474,656,1063,1391,1117
701,480,656,1063,1391,1117
693,486,656,1063,1391,1117
687,491,656,1063,1391,1117
682,496,656,1063,1391,1117
677,500,656,1063,1391,1117
671,505,656,1063,1391,1117
668,509,656,1063,1391,1117
665,511,656,1063,1391,1117
661,515,656,1063,1391,1117
657,520,656,1063,1391,1117
654,524,656,1063,1391,1117
650,530,656,1063,1391,1117
645,536,656,1063,1391,1117
643,541,656,1063,1391,1117
637,549,656,1063,1391,1117
631,557,656,1063,1391,1117
629,562,656,1063,1391,1117
626,566,656,1063,1391,1117
623,572,656,1063,1391,1117
620,577,656,1063,1391,1117
616,584,656,1063,1391,1117
612,592,656,1063,1391,1117
609,597,656,1063,1391,1117
605,605,656,1063,1391,1117
602,612,656,1063,1391,1117
597,621,656,1063,1391,1117
595,627,656,1063,1391,1117
591,635,656,1063,1391,1117
588,641,656,1063,1391,1117
585,650,656,1063,1391,1117
582,659,656,1063,1391,1117
580,670,656,1063,1391,1117
578,680,656,1063,1391,1117
577,689,656,1063,1391,1117
576,697,656,1063,1391,1117
576,704,656,1063,1391,1117
576,712,656,1063,1391,1117
576,720,656,1063,1391,1117
576,728,656,1063,1391,1117
576,734,656,1063,1391,1117
576,741,656,1063,1391,1117
576,749,656,1063,1391,1117
576,754,656,1063,1391,1117
576,759,656,1063,1391,1117
576,765,656,1063,1391,1117
575,770,656,1063,1391,1117
575,775,656,1063,1391,1117
575,779,656,1063,1391,1117
574,783,656,1063,1391,1117
574,789,656,1063,1391,1117
574,796,656,1063,1391,1117
575,802,656,1063,1391,1117
576,808,656,1063,1391,1117
576,812,656,1063,1391,1117
577,818,656,1063,1391,1117
578,824,656,1063,1391,1117
579,829,656,1063,1391,1117
579,833,656,1063,1391,1117
581,840,656,1063,1391,1117
582,845,656,1063,1391,1117
582,850,656,1063,1391,1117
583,857,656,1063,1391,1117
584,862,656,1063,1391,1117
584,865,656,1063,1391,1117
585,873,656,1063,1391,1117
585,884,656,1063,1391,1117
586,890,656,1063,1391,1117
588,898,656,1063,1391,1117
588,904,656,1063,1391,1117
588,911,656,1063,1391,1117
590,919,656,1063,1391,1117
590,926,656,1063,1391,1117
590,933,656,1063,1391,1117
590,945,656,1063,1391,1117
592,955,656,1063,1391,1117
594,964,656,1063,1391,1117
596,971,656,1063,1391,1117
597,978,656,1063,1391,1117
598,983,656,1063,1391,1117
600,988,656,1063,1391,1117
601,993,656,1063,1391,1117
603,998,656,1063,1391,1117
605,1001,656,1063,1391,1117
607,1004,656,1063,1391,1117
610,1008,656,1063,1391,1117
613,1012,656,1063,1391,1117
617,1016,656,1063,1391,1117
620,1019,656,1063,1391,1117
624,1023,656,1063,1391,1117
628,1026,656,1063,1391,1117
630,1028,656,1063,1391,1117
632,1029,656,1063,1391,1117
635,1031,656,1063,1391,1117
637,1032,656,1063,1391,1117
639,1033,656,1063,1391,1117
640,1035,656,1063,1391,1117
642,1036,656,1063,1391,1117
643,1037,656,1063,1391,1117
644,1039,656,1063,1391,1117
645,1040,656,1063,1391,1117
645,1042,656,1063,1391,1117
646,1045,656,1063,1391,1117
647,1048,656,1063,1391,1117
647,1050,656,1063,1391,1117
648,1053,656,1063,1391,1117
649,1055,656,1063,1391,1117
650,1057,656,1063,1391,1117
652,1060,656,1063,1391,1117
654,1062,656,1063,1391,1117
654,1063,656,1063,1391,1117
656,1066,656,1063,1391,1117
657,1068,656,1063,1391,1117
659,1070,656,1063,1391,1117
661,1072,656,1063,1391,1117
662,1073,656,1063,1391,1117
664,1073,656,1063,1391,1117
666,1075,656,1063,1391,1117
667,1077,656,1063,1391,1117
668,1078,656,1063,1391,1117
670,1079,656,1063,1391,1117
672,1081,656,1063,1391,1117
673,1082,656,1063,1391,1117
673,1084,656,1063,1391,1117
674,1084,656,1063,1391,1117
674,1085,656,1063,1391,1117
674,1086,656,1063,1391,1117
675,1088,656,1063,1391,1117
677,1091,656,1063,1391,1117
677,1095,656,1063,1391,1117
680,1098,656,1063,1391,1117
683,1103,656,1063,1391,1117
686,1107,656,1063,1391,1117
690,1113,656,1063,1391,1117
693,1117,656,1063,1391,1117
696,1121,656,1063,1391,1117
698,1125,656,1063,1391,1117
702,1131,656,1063,1391,1117
706,1135,656,1063,1391,1117
710,1140,656,1063,1391,1117
714,1143,656,1063,1391,1117
718,1146,656,1063,1391,1117
724,1151,656,1063,1391,1117
730,1155,656,1063,1391,1117
737,1159,656,1063,1391,1117
746,1163,656,1063,1391,1117
754,1168,656,1063,1391,1117
759,1170,656,1063,1391,1117
765,1173,656,1063,1391,1117
769,1176,656,1063,1391,1117
775,1178,656,1063,1391,1117
787,1184,656,1063,1391,1117
796,1187,656,1063,1391,1117
799,1188,656,1063,1391,1117
806,1191,656,1063,1391,1117
817,1195,656,1063,1391,1117
823,1198,656,1063,1391,1117
830,1200,656,1063,1391,1117
838,1203,656,1063,1391,1117
851,1206,656,1063,1391,1117
864,1210,656,1063,1391,1117
876,1212,656,1063,1391,1117
897,1217,656,1063,1391,1117
913,1221,656,1063,1391,1117
925,1223,656,1063,1391,1117
937,1226,656,1063,1391,1117
946,1228,656,1063,1391,1117
957,1229,656,1063,1391,1117
966,1230,656,1063,1391,1117
976,1231,656,1063,1391,1117
985,1233,656,1063,1391,1117
993,1234,656,1063,1391,1117
1009,1236,656,1063,1391,1117
1018,1236,656,1063,1391,1117
1027,1236,656,1063,1391,1117
1038,1236,656,1063,1391,1117
1049,1238,656,1063,1391,1117
1057,1238,656,1063,1391,1117
1064,1239,656,1063,1391,1117
1071,1239,656,1063,1391,1117
1081,1239,656,1063,1391,1117
1090,1239,656,1063,1391,1117
1097,1239,656,1063,1391,1117
1106,1239,656,1063,1391,1117
1111,1238,656,1063,1391,1117
1116,1238,656,1063,1391,1117
1128,1238,656,1063,1391,1117
1138,1237,656,1063,1391,1117
1150,1237,656,1063,1391,1117
1159,1237,656,1063,1391,1117
1173,1235,656,1063,1391,1117
1182,1234,656,1063,1391,1117
1190,1233,656,1063,1391,1117
1199,1231,656,1063,1391,1117
1207,1230,656,1063,1391,1117
1215,1228,656,1063,1391,1117
1229,1225,656,1063,1391,1117
1239,1223,656,1063,1391,1117
1247,1220,656,1063,1391,1117
1256,1218,656,1063,1391,1117
1262,1216,656,1063,1391,1117
1268,1214,656,1063,1391,1117
1273,1212,656,1063,1391,1117
1280,1209,656,1063,1391,1117
1285,1207,656,1063,1391,1117
1290,1205,656,1063,1391,1117
1298,1201,656,1063,1391,1117
1303,1199,656,1063,1391,1117
1306,1196,656,1063,1391,1117
1311,1193,656,1063,1391,1117
1316,1190,656,1063,1391,1117
1320,1187,656,1063,1391,1117
1326,1183,656,1063,1391,1117
1332,1179,656,1063,1391,1117
1336,1177,656,1063,1391,1117
1341,1173,656,1063,1391,1117
1344,1171,656,1063,1391,1117
1349,1168,656,1063,1391,1117
1353,1165,656,1063,1391,1117
1357,1162,656,1063,1391,1117
1361,1159,656,1063,1391,1117
1365,1156,656,1063,1391,1117
1369,1153,656,1063,1391,1117
1373,1150,656,1063,1391,1117
1375,1147,656,1063,1391,1117
1377,1145,656,1063,1391,1117
1380,1140,656,1063,1391,1117
1384,1137,656,1063,1391,1117
1386,1135,656,1063,1391,1117
1389,1130,656,1063,1391,1117
1392,1127,656,1063,1391,1117
1394,1124,656,1063,1391,1117
1397,1120,656,1063,1391,1117
1400,1114,656,1063,1391,1117
1403,1111,656,1063,1391,1117
1406,1104,656,1063,1391,1117
1408,1098,656,1063,1391,1117
1411,1090,656,1063,1391,1117
1413,1084,656,1063,1391,1117
1416,1076,656,1063,1391,1117
1417,1069,656,1063,1391,1117
1418,1063,656,1063,1391,1117
1421,1055,656,1063,1391,1117
1424,1044,656,1063,1391,1117
1425,1035,656,1063,1391,1117
1426,1025,656,1063,1391,1117
1428,1015,656,1063,1391,1117
1430,1005,656,1063,1391,1117
1431,998,656,1063,1391,1117
1432,990,656,1063,1391,1117
1432,982,656,1063,1391,1117
1433,976,656,1063,1391,1117
1433,966,656,1063,1391,1117
1433,956,656,1063,1391,1117
1433,948,656,1063,1391,1117
1433,938,656,1063,1391,1117
1432,927,656,1063,1391,1117
1432,919,656,1063,1391,1117
1432,907,656,1063,1391,1117
1431,895,656,1063,1391,1117
1431,886,656,1063,1391,1117
1430,874,656,1063,1391,1117
1429,864,656,1063,1391,1117
1428,854,656,1063,1391,1117
1427,847,656,1063,1391,1117
1426,837,656,1063,1391,1117
1424,827,656,1063,1391,1117
1422,820,656,1063,1391,1117
1418,809,656,1063,1391,1117
1415,798,656,1063,1391,1117
1411,789,656,1063,1391,1117
1409,781,656,1063,1391,1117
1406,772,656,1063,1391,1117
1403,763,656,1063,1391,1117
1400,756,656,1063,1391,1117
1397,747,656,1063,1391,1117
1394,739,656,1063,1391,1117
1392,732,656,1063,1391,1117
1389,723,656,1063,1391,1117
1384,714,656,1063,1391,1117
1381,707,656,1063,1391,1117
1376,698,656,1063,1391,1117
1372,689,656,1063,1391,1117
1366,681,656,1063,1391,1117
1361,673,656,1063,1391,1117
1355,664,656,1063,1391,1117
1348,654,656,1063,1391,1117
1343,646,656,1063,1391,1117
1337,637,656,1063,1391,1117
1331,629,656,1063,1391,1117
1326,622,656,1063,1391,1117
1320,614,656,1063,1391,1117
1314,606,656,1063,1391,1117
1310,598,656,1063,1391,1117
1306,593,656,1063,1391,1117
1302,586,656,1063,1391,1117
1297,578,656,1063,1391,1117
1293,572,656,1063,1391,1117
1288,565,656,1063,1391,1117
1284,558,656,1063,1391,1117
1279,552,656,1063,1391,1117
1274,546,656,1063,1391,1117
1269,541,656,1063,1391,1117
1263,535,656,1063,1391,1117
1259,531,656,1063,1391,1117
1252,525,656,1063,1391,1117
1247,518,656,1063,1391,1117
1242,514,656,1063,1391,1117
1236,509,656,1063,1391,1117
1230,504,656,1063,1391,1117
1227,500,656,1063,1391,1117
1221,494,656,1063,1391,1117
1214,489,656,1063,1391,1117
1208,484,656,1063,1391,1117
1204,480,656,1063,1391,1117
1197,473,656,1063,1391,1117
1192,468,656,1063,1391,1117
1190,465,656,1063,1391,1117
1184,460,656,1063,1391,1117
1182,458,656,1063,1391,1117
1182,458,656,1063,1391,1117
1182,458,656,1063,1391,1117
1182,458,656,1063,1391,1117
1182,458,656,1063,1391,1117
1182,458,656,1063,1391,1117
1182,457,656,1063,1391,1117
1165,444,656,1063,1391,1117
1155,437,656,1063,1391,1117
1143,428,656,1063,1391,1117
1137,422,656,1063,1391,1117
1133,419,656,1063,1391,1117
1128,414,656,1063,1391,1117
1125,411,656,1063,1391,1117
1122,409,656,1063,1391,1117
1117,405,656,1063,1391,1117
1111,401,656,1063,1391,1117
1106,397,656,1063,1391,1117
1099,391,656,1063,1391,1117
1093,387,656,1063,1391,1117
1088,384,656,1063,1391,1117
1085,382,656,1063,1391,1117
1081,379,656,1063,1391,1117
1077,378,656,1063,1391,1117
1075,377,656,1063,1391,1117
1071,375,656,1063,1391,1117
1069,374,656,1063,1391,1117
1066,373,656,1063,1391,1117
1063,373,656,1063,1391,1117
1059,372,656,1063,1391,1117
1058,372,656,1063,1391,1117
1058,372,656,1063,1391,1117
1058,372,656,1063,1391,1117
1058,372,656,1063,1391,1117
1058,371,656,1063,1391,1117
1058,371,656,1063,1391,1117
1058,371,656,1063,1391,1117
