892,369,537,887,1700,973
892,369,537,887,1700,973
892,369,537,887,1700,973
892,369,537,887,1700,973
892,369,537,887,1700,973
892,369,537,887,1700,973
892,369,537,887,1700,973
892,369,537,887,1700,973
891,370,537,887,1700,973
876,378,537,887,1700,973
858,386,537,887,1700,973
848,391,537,887,1700,973
842,394,537,887,1700,973
835,398,537,887,1700,973
824,403,537,887,1700,973
815,409,537,887,1700,973
805,414,537,887,1700,973
799,418,537,887,1700,973
794,421,537,887,1700,973
785,427,537,887,1700,973
780,431,537,887,1700,973
775,435,537,887,1700,973
769,440,537,887,1700,973
763,445,537,887,1700,973
755,450,537,887,1700,973
748,456,537,887,1700,973
744,460,537,887,1700,973
736,466,537,887,1700,973
727,473,537,887,1700,973
721,478,537,887,1700,973
713,484,537,887,1700,973
707,488,537,887,1700,973
701,493,537,887,1700,973
695,497,537,887,1700,973
690,502,537,887,1700,973
682,509,537,887,1700,973
675,515,537,887,1700,973
670,520,537,887,1700,973
664,525,537,887,1700,973
658,531,537,887,1700,973
654,536,537,887,1700,973
648,542,537,887,1700,973
641,551,537,887,1700,973
636,558,537,887,1700,973
630,566,537,887,1700,973
623,574,537,887,1700,973
618,579,537,887,1700,973
613,586,537,887,1700,973
609,591,537,887,1700,973
606,596,537,887,1700,973
601,601,537,887,1700,973
599,605,537,887,1700,973
595,611,537,887,1700,973
590,618,537,887,1700,973
585,625,537,887,1700,973
578,634,537,887,1700,973
573,642,537,887,1700,973
570,647,537,887,1700,973
564,654,537,887,1700,973
559,659,537,887,1700,973
556,663,537,887,1700,973
551,669,537,887,1700,973
548,674,537,887,1700,973
545,678,537,887,1700,973
541,684,537,887,1700,973
537,692,537,887,1700,973
534,698,537,887,1700,973
532,702,537,887,1700,973
528,710,537,887,1700,973
524,716,537,887,1700,973
523,722,537,887,1700,973
520,729,537,887,1700,973
518,737,537,887,1700,973
516,743,537,887,1700,973
514,748,537,887,1700,973
512,754,537,887,1700,973
511,759,537,887,1700,973
509,766,537,887,1700,973
507,774,537,887,1700,973
507,780,537,887,1700,973
506,786,537,887,1700,973
504,793,537,887,1700,973
503,802,537,887,1700,973
503,807,537,887,1700,973
503,813,537,887,1700,973
502,820,537,887,1700,973
503,826,537,887,1700,973
504,832,537,887,1700,973
505,838,537,887,1700,973
506,843,537,887,1700,973
509,848,537,887,1700,973
511,852,537,887,1700,973
513,855,537,887,1700,973
515,859,537,887,1700,973
519,863,537,887,1700,973
521,866,537,887,1700,973
524,870,537,887,1700,973
526,874,537,887,1700,973
527,878,537,887,1700,973
530,883,537,887,1700,973
533,888,537,887,1700,973
536,894,537,887,1700,973
538,898,537,887,1700,973
543,903,537,887,1700,973
549,911,537,887,1700,973
554,917,537,887,1700,973
558,922,537,887,1700,973
565,927,537,887,1700,973
575,935,537,887,1700,973
585,941,537,887,1700,973
593,946,537,887,1700,973
599,950,537,887,1700,973
606,955,537,887,1700,973
611,959,537,887,1700,973
623,967,537,887,1700,973
635,975,537,887,1700,973
644,979,537,887,1700,973
653,986,537,887,1700,973
666,994,537,887,1700,973
685,1006,537,887,1700,973
702,1018,537,887,1700,973
713,1026,537,887,1700,973
725,1033,537,887,1700,973
735,1039,537,887,1700,973
747,1046,537,887,1700,973
756,1051,537,887,1700,973
769,1057,537,887,1700,973
783,1063,537,887,1700,973
792,1067,537,887,1700,973
801,1071,537,887,1700,973
813,1075,537,887,1700,973
823,1079,537,887,1700,973
836,1084,537,887,1700,973
846,1087,537,887,1700,973
853,1090,537,887,1700,973
862,1093,537,887,1700,973
873,1098,537,887,1700,973
882,1101,537,887,1700,973
895,1106,537,887,1700,973
908,1110,537,887,1700,973
924,1113,537,887,1700,973
932,1115,537,887,1700,973
946,1117,537,887,1700,973
963,1120,537,887,1700,973
974,1122,537,887,1700,973
991,1125,537,887,1700,973
1004,1128,537,887,1700,973
1016,1129,537,887,1700,973
1028,1131,537,887,1700,973
1042,1132,537,887,1700,973
1052,1134,537,887,1700,973
1065,1136,537,887,1700,973
1078,1137,537,887,1700,973
1088,1138,537,887,1700,973
1098,1139,537,887,1700,973
1110,1140,537,887,1700,973
1119,1140,537,887,1700,973
1132,1141,537,887,1700,973
1142,1142,537,887,1700,973
1151,1142,537,887,1700,973
1169,1142,537,887,1700,973
1178,1142,537,887,1700,973
1190,1142,537,887,1700,973
1204,1142,537,887,1700,973
1213,1142,537,887,1700,973
1226,1142,537,887,1700,973
1240,1142,537,887,1700,973
1250,1142,537,887,1700,973
1262,1142,537,887,1700,973
1272,1142,537,887,1700,973
1280,1142,537,887,1700,973
1290,1142,537,887,1700,973
1300,1142,537,887,1700,973
1309,1142,537,887,1700,973
1316,1142,537,887,1700,973
1327,1141,537,887,1700,973
1336,1140,537,887,1700,973
1346,1138,537,887,1700,973
1358,1137,537,887,1700,973
1368,1136,537,887,1700,973
1380,1135,537,887,1700,973
1392,1133,537,887,1700,973
1400,1133,537,887,1700,973
1406,1133,537,887,1700,973
1413,1132,537,887,1700,973
1419,1130,537,887,1700,973
1429,1129,537,887,1700,973
1438,1127,537,887,1700,973
1445,1126,537,887,1700,973
1454,1125,537,887,1700,973
1461,1122,537,887,1700,973
1467,1121,537,887,1700,973
1475,1120,537,887,1700,973
1481,1118,537,887,1700,973
1485,1117,537,887,1700,973
1490,1114,537,887,1700,973
1496,1111,537,887,1700,973
1499,1110,537,887,1700,973
1504,1109,537,887,1700,973
1512,1106,537,887,1700,973
1517,1104,537,887,1700,973
1523,1102,537,887,1700,973
1530,1101,537,887,1700,973
1536,1100,537,887,1700,973
1542,1099,537,887,1700,973
1547,1097,537,887,1700,973
1552,1096,537,887,1700,973
1556,1095,537,887,1700,973
1561,1093,537,887,1700,973
1569,1090,537,887,1700,973
1575,1088,537,887,1700,973
1581,1086,537,887,1700,973
1586,1083,537,887,1700,973
1590,1080,537,887,1700,973
1596,1076,537,887,1700,973
1602,1072,537,887,1700,973
1607,1069,537,887,1700,973
1612,1066,537,887,1700,973
1618,1062,537,887,1700,973
1621,1059,537,887,1700,973
1625,1057,537,887,1700,973
1629,1054,537,887,1700,973
1632,1051,537,887,1700,973
1636,1047,537,887,1700,973
1640,1044,537,887,1700,973
1642,1043,537,887,1700,973
1646,1039,537,887,1700,973
1651,1036,537,887,1700,973
1657,1033,537,887,1700,973
1660,1030,537,887,1700,973
1663,1027,537,887,1700,973
1666,1024,537,887,1700,973
1668,1022,537,887,1700,973
1671,1017,537,887,1700,973
1674,1013,537,887,1700,973
1676,1010,537,887,1700,973
1679,1005,537,887,1700,973
1682,1001,537,887,1700,973
1683,999,537,887,1700,973
1685,994,537,887,1700,973
1689,989,537,887,1700,973
1691,986,537,887,1700,973
1694,982,537,887,1700,973
1695,980,537,887,1700,973
1697,978,537,887,1700,973
1699,973,537,887,1700,973
1702,968,537,887,1700,973
1704,964,537,887,1700,973
1706,958,537,887,1700,973
1709,950,537,887,1700,973
1712,944,537,887,1700,973
1714,937,537,887,1700,973
1716,930,537,887,1700,973
1717,926,537,887,1700,973
1719,919,537,887,1700,973
1721,912,537,887,1700,973
1723,908,537,887,1700,973
1725,901,537,887,1700,973
1727,893,537,887,1700,973
1729,887,537,887,1700,973
1732,879,537,887,1700,973
1733,872,537,887,1700,973
1733,864,537,887,1700,973
1734,856,537,887,1700,973
1734,850,537,887,1700,973
1734,841,537,887,1700,973
1734,833,537,887,1700,973
1734,829,537,887,1700,973
1734,822,537,887,1700,973
1734,815,537,887,1700,973
1733,810,537,887,1700,973
1732,802,537,887,1700,973
1731,795,537,887,1700,973
1730,790,537,887,1700,973
1728,783,537,887,1700,973
1726,776,537,887,1700,973
1724,771,537,887,1700,973
1723,766,537,887,1700,973
1721,762,537,887,1700,973
1719,756,537,887,1700,973
1715,749,537,887,1700,973
1713,744,537,887,1700,973
1710,738,537,887,1700,973
1706,730,537,887,1700,973
1703,725,537,887,1700,973
1700,717,537,887,1700,973
1696,710,537,887,1700,973
1691,702,537,887,1700,973
1688,696,537,887,1700,973
1685,690,537,887,1700,973
1682,684,537,887,1700,973
1676,676,537,887,1700,973
1672,671,537,887,1700,973
1664,661,537,887,1700,973
1660,656,537,887,1700,973
1657,652,537,887,1700,973
1652,646,537,887,1700,973
1646,639,537,887,1700,973
1641,633,537,887,1700,973
1636,627,537,887,1700,973
1629,621,537,887,1700,973
1624,615,537,887,1700,973
1618,609,537,887,1700,973
1614,603,537,887,1700,973
1608,598,537,887,1700,973
1603,591,537,887,1700,973
1599,587,537,887,1700,973
1594,583,537,887,1700,973
1589,578,537,887,1700,973
1584,573,537,887,1700,973
1575,567,537,887,1700,973
1566,559,537,887,1700,973
1560,554,537,887,1700,973
1550,547,537,887,1700,973
1541,541,537,887,1700,973
1534,536,537,887,1700,973
1525,529,537,887,1700,973
1516,523,537,887,1700,973
1509,519,537,887,1700,973
1497,511,537,887,1700,973
1485,504,537,887,1700,973
1476,498,537,887,1700,973
1465,493,537,887,1700,973
1458,489,537,887,1700,973
1450,485,537,887,1700,973
1437,478,537,887,1700,973
1427,474,537,887,1700,973
1416,469,537,887,1700,973
1401,461,537,887,1700,973
1391,456,537,887,1700,973
1385,454,537,887,1700,973
1377,450,537,887,1700,973
1367,446,537,887,1700,973
1356,442,537,887,1700,973
1347,439,537,887,1700,973
1337,436,537,887,1700,973
1330,433,537,887,1700,973
1322,430,537,887,1700,973
1312,426,537,887,1700,973
1305,422,537,887,1700,973
1298,419,537,887,1700,973
1290,414,537,887,1700,973
1284,412,537,887,1700,973
1278,409,537,887,1700,973
1271,407,537,887,1700,973
1265,405,537,887,1700,973
1256,403,537,887,1700,973
1249,402,537,887,1700,973
1243,401,537,887,1700,973
1234,399,537,887,1700,973
1226,398,537,887,1700,973
1218,397,537,887,1700,973
1212,396,537,887,1700,973
1209,396,537,887,1700,973
1204,395,537,887,1700,973
1196,394,537,887,1700,973
1190,393,537,887,1700,973
1181,391,537,887,1700,973
1173,390,537,887,1700,973
1168,388,537,887,1700,973
1159,387,537,887,1700,973
1151,386,537,887,1700,973
1149,385,537,887,1700,973
1144,384,537,887,1700,973
1138,383,537,887,1700,973
1134,382,537,887,1700,973
1127,381,537,887,1700,973
1123,380,537,887,1700,973
1119,379,537,887,1700,973
1119,379,537,887,1700,973
1119,379,537,887,1700,973
1119,379,537,887,1700,973
1119,379,537,887,1700,973
1119,379,537,887,1700,973
1119,379,537,887,1700,973
1119,380,537,887,1700,973
1119,380,537,887,1700,973
1119,380,537,887,1700,973
1107,381,537,887,1700,973
1087,380,537,887,1700,973
1080,380,537,887,1700,973
1079,380,537,887,1700,973
1079,380,537,887,1700,973
1079,380,537,887,1700,973
1079,380,537,887,1700,973
1079,380,537,887,1700,973
1079,380,537,887,1700,973
1079,380,537,887,1700,973
1079,380,537,887,1700,973
1079,380,537,887,1700,973
1079,380,537,887,1700,973
1073,381,537,887,1700,973
1067,380,537,887,1700,973
1064,380,537,887,1700,973
1064,380,537,887,1700,973
1064,380,537,887,1700,973
1064,380,537,887,1700,973
1064,380,537,887,1700,973
1064,380,537,887,1700,973
1064,380,537,887,1700,973
1064,380,537,887,1700,973
1060,380,537,887,1700,973
1056,379,537,887,1700,973
1055,378,537,887,1700,973
1055,378,537,887,1700,973
1055,378,537,887,1700,973
