886,370,567,1173,1556,1121
886,369,567,1173,1556,1121
886,369,567,1173,1556,1121
886,370,567,1173,1556,1121
886,370,567,1173,1556,1121
886,370,567,1173,1556,1121
886,370,567,1173,1556,1121
884,370,567,1173,1556,1121
871,376,567,1173,1556,1121
860,380,567,1173,1556,1121
849,384,567,1173,1556,1121
838,387,567,1173,1556,1121
829,388,567,1173,1556,1121
817,392,567,1173,1556,1121
806,397,567,1173,1556,1121
800,400,567,1173,1556,1121
791,405,567,1173,1556,1121
783,409,567,1173,1556,1121
778,412,567,1173,1556,1121
770,417,567,1173,1556,1121
763,421,567,1173,1556,1121
754,427,567,1173,1556,1121
746,432,567,1173,1556,1121
740,436,567,1173,1556,1121
733,440,567,1173,1556,1121
727,445,567,1173,1556,1121
718,450,567,1173,1556,1121
712,454,567,1173,1556,1121
705,458,567,1173,1556,1121
700,462,567,1173,1556,1121
694,466,567,1173,1556,1121
685,471,567,1173,1556,1121
679,475,567,1173,1556,1121
675,477,567,1173,1556,1121
668,481,567,1173,1556,1121
662,485,567,1173,1556,1121
657,488,567,1173,1556,1121
652,491,567,1173,1556,1121
645,496,567,1173,1556,1121
636,503,567,1173,1556,1121
630,507,567,1173,1556,1121
623,513,567,1173,1556,1121
618,518,567,1173,1556,1121
612,523,567,1173,1556,1121
605,529,567,1173,1556,1121
599,534,567,1173,1556,1121
594,539,567,1173,1556,1121
590,543,567,1173,1556,1121
586,548,567,1173,1556,1121
583,551,567,1173,1556,1121
579,554,567,1173,1556,1121
575,561,567,1173,1556,1121
570,568,567,1173,1556,1121
566,572,567,1173,1556,1121
560,577,567,1173,1556,1121
557,581,567,1173,1556,1121
553,586,567,1173,1556,1121
547,593,567,1173,1556,1121
543,598,567,1173,1556,1121
537,606,567,1173,1556,1121
533,611,567,1173,1556,1121
528,618,567,1173,1556,1121
522,626,567,1173,1556,1121
517,631,567,1173,1556,1121
512,638,567,1173,1556,1121
508,643,567,1173,1556,1121
504,649,567,1173,1556,1121
499,657,567,1173,1556,1121
494,663,567,1173,1556,1121
489,672,567,1173,1556,1121
484,680,567,1173,1556,1121
480,685,567,1173,1556,1121
475,695,567,1173,1556,1121
469,704,567,1173,1556,1121
466,710,567,1173,1556,1121
462,717,567,1173,1556,1121
458,725,567,1173,1556,1121
455,732,567,1173,1556,1121
452,736,567,1173,1556,1121
450,741,567,1173,1556,1121
449,745,567,1173,1556,1121
446,755,567,1173,1556,1121
444,761,567,1173,1556,1121
441,768,567,1173,1556,1121
440,775,567,1173,1556,1121
437,782,567,1173,1556,1121
435,790,567,1173,1556,1121
434,795,567,1173,1556,1121
430,805,567,1173,1556,1121
428,813,567,1173,1556,1121
427,817,567,1173,1556,1121
426,824,567,1173,1556,1121
425,830,567,1173,1556,1121
425,835,567,1173,1556,1121
424,837,567,1173,1556,1121
424,840,567,1173,1556,1121
423,844,567,1173,1556,1121
422,848,567,1173,1556,1121
422,850,567,1173,1556,1121
422,852,567,1173,1556,1121
421,854,567,1173,1556,1121
421,858,567,1173,1556,1121
419,863,567,1173,1556,1121
417,869,567,1173,1556,1121
415,875,567,1173,1556,1121
413,885,567,1173,1556,1121
411,894,567,1173,1556,1121
407,904,567,1173,1556,1121
406,909,567,1173,1556,1121
405,913,567,1173,1556,1121
403,922,567,1173,1556,1121
403,931,567,1173,1556,1121
401,942,567,1173,1556,1121
401,953,567,1173,1556,1121
400,958,567,1173,1556,1121
400,965,567,1173,1556,1121
400,971,567,1173,1556,1121
401,981,567,1173,1556,1121
401,987,567,1173,1556,1121
401,995,567,1173,1556,1121
402,1004,567,1173,1556,1121
403,1010,567,1173,1556,1121
404,1020,567,1173,1556,1121
405,1030,567,1173,1556,1121
406,1036,567,1173,1556,1121
408,1042,567,1173,1556,1121
410,1045,567,1173,1556,1121
412,1049,567,1173,1556,1121
414,1052,567,1173,1556,1121
416,1055,567,1173,1556,1121
418,1059,567,1173,1556,1121
420,1062,567,1173,1556,1121
423,1065,567,1173,1556,1121
425,1070,567,1173,1556,1121
428,1073,567,1173,1556,1121
430,1078,567,1173,1556,1121
433,1083,567,1173,1556,1121
435,1085,567,1173,1556,1121
437,1088,567,1173,1556,1121
440,1091,567,1173,1556,1121
443,1095,567,1173,1556,1121
446,1096,567,1173,1556,1121
449,1098,567,1173,1556,1121
452,1101,567,1173,1556,1121
455,1103,567,1173,1556,1121
458,1106,567,1173,1556,1121
462,1108,567,1173,1556,1121
463,1108,567,1173,1556,1121
463,1108,567,1173,1556,1121
463,1108,567,1173,1556,1121
463,1109,567,1173,1556,1121
463,1109,567,1173,1556,1121
466,1111,567,1173,1556,1121
477,1119,567,1173,1556,1121
482,1122,567,1173,1556,1121
482,1123,567,1173,1556,1121
482,1123,567,1173,1556,1121
482,1123,567,1173,1556,1121
482,1123,567,1173,1556,1121
489,1131,567,1173,1556,1121
494,1135,567,1173,1556,1121
497,1138,567,1173,1556,1121
501,1141,567,1173,1556,1121
505,1144,567,1173,1556,1121
507,1146,567,1173,1556,1121
512,1149,567,1173,1556,1121
517,1153,567,1173,1556,1121
521,1156,567,1173,1556,1121
524,1159,567,1173,1556,1121
527,1161,567,1173,1556,1121
532,1165,567,1173,1556,1121
536,1167,567,1173,1556,1121
541,1170,567,1173,1556,1121
549,1173,567,1173,1556,1121
554,1175,567,1173,1556,1121
556,1176,567,1173,1556,1121
561,1177,567,1173,1556,1121
567,1179,567,1173,1556,1121
572,1180,567,1173,1556,1121
578,1181,567,1173,1556,1121
589,1182,567,1173,1556,1121
596,1182,567,1173,1556,1121
602,1184,567,1173,1556,1121
611,1185,567,1173,1556,1121
619,1185,567,1173,1556,1121
625,1185,567,1173,1556,1121
630,1185,567,1173,1556,1121
642,1185,567,1173,1556,1121
651,1186,567,1173,1556,1121
658,1186,567,1173,1556,1121
667,1187,567,1173,1556,1121
674,1188,567,1173,1556,1121
680,1188,567,1173,1556,1121
687,1188,567,1173,1556,1121
693,1187,567,1173,1556,1121
701,1187,567,1173,1556,1121
707,1187,567,1173,1556,1121
715,1187,567,1173,1556,1121
719,1188,567,1173,1556,1121
723,1188,567,1173,1556,1121
729,1189,567,1173,1556,1121
735,1190,567,1173,1556,1121
741,1193,567,1173,1556,1121
746,1194,567,1173,1556,1121
753,1195,567,1173,1556,1121
763,1197,567,1173,1556,1121
773,1198,567,1173,1556,1121
780,1199,567,1173,1556,1121
787,1200,567,1173,1556,1121
792,1201,567,1173,1556,1121
804,1202,567,1173,1556,1121
812,1202,567,1173,1556,1121
820,1202,567,1173,1556,1121
830,1202,567,1173,1556,1121
839,1202,567,1173,1556,1121
848,1202,567,1173,1556,1121
854,1202,567,1173,1556,1121
866,1203,567,1173,1556,1121
878,1203,567,1173,1556,1121
886,1204,567,1173,1556,1121
900,1204,567,1173,1556,1121
908,1204,567,1173,1556,1121
915,1204,567,1173,1556,1121
921,1204,567,1173,1556,1121
926,1204,567,1173,1556,1121
935,1204,567,1173,1556,1121
944,1204,567,1173,1556,1121
954,1204,567,1173,1556,1121
958,1204,567,1173,1556,1121
964,1204,567,1173,1556,1121
973,1205,567,1173,1556,1121
978,1205,567,1173,1556,1121
986,1205,567,1173,1556,1121
995,1205,567,1173,1556,1121
1002,1205,567,1173,1556,1121
1010,1205,567,1173,1556,1121
1016,1205,567,1173,1556,1121
1024,1205,567,1173,1556,1121
1035,1205,567,1173,1556,1121
1042,1205,567,1173,1556,1121
1051,1205,567,1173,1556,1121
1055,1205,567,1173,1556,1121
1066,1205,567,1173,1556,1121
1075,1203,567,1173,1556,1121
1083,1203,567,1173,1556,1121
1095,1203,567,1173,1556,1121
1102,1203,567,1173,1556,1121
1112,1202,567,1173,1556,1121
1121,1200,567,1173,1556,1121
1124,1200,567,1173,1556,1121
1126,1199,567,1173,1556,1121
1131,1198,567,1173,1556,1121
1140,1197,567,1173,1556,1121
1147,1197,567,1173,1556,1121
1157,1197,567,1173,1556,1121
1169,1197,567,1173,1556,1121
1178,1196,567,1173,1556,1121
1190,1196,567,1173,1556,1121
1201,1196,567,1173,1556,1121
1212,1196,567,1173,1556,1121
1215,1196,567,1173,1556,1121
1226,1196,567,1173,1556,1121
1238,1195,567,1173,1556,1121
1245,1194,567,1173,1556,1121
1256,1194,567,1173,1556,1121
1264,1194,567,1173,1556,1121
1264,1194,567,1173,1556,1121
1264,1194,567,1173,1556,1121
1270,1193,567,1173,1556,1121
1280,1191,567,1173,1556,1121
1292,1187,567,1173,1556,1121
1297,1186,567,1173,1556,1121
1309,1184,567,1173,1556,1121
1315,1183,567,1173,1556,1121
1320,1182,567,1173,1556,1121
1328,1180,567,1173,1556,1121
1335,1179,567,1173,1556,1121
1346,1179,567,1173,1556,1121
1353,1177,567,1173,1556,1121
1362,1177,567,1173,1556,1121
1366,1177,567,1173,1556,1121
1370,1176,567,1173,1556,1121
1378,1175,567,1173,1556,1121
1383,1175,567,1173,1556,1121
1386,1174,567,1173,1556,1121
1386,1174,567,1173,1556,1121
1386,1174,567,1173,1556,1121
1393,1173,567,1173,1556,1121
1402,1171,567,1173,1556,1121
1408,1169,567,1173,1556,1121
1411,1168,567,1173,1556,1121
1413,1167,567,1173,1556,1121
1415,1167,567,1173,1556,1121
1419,1167,567,1173,1556,1121
1424,1166,567,1173,1556,1121
1426,1165,567,1173,1556,1121
1432,1163,567,1173,1556,1121
1438,1162,567,1173,1556,1121
1443,1161,567,1173,1556,1121
1446,1160,567,1173,1556,1121
1452,1158,567,1173,1556,1121
1468,1156,567,1173,1556,1121
1478,1154,567,1173,1556,1121
1485,1153,567,1173,1556,1121
1489,1151,567,1173,1556,1121
1493,1150,567,1173,1556,1121
1497,1148,567,1173,1556,1121
1505,1147,567,1173,1556,1121
1511,1145,567,1173,1556,1121
1515,1143,567,1173,1556,1121
1517,1141,567,1173,1556,1121
1521,1139,567,1173,1556,1121
1524,1136,567,1173,1556,1121
1528,1134,567,1173,1556,1121
1533,1131,567,1173,1556,1121
1536,1129,567,1173,1556,1121
1537,1128,567,1173,1556,1121
1541,1126,567,1173,1556,1121
1545,1125,567,1173,1556,1121
1545,1125,567,1173,1556,1121
1546,1125,567,1173,1556,1121
1552,1120,567,1173,1556,1121
1556,1117,567,1173,1556,1121
1561,1115,567,1173,1556,1121
1565,1113,567,1173,1556,1121
1566,1111,567,1173,1556,1121
1570,1107,567,1173,1556,1121
1577,1102,567,1173,1556,1121
1580,1097,567,1173,1556,1121
1584,1091,567,1173,1556,1121
1588,1085,567,1173,1556,1121
1592,1077,567,1173,1556,1121
1594,1070,567,1173,1556,1121
1596,1064,567,1173,1556,1121
1602,1056,567,1173,1556,1121
1605,1047,567,1173,1556,1121
1607,1039,567,1173,1556,1121
1610,1030,567,1173,1556,1121
1612,1022,567,1173,1556,1121
1614,1012,567,1173,1556,1121
1614,1005,567,1173,1556,1121
1616,995,567,1173,1556,1121
1616,987,567,1173,1556,1121
1616,981,567,1173,1556,1121
1615,970,567,1173,1556,1121
1615,964,567,1173,1556,1121
1613,952,567,1173,1556,1121
1612,943,567,1173,1556,1121
1611,931,567,1173,1556,1121
1611,919,567,1173,1556,1121
1609,913,567,1173,1556,1121
1608,905,567,1173,1556,1121
1608,897,567,1173,1556,1121
1607,889,567,1173,1556,1121
1604,879,567,1173,1556,1121
1601,872,567,1173,1556,1121
1596,861,567,1173,1556,1121
1592,853,567,1173,1556,1121
1587,844,567,1173,1556,1121
1583,836,567,1173,1556,1121
1579,828,567,1173,1556,1121
1574,819,567,1173,1556,1121
1568,809,567,1173,1556,1121
1564,800,567,1173,1556,1121
1559,790,567,1173,1556,1121
1555,783,567,1173,1556,1121
1550,773,567,1173,1556,1121
1546,767,567,1173,1556,1121
1540,757,567,1173,1556,1121
1531,745,567,1173,1556,1121
1525,736,567,1173,1556,1121
1517,724,567,1173,1556,1121
1511,714,567,1173,1556,1121
1507,709,567,1173,1556,1121
1500,700,567,1173,1556,1121
1494,693,567,1173,1556,1121
1486,683,567,1173,1556,1121
1482,677,567,1173,1556,1121
1475,669,567,1173,1556,1121
1469,661,567,1173,1556,1121
1463,655,567,1173,1556,1121
1455,649,567,1173,1556,1121
1449,642,567,1173,1556,1121
1445,637,567,1173,1556,1121
1438,630,567,1173,1556,1121
1429,621,567,1173,1556,1121
1422,614,567,1173,1556,1121
1415,609,567,1173,1556,1121
1406,601,567,1173,1556,1121
1395,593,567,1173,1556,1121
1389,587,567,1173,1556,1121
1380,581,567,1173,1556,1121
1371,575,567,1173,1556,1121
1365,572,567,1173,1556,1121
1359,567,567,1173,1556,1121
1354,565,567,1173,1556,1121
1350,562,567,1173,1556,1121
1343,559,567,1173,1556,1121
1340,557,567,1173,1556,1121
1333,552,567,1173,1556,1121
1326,547,567,1173,1556,1121
1315,540,567,1173,1556,1121
1305,533,567,1173,1556,1121
1298,528,567,1173,1556,1121
1290,522,567,1173,1556,1121
1281,516,567,1173,1556,1121
1273,511,567,1173,1556,1121
1264,503,567,1173,1556,1121
1257,498,567,1173,1556,1121
1249,492,567,1173,1556,1121
1241,486,567,1173,1556,1121
1232,480,567,1173,1556,1121
1222,474,567,1173,1556,1121
1212,468,567,1173,1556,1121
1205,463,567,1173,1556,1121
1198,458,567,1173,1556,1121
1192,455,567,1173,1556,1121
1182,449,567,1173,1556,1121
1177,445,567,1173,1556,1121
1170,442,567,1173,1556,1121
1161,436,567,1173,1556,1121
1154,433,567,1173,1556,1121
1150,431,567,1173,1556,1121
1143,428,567,1173,1556,1121
1137,423,567,1173,1556,1121
1131,420,567,1173,1556,1121
1124,416,567,1173,1556,1121
1120,413,567,1173,1556,1121
1113,408,567,1173,1556,1121
1106,404,567,1173,1556,1121
1101,400,567,1173,1556,1121
1095,396,567,1173,1556,1121
1091,393,567,1173,1556,1121
1085,389,567,1173,1556,1121
1077,383,567,1173,1556,1121
1074,381,567,1173,1556,1121
1070,378,567,1173,1556,1121
1068,377,567,1173,1556,1121
1067,376,567,1173,1556,1121
1067,376,567,1173,1556,1121
1067,376,567,1173,1556,1121
1067,376,567,1173,1556,1121
1067,376,567,1173,1556,1121
1067,376,567,1173,1556,1121
1067,376,567,1173,1556,1121
1067,376,567,1173,1556,1121
