894,372,456,1008,1566,1089
894,372,456,1008,1566,1089
894,372,456,1008,1566,1089
894,372,456,1008,1566,1089
894,372,456,1008,1566,1089
894,372,456,1008,1566,1089
894,372,456,1008,1566,1089
894,372,456,1008,1566,1089
894,372,456,1008,1566,1089
894,372,456,1008,1566,1089
891,374,456,1008,1566,1089
875,379,456,1008,1566,1089
859,384,456,1008,1566,1089
850,387,456,1008,1566,1089
845,389,456,1008,1566,1089
839,391,456,1008,1566,1089
830,396,456,1008,1566,1089
822,401,456,1008,1566,1089
816,404,456,1008,1566,1089
809,410,456,1008,1566,1089
804,413,456,1008,1566,1089
797,419,456,1008,1566,1089
792,423,456,1008,1566,1089
783,431,456,1008,1566,1089
779,434,456,1008,1566,1089
770,441,456,1008,1566,1089
764,445,456,1008,1566,1089
757,449,456,1008,1566,1089
751,453,456,1008,1566,1089
743,460,456,1008,1566,1089
736,465,456,1008,1566,1089
727,472,456,1008,1566,1089
722,476,456,1008,1566,1089
718,480,456,1008,1566,1089
712,486,456,1008,1566,1089
706,490,456,1008,1566,1089
697,497,456,1008,1566,1089
692,501,456,1008,1566,1089
686,507,456,1008,1566,1089
680,511,456,1008,1566,1089
673,517,456,1008,1566,1089
666,523,456,1008,1566,1089
661,527,456,1008,1566,1089
653,534,456,1008,1566,1089
646,538,456,1008,1566,1089
640,543,456,1008,1566,1089
635,547,456,1008,1566,1089
626,553,456,1008,1566,1089
620,558,456,1008,1566,1089
610,564,456,1008,1566,1089
603,568,456,1008,1566,1089
595,573,456,1008,1566,1089
589,578,456,1008,1566,1089
582,582,456,1008,1566,1089
575,587,456,1008,1566,1089
570,590,456,1008,1566,1089
564,594,456,1008,1566,1089
559,597,456,1008,1566,1089
553,602,456,1008,1566,1089
548,604,456,1008,1566,1089
542,608,456,1008,1566,1089
535,611,456,1008,1566,1089
531,614,456,1008,1566,1089
525,619,456,1008,1566,1089
520,624,456,1008,1566,1089
514,631,456,1008,1566,1089
509,637,456,1008,1566,1089
503,645,456,1008,1566,1089
497,652,456,1008,1566,1089
490,660,456,1008,1566,1089
482,669,456,1008,1566,1089
476,674,456,1008,1566,1089
471,679,456,1008,1566,1089
467,683,456,1008,1566,1089
462,689,456,1008,1566,1089
458,692,456,1008,1566,1089
455,697,456,1008,1566,1089
452,701,456,1008,1566,1089
448,706,456,1008,1566,1089
444,711,456,1008,1566,1089
441,716,456,1008,1566,1089
437,724,456,1008,1566,1089
434,728,456,1008,1566,1089
431,734,456,1008,1566,1089
429,739,456,1008,1566,1089
426,743,456,1008,1566,1089
423,749,456,1008,1566,1089
421,753,456,1008,1566,1089
418,759,456,1008,1566,1089
416,763,456,1008,1566,1089
415,769,456,1008,1566,1089
413,774,456,1008,1566,1089
412,779,456,1008,1566,1089
410,785,456,1008,1566,1089
409,789,456,1008,1566,1089
408,795,456,1008,1566,1089
407,801,456,1008,1566,1089
405,807,456,1008,1566,1089
404,811,456,1008,1566,1089
403,818,456,1008,1566,1089
402,825,456,1008,1566,1089
401,832,456,1008,1566,1089
400,836,456,1008,1566,1089
400,841,456,1008,1566,1089
399,845,456,1008,1566,1089
400,850,456,1008,1566,1089
400,854,456,1008,1566,1089
400,858,456,1008,1566,1089
400,861,456,1008,1566,1089
400,864,456,1008,1566,1089
400,868,456,1008,1566,1089
401,871,456,1008,1566,1089
401,873,456,1008,1566,1089
401,875,456,1008,1566,1089
401,878,456,1008,1566,1089
402,882,456,1008,1566,1089
403,885,456,1008,1566,1089
403,887,456,1008,1566,1089
404,890,456,1008,1566,1089
406,896,456,1008,1566,1089
407,900,456,1008,1566,1089
408,905,456,1008,1566,1089
408,908,456,1008,1566,1089
408,912,456,1008,1566,1089
409,917,456,1008,1566,1089
410,925,456,1008,1566,1089
412,932,456,1008,1566,1089
413,940,456,1008,1566,1089
414,945,456,1008,1566,1089
416,950,456,1008,1566,1089
417,952,456,1008,1566,1089
418,954,456,1008,1566,1089
420,957,456,1008,1566,1089
422,961,456,1008,1566,1089
424,964,456,1008,1566,1089
427,968,456,1008,1566,1089
430,971,456,1008,1566,1089
432,974,456,1008,1566,1089
434,977,456,1008,1566,1089
436,980,456,1008,1566,1089
438,983,456,1008,1566,1089
440,986,456,1008,1566,1089
441,988,456,1008,1566,1089
443,992,456,1008,1566,1089
444,994,456,1008,1566,1089
446,998,456,1008,1566,1089
448,1001,456,1008,1566,1089
451,1004,456,1008,1566,1089
452,1006,456,1008,1566,1089
456,1010,456,1008,1566,1089
463,1015,456,1008,1566,1089
468,1019,456,1008,1566,1089
472,1022,456,1008,1566,1089
476,1024,456,1008,1566,1089
484,1027,456,1008,1566,1089
488,1029,456,1008,1566,1089
495,1031,456,1008,1566,1089
499,1034,456,1008,1566,1089
504,1036,456,1008,1566,1089
510,1040,456,1008,1566,1089
515,1041,456,1008,1566,1089
521,1044,456,1008,1566,1089
528,1048,456,1008,1566,1089
537,1052,456,1008,1566,1089
544,1056,456,1008,1566,1089
553,1062,456,1008,1566,1089
561,1066,456,1008,1566,1089
573,1073,456,1008,1566,1089
584,1077,456,1008,1566,1089
593,1081,456,1008,1566,1089
607,1085,456,1008,1566,1089
617,1088,456,1008,1566,1089
628,1091,456,1008,1566,1089
633,1093,456,1008,1566,1089
641,1096,456,1008,1566,1089
650,1099,456,1008,1566,1089
659,1102,456,1008,1566,1089
666,1103,456,1008,1566,1089
676,1107,456,1008,1566,1089
683,1109,456,1008,1566,1089
690,1111,456,1008,1566,1089
697,1112,456,1008,1566,1089
707,1115,456,1008,1566,1089
716,1116,456,1008,1566,1089
721,1118,456,1008,1566,1089
728,1120,456,1008,1566,1089
736,1122,456,1008,1566,1089
744,1125,456,1008,1566,1089
749,1126,456,1008,1566,1089
759,1129,456,1008,1566,1089
768,1131,456,1008,1566,1089
774,1133,456,1008,1566,1089
782,1135,456,1008,1566,1089
786,1137,456,1008,1566,1089
793,1139,456,1008,1566,1089
797,1140,456,1008,1566,1089
802,1142,456,1008,1566,1089
815,1144,456,1008,1566,1089
821,1145,456,1008,1566,1089
830,1146,456,1008,1566,1089
838,1147,456,1008,1566,1089
844,1149,456,1008,1566,1089
856,1151,456,1008,1566,1089
863,1152,456,1008,1566,1089
874,1153,456,1008,1566,1089
884,1154,456,1008,1566,1089
895,1155,456,1008,1566,1089
898,1155,456,1008,1566,1089
901,1155,456,1008,1566,1089
916,1157,456,1008,1566,1089
928,1157,456,1008,1566,1089
931,1157,456,1008,1566,1089
940,1157,456,1008,1566,1089
951,1158,456,1008,1566,1089
959,1159,456,1008,1566,1089
964,1159,456,1008,1566,1089
972,1159,456,1008,1566,1089
978,1159,456,1008,1566,1089
983,1159,456,1008,1566,1089
988,1159,456,1008,1566,1089
995,1158,456,1008,1566,1089
1004,1157,456,1008,1566,1089
1013,1155,456,1008,1566,1089
1022,1154,456,1008,1566,1089
1032,1152,456,1008,1566,1089
1045,1149,456,1008,1566,1089
1052,1147,456,1008,1566,1089
1063,1145,456,1008,1566,1089
1066,1145,456,1008,1566,1089
1067,1145,456,1008,1566,1089
1080,1145,456,1008,1566,1089
1092,1145,456,1008,1566,1089
1102,1146,456,1008,1566,1089
1106,1147,456,1008,1566,1089
1115,1148,456,1008,1566,1089
1127,1149,456,1008,1566,1089
1145,1152,456,1008,1566,1089
1156,1153,456,1008,1566,1089
1170,1154,456,1008,1566,1089
1184,1155,456,1008,1566,1089
1201,1156,456,1008,1566,1089
1216,1158,456,1008,1566,1089
1229,1158,456,1008,1566,1089
1246,1158,456,1008,1566,1089
1259,1159,456,1008,1566,1089
1277,1159,456,1008,1566,1089
1288,1159,456,1008,1566,1089
1296,1159,456,1008,1566,1089
1301,1159,456,1008,1566,1089
1314,1159,456,1008,1566,1089
1329,1158,456,1008,1566,1089
1341,1158,456,1008,1566,1089
1349,1158,456,1008,1566,1089
1360,1158,456,1008,1566,1089
1365,1158,456,1008,1566,1089
1371,1158,456,1008,1566,1089
1374,1158,456,1008,1566,1089
1382,1156,456,1008,1566,1089
1392,1154,456,1008,1566,1089
1393,1154,456,1008,1566,1089
1400,1152,456,1008,1566,1089
1408,1149,456,1008,1566,1089
1417,1146,456,1008,1566,1089
1420,1144,456,1008,1566,1089
1425,1142,456,1008,1566,1089
1431,1139,456,1008,1566,1089
1437,1134,456,1008,1566,1089
1440,1133,456,1008,1566,1089
1448,1131,456,1008,1566,1089
1457,1131,456,1008,1566,1089
1471,1131,456,1008,1566,1089
1478,1130,456,1008,1566,1089
1482,1129,456,1008,1566,1089
1488,1129,456,1008,1566,1089
1498,1127,456,1008,1566,1089
1502,1127,456,1008,1566,1089
1508,1126,456,1008,1566,1089
1517,1124,456,1008,1566,1089
1519,1123,456,1008,1566,1089
1519,1123,456,1008,1566,1089
1527,1121,456,1008,1566,1089
1530,1119,456,1008,1566,1089
1529,1119,456,1008,1566,1089
1529,1119,456,1008,1566,1089
1528,1118,456,1008,1566,1089
1528,1116,456,1008,1566,1089
1531,1115,456,1008,1566,1089
1531,1114,456,1008,1566,1089
1531,1114,456,1008,1566,1089
1533,1112,456,1008,1566,1089
1537,1109,456,1008,1566,1089
1540,1107,456,1008,1566,1089
1541,1105,456,1008,1566,1089
1550,1100,456,1008,1566,1089
1556,1097,456,1008,1566,1089
1560,1094,456,1008,1566,1089
1561,1093,456,1008,1566,1089
1561,1093,456,1008,1566,1089
1567,1089,456,1008,1566,1089
1576,1084,456,1008,1566,1089
1578,1082,456,1008,1566,1089
1578,1082,456,1008,1566,1089
1579,1077,456,1008,1566,1089
1581,1070,456,1008,1566,1089
1582,1063,456,1008,1566,1089
1582,1058,456,1008,1566,1089
1582,1051,456,1008,1566,1089
1581,1043,456,1008,1566,1089
1580,1035,456,1008,1566,1089
1579,1027,456,1008,1566,1089
1577,1017,456,1008,1566,1089
1575,1004,456,1008,1566,1089
1573,995,456,1008,1566,1089
1569,981,456,1008,1566,1089
1565,967,456,1008,1566,1089
1563,952,456,1008,1566,1089
1561,941,456,1008,1566,1089
1559,931,456,1008,1566,1089
1557,922,456,1008,1566,1089
1553,911,456,1008,1566,1089
1551,903,456,1008,1566,1089
1547,894,456,1008,1566,1089
1543,885,456,1008,1566,1089
1538,877,456,1008,1566,1089
1535,870,456,1008,1566,1089
1529,861,456,1008,1566,1089
1523,850,456,1008,1566,1089
1518,841,456,1008,1566,1089
1511,832,456,1008,1566,1089
1505,824,456,1008,1566,1089
1499,814,456,1008,1566,1089
1493,805,456,1008,1566,1089
1488,797,456,1008,1566,1089
1482,789,456,1008,1566,1089
1478,783,456,1008,1566,1089
1469,774,456,1008,1566,1089
1460,765,456,1008,1566,1089
1456,760,456,1008,1566,1089
1449,752,456,1008,1566,1089
1443,745,456,1008,1566,1089
1432,733,456,1008,1566,1089
1424,723,456,1008,1566,1089
1415,712,456,1008,1566,1089
1403,700,456,1008,1566,1089
1398,694,456,1008,1566,1089
1390,684,456,1008,1566,1089
1380,674,456,1008,1566,1089
1373,665,456,1008,1566,1089
1367,658,456,1008,1566,1089
1358,649,456,1008,1566,1089
1349,640,456,1008,1566,1089
1341,631,456,1008,1566,1089
1334,624,456,1008,1566,1089
1325,614,456,1008,1566,1089
1316,607,456,1008,1566,1089
1306,595,456,1008,1566,1089
1297,588,456,1008,1566,1089
1293,582,456,1008,1566,1089
1286,574,456,1008,1566,1089
1283,568,456,1008,1566,1089
1275,561,456,1008,1566,1089
1269,553,456,1008,1566,1089
1264,547,456,1008,1566,1089
1254,536,456,1008,1566,1089
1247,529,456,1008,1566,1089
1241,523,456,1008,1566,1089
1236,519,456,1008,1566,1089
1232,515,456,1008,1566,1089
1227,509,456,1008,1566,1089
1222,504,456,1008,1566,1089
1215,498,456,1008,1566,1089
1208,491,456,1008,1566,1089
1203,487,456,1008,1566,1089
1197,481,456,1008,1566,1089
1193,477,456,1008,1566,1089
1185,470,456,1008,1566,1089
1179,465,456,1008,1566,1089
1170,457,456,1008,1566,1089
1161,449,456,1008,1566,1089
1155,445,456,1008,1566,1089
1148,439,456,1008,1566,1089
1143,435,456,1008,1566,1089
1136,429,456,1008,1566,1089
1132,426,456,1008,1566,1089
1125,422,456,1008,1566,1089
1122,420,456,1008,1566,1089
1119,417,456,1008,1566,1089
1115,414,456,1008,1566,1089
1110,411,456,1008,1566,1089
1105,408,456,1008,1566,1089
1103,406,456,1008,1566,1089
1098,403,456,1008,1566,1089
1093,399,456,1008,1566,1089
1087,395,456,1008,1566,1089
1083,391,456,1008,1566,1089
1076,387,456,1008,1566,1089
1073,385,456,1008,1566,1089
1071,383,456,1008,1566,1089
1068,381,456,1008,1566,1089
1065,379,456,1008,1566,1089
1065,378,456,1008,1566,1089
1065,378,456,1008,1566,1089
1065,378,456,1008,1566,1089
1065,378,456,1008,1566,1089
1065,378,456,1008,1566,1089
1065,378,456,1008,1566,1089
1065,378,456,1008,1566,1089
1065,378,456,1008,1566,1089
