888,371,623,897,1345,1035
888,371,623,897,1345,1035
888,371,623,897,1345,1035
888,371,623,897,1345,1035
888,371,623,897,1345,1035
888,371,623,897,1345,1035
888,371,623,897,1345,1035
888,371,623,897,1345,1035
888,371,623,897,1345,1035
888,371,623,897,1345,1035
884,374,623,897,1345,1035
876,380,623,897,1345,1035
871,384,623,897,1345,1035
866,387,623,897,1345,1035
862,391,623,897,1345,1035
855,396,623,897,1345,1035
848,402,623,897,1345,1035
841,408,623,897,1345,1035
836,411,623,897,1345,1035
831,415,623,897,1345,1035
826,419,623,897,1345,1035
821,422,623,897,1345,1035
814,427,623,897,1345,1035
809,430,623,897,1345,1035
804,434,623,897,1345,1035
796,439,623,897,1345,1035
786,446,623,897,1345,1035
779,451,623,897,1345,1035
771,457,623,897,1345,1035
766,461,623,897,1345,1035
760,466,623,897,1345,1035
755,469,623,897,1345,1035
750,473,623,897,1345,1035
746,477,623,897,1345,1035
740,481,623,897,1345,1035
736,485,623,897,1345,1035
730,489,623,897,1345,1035
725,493,623,897,1345,1035
721,497,623,897,1345,1035
715,502,623,897,1345,1035
711,506,623,897,1345,1035
706,510,623,897,1345,1035
699,515,623,897,1345,1035
694,520,623,897,1345,1035
691,524,623,897,1345,1035
687,528,623,897,1345,1035
682,532,623,897,1345,1035
676,537,623,897,1345,1035
671,542,623,897,1345,1035
667,546,623,897,1345,1035
662,551,623,897,1345,1035
658,555,623,897,1345,1035
653,560,623,897,1345,1035
649,565,623,897,1345,1035
644,570,623,897,1345,1035
640,575,623,897,1345,1035
632,583,623,897,1345,1035
629,589,623,897,1345,1035
625,593,623,897,1345,1035
621,600,623,897,1345,1035
618,604,623,897,1345,1035
614,612,623,897,1345,1035
610,618,623,897,1345,1035
605,626,623,897,1345,1035
602,633,623,897,1345,1035
599,640,623,897,1345,1035
596,645,623,897,1345,1035
593,652,623,897,1345,1035
590,657,623,897,1345,1035
587,663,623,897,1345,1035
585,667,623,897,1345,1035
583,673,623,897,1345,1035
580,681,623,897,1345,1035
577,686,623,897,1345,1035
576,691,623,897,1345,1035
573,697,623,897,1345,1035
573,700,623,897,1345,1035
572,705,623,897,1345,1035
571,710,623,897,1345,1035
570,715,623,897,1345,1035
570,721,623,897,1345,1035
569,725,623,897,1345,1035
568,732,623,897,1345,1035
566,736,623,897,1345,1035
566,743,623,897,1345,1035
565,748,623,897,1345,1035
565,754,623,897,1345,1035
564,759,623,897,1345,1035
564,766,623,897,1345,1035
564,771,623,897,1345,1035
564,777,623,897,1345,1035
565,781,623,897,1345,1035
566,787,623,897,1345,1035
566,791,623,897,1345,1035
567,796,623,897,1345,1035
568,799,623,897,1345,1035
569,803,623,897,1345,1035
571,808,623,897,1345,1035
573,813,623,897,1345,1035
574,816,623,897,1345,1035
574,820,623,897,1345,1035
576,826,623,897,1345,1035
577,830,623,897,1345,1035
579,836,623,897,1345,1035
580,840,623,897,1345,1035
582,843,623,897,1345,1035
583,847,623,897,1345,1035
585,852,623,897,1345,1035
587,854,623,897,1345,1035
588,856,623,897,1345,1035
591,860,623,897,1345,1035
594,863,623,897,1345,1035
596,866,623,897,1345,1035
598,867,623,897,1345,1035
599,869,623,897,1345,1035
601,872,623,897,1345,1035
604,875,623,897,1345,1035
607,878,623,897,1345,1035
611,882,623,897,1345,1035
613,886,623,897,1345,1035
617,891,623,897,1345,1035
619,896,623,897,1345,1035
623,902,623,897,1345,1035
628,908,623,897,1345,1035
633,914,623,897,1345,1035
636,917,623,897,1345,1035
642,920,623,897,1345,1035
651,925,623,897,1345,1035
658,929,623,897,1345,1035
669,935,623,897,1345,1035
676,940,623,897,1345,1035
686,945,623,897,1345,1035
694,949,623,897,1345,1035
705,956,623,897,1345,1035
714,962,623,897,1345,1035
726,971,623,897,1345,1035
740,981,623,897,1345,1035
749,986,623,897,1345,1035
762,994,623,897,1345,1035
774,999,623,897,1345,1035
784,1004,623,897,1345,1035
791,1009,623,897,1345,1035
803,1014,623,897,1345,1035
810,1016,623,897,1345,1035
818,1020,623,897,1345,1035
824,1021,623,897,1345,1035
833,1023,623,897,1345,1035
848,1027,623,897,1345,1035
857,1029,623,897,1345,1035
867,1032,623,897,1345,1035
875,1034,623,897,1345,1035
887,1037,623,897,1345,1035
897,1039,623,897,1345,1035
906,1040,623,897,1345,1035
912,1042,623,897,1345,1035
921,1045,623,897,1345,1035
929,1047,623,897,1345,1035
940,1050,623,897,1345,1035
948,1051,623,897,1345,1035
962,1054,623,897,1345,1035
975,1056,623,897,1345,1035
980,1057,623,897,1345,1035
984,1058,623,897,1345,1035
992,1060,623,897,1345,1035
998,1060,623,897,1345,1035
1002,1060,623,897,1345,1035
1011,1060,623,897,1345,1035
1017,1061,623,897,1345,1035
1021,1061,623,897,1345,1035
1026,1062,623,897,1345,1035
1032,1063,623,897,1345,1035
1037,1064,623,897,1345,1035
1046,1065,623,897,1345,1035
1052,1065,623,897,1345,1035
1057,1065,623,897,1345,1035
1060,1066,623,897,1345,1035
1066,1067,623,897,1345,1035
1075,1067,623,897,1345,1035
1083,1068,623,897,1345,1035
1094,1068,623,897,1345,1035
1104,1068,623,897,1345,1035
1116,1069,623,897,1345,1035
1125,1069,623,897,1345,1035
1128,1069,623,897,1345,1035
1135,1070,623,897,1345,1035
1141,1070,623,897,1345,1035
1149,1070,623,897,1345,1035
1155,1070,623,897,1345,1035
1160,1070,623,897,1345,1035
1170,1070,623,897,1345,1035
1177,1070,623,897,1345,1035
1185,1070,623,897,1345,1035
1186,1070,623,897,1345,1035
1190,1069,623,897,1345,1035
1197,1068,623,897,1345,1035
1201,1067,623,897,1345,1035
1207,1067,623,897,1345,1035
1211,1067,623,897,1345,1035
1216,1067,623,897,1345,1035
1226,1067,623,897,1345,1035
1235,1067,623,897,1345,1035
1242,1067,623,897,1345,1035
1249,1067,623,897,1345,1035
1257,1067,623,897,1345,1035
1260,1066,623,897,1345,1035
1260,1066,623,897,1345,1035
1260,1066,623,897,1345,1035
1268,1064,623,897,1345,1035
1277,1062,623,897,1345,1035
1286,1060,623,897,1345,1035
1292,1060,623,897,1345,1035
1295,1059,623,897,1345,1035
1304,1057,623,897,1345,1035
1310,1055,623,897,1345,1035
1313,1054,623,897,1345,1035
1319,1054,623,897,1345,1035
1327,1052,623,897,1345,1035
1332,1050,623,897,1345,1035
1338,1047,623,897,1345,1035
1347,1043,623,897,1345,1035
1350,1041,623,897,1345,1035
1352,1037,623,897,1345,1035
1358,1032,623,897,1345,1035
1361,1028,623,897,1345,1035
1364,1023,623,897,1345,1035
1366,1019,623,897,1345,1035
1367,1015,623,897,1345,1035
1371,1007,623,897,1345,1035
1373,1001,623,897,1345,1035
1375,995,623,897,1345,1035
1378,987,623,897,1345,1035
1379,980,623,897,1345,1035
1379,970,623,897,1345,1035
1381,963,623,897,1345,1035
1384,954,623,897,1345,1035
1385,948,623,897,1345,1035
1385,938,623,897,1345,1035
1386,930,623,897,1345,1035
1386,919,623,897,1345,1035
1386,909,623,897,1345,1035
1387,903,623,897,1345,1035
1390,892,623,897,1345,1035
1391,884,623,897,1345,1035
1393,874,623,897,1345,1035
1393,868,623,897,1345,1035
1393,860,623,897,1345,1035
1393,853,623,897,1345,1035
1394,844,623,897,1345,1035
1394,834,623,897,1345,1035
1394,827,623,897,1345,1035
1393,819,623,897,1345,1035
1392,811,623,897,1345,1035
1391,801,623,897,1345,1035
1390,794,623,897,1345,1035
1389,785,623,897,1345,1035
1388,777,623,897,1345,1035
1386,767,623,897,1345,1035
1384,757,623,897,1345,1035
1383,745,623,897,1345,1035
1381,737,623,897,1345,1035
1377,725,623,897,1345,1035
1372,710,623,897,1345,1035
1369,700,623,897,1345,1035
1366,692,623,897,1345,1035
1362,682,623,897,1345,1035
1358,673,623,897,1345,1035
1353,661,623,897,1345,1035
1349,653,623,897,1345,1035
1342,641,623,897,1345,1035
1337,632,623,897,1345,1035
1330,617,623,897,1345,1035
1324,605,623,897,1345,1035
1318,596,623,897,1345,1035
1313,586,623,897,1345,1035
1307,575,623,897,1345,1035
1302,566,623,897,1345,1035
1297,559,623,897,1345,1035
1291,550,623,897,1345,1035
1287,545,623,897,1345,1035
1281,536,623,897,1345,1035
1276,529,623,897,1345,1035
1269,521,623,897,1345,1035
1265,515,623,897,1345,1035
1258,506,623,897,1345,1035
1252,498,623,897,1345,1035
1247,491,623,897,1345,1035
1241,484,623,897,1345,1035
1237,478,623,897,1345,1035
1232,472,623,897,1345,1035
1229,468,623,897,1345,1035
1224,462,623,897,1345,1035
1222,459,623,897,1345,1035
1218,457,623,897,1345,1035
1217,454,623,897,1345,1035
1213,451,623,897,1345,1035
1209,447,623,897,1345,1035
1206,444,623,897,1345,1035
1203,440,623,897,1345,1035
1200,437,623,897,1345,1035
1196,433,623,897,1345,1035
1192,430,623,897,1345,1035
1185,424,623,897,1345,1035
1182,422,623,897,1345,1035
1177,418,623,897,1345,1035
1172,413,623,897,1345,1035
1167,410,623,897,1345,1035
1160,406,623,897,1345,1035
1154,402,623,897,1345,1035
1148,398,623,897,1345,1035
1144,396,623,897,1345,1035
1137,393,623,897,1345,1035
1132,391,623,897,1345,1035
1124,389,623,897,1345,1035
1117,387,623,897,1345,1035
1110,386,623,897,1345,1035
1105,386,623,897,1345,1035
1096,386,623,897,1345,1035
1091,386,623,897,1345,1035
1089,385,623,897,1345,1035
1086,385,623,897,1345,1035
1084,384,623,897,1345,1035
1081,382,623,897,1345,1035
1077,381,623,897,1345,1035
1076,380,623,897,1345,1035
1076,380,623,897,1345,1035
1076,380,623,897,1345,1035
1076,380,623,897,1345,1035
1076,380,623,897,1345,1035
1076,380,623,897,1345,1035
1076,380,623,897,1345,1035
1076,380,623,897,1345,1035
1076,380,623,897,1345,1035
1071,379,623,897,1345,1035
1064,376,623,897,1345,1035
1061,375,623,897,1345,1035
1061,375,623,897,1345,1035
1061,375,623,897,1345,1035
1061,375,623,897,1345,1035
1061,375,623,897,1345,1035
1061,375,623,897,1345,1035
1061,375,623,897,1345,1035
