888,371,564,1129,1591,967
888,371,564,1129,1591,967
888,371,564,1129,1591,967
888,371,564,1129,1591,967
888,371,564,1129,1591,967
888,371,564,1129,1591,967
888,371,564,1129,1591,967
888,371,564,1129,1591,967
888,371,564,1129,1591,967
888,371,564,1129,1591,967
888,371,564,1129,1591,967
888,371,564,1129,1591,967
888,371,564,1129,1591,967
884,374,564,1129,1591,967
872,380,564,1129,1591,967
863,386,564,1129,1591,967
858,388,564,1129,1591,967
851,391,564,1129,1591,967
843,395,564,1129,1591,967
834,399,564,1129,1591,967
827,402,564,1129,1591,967
821,405,564,1129,1591,967
815,409,564,1129,1591,967
806,413,564,1129,1591,967
799,418,564,1129,1591,967
791,423,564,1129,1591,967
784,429,564,1129,1591,967
775,436,564,1129,1591,967
768,443,564,1129,1591,967
759,451,564,1129,1591,967
751,457,564,1129,1591,967
746,461,564,1129,1591,967
740,466,564,1129,1591,967
733,471,564,1129,1591,967
729,475,564,1129,1591,967
722,479,564,1129,1591,967
716,484,564,1129,1591,967
712,487,564,1129,1591,967
707,492,564,1129,1591,967
703,495,564,1129,1591,967
698,499,564,1129,1591,967
692,503,564,1129,1591,967
684,508,564,1129,1591,967
677,513,564,1129,1591,967
671,517,564,1129,1591,967
663,522,564,1129,1591,967
655,528,564,1129,1591,967
648,533,564,1129,1591,967
641,539,564,1129,1591,967
632,546,564,1129,1591,967
624,553,564,1129,1591,967
618,558,564,1129,1591,967
611,564,564,1129,1591,967
605,570,564,1129,1591,967
601,575,564,1129,1591,967
595,582,564,1129,1591,967
589,590,564,1129,1591,967
585,597,564,1129,1591,967
579,605,564,1129,1591,967
575,610,564,1129,1591,967
572,615,564,1129,1591,967
570,617,564,1129,1591,967
566,623,564,1129,1591,967
562,628,564,1129,1591,967
559,633,564,1129,1591,967
555,639,564,1129,1591,967
554,642,564,1129,1591,967
551,646,564,1129,1591,967
547,652,564,1129,1591,967
541,663,564,1129,1591,967
537,671,564,1129,1591,967
533,679,564,1129,1591,967
530,686,564,1129,1591,967
526,694,564,1129,1591,967
522,701,564,1129,1591,967
516,716,564,1129,1591,967
512,727,564,1129,1591,967
509,736,564,1129,1591,967
507,743,564,1129,1591,967
506,750,564,1129,1591,967
504,760,564,1129,1591,967
502,772,564,1129,1591,967
501,778,564,1129,1591,967
500,784,564,1129,1591,967
500,789,564,1129,1591,967
500,797,564,1129,1591,967
499,807,564,1129,1591,967
499,813,564,1129,1591,967
498,822,564,1129,1591,967
497,830,564,1129,1591,967
496,840,564,1129,1591,967
495,848,564,1129,1591,967
495,853,564,1129,1591,967
495,858,564,1129,1591,967
494,863,564,1129,1591,967
494,863,564,1129,1591,967
494,863,564,1129,1591,967
494,863,564,1129,1591,967
494,863,564,1129,1591,967
494,873,564,1129,1591,967
494,880,564,1129,1591,967
494,889,564,1129,1591,967
494,897,564,1129,1591,967
494,902,564,1129,1591,967
494,909,564,1129,1591,967
495,914,564,1129,1591,967
496,920,564,1129,1591,967
496,926,564,1129,1591,967
498,933,564,1129,1591,967
499,939,564,1129,1591,967
499,943,564,1129,1591,967
501,949,564,1129,1591,967
503,956,564,1129,1591,967
504,960,564,1129,1591,967
505,960,564,1129,1591,967
505,960,564,1129,1591,967
505,960,564,1129,1591,967
504,961,564,1129,1591,967
505,963,564,1129,1591,967
505,968,564,1129,1591,967
505,971,564,1129,1591,967
506,976,564,1129,1591,967
507,982,564,1129,1591,967
509,987,564,1129,1591,967
510,995,564,1129,1591,967
511,1001,564,1129,1591,967
514,1011,564,1129,1591,967
517,1020,564,1129,1591,967
519,1027,564,1129,1591,967
524,1035,564,1129,1591,967
526,1040,564,1129,1591,967
529,1047,564,1129,1591,967
532,1053,564,1129,1591,967
533,1056,564,1129,1591,967
535,1060,564,1129,1591,967
535,1064,564,1129,1591,967
536,1070,564,1129,1591,967
537,1074,564,1129,1591,967
538,1076,564,1129,1591,967
539,1081,564,1129,1591,967
539,1083,564,1129,1591,967
540,1086,564,1129,1591,967
541,1089,564,1129,1591,967
542,1092,564,1129,1591,967
543,1093,564,1129,1591,967
544,1097,564,1129,1591,967
545,1101,564,1129,1591,967
546,1103,564,1129,1591,967
547,1106,564,1129,1591,967
548,1109,564,1129,1591,967
550,1111,564,1129,1591,967
551,1114,564,1129,1591,967
553,1117,564,1129,1591,967
555,1119,564,1129,1591,967
557,1121,564,1129,1591,967
559,1123,564,1129,1591,967
563,1126,564,1129,1591,967
565,1127,564,1129,1591,967
567,1130,564,1129,1591,967
570,1131,564,1129,1591,967
572,1134,564,1129,1591,967
574,1135,564,1129,1591,967
576,1136,564,1129,1591,967
577,1138,564,1129,1591,967
579,1139,564,1129,1591,967
583,1141,564,1129,1591,967
589,1144,564,1129,1591,967
594,1146,564,1129,1591,967
600,1149,564,1129,1591,967
607,1151,564,1129,1591,967
615,1154,564,1129,1591,967
620,1155,564,1129,1591,967
628,1158,564,1129,1591,967
632,1160,564,1129,1591,967
637,1163,564,1129,1591,967
641,1165,564,1129,1591,967
645,1168,564,1129,1591,967
648,1170,564,1129,1591,967
656,1175,564,1129,1591,967
659,1178,564,1129,1591,967
663,1180,564,1129,1591,967
672,1184,564,1129,1591,967
680,1188,564,1129,1591,967
686,1191,564,1129,1591,967
690,1194,564,1129,1591,967
699,1197,564,1129,1591,967
709,1201,564,1129,1591,967
716,1203,564,1129,1591,967
722,1205,564,1129,1591,967
728,1206,564,1129,1591,967
732,1207,564,1129,1591,967
739,1208,564,1129,1591,967
752,1210,564,1129,1591,967
763,1211,564,1129,1591,967
779,1213,564,1129,1591,967
788,1213,564,1129,1591,967
798,1216,564,1129,1591,967
806,1219,564,1129,1591,967
810,1220,564,1129,1591,967
815,1221,564,1129,1591,967
824,1222,564,1129,1591,967
833,1224,564,1129,1591,967
838,1225,564,1129,1591,967
845,1226,564,1129,1591,967
849,1227,564,1129,1591,967
856,1228,564,1129,1591,967
864,1230,564,1129,1591,967
870,1230,564,1129,1591,967
884,1233,564,1129,1591,967
894,1234,564,1129,1591,967
902,1235,564,1129,1591,967
911,1236,564,1129,1591,967
923,1238,564,1129,1591,967
930,1238,564,1129,1591,967
937,1239,564,1129,1591,967
951,1240,564,1129,1591,967
959,1240,564,1129,1591,967
965,1240,564,1129,1591,967
971,1240,564,1129,1591,967
978,1240,564,1129,1591,967
986,1237,564,1129,1591,967
999,1236,564,1129,1591,967
1006,1235,564,1129,1591,967
1012,1235,564,1129,1591,967
1018,1235,564,1129,1591,967
1026,1235,564,1129,1591,967
1038,1235,564,1129,1591,967
1047,1234,564,1129,1591,967
1059,1234,564,1129,1591,967
1072,1236,564,1129,1591,967
1086,1236,564,1129,1591,967
1095,1236,564,1129,1591,967
1101,1236,564,1129,1591,967
1114,1237,564,1129,1591,967
1122,1238,564,1129,1591,967
1130,1238,564,1129,1591,967
1140,1240,564,1129,1591,967
1151,1240,564,1129,1591,967
1161,1240,564,1129,1591,967
1170,1241,564,1129,1591,967
1186,1241,564,1129,1591,967
1199,1242,564,1129,1591,967
1205,1241,564,1129,1591,967
1217,1241,564,1129,1591,967
1227,1240,564,1129,1591,967
1240,1240,564,1129,1591,967
1250,1238,564,1129,1591,967
1257,1237,564,1129,1591,967
1265,1235,564,1129,1591,967
1273,1234,564,1129,1591,967
1279,1233,564,1129,1591,967
1290,1232,564,1129,1591,967
1300,1231,564,1129,1591,967
1312,1230,564,1129,1591,967
1317,1229,564,1129,1591,967
1324,1226,564,1129,1591,967
1333,1224,564,1129,1591,967
1337,1222,564,1129,1591,967
1343,1219,564,1129,1591,967
1352,1216,564,1129,1591,967
1358,1214,564,1129,1591,967
1364,1211,564,1129,1591,967
1370,1208,564,1129,1591,967
1376,1204,564,1129,1591,967
1381,1202,564,1129,1591,967
1385,1200,564,1129,1591,967
1392,1198,564,1129,1591,967
1399,1195,564,1129,1591,967
1405,1193,564,1129,1591,967
1411,1191,564,1129,1591,967
1416,1190,564,1129,1591,967
1423,1188,564,1129,1591,967
1430,1186,564,1129,1591,967
1436,1184,564,1129,1591,967
1442,1181,564,1129,1591,967
1446,1179,564,1129,1591,967
1454,1174,564,1129,1591,967
1460,1169,564,1129,1591,967
1465,1166,564,1129,1591,967
1473,1160,564,1129,1591,967
1478,1157,564,1129,1591,967
1484,1154,564,1129,1591,967
1492,1150,564,1129,1591,967
1496,1146,564,1129,1591,967
1500,1141,564,1129,1591,967
1505,1136,564,1129,1591,967
1509,1132,564,1129,1591,967
1513,1127,564,1129,1591,967
1518,1121,564,1129,1591,967
1522,1116,564,1129,1591,967
1526,1111,564,1129,1591,967
1528,1108,564,1129,1591,967
1530,1104,564,1129,1591,967
1533,1100,564,1129,1591,967
1535,1098,564,1129,1591,967
1540,1093,564,1129,1591,967
1542,1090,564,1129,1591,967
1546,1085,564,1129,1591,967
1549,1080,564,1129,1591,967
1551,1077,564,1129,1591,967
1554,1070,564,1129,1591,967
1558,1065,564,1129,1591,967
1563,1060,564,1129,1591,967
1565,1055,564,1129,1591,967
1567,1051,564,1129,1591,967
1568,1045,564,1129,1591,967
1570,1042,564,1129,1591,967
1573,1037,564,1129,1591,967
1574,1033,564,1129,1591,967
1576,1028,564,1129,1591,967
1580,1022,564,1129,1591,967
1581,1019,564,1129,1591,967
1583,1015,564,1129,1591,967
1586,1011,564,1129,1591,967
1587,1008,564,1129,1591,967
1588,1004,564,1129,1591,967
1588,1000,564,1129,1591,967
1589,993,564,1129,1591,967
1591,989,564,1129,1591,967
1592,984,564,1129,1591,967
1594,979,564,1129,1591,967
1595,975,564,1129,1591,967
1595,969,564,1129,1591,967
1596,962,564,1129,1591,967
1597,957,564,1129,1591,967
1597,952,564,1129,1591,967
1597,946,564,1129,1591,967
1597,940,564,1129,1591,967
1597,932,564,1129,1591,967
1597,927,564,1129,1591,967
1596,920,564,1129,1591,967
1596,914,564,1129,1591,967
1595,906,564,1129,1591,967
1595,896,564,1129,1591,967
1595,889,564,1129,1591,967
1595,878,564,1129,1591,967
1593,866,564,1129,1591,967
1592,856,564,1129,1591,967
1590,845,564,1129,1591,967
1588,836,564,1129,1591,967
1586,825,564,1129,1591,967
1585,817,564,1129,1591,967
1582,806,564,1129,1591,967
1579,794,564,1129,1591,967
1577,785,564,1129,1591,967
1573,772,564,1129,1591,967
1570,762,564,1129,1591,967
1566,747,564,1129,1591,967
1562,733,564,1129,1591,967
1558,724,564,1129,1591,967
1553,713,564,1129,1591,967
1549,704,564,1129,1591,967
1545,695,564,1129,1591,967
1540,685,564,1129,1591,967
1537,680,564,1129,1591,967
1533,672,564,1129,1591,967
1530,666,564,1129,1591,967
1525,659,564,1129,1591,967
1520,651,564,1129,1591,967
1515,644,564,1129,1591,967
1510,636,564,1129,1591,967
1504,628,564,1129,1591,967
1500,622,564,1129,1591,967
1493,615,564,1129,1591,967
1488,608,564,1129,1591,967
1481,599,564,1129,1591,967
1473,590,564,1129,1591,967
1467,584,564,1129,1591,967
1459,576,564,1129,1591,967
1453,570,564,1129,1591,967
1444,563,564,1129,1591,967
1437,556,564,1129,1591,967
1428,547,564,1129,1591,967
1417,538,564,1129,1591,967
1408,532,564,1129,1591,967
1400,525,564,1129,1591,967
1392,520,564,1129,1591,967
1385,514,564,1129,1591,967
1373,507,564,1129,1591,967
1368,504,564,1129,1591,967
1359,497,564,1129,1591,967
1350,492,564,1129,1591,967
1340,485,564,1129,1591,967
1330,477,564,1129,1591,967
1322,473,564,1129,1591,967
1310,465,564,1129,1591,967
1299,459,564,1129,1591,967
1292,455,564,1129,1591,967
1283,450,564,1129,1591,967
1278,447,564,1129,1591,967
1270,443,564,1129,1591,967
1260,438,564,1129,1591,967
1253,434,564,1129,1591,967
1243,430,564,1129,1591,967
1236,427,564,1129,1591,967
1225,424,564,1129,1591,967
1213,421,564,1129,1591,967
1207,420,564,1129,1591,967
1198,416,564,1129,1591,967
1190,413,564,1129,1591,967
1180,410,564,1129,1591,967
1171,408,564,1129,1591,967
1164,406,564,1129,1591,967
1159,404,564,1129,1591,967
1154,402,564,1129,1591,967
1148,400,564,1129,1591,967
1141,398,564,1129,1591,967
1136,396,564,1129,1591,967
1131,396,564,1129,1591,967
1125,394,564,1129,1591,967
1115,391,564,1129,1591,967
1105,389,564,1129,1591,967
1095,386,564,1129,1591,967
1087,385,564,1129,1591,967
1076,382,564,1129,1591,967
1073,380,564,1129,1591,967
1069,378,564,1129,1591,967
1065,377,564,1129,1591,967
1064,377,564,1129,1591,967
1064,377,564,1129,1591,967
1064,377,564,1129,1591,967
1064,377,564,1129,1591,967
1064,377,564,1129,1591,967
1064,377,564,1129,1591,967
