886,368,550,988,1615,1084
886,368,550,988,1615,1084
886,368,550,988,1615,1084
886,368,550,988,1615,1084
886,368,550,988,1615,1084
886,368,550,988,1615,1084
886,368,550,988,1615,1084
886,368,550,988,1615,1084
886,368,550,988,1615,1084
886,368,550,988,1615,1084
878,372,550,988,1615,1084
867,376,550,988,1615,1084
861,379,550,988,1615,1084
855,383,550,988,1615,1084
849,387,550,988,1615,1084
839,393,550,988,1615,1084
831,398,550,988,1615,1084
826,401,550,988,1615,1084
819,406,550,988,1615,1084
812,410,550,988,1615,1084
806,414,550,988,1615,1084
798,420,550,988,1615,1084
789,425,550,988,1615,1084
783,429,550,988,1615,1084
775,434,550,988,1615,1084
769,438,550,988,1615,1084
762,443,550,988,1615,1084
757,447,550,988,1615,1084
749,451,550,988,1615,1084
742,456,550,988,1615,1084
735,459,550,988,1615,1084
728,464,550,988,1615,1084
720,469,550,988,1615,1084
714,472,550,988,1615,1084
707,477,550,988,1615,1084
702,480,550,988,1615,1084
696,485,550,988,1615,1084
691,489,550,988,1615,1084
683,495,550,988,1615,1084
678,500,550,988,1615,1084
673,504,550,988,1615,1084
666,509,550,988,1615,1084
661,514,550,988,1615,1084
654,521,550,988,1615,1084
647,527,550,988,1615,1084
642,532,550,988,1615,1084
638,537,550,988,1615,1084
629,545,550,988,1615,1084
622,553,550,988,1615,1084
618,558,550,988,1615,1084
612,566,550,988,1615,1084
606,577,550,988,1615,1084
600,590,550,988,1615,1084
592,602,550,988,1615,1084
588,610,550,988,1615,1084
583,619,550,988,1615,1084
579,626,550,988,1615,1084
575,636,550,988,1615,1084
570,645,550,988,1615,1084
567,652,550,988,1615,1084
565,659,550,988,1615,1084
561,664,550,988,1615,1084
558,671,550,988,1615,1084
555,678,550,988,1615,1084
551,685,550,988,1615,1084
549,689,550,988,1615,1084
547,693,550,988,1615,1084
546,698,550,988,1615,1084
544,704,550,988,1615,1084
541,710,550,988,1615,1084
538,716,550,988,1615,1084
536,724,550,988,1615,1084
532,731,550,988,1615,1084
529,738,550,988,1615,1084
528,742,550,988,1615,1084
526,747,550,988,1615,1084
524,751,550,988,1615,1084
521,759,550,988,1615,1084
518,766,550,988,1615,1084
517,772,550,988,1615,1084
516,778,550,988,1615,1084
514,785,550,988,1615,1084
512,792,550,988,1615,1084
511,796,550,988,1615,1084
510,803,550,988,1615,1084
510,810,550,988,1615,1084
511,819,550,988,1615,1084
511,827,550,988,1615,1084
511,833,550,988,1615,1084
511,840,550,988,1615,1084
511,844,550,988,1615,1084
512,848,550,988,1615,1084
512,854,550,988,1615,1084
512,857,550,988,1615,1084
512,861,550,988,1615,1084
512,864,550,988,1615,1084
513,868,550,988,1615,1084
513,872,550,988,1615,1084
514,877,550,988,1615,1084
515,883,550,988,1615,1084
516,888,550,988,1615,1084
518,894,550,988,1615,1084
519,899,550,988,1615,1084
520,906,550,988,1615,1084
521,912,550,988,1615,1084
523,916,550,988,1615,1084
524,921,550,988,1615,1084
525,925,550,988,1615,1084
526,929,550,988,1615,1084
527,933,550,988,1615,1084
528,937,550,988,1615,1084
529,941,550,988,1615,1084
530,943,550,988,1615,1084
531,948,550,988,1615,1084
532,953,550,988,1615,1084
533,956,550,988,1615,1084
535,959,550,988,1615,1084
538,964,550,988,1615,1084
540,969,550,988,1615,1084
542,972,550,988,1615,1084
544,976,550,988,1615,1084
547,981,550,988,1615,1084
551,987,550,988,1615,1084
554,992,550,988,1615,1084
558,998,550,988,1615,1084
562,1003,550,988,1615,1084
563,1006,550,988,1615,1084
566,1009,550,988,1615,1084
569,1013,550,988,1615,1084
573,1018,550,988,1615,1084
576,1022,550,988,1615,1084
581,1027,550,988,1615,1084
586,1031,550,988,1615,1084
592,1034,550,988,1615,1084
598,1039,550,988,1615,1084
604,1043,550,988,1615,1084
614,1049,550,988,1615,1084
622,1055,550,988,1615,1084
631,1061,550,988,1615,1084
638,1066,550,988,1615,1084
642,1068,550,988,1615,1084
650,1074,550,988,1615,1084
658,1078,550,988,1615,1084
661,1080,550,988,1615,1084
666,1083,550,988,1615,1084
672,1086,550,988,1615,1084
678,1089,550,988,1615,1084
685,1092,550,988,1615,1084
690,1095,550,988,1615,1084
696,1098,550,988,1615,1084
703,1102,550,988,1615,1084
707,1105,550,988,1615,1084
712,1108,550,988,1615,1084
725,1111,550,988,1615,1084
737,1115,550,988,1615,1084
744,1118,550,988,1615,1084
750,1120,550,988,1615,1084
761,1125,550,988,1615,1084
779,1132,550,988,1615,1084
792,1136,550,988,1615,1084
806,1141,550,988,1615,1084
817,1143,550,988,1615,1084
834,1148,550,988,1615,1084
846,1152,550,988,1615,1084
855,1154,550,988,1615,1084
865,1156,550,988,1615,1084
874,1159,550,988,1615,1084
888,1161,550,988,1615,1084
896,1163,550,988,1615,1084
904,1164,550,988,1615,1084
911,1165,550,988,1615,1084
920,1167,550,988,1615,1084
931,1168,550,988,1615,1084
937,1169,550,988,1615,1084
941,1169,550,988,1615,1084
947,1169,550,988,1615,1084
954,1169,550,988,1615,1084
967,1169,550,988,1615,1084
978,1169,550,988,1615,1084
984,1169,550,988,1615,1084
997,1169,550,988,1615,1084
1009,1169,550,988,1615,1084
1024,1169,550,988,1615,1084
1035,1169,550,988,1615,1084
1051,1171,550,988,1615,1084
1067,1173,550,988,1615,1084
1078,1175,550,988,1615,1084
1084,1176,550,988,1615,1084
1086,1176,550,988,1615,1084
1099,1177,550,988,1615,1084
1120,1180,550,988,1615,1084
1136,1180,550,988,1615,1084
1163,1182,550,988,1615,1084
1177,1183,550,988,1615,1084
1199,1186,550,988,1615,1084
1213,1186,550,988,1615,1084
1231,1188,550,988,1615,1084
1246,1189,550,988,1615,1084
1265,1190,550,988,1615,1084
1285,1190,550,988,1615,1084
1298,1190,550,988,1615,1084
1319,1191,550,988,1615,1084
1333,1191,550,988,1615,1084
1349,1190,550,988,1615,1084
1357,1190,550,988,1615,1084
1364,1189,550,988,1615,1084
1375,1188,550,988,1615,1084
1386,1187,550,988,1615,1084
1398,1186,550,988,1615,1084
1404,1185,550,988,1615,1084
1409,1184,550,988,1615,1084
1416,1183,550,988,1615,1084
1422,1182,550,988,1615,1084
1432,1179,550,988,1615,1084
1442,1178,550,988,1615,1084
1448,1177,550,988,1615,1084
1455,1176,550,988,1615,1084
1462,1175,550,988,1615,1084
1474,1174,550,988,1615,1084
1483,1172,550,988,1615,1084
1486,1170,550,988,1615,1084
1492,1168,550,988,1615,1084
1499,1165,550,988,1615,1084
1505,1162,550,988,1615,1084
1509,1160,550,988,1615,1084
1514,1157,550,988,1615,1084
1518,1155,550,988,1615,1084
1525,1152,550,988,1615,1084
1534,1149,550,988,1615,1084
1539,1147,550,988,1615,1084
1543,1145,550,988,1615,1084
1547,1143,550,988,1615,1084
1553,1141,550,988,1615,1084
1555,1139,550,988,1615,1084
1557,1137,550,988,1615,1084
1562,1134,550,988,1615,1084
1567,1131,550,988,1615,1084
1573,1127,550,988,1615,1084
1574,1126,550,988,1615,1084
1577,1123,550,988,1615,1084
1580,1120,550,988,1615,1084
1583,1115,550,988,1615,1084
1586,1110,550,988,1615,1084
1589,1107,550,988,1615,1084
1590,1104,550,988,1615,1084
1591,1102,550,988,1615,1084
1593,1101,550,988,1615,1084
1598,1098,550,988,1615,1084
1601,1095,550,988,1615,1084
1606,1092,550,988,1615,1084
1609,1090,550,988,1615,1084
1612,1086,550,988,1615,1084
1615,1082,550,988,1615,1084
1620,1077,550,988,1615,1084
1624,1073,550,988,1615,1084
1626,1070,550,988,1615,1084
1627,1064,550,988,1615,1084
1629,1058,550,988,1615,1084
1633,1049,550,988,1615,1084
1635,1041,550,988,1615,1084
1637,1034,550,988,1615,1084
1640,1024,550,988,1615,1084
1643,1017,550,988,1615,1084
1645,1007,550,988,1615,1084
1647,998,550,988,1615,1084
1650,987,550,988,1615,1084
1652,978,550,988,1615,1084
1653,972,550,988,1615,1084
1655,961,550,988,1615,1084
1655,954,550,988,1615,1084
1657,944,550,988,1615,1084
1658,935,550,988,1615,1084
1658,924,550,988,1615,1084
1658,911,550,988,1615,1084
1658,901,550,988,1615,1084
1657,886,550,988,1615,1084
1657,870,550,988,1615,1084
1657,858,550,988,1615,1084
1655,843,550,988,1615,1084
1654,832,550,988,1615,1084
1652,819,550,988,1615,1084
1650,808,550,988,1615,1084
1649,802,550,988,1615,1084
1647,794,550,988,1615,1084
1646,787,550,988,1615,1084
1644,777,550,988,1615,1084
1640,765,550,988,1615,1084
1636,755,550,988,1615,1084
1630,742,550,988,1615,1084
1625,731,550,988,1615,1084
1616,715,550,988,1615,1084
1612,706,550,988,1615,1084
1604,692,550,988,1615,1084
1595,680,550,988,1615,1084
1590,670,550,988,1615,1084
1581,659,550,988,1615,1084
1574,649,550,988,1615,1084
1567,641,550,988,1615,1084
1558,630,550,988,1615,1084
1552,623,550,988,1615,1084
1542,613,550,988,1615,1084
1534,606,550,988,1615,1084
1524,597,550,988,1615,1084
1514,589,550,988,1615,1084
1505,580,550,988,1615,1084
1493,572,550,988,1615,1084
1479,563,550,988,1615,1084
1466,554,550,988,1615,1084
1450,544,550,988,1615,1084
1439,536,550,988,1615,1084
1421,525,550,988,1615,1084
1408,519,550,988,1615,1084
1392,512,550,988,1615,1084
1379,506,550,988,1615,1084
1368,501,550,988,1615,1084
1354,496,550,988,1615,1084
1338,490,550,988,1615,1084
1326,485,550,988,1615,1084
1309,479,550,988,1615,1084
1296,473,550,988,1615,1084
1276,465,550,988,1615,1084
1264,460,550,988,1615,1084
1245,452,550,988,1615,1084
1225,443,550,988,1615,1084
1214,439,550,988,1615,1084
1202,434,550,988,1615,1084
1193,431,550,988,1615,1084
1179,427,550,988,1615,1084
1171,425,550,988,1615,1084
1161,422,550,988,1615,1084
1152,419,550,988,1615,1084
1149,417,550,988,1615,1084
1140,413,550,988,1615,1084
1129,409,550,988,1615,1084
1125,407,550,988,1615,1084
1119,404,550,988,1615,1084
1116,403,550,988,1615,1084
1112,401,550,988,1615,1084
1106,397,550,988,1615,1084
1101,394,550,988,1615,1084
1096,391,550,988,1615,1084
1092,389,550,988,1615,1084
1087,387,550,988,1615,1084
1081,385,550,988,1615,1084
1075,382,550,988,1615,1084
1070,379,550,988,1615,1084
1067,378,550,988,1615,1084
1064,377,550,988,1615,1084
1062,375,550,988,1615,1084
1059,374,550,988,1615,1084
1059,374,550,988,1615,1084
1059,374,550,988,1615,1084
1059,374,550,988,1615,1084
1059,374,550,988,1615,1084
1059,374,550,988,1615,1084
1059,373,550,988,1615,1084
1059,373,550,988,1615,1084
1059,373,550,988,1615,1084
