889,370,421,1150,1552,1067
889,370,421,1150,1552,1067
889,370,421,1150,1552,1067
889,370,421,1150,1552,1067
889,370,421,1150,1552,1067
889,370,421,1150,1552,1067
884,371,421,1150,1552,1067
876,373,421,1150,1552,1067
868,376,421,1150,1552,1067
862,379,421,1150,1552,1067
857,382,421,1150,1552,1067
850,387,421,1150,1552,1067
840,391,421,1150,1552,1067
833,395,421,1150,1552,1067
826,399,421,1150,1552,1067
820,402,421,1150,1552,1067
810,407,421,1150,1552,1067
800,412,421,1150,1552,1067
792,415,421,1150,1552,1067
783,420,421,1150,1552,1067
774,424,421,1150,1552,1067
769,427,421,1150,1552,1067
760,431,421,1150,1552,1067
752,434,421,1150,1552,1067
743,440,421,1150,1552,1067
733,446,421,1150,1552,1067
724,450,421,1150,1552,1067
714,456,421,1150,1552,1067
709,459,421,1150,1552,1067
702,464,421,1150,1552,1067
693,470,421,1150,1552,1067
685,475,421,1150,1552,1067
673,483,421,1150,1552,1067
662,490,421,1150,1552,1067
654,495,421,1150,1552,1067
641,502,421,1150,1552,1067
628,513,421,1150,1552,1067
619,519,421,1150,1552,1067
612,524,421,1150,1552,1067
605,530,421,1150,1552,1067
595,538,421,1150,1552,1067
587,546,421,1150,1552,1067
581,553,421,1150,1552,1067
573,563,421,1150,1552,1067
566,569,421,1150,1552,1067
559,577,421,1150,1552,1067
553,584,421,1150,1552,1067
548,590,421,1150,1552,1067
542,596,421,1150,1552,1067
537,603,421,1150,1552,1067
532,609,421,1150,1552,1067
528,615,421,1150,1552,1067
522,623,421,1150,1552,1067
516,630,421,1150,1552,1067
510,639,421,1150,1552,1067
506,645,421,1150,1552,1067
499,654,421,1150,1552,1067
492,664,421,1150,1552,1067
488,671,421,1150,1552,1067
481,680,421,1150,1552,1067
475,689,421,1150,1552,1067
472,695,421,1150,1552,1067
468,703,421,1150,1552,1067
466,706,421,1150,1552,1067
463,711,421,1150,1552,1067
459,716,421,1150,1552,1067
457,719,421,1150,1552,1067
454,724,421,1150,1552,1067
451,730,421,1150,1552,1067
447,736,421,1150,1552,1067
443,742,421,1150,1552,1067
440,748,421,1150,1552,1067
437,756,421,1150,1552,1067
433,763,421,1150,1552,1067
429,771,421,1150,1552,1067
426,778,421,1150,1552,1067
423,783,421,1150,1552,1067
420,790,421,1150,1552,1067
417,796,421,1150,1552,1067
416,800,421,1150,1552,1067
413,805,421,1150,1552,1067
412,810,421,1150,1552,1067
410,818,421,1150,1552,1067
408,823,421,1150,1552,1067
407,827,421,1150,1552,1067
405,832,421,1150,1552,1067
403,838,421,1150,1552,1067
401,845,421,1150,1552,1067
399,851,421,1150,1552,1067
399,858,421,1150,1552,1067
397,865,421,1150,1552,1067
396,877,421,1150,1552,1067
394,891,421,1150,1552,1067
394,898,421,1150,1552,1067
394,903,421,1150,1552,1067
394,909,421,1150,1552,1067
394,913,421,1150,1552,1067
394,919,421,1150,1552,1067
394,925,421,1150,1552,1067
394,930,421,1150,1552,1067
394,939,421,1150,1552,1067
394,949,421,1150,1552,1067
394,957,421,1150,1552,1067
392,966,421,1150,1552,1067
391,974,421,1150,1552,1067
391,980,421,1150,1552,1067
390,986,421,1150,1552,1067
389,992,421,1150,1552,1067
388,997,421,1150,1552,1067
388,1001,421,1150,1552,1067
388,1004,421,1150,1552,1067
388,1008,421,1150,1552,1067
388,1013,421,1150,1552,1067
388,1017,421,1150,1552,1067
388,1022,421,1150,1552,1067
388,1027,421,1150,1552,1067
388,1033,421,1150,1552,1067
388,1040,421,1150,1552,1067
389,1044,421,1150,1552,1067
389,1050,421,1150,1552,1067
389,1055,421,1150,1552,1067
390,1058,421,1150,1552,1067
390,1061,421,1150,1552,1067
391,1063,421,1150,1552,1067
391,1066,421,1150,1552,1067
391,1068,421,1150,1552,1067
391,1069,421,1150,1552,1067
391,1069,421,1150,1552,1067
391,1069,421,1150,1552,1067
394,1077,421,1150,1552,1067
396,1082,421,1150,1552,1067
397,1088,421,1150,1552,1067
398,1093,421,1150,1552,1067
399,1096,421,1150,1552,1067
400,1100,421,1150,1552,1067
401,1103,421,1150,1552,1067
402,1106,421,1150,1552,1067
404,1110,421,1150,1552,1067
407,1116,421,1150,1552,1067
409,1120,421,1150,1552,1067
411,1124,421,1150,1552,1067
413,1128,421,1150,1552,1067
414,1131,421,1150,1552,1067
415,1134,421,1150,1552,1067
416,1136,421,1150,1552,1067
417,1139,421,1150,1552,1067
419,1143,421,1150,1552,1067
420,1145,421,1150,1552,1067
422,1149,421,1150,1552,1067
424,1152,421,1150,1552,1067
427,1157,421,1150,1552,1067
431,1162,421,1150,1552,1067
434,1165,421,1150,1552,1067
438,1169,421,1150,1552,1067
442,1173,421,1150,1552,1067
446,1176,421,1150,1552,1067
450,1179,421,1150,1552,1067
454,1182,421,1150,1552,1067
459,1184,421,1150,1552,1067
461,1186,421,1150,1552,1067
462,1186,421,1150,1552,1067
464,1187,421,1150,1552,1067
474,1191,421,1150,1552,1067
482,1194,421,1150,1552,1067
488,1198,421,1150,1552,1067
493,1199,421,1150,1552,1067
497,1201,421,1150,1552,1067
501,1202,421,1150,1552,1067
506,1204,421,1150,1552,1067
510,1205,421,1150,1552,1067
516,1208,421,1150,1552,1067
522,1211,421,1150,1552,1067
527,1214,421,1150,1552,1067
536,1219,421,1150,1552,1067
542,1221,421,1150,1552,1067
546,1225,421,1150,1552,1067
553,1228,421,1150,1552,1067
558,1232,421,1150,1552,1067
567,1236,421,1150,1552,1067
575,1240,421,1150,1552,1067
581,1243,421,1150,1552,1067
589,1247,421,1150,1552,1067
599,1250,421,1150,1552,1067
612,1253,421,1150,1552,1067
630,1260,421,1150,1552,1067
645,1265,421,1150,1552,1067
652,1268,421,1150,1552,1067
658,1270,421,1150,1552,1067
671,1272,421,1150,1552,1067
683,1275,421,1150,1552,1067
694,1277,421,1150,1552,1067
702,1278,421,1150,1552,1067
710,1280,421,1150,1552,1067
717,1281,421,1150,1552,1067
724,1283,421,1150,1552,1067
729,1283,421,1150,1552,1067
738,1286,421,1150,1552,1067
749,1289,421,1150,1552,1067
755,1291,421,1150,1552,1067
761,1293,421,1150,1552,1067
767,1294,421,1150,1552,1067
778,1295,421,1150,1552,1067
793,1299,421,1150,1552,1067
805,1304,421,1150,1552,1067
821,1312,421,1150,1552,1067
839,1323,421,1150,1552,1067
851,1331,421,1150,1552,1067
862,1339,421,1150,1552,1067
866,1341,421,1150,1552,1067
872,1343,421,1150,1552,1067
881,1344,421,1150,1552,1067
887,1344,421,1150,1552,1067
896,1344,421,1150,1552,1067
912,1345,421,1150,1552,1067
923,1345,421,1150,1552,1067
935,1345,421,1150,1552,1067
942,1345,421,1150,1552,1067
953,1345,421,1150,1552,1067
960,1345,421,1150,1552,1067
969,1345,421,1150,1552,1067
978,1345,421,1150,1552,1067
986,1345,421,1150,1552,1067
995,1345,421,1150,1552,1067
1009,1345,421,1150,1552,1067
1016,1345,421,1150,1552,1067
1027,1345,421,1150,1552,1067
1036,1345,421,1150,1552,1067
1045,1345,421,1150,1552,1067
1052,1345,421,1150,1552,1067
1061,1345,421,1150,1552,1067
1071,1345,421,1150,1552,1067
1082,1345,421,1150,1552,1067
1091,1345,421,1150,1552,1067
1098,1345,421,1150,1552,1067
1105,1345,421,1150,1552,1067
1117,1345,421,1150,1552,1067
1127,1344,421,1150,1552,1067
1137,1344,421,1150,1552,1067
1145,1344,421,1150,1552,1067
1149,1343,421,1150,1552,1067
1151,1343,421,1150,1552,1067
1159,1342,421,1150,1552,1067
1168,1341,421,1150,1552,1067
1181,1341,421,1150,1552,1067
1189,1341,421,1150,1552,1067
1194,1341,421,1150,1552,1067
1205,1341,421,1150,1552,1067
1215,1341,421,1150,1552,1067
1220,1340,421,1150,1552,1067
1225,1339,421,1150,1552,1067
1233,1338,421,1150,1552,1067
1248,1338,421,1150,1552,1067
1261,1336,421,1150,1552,1067
1272,1334,421,1150,1552,1067
1278,1333,421,1150,1552,1067
1282,1331,421,1150,1552,1067
1289,1329,421,1150,1552,1067
1298,1326,421,1150,1552,1067
1303,1324,421,1150,1552,1067
1309,1322,421,1150,1552,1067
1322,1320,421,1150,1552,1067
1331,1319,421,1150,1552,1067
1338,1317,421,1150,1552,1067
1347,1314,421,1150,1552,1067
1354,1312,421,1150,1552,1067
1362,1309,421,1150,1552,1067
1366,1308,421,1150,1552,1067
1373,1305,421,1150,1552,1067
1379,1303,421,1150,1552,1067
1384,1301,421,1150,1552,1067
1389,1299,421,1150,1552,1067
1391,1297,421,1150,1552,1067
1396,1294,421,1150,1552,1067
1401,1292,421,1150,1552,1067
1405,1290,421,1150,1552,1067
1409,1289,421,1150,1552,1067
1417,1288,421,1150,1552,1067
1419,1287,421,1150,1552,1067
1424,1285,421,1150,1552,1067
1433,1283,421,1150,1552,1067
1437,1281,421,1150,1552,1067
1443,1278,421,1150,1552,1067
1449,1275,421,1150,1552,1067
1454,1271,421,1150,1552,1067
1461,1267,421,1150,1552,1067
1463,1264,421,1150,1552,1067
1468,1261,421,1150,1552,1067
1475,1256,421,1150,1552,1067
1481,1252,421,1150,1552,1067
1485,1250,421,1150,1552,1067
1489,1246,421,1150,1552,1067
1494,1243,421,1150,1552,1067
1498,1239,421,1150,1552,1067
1502,1235,421,1150,1552,1067
1507,1231,421,1150,1552,1067
1511,1226,421,1150,1552,1067
1514,1222,421,1150,1552,1067
1519,1216,421,1150,1552,1067
1523,1211,421,1150,1552,1067
1526,1207,421,1150,1552,1067
1528,1202,421,1150,1552,1067
1531,1196,421,1150,1552,1067
1534,1192,421,1150,1552,1067
1536,1186,421,1150,1552,1067
1538,1183,421,1150,1552,1067
1540,1178,421,1150,1552,1067
1542,1174,421,1150,1552,1067
1542,1170,421,1150,1552,1067
1543,1167,421,1150,1552,1067
1543,1164,421,1150,1552,1067
1543,1161,421,1150,1552,1067
1544,1158,421,1150,1552,1067
1545,1153,421,1150,1552,1067
1546,1149,421,1150,1552,1067
1546,1144,421,1150,1552,1067
1547,1139,421,1150,1552,1067
1548,1134,421,1150,1552,1067
1549,1130,421,1150,1552,1067
1550,1125,421,1150,1552,1067
1552,1120,421,1150,1552,1067
1553,1116,421,1150,1552,1067
1554,1112,421,1150,1552,1067
1554,1108,421,1150,1552,1067
1555,1104,421,1150,1552,1067
1556,1100,421,1150,1552,1067
1557,1094,421,1150,1552,1067
1557,1089,421,1150,1552,1067
1558,1085,421,1150,1552,1067
1559,1080,421,1150,1552,1067
1558,1077,421,1150,1552,1067
1558,1072,421,1150,1552,1067
1558,1067,421,1150,1552,1067
1559,1061,421,1150,1552,1067
1559,1057,421,1150,1552,1067
1559,1051,421,1150,1552,1067
1559,1046,421,1150,1552,1067
1559,1041,421,1150,1552,1067
1559,1033,421,1150,1552,1067
1559,1025,421,1150,1552,1067
1559,1019,421,1150,1552,1067
1559,1011,421,1150,1552,1067
1561,1005,421,1150,1552,1067
1561,996,421,1150,1552,1067
1561,987,421,1150,1552,1067
1561,981,421,1150,1552,1067
1561,972,421,1150,1552,1067
1561,961,421,1150,1552,1067
1561,953,421,1150,1552,1067
1560,943,421,1150,1552,1067
1559,933,421,1150,1552,1067
1559,927,421,1150,1552,1067
1559,918,421,1150,1552,1067
1558,910,421,1150,1552,1067
1558,902,421,1150,1552,1067
1558,893,421,1150,1552,1067
1558,885,421,1150,1552,1067
1557,878,421,1150,1552,1067
1556,870,421,1150,1552,1067
1556,864,421,1150,1552,1067
1555,855,421,1150,1552,1067
1554,847,421,1150,1552,1067
1553,841,421,1150,1552,1067
1551,833,421,1150,1552,1067
1548,823,421,1150,1552,1067
1546,815,421,1150,1552,1067
1542,803,421,1150,1552,1067
1539,796,421,1150,1552,1067
1534,785,421,1150,1552,1067
1528,773,421,1150,1552,1067
1524,766,421,1150,1552,1067
1520,758,421,1150,1552,1067
1515,750,421,1150,1552,1067
1511,745,421,1150,1552,1067
1507,739,421,1150,1552,1067
1504,734,421,1150,1552,1067
1497,726,421,1150,1552,1067
1491,720,421,1150,1552,1067
1487,715,421,1150,1552,1067
1481,710,421,1150,1552,1067
1473,701,421,1150,1552,1067
1467,694,421,1150,1552,1067
1459,687,421,1150,1552,1067
1453,680,421,1150,1552,1067
1445,672,421,1150,1552,1067
1439,665,421,1150,1552,1067
1432,657,421,1150,1552,1067
1428,652,421,1150,1552,1067
1420,645,421,1150,1552,1067
1414,639,421,1150,1552,1067
1408,634,421,1150,1552,1067
1400,626,421,1150,1552,1067
1392,619,421,1150,1552,1067
1385,612,421,1150,1552,1067
1378,606,421,1150,1552,1067
1373,601,421,1150,1552,1067
1368,597,421,1150,1552,1067
1364,593,421,1150,1552,1067
1357,587,421,1150,1552,1067
1352,583,421,1150,1552,1067
1346,578,421,1150,1552,1067
1336,569,421,1150,1552,1067
1329,564,421,1150,1552,1067
1324,559,421,1150,1552,1067
1317,554,421,1150,1552,1067
1310,547,421,1150,1552,1067
1302,542,421,1150,1552,1067
1292,535,421,1150,1552,1067
1281,528,421,1150,1552,1067
1275,524,421,1150,1552,1067
1268,519,421,1150,1552,1067
1263,515,421,1150,1552,1067
1261,514,421,1150,1552,1067
1261,514,421,1150,1552,1067
1261,514,421,1150,1552,1067
1260,514,421,1150,1552,1067
1244,504,421,1150,1552,1067
1235,498,421,1150,1552,1067
1226,491,421,1150,1552,1067
1221,488,421,1150,1552,1067
1216,485,421,1150,1552,1067
1208,479,421,1150,1552,1067
1200,474,421,1150,1552,1067
1193,469,421,1150,1552,1067
1186,465,421,1150,1552,1067
1179,459,421,1150,1552,1067
1167,453,421,1150,1552,1067
1157,447,421,1150,1552,1067
1146,440,421,1150,1552,1067
1135,432,421,1150,1552,1067
1129,429,421,1150,1552,1067
1124,426,421,1150,1552,1067
1118,422,421,1150,1552,1067
1112,418,421,1150,1552,1067
1104,413,421,1150,1552,1067
1095,407,421,1150,1552,1067
1088,402,421,1150,1552,1067
1081,397,421,1150,1552,1067
1073,391,421,1150,1552,1067
1067,386,421,1150,1552,1067
1061,382,421,1150,1552,1067
1055,377,421,1150,1552,1067
1053,374,421,1150,1552,1067
1052,373,421,1150,1552,1067
1052,373,421,1150,1552,1067
1052,373,421,1150,1552,1067
1052,373,421,1150,1552,1067
1052,372,421,1150,1552,1067
1052,369,421,1150,1552,1067
1052,367,421,1150,1552,1067
1053,364,421,1150,1552,1067
1053,364,421,1150,1552,1067
1053,364,421,1150,1552,1067
1053,364,421,1150,1552,1067
