891,370,600,891,1512,895
891,370,600,891,1512,895
891,370,600,891,1512,895
891,370,600,891,1512,895
891,370,600,891,1512,895
890,370,600,891,1512,895
883,374,600,891,1512,895
879,376,600,891,1512,895
872,380,600,891,1512,895
865,385,600,891,1512,895
859,389,600,891,1512,895
857,391,600,891,1512,895
853,395,600,891,1512,895
848,400,600,891,1512,895
844,403,600,891,1512,895
839,408,600,891,1512,895
832,414,600,891,1512,895
827,419,600,891,1512,895
821,425,600,891,1512,895
815,429,600,891,1512,895
809,435,600,891,1512,895
801,440,600,891,1512,895
796,444,600,891,1512,895
789,450,600,891,1512,895
782,457,600,891,1512,895
776,462,600,891,1512,895
769,471,600,891,1512,895
763,477,600,891,1512,895
755,485,600,891,1512,895
748,493,600,891,1512,895
742,499,600,891,1512,895
736,506,600,891,1512,895
731,511,600,891,1512,895
729,514,600,891,1512,895
724,520,600,891,1512,895
719,525,600,891,1512,895
715,528,600,891,1512,895
710,533,600,891,1512,895
707,537,600,891,1512,895
702,544,600,891,1512,895
696,552,600,891,1512,895
691,558,600,891,1512,895
686,565,600,891,1512,895
682,570,600,891,1512,895
675,578,600,891,1512,895
671,584,600,891,1512,895
667,589,600,891,1512,895
663,595,600,891,1512,895
659,599,600,891,1512,895
655,605,600,891,1512,895
650,613,600,891,1512,895
647,618,600,891,1512,895
642,625,600,891,1512,895
638,631,600,891,1512,895
635,635,600,891,1512,895
631,642,600,891,1512,895
627,648,600,891,1512,895
624,653,600,891,1512,895
621,657,600,891,1512,895
619,661,600,891,1512,895
615,666,600,891,1512,895
612,671,600,891,1512,895
609,675,600,891,1512,895
606,682,600,891,1512,895
603,688,600,891,1512,895
600,694,600,891,1512,895
596,702,600,891,1512,895
593,708,600,891,1512,895
590,714,600,891,1512,895
587,723,600,891,1512,895
586,731,600,891,1512,895
584,741,600,891,1512,895
583,746,600,891,1512,895
583,752,600,891,1512,895
583,757,600,891,1512,895
584,760,600,891,1512,895
584,766,600,891,1512,895
584,770,600,891,1512,895
585,776,600,891,1512,895
585,782,600,891,1512,895
585,787,600,891,1512,895
585,795,600,891,1512,895
585,802,600,891,1512,895
585,806,600,891,1512,895
585,811,600,891,1512,895
585,815,600,891,1512,895
585,819,600,891,1512,895
585,824,600,891,1512,895
585,829,600,891,1512,895
585,833,600,891,1512,895
585,838,600,891,1512,895
586,841,600,891,1512,895
586,846,600,891,1512,895
586,853,600,891,1512,895
586,857,600,891,1512,895
587,862,600,891,1512,895
587,867,600,891,1512,895
588,873,600,891,1512,895
589,878,600,891,1512,895
590,882,600,891,1512,895
591,888,600,891,1512,895
594,896,600,891,1512,895
596,900,600,891,1512,895
600,907,600,891,1512,895
602,911,600,891,1512,895
604,916,600,891,1512,895
607,922,600,891,1512,895
610,925,600,891,1512,895
613,931,600,891,1512,895
615,936,600,891,1512,895
619,940,600,891,1512,895
623,945,600,891,1512,895
626,948,600,891,1512,895
632,953,600,891,1512,895
639,959,600,891,1512,895
646,963,600,891,1512,895
654,970,600,891,1512,895
661,975,600,891,1512,895
672,984,600,891,1512,895
679,989,600,891,1512,895
689,996,600,891,1512,895
699,1004,600,891,1512,895
708,1010,600,891,1512,895
711,1013,600,891,1512,895
718,1017,600,891,1512,895
724,1022,600,891,1512,895
733,1028,600,891,1512,895
740,1033,600,891,1512,895
751,1038,600,891,1512,895
759,1043,600,891,1512,895
764,1045,600,891,1512,895
774,1050,600,891,1512,895
787,1056,600,891,1512,895
798,1060,600,891,1512,895
808,1064,600,891,1512,895
816,1067,600,891,1512,895
826,1072,600,891,1512,895
840,1077,600,891,1512,895
849,1082,600,891,1512,895
862,1086,600,891,1512,895
873,1090,600,891,1512,895
880,1094,600,891,1512,895
892,1099,600,891,1512,895
901,1102,600,891,1512,895
911,1107,600,891,1512,895
919,1111,600,891,1512,895
926,1112,600,891,1512,895
938,1114,600,891,1512,895
945,1115,600,891,1512,895
949,1115,600,891,1512,895
956,1115,600,891,1512,895
963,1115,600,891,1512,895
972,1115,600,891,1512,895
977,1115,600,891,1512,895
984,1115,600,891,1512,895
996,1117,600,891,1512,895
1008,1118,600,891,1512,895
1015,1119,600,891,1512,895
1023,1121,600,891,1512,895
1029,1121,600,891,1512,895
1036,1122,600,891,1512,895
1051,1124,600,891,1512,895
1060,1124,600,891,1512,895
1065,1124,600,891,1512,895
1073,1124,600,891,1512,895
1081,1124,600,891,1512,895
1090,1124,600,891,1512,895
1095,1124,600,891,1512,895
1105,1124,600,891,1512,895
1115,1124,600,891,1512,895
1125,1123,600,891,1512,895
1135,1122,600,891,1512,895
1144,1121,600,891,1512,895
1157,1120,600,891,1512,895
1170,1119,600,891,1512,895
1178,1117,600,891,1512,895
1187,1114,600,891,1512,895
1192,1111,600,891,1512,895
1199,1107,600,891,1512,895
1205,1104,600,891,1512,895
1213,1100,600,891,1512,895
1219,1098,600,891,1512,895
1220,1097,600,891,1512,895
1227,1094,600,891,1512,895
1235,1093,600,891,1512,895
1241,1092,600,891,1512,895
1251,1091,600,891,1512,895
1259,1089,600,891,1512,895
1267,1087,600,891,1512,895
1274,1085,600,891,1512,895
1282,1082,600,891,1512,895
1295,1078,600,891,1512,895
1303,1075,600,891,1512,895
1307,1074,600,891,1512,895
1313,1071,600,891,1512,895
1321,1068,600,891,1512,895
1332,1064,600,891,1512,895
1338,1060,600,891,1512,895
1342,1058,600,891,1512,895
1349,1053,600,891,1512,895
1357,1050,600,891,1512,895
1365,1045,600,891,1512,895
1372,1041,600,891,1512,895
1376,1038,600,891,1512,895
1385,1034,600,891,1512,895
1392,1030,600,891,1512,895
1400,1025,600,891,1512,895
1405,1021,600,891,1512,895
1410,1018,600,891,1512,895
1413,1015,600,891,1512,895
1419,1010,600,891,1512,895
1422,1006,600,891,1512,895
1426,1001,600,891,1512,895
1430,995,600,891,1512,895
1434,992,600,891,1512,895
1441,987,600,891,1512,895
1447,982,600,891,1512,895
1451,980,600,891,1512,895
1455,978,600,891,1512,895
1458,976,600,891,1512,895
1462,974,600,891,1512,895
1466,971,600,891,1512,895
1469,970,600,891,1512,895
1473,966,600,891,1512,895
1477,963,600,891,1512,895
1481,958,600,891,1512,895
1483,953,600,891,1512,895
1487,946,600,891,1512,895
1491,941,600,891,1512,895
1495,936,600,891,1512,895
1497,932,600,891,1512,895
1500,927,600,891,1512,895
1503,924,600,891,1512,895
1507,921,600,891,1512,895
1509,920,600,891,1512,895
1511,917,600,891,1512,895
1513,913,600,891,1512,895
1514,911,600,891,1512,895
1517,905,600,891,1512,895
1519,899,600,891,1512,895
1520,893,600,891,1512,895
1522,885,600,891,1512,895
1524,880,600,891,1512,895
1525,874,600,891,1512,895
1525,867,600,891,1512,895
1526,862,600,891,1512,895
1527,855,600,891,1512,895
1527,848,600,891,1512,895
1527,843,600,891,1512,895
1527,834,600,891,1512,895
1526,826,600,891,1512,895
1523,814,600,891,1512,895
1521,803,600,891,1512,895
1519,795,600,891,1512,895
1517,783,600,891,1512,895
1515,774,600,891,1512,895
1511,762,600,891,1512,895
1507,751,600,891,1512,895
1504,742,600,891,1512,895
1499,730,600,891,1512,895
1493,718,600,891,1512,895
1489,706,600,891,1512,895
1487,700,600,891,1512,895
1483,691,600,891,1512,895
1479,684,600,891,1512,895
1474,674,600,891,1512,895
1469,666,600,891,1512,895
1464,659,600,891,1512,895
1460,650,600,891,1512,895
1455,642,600,891,1512,895
1449,632,600,891,1512,895
1443,623,600,891,1512,895
1437,616,600,891,1512,895
1431,605,600,891,1512,895
1425,596,600,891,1512,895
1422,590,600,891,1512,895
1417,583,600,891,1512,895
1411,573,600,891,1512,895
1404,563,600,891,1512,895
1399,556,600,891,1512,895
1391,545,600,891,1512,895
1381,535,600,891,1512,895
1375,529,600,891,1512,895
1369,522,600,891,1512,895
1362,514,600,891,1512,895
1356,508,600,891,1512,895
1346,500,600,891,1512,895
1338,493,600,891,1512,895
1332,489,600,891,1512,895
1327,484,600,891,1512,895
1318,477,600,891,1512,895
1311,472,600,891,1512,895
1300,464,600,891,1512,895
1293,459,600,891,1512,895
1283,451,600,891,1512,895
1273,445,600,891,1512,895
1265,440,600,891,1512,895
1256,433,600,891,1512,895
1247,429,600,891,1512,895
1239,425,600,891,1512,895
1228,419,600,891,1512,895
1219,415,600,891,1512,895
1209,411,600,891,1512,895
1200,408,600,891,1512,895
1194,406,600,891,1512,895
1185,404,600,891,1512,895
1176,401,600,891,1512,895
1169,400,600,891,1512,895
1160,398,600,891,1512,895
1155,397,600,891,1512,895
1148,395,600,891,1512,895
1144,394,600,891,1512,895
1141,393,600,891,1512,895
1135,391,600,891,1512,895
1128,389,600,891,1512,895
1123,387,600,891,1512,895
1116,384,600,891,1512,895
1109,382,600,891,1512,895
1100,379,600,891,1512,895
1093,377,600,891,1512,895
1089,377,600,891,1512,895
1087,376,600,891,1512,895
1085,376,600,891,1512,895
1085,376,600,891,1512,895
1085,376,600,891,1512,895
1085,376,600,891,1512,895
1085,376,600,891,1512,895
1085,376,600,891,1512,895
1085,376,600,891,1512,895
1085,376,600,891,1512,895
1085,376,600,891,1512,895
1085,376,600,891,1512,895
1085,376,600,891,1512,895
1084,376,600,891,1512,895
1073,374,600,891,1512,895
1065,372,600,891,1512,895
1063,372,600,891,1512,895
1063,372,600,891,1512,895
1063,372,600,891,1512,895
1063,372,600,891,1512,895
1063,372,600,891,1512,895
1063,371,600,891,1512,895
