0.1,894,374,0.0,0.0
0.2,894,374,0.0,0.0
0.30000000000000004,894,375,0.0,10.0
0.4,894,375,0.0,0.0
0.5,886,376,-80.0,10.0
0.6000000000000001,881,378,-50.0,20.0
0.7000000000000001,871,378,-100.0,0.0
0.8,863,380,-80.0,20.0
0.9,854,382,-90.0,20.0
1.0,835,384,-190.0,20.0
1.1,820,387,-150.0,30.0
1.2000000000000002,806,393,-140.0,60.0
1.3,791,398,-150.0,50.0
1.4000000000000001,774,403,-170.0,50.0
1.5,752,409,-220.0,60.0
1.6,744,413,-80.0,40.0
1.7000000000000002,735,415,-90.0,20.0
1.8,722,422,-130.0,70.0
1.9000000000000001,711,426,-110.0,40.0
2.0,696,431,-150.0,50.0
2.1,688,435,-80.0,40.0
2.2,677,440,-110.0,50.0
2.3000000000000003,668,445,-90.0,50.0
2.4000000000000004,655,453,-130.0,80.0
2.5,644,459,-110.0,60.0
2.6,635,464,-90.0,50.0
2.7,621,472,-140.0,80.0
2.8000000000000003,610,478,-110.0,60.0
2.9000000000000004,598,487,-120.0,90.0
3.0,593,492,-50.0,50.0
3.1,585,497,-80.0,50.0
3.2,574,503,-110.0,60.0
3.3000000000000003,558,512,-160.0,90.0
3.4000000000000004,545,521,-130.0,90.0
3.5,530,532,-150.0,110.0
3.6,515,543,-150.0,110.0
3.7,498,554,-170.0,110.0
3.8000000000000003,491,559,-70.0,50.0
3.9000000000000004,485,563,-60.0,40.0
4.0,478,569,-70.0,60.0
4.1000000000000005,471,576,-70.0,70.0
4.2,463,585,-80.0,90.0
4.3,456,597,-70.0,120.0
4.4,452,602,-40.0,50.0
4.5,446,609,-60.0,70.0
4.6000000000000005,442,618,-40.0,90.0
4.7,435,631,-70.0,130.0
4.800000000000001,427,639,-80.0,80.0
4.9,424,645,-30.0,60.0
5.0,417,655,-70.0,100.0
5.1000000000000005,408,666,-90.0,110.0
5.2,401,676,-70.0,100.0
5.300000000000001,395,685,-60.0,90.0
5.4,392,691,-30.0,60.0
5.5,385,702,-70.0,110.0
5.6000000000000005,380,713,-50.0,110.0
5.7,378,719,-20.0,60.0
5.800000000000001,374,728,-40.0,90.0
5.9,368,739,-60.0,110.0
6.0,365,750,-30.0,110.0
6.1000000000000005,362,759,-30.0,90.0
6.2,360,765,-20.0,60.0
6.300000000000001,359,773,-10.0,80.0
6.4,359,779,0.0,60.0
6.5,359,786,0.0,70.0
6.6000000000000005,360,794,10.0,80.0
6.7,360,801,0.0,70.0
6.800000000000001,360,809,0.0,80.0
6.9,360,819,0.0,100.0
7.0,360,826,0.0,70.0
7.1000000000000005,359,833,-10.0,70.0
7.2,359,838,0.0,50.0
7.300000000000001,359,842,0.0,40.0
7.4,360,846,10.0,40.0
7.5,361,852,10.0,60.0
7.6000000000000005,362,858,10.0,60.0
7.7,365,864,30.0,60.0
7.800000000000001,366,868,10.0,40.0
7.9,368,871,20.0,30.0
8.0,370,875,20.0,40.0
8.1,373,880,30.0,50.0
8.200000000000001,377,886,40.0,60.0
8.3,381,891,40.0,50.0
8.4,383,896,20.0,50.0
8.5,385,900,20.0,40.0
8.6,388,904,30.0,40.0
8.700000000000001,393,911,50.0,70.0
8.8,400,919,70.0,80.0
8.9,406,924,60.0,50.0
9.0,415,932,90.0,80.0
9.1,427,938,120.0,60.0
9.200000000000001,434,942,70.0,40.0
9.3,446,948,120.0,60.0
9.4,462,955,160.0,70.0
9.5,477,962,150.0,70.0
9.600000000000001,478,963,10.0,10.0
9.700000000000001,479,963,10.0,0.0
9.8,482,964,30.0,10.0
9.9,495,968,130.0,40.0
10.0,508,971,130.0,30.0
10.100000000000001,509,971,10.0,0.0
10.200000000000001,509,971,0.0,0.0
10.3,518,976,90.0,50.0
10.4,541,986,230.0,100.0
10.5,553,989,120.0,30.0
10.600000000000001,554,990,10.0,10.0
10.700000000000001,560,992,60.0,20.0
10.8,577,999,170.0,70.0
10.9,586,1004,90.0,50.0
11.0,587,1005,10.0,10.0
11.100000000000001,599,1010,120.0,50.0
11.200000000000001,610,1013,110.0,30.0
11.3,622,1017,120.0,40.0
11.4,637,1021,150.0,40.0
11.5,644,1023,70.0,20.0
11.600000000000001,658,1027,140.0,40.0
11.700000000000001,673,1031,150.0,40.0
11.8,692,1035,190.0,40.0
11.9,709,1038,170.0,30.0
12.0,727,1041,180.0,30.0
12.100000000000001,742,1044,150.0,30.0
12.200000000000001,752,1044,100.0,0.0
12.3,761,1045,90.0,10.0
12.4,779,1046,180.0,10.0
12.5,802,1048,230.0,20.0
12.600000000000001,813,1049,110.0,10.0
12.700000000000001,819,1050,60.0,10.0
12.8,829,1051,100.0,10.0
12.9,840,1052,110.0,10.0
13.0,854,1054,140.0,20.0
13.100000000000001,863,1054,90.0,0.0
13.200000000000001,866,1054,30.0,0.0
13.3,875,1054,90.0,0.0
13.4,890,1055,150.0,10.0
13.5,890,1055,0.0,0.0
13.600000000000001,894,1055,40.0,0.0
13.700000000000001,904,1055,100.0,0.0
13.8,915,1055,110.0,0.0
13.9,928,1056,130.0,10.0
14.0,940,1056,120.0,0.0
14.100000000000001,948,1056,80.0,0.0
14.200000000000001,952,1056,40.0,0.0
14.3,955,1056,30.0,0.0
14.4,961,1057,60.0,10.0
14.5,973,1057,120.0,0.0
14.600000000000001,980,1057,70.0,0.0
14.700000000000001,989,1057,90.0,0.0
14.8,1000,1057,110.0,0.0
14.9,1005,1057,50.0,0.0
15.0,1012,1057,70.0,0.0
15.100000000000001,1023,1057,110.0,0.0
15.200000000000001,1033,1057,100.0,0.0
15.3,1040,1058,70.0,10.0
15.4,1048,1058,80.0,0.0
15.5,1054,1059,60.0,10.0
15.600000000000001,1064,1059,100.0,0.0
15.700000000000001,1077,1060,130.0,10.0
15.8,1089,1062,120.0,20.0
15.9,1103,1062,140.0,0.0
16.0,1114,1062,110.0,0.0
16.1,1123,1064,90.0,20.0
16.2,1139,1066,160.0,20.0
16.3,1147,1068,80.0,20.0
16.400000000000002,1154,1069,70.0,10.0
16.5,1164,1070,100.0,10.0
16.6,1172,1072,80.0,20.0
16.7,1186,1075,140.0,30.0
16.8,1200,1077,140.0,20.0
16.900000000000002,1215,1080,150.0,30.0
17.0,1223,1081,80.0,10.0
17.1,1229,1082,60.0,10.0
17.2,1242,1083,130.0,10.0
17.3,1256,1085,140.0,20.0
17.400000000000002,1271,1088,150.0,30.0
17.5,1283,1090,120.0,20.0
17.6,1284,1090,10.0,0.0
17.7,1284,1090,0.0,0.0
17.8,1290,1092,60.0,20.0
17.900000000000002,1293,1093,30.0,10.0
18.0,1294,1093,10.0,0.0
18.1,1295,1093,10.0,0.0
18.2,1307,1096,120.0,30.0
18.3,1328,1100,210.0,40.0
18.400000000000002,1330,1100,20.0,0.0
18.5,1330,1100,0.0,0.0
18.6,1330,1100,0.0,0.0
18.7,1330,1100,0.0,0.0
18.8,1330,1101,0.0,10.0
18.900000000000002,1331,1102,10.0,10.0
19.0,1339,1105,80.0,30.0
19.1,1342,1106,30.0,10.0
19.200000000000003,1342,1106,0.0,0.0
19.3,1342,1106,0.0,0.0
19.400000000000002,1342,1106,0.0,0.0
19.5,1342,1106,0.0,0.0
19.6,1342,1106,0.0,0.0
19.700000000000003,1343,1106,10.0,0.0
19.8,1343,1106,0.0,0.0
19.900000000000002,1343,1106,0.0,0.0
20.0,1344,1107,10.0,10.0
20.1,1344,1106,0.0,-10.0
20.200000000000003,1344,1106,0.0,0.0
20.3,1346,1107,20.0,10.0
20.400000000000002,1346,1107,0.0,0.0
20.5,1346,1107,0.0,0.0
20.6,1346,1107,0.0,0.0
20.700000000000003,1346,1107,0.0,0.0
20.8,1346,1107,0.0,0.0
20.900000000000002,1343,1102,-30.0,-50.0
21.0,1337,1090,-60.0,-120.0
21.1,1333,1081,-40.0,-90.0
21.200000000000003,1330,1074,-30.0,-70.0
21.3,1327,1067,-30.0,-70.0
21.400000000000002,1322,1059,-50.0,-80.0
21.5,1319,1052,-30.0,-70.0
21.6,1315,1041,-40.0,-110.0
21.700000000000003,1308,1030,-70.0,-110.0
21.8,1301,1017,-70.0,-130.0
21.900000000000002,1297,1005,-40.0,-120.0
22.0,1289,990,-80.0,-150.0
22.1,1279,973,-100.0,-170.0
22.200000000000003,1273,959,-60.0,-140.0
22.3,1263,942,-100.0,-170.0
22.400000000000002,1255,924,-80.0,-180.0
22.5,1246,910,-90.0,-140.0
22.6,1241,894,-50.0,-160.0
22.700000000000003,1237,884,-40.0,-100.0
22.8,1233,875,-40.0,-90.0
22.900000000000002,1229,863,-40.0,-120.0
23.0,1225,854,-40.0,-90.0
23.1,1220,841,-50.0,-130.0
23.200000000000003,1216,831,-40.0,-100.0
23.3,1213,821,-30.0,-100.0
23.400000000000002,1205,805,-80.0,-160.0
23.5,1196,791,-90.0,-140.0
23.6,1193,783,-30.0,-80.0
23.700000000000003,1184,767,-90.0,-160.0
23.8,1177,753,-70.0,-140.0
23.900000000000002,1166,736,-110.0,-170.0
24.0,1157,719,-90.0,-170.0
24.1,1149,706,-80.0,-130.0
24.200000000000003,1139,687,-100.0,-190.0
24.3,1127,670,-120.0,-170.0
24.400000000000002,1117,654,-100.0,-160.0
24.5,1112,641,-50.0,-130.0
24.6,1105,629,-70.0,-120.0
24.700000000000003,1099,618,-60.0,-110.0
24.8,1092,603,-70.0,-150.0
24.900000000000002,1084,589,-80.0,-140.0
25.0,1073,566,-110.0,-230.0
25.1,1065,549,-80.0,-170.0
25.200000000000003,1053,527,-120.0,-220.0
25.3,1048,515,-50.0,-120.0
25.400000000000002,1040,500,-80.0,-150.0
25.5,1031,479,-90.0,-210.0
25.6,1025,466,-60.0,-130.0
25.700000000000003,1021,450,-40.0,-160.0
25.8,1017,434,-40.0,-160.0
25.900000000000002,1017,422,0.0,-120.0
26.0,1015,410,-20.0,-120.0
26.1,1015,400,0.0,-100.0
26.200000000000003,1016,395,10.0,-50.0
26.3,1016,392,0.0,-30.0
26.400000000000002,1016,391,0.0,-10.0
26.5,1016,391,0.0,0.0
26.6,1016,391,0.0,0.0
26.700000000000003,1017,390,10.0,-10.0
26.8,1017,390,0.0,0.0
26.900000000000002,1017,390,0.0,0.0
27.0,1018,388,10.0,-20.0
27.1,1019,388,10.0,0.0
27.200000000000003,1019,388,0.0,0.0
27.3,1020,386,10.0,-20.0
27.400000000000002,1024,384,40.0,-20.0
27.5,1026,381,20.0,-30.0
27.6,1027,381,10.0,0.0
27.700000000000003,1028,379,10.0,-20.0
27.8,1028,378,0.0,-10.0
