0.1,901,387,0.0,0.0
0.2,901,387,0.0,0.0
0.30000000000000004,901,387,0.0,0.0
0.4,901,387,0.0,0.0
0.5,901,387,0.0,0.0
0.6000000000000001,901,387,0.0,0.0
0.7000000000000001,901,387,0.0,0.0
0.8,896,388,-50.0,10.0
0.9,875,392,-210.0,40.0
1.0,857,397,-180.0,50.0
1.1,852,400,-50.0,30.0
1.2000000000000002,844,400,-80.0,0.0
1.3,827,399,-170.0,-10.0
1.4000000000000001,805,401,-220.0,20.0
1.5,795,405,-100.0,40.0
1.6,780,409,-150.0,40.0
1.7000000000000002,759,415,-210.0,60.0
1.8,750,419,-90.0,40.0
1.9000000000000001,745,422,-50.0,30.0
2.0,730,428,-150.0,60.0
2.1,716,434,-140.0,60.0
2.2,702,442,-140.0,80.0
2.3000000000000003,687,449,-150.0,70.0
2.4000000000000004,667,459,-200.0,100.0
2.5,648,473,-190.0,140.0
2.6,626,487,-220.0,140.0
2.7,599,506,-270.0,190.0
2.8000000000000003,581,523,-180.0,170.0
2.9000000000000004,570,532,-110.0,90.0
3.0,564,538,-60.0,60.0
3.1,555,548,-90.0,100.0
3.2,540,561,-150.0,130.0
3.3000000000000003,526,573,-140.0,120.0
3.4000000000000004,515,589,-110.0,160.0
3.5,509,598,-60.0,90.0
3.6,500,613,-90.0,150.0
3.7,493,627,-70.0,140.0
3.8000000000000003,483,646,-100.0,190.0
3.9000000000000004,479,663,-40.0,170.0
4.0,476,676,-30.0,130.0
4.1000000000000005,470,696,-60.0,200.0
4.2,466,716,-40.0,200.0
4.3,460,728,-60.0,120.0
4.4,453,745,-70.0,170.0
4.5,449,756,-40.0,110.0
4.6000000000000005,445,768,-40.0,120.0
4.7,443,775,-20.0,70.0
4.800000000000001,442,783,-10.0,80.0
4.9,438,796,-40.0,130.0
5.0,436,807,-20.0,110.0
5.1000000000000005,431,821,-50.0,140.0
5.2,426,836,-50.0,150.0
5.300000000000001,423,848,-30.0,120.0
5.4,418,860,-50.0,120.0
5.5,414,870,-40.0,100.0
5.6000000000000005,410,882,-40.0,120.0
5.7,406,893,-40.0,110.0
5.800000000000001,405,901,-10.0,80.0
5.9,400,912,-50.0,110.0
6.0,396,922,-40.0,100.0
6.1000000000000005,395,930,-10.0,80.0
6.2,395,936,0.0,60.0
6.300000000000001,394,945,-10.0,90.0
6.4,394,954,0.0,90.0
6.5,393,963,-10.0,90.0
6.6000000000000005,393,972,0.0,90.0
6.7,394,979,10.0,70.0
6.800000000000001,394,988,0.0,90.0
6.9,394,994,0.0,60.0
7.0,391,1006,-30.0,120.0
7.1000000000000005,391,1017,0.0,110.0
7.2,391,1026,0.0,90.0
7.300000000000001,388,1039,-30.0,130.0
7.4,388,1062,0.0,230.0
7.5,389,1073,10.0,110.0
7.6000000000000005,386,1082,-30.0,90.0
7.7,384,1092,-20.0,100.0
7.800000000000001,382,1099,-20.0,70.0
7.9,381,1104,-10.0,50.0
8.0,378,1110,-30.0,60.0
8.1,376,1116,-20.0,60.0
8.200000000000001,372,1123,-40.0,70.0
8.3,368,1135,-40.0,120.0
8.4,365,1143,-30.0,80.0
8.5,360,1152,-50.0,90.0
8.6,360,1160,0.0,80.0
8.700000000000001,360,1167,0.0,70.0
8.8,361,1171,10.0,40.0
8.9,362,1173,10.0,20.0
9.0,364,1174,20.0,10.0
9.1,369,1175,50.0,10.0
9.200000000000001,370,1176,10.0,10.0
9.3,372,1176,20.0,0.0
9.4,373,1176,10.0,0.0
9.5,373,1176,0.0,0.0
9.600000000000001,373,1176,0.0,0.0
9.700000000000001,373,1176,0.0,0.0
9.8,376,1175,30.0,-10.0
9.9,386,1175,100.0,0.0
10.0,407,1175,210.0,0.0
10.100000000000001,427,1173,200.0,-20.0
10.200000000000001,443,1173,160.0,0.0
10.3,461,1173,180.0,0.0
10.4,476,1172,150.0,-10.0
10.5,497,1172,210.0,0.0
10.600000000000001,519,1169,220.0,-30.0
10.700000000000001,546,1164,270.0,-50.0
10.8,581,1159,350.0,-50.0
10.9,610,1153,290.0,-60.0
11.0,640,1148,300.0,-50.0
11.100000000000001,653,1146,130.0,-20.0
11.200000000000001,667,1146,140.0,0.0
11.3,693,1143,260.0,-30.0
11.4,710,1140,170.0,-30.0
11.5,724,1138,140.0,-20.0
11.600000000000001,741,1136,170.0,-20.0
11.700000000000001,755,1134,140.0,-20.0
11.8,784,1131,290.0,-30.0
11.9,810,1128,260.0,-30.0
12.0,820,1127,100.0,-10.0
12.100000000000001,829,1127,90.0,0.0
12.200000000000001,842,1127,130.0,0.0
12.3,864,1127,220.0,0.0
12.4,888,1128,240.0,10.0
12.5,904,1129,160.0,10.0
12.600000000000001,920,1132,160.0,30.0
12.700000000000001,936,1134,160.0,20.0
12.8,950,1136,140.0,20.0
12.9,970,1139,200.0,30.0
13.0,991,1140,210.0,10.0
13.100000000000001,1002,1141,110.0,10.0
13.200000000000001,1014,1141,120.0,0.0
13.3,1043,1139,290.0,-20.0
13.4,1081,1138,380.0,-10.0
13.5,1104,1136,230.0,-20.0
13.600000000000001,1121,1134,170.0,-20.0
13.700000000000001,1130,1134,90.0,0.0
13.8,1139,1134,90.0,0.0
13.9,1150,1133,110.0,-10.0
14.0,1158,1133,80.0,0.0
14.100000000000001,1169,1133,110.0,0.0
14.200000000000001,1183,1133,140.0,0.0
14.3,1203,1134,200.0,10.0
14.4,1220,1134,170.0,0.0
14.5,1249,1135,290.0,10.0
14.600000000000001,1271,1136,220.0,10.0
14.700000000000001,1295,1137,240.0,10.0
14.8,1304,1136,90.0,-10.0
14.9,1308,1137,40.0,10.0
15.0,1324,1139,160.0,20.0
15.100000000000001,1342,1137,180.0,-20.0
15.200000000000001,1346,1138,40.0,10.0
15.3,1348,1138,20.0,0.0
15.4,1351,1138,30.0,0.0
15.5,1358,1138,70.0,0.0
15.600000000000001,1366,1138,80.0,0.0
15.700000000000001,1372,1138,60.0,0.0
15.8,1377,1138,50.0,0.0
15.9,1379,1138,20.0,0.0
16.0,1379,1138,0.0,0.0
16.1,1383,1137,40.0,-10.0
16.2,1394,1137,110.0,0.0
16.3,1405,1136,110.0,-10.0
16.400000000000002,1410,1133,50.0,-30.0
16.5,1416,1131,60.0,-20.0
16.6,1428,1129,120.0,-20.0
16.7,1433,1127,50.0,-20.0
16.8,1435,1125,20.0,-20.0
16.900000000000002,1439,1123,40.0,-20.0
17.0,1439,1122,0.0,-10.0
17.1,1439,1122,0.0,0.0
17.2,1439,1122,0.0,0.0
17.3,1439,1122,0.0,0.0
17.400000000000002,1439,1122,0.0,0.0
17.5,1439,1122,0.0,0.0
17.6,1438,1122,-10.0,0.0
17.7,1438,1122,0.0,0.0
17.8,1435,1118,-30.0,-40.0
17.900000000000002,1432,1114,-30.0,-40.0
18.0,1427,1107,-50.0,-70.0
18.1,1421,1097,-60.0,-100.0
18.2,1416,1087,-50.0,-100.0
18.3,1411,1077,-50.0,-100.0
18.400000000000002,1407,1064,-40.0,-130.0
18.5,1398,1046,-90.0,-180.0
18.6,1389,1029,-90.0,-170.0
18.7,1382,1014,-70.0,-150.0
18.8,1354,981,-280.0,-330.0
18.900000000000002,1322,952,-320.0,-290.0
19.0,1314,940,-80.0,-120.0
19.1,1307,921,-70.0,-190.0
19.200000000000003,1300,908,-70.0,-130.0
19.3,1293,895,-70.0,-130.0
19.400000000000002,1281,877,-120.0,-180.0
19.5,1271,861,-100.0,-160.0
19.6,1267,848,-40.0,-130.0
19.700000000000003,1263,839,-40.0,-90.0
19.8,1257,827,-60.0,-120.0
19.900000000000002,1251,815,-60.0,-120.0
20.0,1246,803,-50.0,-120.0
20.1,1242,790,-40.0,-130.0
20.200000000000003,1237,772,-50.0,-180.0
20.3,1231,747,-60.0,-250.0
20.400000000000002,1227,724,-40.0,-230.0
20.5,1224,702,-30.0,-220.0
20.6,1213,673,-110.0,-290.0
20.700000000000003,1206,655,-70.0,-180.0
20.8,1206,641,0.0,-140.0
20.900000000000002,1203,623,-30.0,-180.0
21.0,1198,608,-50.0,-150.0
21.1,1193,591,-50.0,-170.0
21.200000000000003,1187,576,-60.0,-150.0
21.3,1183,561,-40.0,-150.0
21.400000000000002,1180,549,-30.0,-120.0
21.5,1173,530,-70.0,-190.0
21.6,1165,510,-80.0,-200.0
21.700000000000003,1157,495,-80.0,-150.0
21.8,1150,481,-70.0,-140.0
21.900000000000002,1143,472,-70.0,-90.0
22.0,1136,461,-70.0,-110.0
22.1,1128,448,-80.0,-130.0
22.200000000000003,1120,440,-80.0,-80.0
22.3,1111,430,-90.0,-100.0
22.400000000000002,1100,420,-110.0,-100.0
22.5,1090,413,-100.0,-70.0
22.6,1083,407,-70.0,-60.0
22.700000000000003,1077,403,-60.0,-40.0
22.8,1071,399,-60.0,-40.0
22.900000000000002,1068,396,-30.0,-30.0
23.0,1064,393,-40.0,-30.0
23.1,1056,386,-80.0,-70.0
23.200000000000003,1053,383,-30.0,-30.0
23.3,1050,380,-30.0,-30.0
23.400000000000002,1050,380,0.0,0.0
