0.1,918,373,0.0,0.0
0.2,918,373,0.0,0.0
0.30000000000000004,918,373,0.0,0.0
0.4,918,373,0.0,0.0
0.5,918,373,0.0,0.0
0.6000000000000001,918,373,0.0,0.0
0.7000000000000001,918,374,0.0,10.0
0.8,910,391,-80.0,170.0
0.9,898,413,-120.0,220.0
1.0,886,435,-120.0,220.0
1.1,877,455,-90.0,200.0
1.2000000000000002,872,466,-50.0,110.0
1.3,866,476,-60.0,100.0
1.4000000000000001,861,488,-50.0,120.0
1.5,853,500,-80.0,120.0
1.6,843,516,-100.0,160.0
1.7000000000000002,836,530,-70.0,140.0
1.8,830,542,-60.0,120.0
1.9000000000000001,821,558,-90.0,160.0
2.0,807,575,-140.0,170.0
2.1,790,596,-170.0,210.0
2.2,776,616,-140.0,200.0
2.3000000000000003,764,628,-120.0,120.0
2.4000000000000004,751,636,-130.0,80.0
2.5,742,646,-90.0,100.0
2.6,736,652,-60.0,60.0
2.7,732,658,-40.0,60.0
2.8000000000000003,721,671,-110.0,130.0
2.9000000000000004,705,683,-160.0,120.0
3.0,698,691,-70.0,80.0
3.1,691,699,-70.0,80.0
3.2,682,708,-90.0,90.0
3.3000000000000003,674,715,-80.0,70.0
3.4000000000000004,667,723,-70.0,80.0
3.5,657,732,-100.0,90.0
3.6,643,744,-140.0,120.0
3.7,636,751,-70.0,70.0
3.8000000000000003,626,761,-100.0,100.0
3.9000000000000004,616,772,-100.0,110.0
4.0,605,787,-110.0,150.0
4.1000000000000005,600,794,-50.0,70.0
4.2,594,802,-60.0,80.0
4.3,589,809,-50.0,70.0
4.4,576,817,-130.0,80.0
4.5,560,826,-160.0,90.0
4.6000000000000005,549,834,-110.0,80.0
4.7,542,843,-70.0,90.0
4.800000000000001,537,856,-50.0,130.0
4.9,531,870,-60.0,140.0
5.0,527,881,-40.0,110.0
5.1000000000000005,522,892,-50.0,110.0
5.2,517,901,-50.0,90.0
5.300000000000001,513,908,-40.0,70.0
5.4,509,916,-40.0,80.0
5.5,502,924,-70.0,80.0
5.6000000000000005,496,931,-60.0,70.0
5.7,489,938,-70.0,70.0
5.800000000000001,476,947,-130.0,90.0
5.9,469,953,-70.0,60.0
6.0,461,960,-80.0,70.0
6.1000000000000005,445,970,-160.0,100.0
6.2,432,981,-130.0,110.0
6.300000000000001,425,987,-70.0,60.0
6.4,419,992,-60.0,50.0
6.5,411,997,-80.0,50.0
6.6000000000000005,405,1001,-60.0,40.0
6.7,399,1004,-60.0,30.0
6.800000000000001,393,1007,-60.0,30.0
6.9,386,1009,-70.0,20.0
7.0,380,1011,-60.0,20.0
7.1000000000000005,373,1015,-70.0,40.0
7.2,371,1017,-20.0,20.0
7.300000000000001,370,1018,-10.0,10.0
7.4,369,1019,-10.0,10.0
7.5,369,1019,0.0,0.0
7.6000000000000005,369,1019,0.0,0.0
7.7,369,1019,0.0,0.0
7.800000000000001,369,1019,0.0,0.0
7.9,369,1020,0.0,10.0
8.0,371,1020,20.0,0.0
8.1,375,1021,40.0,10.0
8.200000000000001,381,1022,60.0,10.0
8.3,388,1022,70.0,0.0
8.4,395,1022,70.0,0.0
8.5,402,1022,70.0,0.0
8.6,410,1022,80.0,0.0
8.700000000000001,427,1022,170.0,0.0
8.8,448,1022,210.0,0.0
8.9,481,1020,330.0,-20.0
9.0,514,1015,330.0,-50.0
9.1,537,1012,230.0,-30.0
9.200000000000001,548,1009,110.0,-30.0
9.3,568,1006,200.0,-30.0
9.4,593,1000,250.0,-60.0
9.5,606,998,130.0,-20.0
9.600000000000001,619,998,130.0,0.0
9.700000000000001,633,998,140.0,0.0
9.8,651,998,180.0,0.0
9.9,678,999,270.0,10.0
10.0,718,999,400.0,0.0
10.100000000000001,756,999,380.0,0.0
10.200000000000001,800,999,440.0,0.0
10.3,820,999,200.0,0.0
10.4,830,999,100.0,0.0
10.5,834,999,40.0,0.0
10.600000000000001,838,999,40.0,0.0
10.700000000000001,851,999,130.0,0.0
10.8,870,999,190.0,0.0
10.9,890,999,200.0,0.0
11.0,904,998,140.0,-10.0
11.100000000000001,921,995,170.0,-30.0
11.200000000000001,933,993,120.0,-20.0
11.3,951,991,180.0,-20.0
11.4,966,988,150.0,-30.0
11.5,979,986,130.0,-20.0
11.600000000000001,991,982,120.0,-40.0
11.700000000000001,1003,979,120.0,-30.0
11.8,1011,980,80.0,10.0
11.9,1018,980,70.0,0.0
12.0,1031,980,130.0,0.0
12.100000000000001,1047,981,160.0,10.0
12.200000000000001,1063,984,160.0,30.0
12.3,1084,986,210.0,20.0
12.4,1128,993,440.0,70.0
12.5,1161,993,330.0,0.0
12.600000000000001,1182,993,210.0,0.0
12.700000000000001,1190,994,80.0,10.0
12.8,1201,993,110.0,-10.0
12.9,1218,991,170.0,-20.0
13.0,1236,990,180.0,-10.0
13.100000000000001,1248,990,120.0,0.0
13.200000000000001,1259,989,110.0,-10.0
13.3,1269,988,100.0,-10.0
13.4,1277,988,80.0,0.0
13.5,1289,988,120.0,0.0
13.600000000000001,1305,988,160.0,0.0
13.700000000000001,1316,987,110.0,-10.0
13.8,1327,987,110.0,0.0
13.9,1336,987,90.0,0.0
14.0,1346,987,100.0,0.0
14.100000000000001,1354,987,80.0,0.0
14.200000000000001,1367,987,130.0,0.0
14.3,1382,987,150.0,0.0
14.4,1398,986,160.0,-10.0
14.5,1412,985,140.0,-10.0
14.600000000000001,1420,985,80.0,0.0
14.700000000000001,1427,984,70.0,-10.0
14.8,1440,981,130.0,-30.0
14.9,1454,980,140.0,-10.0
15.0,1460,981,60.0,10.0
15.100000000000001,1461,981,10.0,0.0
15.200000000000001,1461,981,0.0,0.0
15.3,1461,981,0.0,0.0
15.4,1461,980,0.0,-10.0
15.5,1461,980,0.0,0.0
15.600000000000001,1461,980,0.0,0.0
15.700000000000001,1463,979,20.0,-10.0
15.8,1493,976,300.0,-30.0
15.9,1510,975,170.0,-10.0
16.0,1510,974,0.0,-10.0
16.1,1510,974,0.0,0.0
16.2,1508,972,-20.0,-20.0
16.3,1508,972,0.0,0.0
16.400000000000002,1504,970,-40.0,-20.0
16.5,1487,967,-170.0,-30.0
16.6,1474,963,-130.0,-40.0
16.7,1459,951,-150.0,-120.0
16.8,1441,934,-180.0,-170.0
16.900000000000002,1417,913,-240.0,-210.0
17.0,1404,899,-130.0,-140.0
17.1,1392,882,-120.0,-170.0
17.2,1383,863,-90.0,-190.0
17.3,1373,846,-100.0,-170.0
17.400000000000002,1362,827,-110.0,-190.0
17.5,1356,811,-60.0,-160.0
17.6,1350,793,-60.0,-180.0
17.7,1339,768,-110.0,-250.0
17.8,1334,743,-50.0,-250.0
17.900000000000002,1328,720,-60.0,-230.0
18.0,1318,698,-100.0,-220.0
18.1,1303,673,-150.0,-250.0
18.2,1292,656,-110.0,-170.0
18.3,1285,644,-70.0,-120.0
18.400000000000002,1268,625,-170.0,-190.0
18.5,1255,608,-130.0,-170.0
18.6,1249,601,-60.0,-70.0
18.7,1242,589,-70.0,-120.0
18.8,1233,575,-90.0,-140.0
18.900000000000002,1226,566,-70.0,-90.0
19.0,1219,553,-70.0,-130.0
19.1,1208,535,-110.0,-180.0
19.200000000000003,1196,519,-120.0,-160.0
19.3,1183,503,-130.0,-160.0
19.400000000000002,1162,482,-210.0,-210.0
19.5,1141,465,-210.0,-170.0
19.6,1131,454,-100.0,-110.0
19.700000000000003,1115,440,-160.0,-140.0
19.8,1090,422,-250.0,-180.0
19.900000000000002,1080,414,-100.0,-80.0
20.0,1074,407,-60.0,-70.0
20.1,1067,400,-70.0,-70.0
20.200000000000003,1063,395,-40.0,-50.0
20.3,1060,392,-30.0,-30.0
20.400000000000002,1058,388,-20.0,-40.0
20.5,1054,383,-40.0,-50.0
20.6,1051,380,-30.0,-30.0
20.700000000000003,1051,380,0.0,0.0
