0.1,902,370,0.0,0.0
0.2,902,370,0.0,0.0
0.30000000000000004,902,371,0.0,10.0
0.4,902,371,0.0,0.0
0.5,897,377,-50.0,60.0
0.6000000000000001,892,388,-50.0,110.0
0.7000000000000001,887,398,-50.0,100.0
0.8,880,410,-70.0,120.0
0.9,876,420,-40.0,100.0
1.0,871,428,-50.0,80.0
1.1,864,438,-70.0,100.0
1.2000000000000002,859,447,-50.0,90.0
1.3,854,457,-50.0,100.0
1.4000000000000001,846,467,-80.0,100.0
1.5,837,477,-90.0,100.0
1.6,830,483,-70.0,60.0
1.7000000000000002,823,491,-70.0,80.0
1.8,818,498,-50.0,70.0
1.9000000000000001,811,509,-70.0,110.0
2.0,804,519,-70.0,100.0
2.1,801,529,-30.0,100.0
2.2,792,548,-90.0,190.0
2.3000000000000003,782,567,-100.0,190.0
2.4000000000000004,772,590,-100.0,230.0
2.5,753,623,-190.0,330.0
2.6,738,657,-150.0,340.0
2.7,730,672,-80.0,150.0
2.8000000000000003,724,678,-60.0,60.0
2.9000000000000004,720,683,-40.0,50.0
3.0,717,688,-30.0,50.0
3.1,714,694,-30.0,60.0
3.2,709,702,-50.0,80.0
3.3000000000000003,704,710,-50.0,80.0
3.4000000000000004,701,721,-30.0,110.0
3.5,700,733,-10.0,120.0
3.6,696,748,-40.0,150.0
3.7,692,764,-40.0,160.0
3.8000000000000003,690,779,-20.0,150.0
3.9000000000000004,688,793,-20.0,140.0
4.0,682,808,-60.0,150.0
4.1000000000000005,676,822,-60.0,140.0
4.2,670,847,-60.0,250.0
4.3,663,869,-70.0,220.0
4.4,660,877,-30.0,80.0
4.5,657,883,-30.0,60.0
4.6000000000000005,651,893,-60.0,100.0
4.7,645,900,-60.0,70.0
4.800000000000001,637,909,-80.0,90.0
4.9,629,918,-80.0,90.0
5.0,620,929,-90.0,110.0
5.1000000000000005,612,938,-80.0,90.0
5.2,604,948,-80.0,100.0
5.300000000000001,594,962,-100.0,140.0
5.4,584,976,-100.0,140.0
5.5,577,987,-70.0,110.0
5.6000000000000005,572,998,-50.0,110.0
5.7,571,1003,-10.0,50.0
5.800000000000001,566,1012,-50.0,90.0
5.9,560,1025,-60.0,130.0
6.0,554,1037,-60.0,120.0
6.1000000000000005,549,1045,-50.0,80.0
6.2,543,1055,-60.0,100.0
6.300000000000001,537,1065,-60.0,100.0
6.4,532,1073,-50.0,80.0
6.5,528,1080,-40.0,70.0
6.6000000000000005,523,1087,-50.0,70.0
6.7,520,1093,-30.0,60.0
6.800000000000001,517,1099,-30.0,60.0
6.9,515,1103,-20.0,40.0
7.0,513,1109,-20.0,60.0
7.1000000000000005,510,1115,-30.0,60.0
7.2,506,1119,-40.0,40.0
7.300000000000001,503,1125,-30.0,60.0
7.4,502,1130,-10.0,50.0
7.5,501,1136,-10.0,60.0
7.6000000000000005,500,1139,-10.0,30.0
7.7,499,1141,-10.0,20.0
7.800000000000001,499,1142,0.0,10.0
7.9,499,1142,0.0,0.0
8.0,499,1142,0.0,0.0
8.1,499,1142,0.0,0.0
8.200000000000001,498,1144,-10.0,20.0
8.3,498,1145,0.0,10.0
8.4,498,1145,0.0,0.0
8.5,498,1145,0.0,0.0
8.6,506,1143,80.0,-20.0
8.700000000000001,523,1139,170.0,-40.0
8.8,540,1136,170.0,-30.0
8.9,552,1133,120.0,-30.0
9.0,564,1131,120.0,-20.0
9.1,578,1128,140.0,-30.0
9.200000000000001,590,1124,120.0,-40.0
9.3,605,1121,150.0,-30.0
9.4,622,1117,170.0,-40.0
9.5,635,1114,130.0,-30.0
9.600000000000001,648,1112,130.0,-20.0
9.700000000000001,659,1111,110.0,-10.0
9.8,670,1110,110.0,-10.0
9.9,687,1107,170.0,-30.0
10.0,700,1105,130.0,-20.0
10.100000000000001,724,1100,240.0,-50.0
10.200000000000001,744,1096,200.0,-40.0
10.3,766,1092,220.0,-40.0
10.4,788,1089,220.0,-30.0
10.5,806,1088,180.0,-10.0
10.600000000000001,833,1086,270.0,-20.0
10.700000000000001,857,1085,240.0,-10.0
10.8,880,1085,230.0,0.0
10.9,920,1085,400.0,0.0
11.0,945,1085,250.0,0.0
11.100000000000001,969,1085,240.0,0.0
11.200000000000001,978,1086,90.0,10.0
11.3,991,1087,130.0,10.0
11.4,1014,1088,230.0,10.0
11.5,1050,1087,360.0,-10.0
11.600000000000001,1072,1086,220.0,-10.0
11.700000000000001,1085,1083,130.0,-30.0
11.8,1099,1079,140.0,-40.0
11.9,1118,1076,190.0,-30.0
12.0,1135,1072,170.0,-40.0
12.100000000000001,1149,1068,140.0,-40.0
12.200000000000001,1162,1065,130.0,-30.0
12.3,1173,1064,110.0,-10.0
12.4,1189,1063,160.0,-10.0
12.5,1204,1062,150.0,-10.0
12.600000000000001,1219,1061,150.0,-10.0
12.700000000000001,1242,1059,230.0,-20.0
12.8,1255,1058,130.0,-10.0
12.9,1263,1058,80.0,0.0
13.0,1271,1058,80.0,0.0
13.100000000000001,1280,1057,90.0,-10.0
13.200000000000001,1293,1056,130.0,-10.0
13.3,1304,1053,110.0,-30.0
13.4,1317,1052,130.0,-10.0
13.5,1347,1048,300.0,-40.0
13.600000000000001,1366,1046,190.0,-20.0
13.700000000000001,1375,1045,90.0,-10.0
13.8,1391,1041,160.0,-40.0
13.9,1409,1039,180.0,-20.0
14.0,1425,1034,160.0,-50.0
14.100000000000001,1436,1030,110.0,-40.0
14.200000000000001,1448,1025,120.0,-50.0
14.3,1454,1022,60.0,-30.0
14.4,1457,1021,30.0,-10.0
14.5,1465,1019,80.0,-20.0
14.600000000000001,1472,1018,70.0,-10.0
14.700000000000001,1472,1018,0.0,0.0
14.8,1474,1018,20.0,0.0
14.9,1480,1018,60.0,0.0
15.0,1488,1018,80.0,0.0
15.100000000000001,1489,1018,10.0,0.0
15.200000000000001,1488,1017,-10.0,-10.0
15.3,1489,1017,10.0,0.0
15.4,1487,1016,-20.0,-10.0
15.5,1487,1016,0.0,0.0
15.600000000000001,1486,1015,-10.0,-10.0
15.700000000000001,1477,1006,-90.0,-90.0
15.8,1467,996,-100.0,-100.0
15.9,1459,984,-80.0,-120.0
16.0,1450,972,-90.0,-120.0
16.1,1436,959,-140.0,-130.0
16.2,1427,953,-90.0,-60.0
16.3,1420,947,-70.0,-60.0
16.400000000000002,1410,938,-100.0,-90.0
16.5,1398,928,-120.0,-100.0
16.6,1388,920,-100.0,-80.0
16.7,1375,909,-130.0,-110.0
16.8,1367,899,-80.0,-100.0
16.900000000000002,1362,891,-50.0,-80.0
17.0,1357,883,-50.0,-80.0
17.1,1352,873,-50.0,-100.0
17.2,1348,864,-40.0,-90.0
17.3,1342,854,-60.0,-100.0
17.400000000000002,1330,836,-120.0,-180.0
17.5,1319,820,-110.0,-160.0
17.6,1308,804,-110.0,-160.0
17.7,1300,791,-80.0,-130.0
17.8,1287,776,-130.0,-150.0
17.900000000000002,1275,760,-120.0,-160.0
18.0,1260,743,-150.0,-170.0
18.1,1256,738,-40.0,-50.0
18.2,1252,729,-40.0,-90.0
18.3,1243,712,-90.0,-170.0
18.400000000000002,1236,696,-70.0,-160.0
18.5,1229,677,-70.0,-190.0
18.6,1218,656,-110.0,-210.0
18.7,1212,642,-60.0,-140.0
18.8,1204,620,-80.0,-220.0
18.900000000000002,1189,595,-150.0,-250.0
19.0,1181,581,-80.0,-140.0
19.1,1173,563,-80.0,-180.0
19.200000000000003,1160,542,-130.0,-210.0
19.3,1151,528,-90.0,-140.0
19.400000000000002,1142,514,-90.0,-140.0
19.5,1133,500,-90.0,-140.0
19.6,1126,489,-70.0,-110.0
19.700000000000003,1119,476,-70.0,-130.0
19.8,1113,466,-60.0,-100.0
19.900000000000002,1105,454,-80.0,-120.0
20.0,1099,446,-60.0,-80.0
20.1,1096,438,-30.0,-80.0
20.200000000000003,1088,427,-80.0,-110.0
20.3,1080,416,-80.0,-110.0
20.400000000000002,1072,406,-80.0,-100.0
20.5,1067,398,-50.0,-80.0
20.6,1065,394,-20.0,-40.0
20.700000000000003,1064,392,-10.0,-20.0
20.8,1062,390,-20.0,-20.0
20.900000000000002,1061,387,-10.0,-30.0
21.0,1059,385,-20.0,-20.0
21.1,1059,385,0.0,0.0
21.200000000000003,1059,385,0.0,0.0
