0.1,907,377,0.0,0.0
0.2,907,378,0.0,10.0
0.30000000000000004,907,378,0.0,0.0
0.4,907,378,0.0,0.0
0.5,907,378,0.0,0.0
0.6000000000000001,906,378,-10.0,0.0
0.7000000000000001,906,380,0.0,20.0
0.8,900,392,-60.0,120.0
0.9,895,402,-50.0,100.0
1.0,894,406,-10.0,40.0
1.1,890,411,-40.0,50.0
1.2000000000000002,887,416,-30.0,50.0
1.3,884,424,-30.0,80.0
1.4000000000000001,880,432,-40.0,80.0
1.5,875,441,-50.0,90.0
1.6,870,448,-50.0,70.0
1.7000000000000002,864,455,-60.0,70.0
1.8,854,464,-100.0,90.0
1.9000000000000001,846,471,-80.0,70.0
2.0,841,476,-50.0,50.0
2.1,836,481,-50.0,50.0
2.2,831,486,-50.0,50.0
2.3000000000000003,827,490,-40.0,40.0
2.4000000000000004,823,496,-40.0,60.0
2.5,817,504,-60.0,80.0
2.6,813,510,-40.0,60.0
2.7,808,517,-50.0,70.0
2.8000000000000003,804,525,-40.0,80.0
2.9000000000000004,798,538,-60.0,130.0
3.0,792,550,-60.0,120.0
3.1,787,559,-50.0,90.0
3.2,782,571,-50.0,120.0
3.3000000000000003,778,580,-40.0,90.0
3.4000000000000004,773,593,-50.0,130.0
3.5,766,606,-70.0,130.0
3.6,761,616,-50.0,100.0
3.7,757,630,-40.0,140.0
3.8000000000000003,752,642,-50.0,120.0
3.9000000000000004,746,658,-60.0,160.0
4.0,740,671,-60.0,130.0
4.1000000000000005,734,680,-60.0,90.0
4.2,728,691,-60.0,110.0
4.3,719,705,-90.0,140.0
4.4,712,716,-70.0,110.0
4.5,706,728,-60.0,120.0
4.6000000000000005,700,739,-60.0,110.0
4.7,693,754,-70.0,150.0
4.800000000000001,685,768,-80.0,140.0
4.9,679,778,-60.0,100.0
5.0,672,791,-70.0,130.0
5.1000000000000005,668,799,-40.0,80.0
5.2,660,811,-80.0,120.0
5.300000000000001,652,826,-80.0,150.0
5.4,646,838,-60.0,120.0
5.5,639,853,-70.0,150.0
5.6000000000000005,631,872,-80.0,190.0
5.7,626,885,-50.0,130.0
5.800000000000001,620,901,-60.0,160.0
5.9,617,913,-30.0,120.0
6.0,613,931,-40.0,180.0
6.1000000000000005,611,937,-20.0,60.0
6.2,608,947,-30.0,100.0
6.300000000000001,603,959,-50.0,120.0
6.4,600,964,-30.0,50.0
6.5,596,973,-40.0,90.0
6.6000000000000005,590,983,-60.0,100.0
6.7,583,994,-70.0,110.0
6.800000000000001,578,1005,-50.0,110.0
6.9,573,1017,-50.0,120.0
7.0,572,1026,-10.0,90.0
7.1000000000000005,569,1035,-30.0,90.0
7.2,567,1041,-20.0,60.0
7.300000000000001,567,1044,0.0,30.0
7.4,567,1047,0.0,30.0
7.5,566,1053,-10.0,60.0
7.6000000000000005,562,1060,-40.0,70.0
7.7,558,1068,-40.0,80.0
7.800000000000001,555,1075,-30.0,70.0
7.9,553,1086,-20.0,110.0
8.0,551,1096,-20.0,100.0
8.1,551,1101,0.0,50.0
8.200000000000001,552,1107,10.0,60.0
8.3,553,1110,10.0,30.0
8.4,554,1114,10.0,40.0
8.5,561,1122,70.0,80.0
8.6,563,1125,20.0,30.0
8.700000000000001,566,1128,30.0,30.0
8.8,571,1131,50.0,30.0
8.9,580,1136,90.0,50.0
9.0,590,1140,100.0,40.0
9.1,599,1143,90.0,30.0
9.200000000000001,615,1147,160.0,40.0
9.3,630,1150,150.0,30.0
9.4,649,1152,190.0,20.0
9.5,668,1153,190.0,10.0
9.600000000000001,690,1154,220.0,10.0
9.700000000000001,706,1155,160.0,10.0
9.8,716,1155,100.0,0.0
9.9,731,1155,150.0,0.0
10.0,746,1155,150.0,0.0
10.100000000000001,765,1155,190.0,0.0
10.200000000000001,787,1155,220.0,0.0
10.3,802,1155,150.0,0.0
10.4,815,1155,130.0,0.0
10.5,831,1155,160.0,0.0
10.600000000000001,843,1155,120.0,0.0
10.700000000000001,864,1155,210.0,0.0
10.8,876,1155,120.0,0.0
10.9,890,1155,140.0,0.0
11.0,911,1155,210.0,0.0
11.100000000000001,932,1155,210.0,0.0
11.200000000000001,947,1155,150.0,0.0
11.3,970,1155,230.0,0.0
11.4,999,1155,290.0,0.0
11.5,1020,1155,210.0,0.0
11.600000000000001,1057,1155,370.0,0.0
11.700000000000001,1080,1154,230.0,-10.0
11.8,1098,1151,180.0,-30.0
11.9,1122,1150,240.0,-10.0
12.0,1139,1148,170.0,-20.0
12.100000000000001,1163,1146,240.0,-20.0
12.200000000000001,1185,1143,220.0,-30.0
12.3,1208,1141,230.0,-20.0
12.4,1232,1138,240.0,-30.0
12.5,1253,1134,210.0,-40.0
12.600000000000001,1275,1131,220.0,-30.0
12.700000000000001,1294,1127,190.0,-40.0
12.8,1308,1124,140.0,-30.0
12.9,1320,1120,120.0,-40.0
13.0,1333,1117,130.0,-30.0
13.100000000000001,1352,1112,190.0,-50.0
13.200000000000001,1364,1108,120.0,-40.0
13.3,1374,1103,100.0,-50.0
13.4,1394,1096,200.0,-70.0
13.5,1406,1091,120.0,-50.0
13.600000000000001,1416,1084,100.0,-70.0
13.700000000000001,1434,1076,180.0,-80.0
13.8,1442,1069,80.0,-70.0
13.9,1455,1061,130.0,-80.0
14.0,1469,1051,140.0,-100.0
14.100000000000001,1479,1043,100.0,-80.0
14.200000000000001,1489,1035,100.0,-80.0
14.3,1499,1027,100.0,-80.0
14.4,1511,1019,120.0,-80.0
14.5,1517,1013,60.0,-60.0
14.600000000000001,1529,1005,120.0,-80.0
14.700000000000001,1537,999,80.0,-60.0
14.8,1541,995,40.0,-40.0
14.9,1548,986,70.0,-90.0
15.0,1553,980,50.0,-60.0
15.100000000000001,1559,974,60.0,-60.0
15.200000000000001,1564,967,50.0,-70.0
15.3,1568,963,40.0,-40.0
15.4,1577,956,90.0,-70.0
15.5,1579,952,20.0,-40.0
15.600000000000001,1583,946,40.0,-60.0
15.700000000000001,1590,940,70.0,-60.0
15.8,1592,935,20.0,-50.0
15.9,1596,927,40.0,-80.0
16.0,1600,917,40.0,-100.0
16.1,1602,910,20.0,-70.0
16.2,1602,898,0.0,-120.0
16.3,1602,886,0.0,-120.0
16.400000000000002,1599,874,-30.0,-120.0
16.5,1594,862,-50.0,-120.0
16.6,1587,847,-70.0,-150.0
16.7,1580,836,-70.0,-110.0
16.8,1570,821,-100.0,-150.0
16.900000000000002,1560,805,-100.0,-160.0
17.0,1552,794,-80.0,-110.0
17.1,1543,780,-90.0,-140.0
17.2,1529,761,-140.0,-190.0
17.3,1519,748,-100.0,-130.0
17.400000000000002,1512,737,-70.0,-110.0
17.5,1506,731,-60.0,-60.0
17.6,1495,720,-110.0,-110.0
17.7,1487,714,-80.0,-60.0
17.8,1473,703,-140.0,-110.0
17.900000000000002,1464,695,-90.0,-80.0
18.0,1450,682,-140.0,-130.0
18.1,1433,667,-170.0,-150.0
18.2,1421,655,-120.0,-120.0
18.3,1404,638,-170.0,-170.0
18.400000000000002,1392,625,-120.0,-130.0
18.5,1380,608,-120.0,-170.0
18.6,1364,589,-160.0,-190.0
18.7,1351,576,-130.0,-130.0
18.8,1331,559,-200.0,-170.0
18.900000000000002,1308,539,-230.0,-200.0
19.0,1289,527,-190.0,-120.0
19.1,1268,511,-210.0,-160.0
19.200000000000003,1256,503,-120.0,-80.0
19.3,1243,492,-130.0,-110.0
19.400000000000002,1227,480,-160.0,-120.0
19.5,1215,472,-120.0,-80.0
19.6,1201,462,-140.0,-100.0
19.700000000000003,1189,453,-120.0,-90.0
19.8,1172,443,-170.0,-100.0
19.900000000000002,1157,433,-150.0,-100.0
20.0,1146,426,-110.0,-70.0
20.1,1136,421,-100.0,-50.0
20.200000000000003,1127,415,-90.0,-60.0
20.3,1112,407,-150.0,-80.0
20.400000000000002,1098,399,-140.0,-80.0
20.5,1091,394,-70.0,-50.0
20.6,1081,388,-100.0,-60.0
20.700000000000003,1075,385,-60.0,-30.0
20.8,1068,382,-70.0,-30.0
20.900000000000002,1068,381,0.0,-10.0
21.0,1067,381,-10.0,0.0
21.1,1067,381,0.0,0.0
