0.1,927,374,0.0,0.0
0.2,927,374,0.0,0.0
0.30000000000000004,927,374,0.0,0.0
0.4,927,374,0.0,0.0
0.5,927,374,0.0,0.0
0.6000000000000001,927,374,0.0,0.0
0.7000000000000001,919,399,-80.0,250.0
0.8,898,438,-210.0,390.0
0.9,884,465,-140.0,270.0
1.0,864,495,-200.0,300.0
1.1,844,520,-200.0,250.0
1.2000000000000002,836,540,-80.0,200.0
1.3,828,564,-80.0,240.0
1.4000000000000001,817,584,-110.0,200.0
1.5,810,599,-70.0,150.0
1.6,801,619,-90.0,200.0
1.7000000000000002,790,641,-110.0,220.0
1.8,783,660,-70.0,190.0
1.9000000000000001,776,683,-70.0,230.0
2.0,767,700,-90.0,170.0
2.1,762,711,-50.0,110.0
2.2,753,725,-90.0,140.0
2.3000000000000003,743,738,-100.0,130.0
2.4000000000000004,737,748,-60.0,100.0
2.5,728,759,-90.0,110.0
2.6,719,769,-90.0,100.0
2.7,709,779,-100.0,100.0
2.8000000000000003,700,785,-90.0,60.0
2.9000000000000004,693,795,-70.0,100.0
3.0,688,805,-50.0,100.0
3.1,683,813,-50.0,80.0
3.2,678,824,-50.0,110.0
3.3000000000000003,672,835,-60.0,110.0
3.4000000000000004,666,848,-60.0,130.0
3.5,662,860,-40.0,120.0
3.6,657,875,-50.0,150.0
3.7,655,885,-20.0,100.0
3.8000000000000003,652,893,-30.0,80.0
3.9000000000000004,649,905,-30.0,120.0
4.0,648,917,-10.0,120.0
4.1000000000000005,646,930,-20.0,130.0
4.2,645,941,-10.0,110.0
4.3,645,952,0.0,110.0
4.4,643,966,-20.0,140.0
4.5,640,978,-30.0,120.0
4.6000000000000005,634,993,-60.0,150.0
4.7,627,1006,-70.0,130.0
4.800000000000001,621,1018,-60.0,120.0
4.9,618,1027,-30.0,90.0
5.0,613,1035,-50.0,80.0
5.1000000000000005,610,1043,-30.0,80.0
5.2,608,1049,-20.0,60.0
5.300000000000001,606,1057,-20.0,80.0
5.4,601,1067,-50.0,100.0
5.5,594,1080,-70.0,130.0
5.6000000000000005,589,1090,-50.0,100.0
5.7,585,1098,-40.0,80.0
5.800000000000001,583,1103,-20.0,50.0
5.9,581,1106,-20.0,30.0
6.0,577,1113,-40.0,70.0
6.1000000000000005,575,1119,-20.0,60.0
6.2,571,1127,-40.0,80.0
6.300000000000001,571,1132,0.0,50.0
6.4,571,1132,0.0,0.0
6.5,571,1133,0.0,10.0
6.6000000000000005,571,1133,0.0,0.0
6.7,571,1133,0.0,0.0
6.800000000000001,571,1132,0.0,-10.0
6.9,579,1132,80.0,0.0
7.0,588,1131,90.0,-10.0
7.1000000000000005,599,1131,110.0,0.0
7.2,611,1129,120.0,-20.0
7.300000000000001,632,1125,210.0,-40.0
7.4,649,1123,170.0,-20.0
7.5,669,1120,200.0,-30.0
7.6000000000000005,694,1114,250.0,-60.0
7.7,712,1109,180.0,-50.0
7.800000000000001,744,1102,320.0,-70.0
7.9,787,1091,430.0,-110.0
8.0,815,1083,280.0,-80.0
8.1,847,1074,320.0,-90.0
8.200000000000001,880,1060,330.0,-140.0
8.3,899,1052,190.0,-80.0
8.4,915,1042,160.0,-100.0
8.5,939,1032,240.0,-100.0
8.6,974,1023,350.0,-90.0
8.700000000000001,997,1019,230.0,-40.0
8.8,1015,1017,180.0,-20.0
8.9,1048,1017,330.0,0.0
9.0,1079,1017,310.0,0.0
9.1,1107,1017,280.0,0.0
9.200000000000001,1120,1016,130.0,-10.0
9.3,1132,1014,120.0,-20.0
9.4,1150,1009,180.0,-50.0
9.5,1167,1002,170.0,-70.0
9.600000000000001,1182,994,150.0,-80.0
9.700000000000001,1201,987,190.0,-70.0
9.8,1214,977,130.0,-100.0
9.9,1225,969,110.0,-80.0
10.0,1239,963,140.0,-60.0
10.100000000000001,1256,956,170.0,-70.0
10.200000000000001,1266,952,100.0,-40.0
10.3,1278,950,120.0,-20.0
10.4,1295,947,170.0,-30.0
10.5,1312,947,170.0,0.0
10.600000000000001,1330,946,180.0,-10.0
10.700000000000001,1354,944,240.0,-20.0
10.8,1385,939,310.0,-50.0
10.9,1419,938,340.0,-10.0
11.0,1438,934,190.0,-40.0
11.100000000000001,1447,931,90.0,-30.0
11.200000000000001,1459,929,120.0,-20.0
11.3,1471,928,120.0,-10.0
11.4,1481,926,100.0,-20.0
11.5,1493,925,120.0,-10.0
11.600000000000001,1507,924,140.0,-10.0
11.700000000000001,1511,921,40.0,-30.0
11.8,1516,918,50.0,-30.0
11.9,1523,911,70.0,-70.0
12.0,1532,906,90.0,-50.0
12.100000000000001,1545,899,130.0,-70.0
12.200000000000001,1555,893,100.0,-60.0
12.3,1557,890,20.0,-30.0
12.4,1560,889,30.0,-10.0
12.5,1563,888,30.0,-10.0
12.600000000000001,1565,888,20.0,0.0
12.700000000000001,1578,888,130.0,0.0
12.8,1585,887,70.0,-10.0
12.9,1574,884,-110.0,-30.0
13.0,1572,884,-20.0,0.0
13.100000000000001,1572,884,0.0,0.0
13.200000000000001,1571,884,-10.0,0.0
13.3,1570,882,-10.0,-20.0
13.4,1563,879,-70.0,-30.0
13.5,1558,877,-50.0,-20.0
13.600000000000001,1548,871,-100.0,-60.0
13.700000000000001,1526,854,-220.0,-170.0
13.8,1503,834,-230.0,-200.0
13.9,1490,819,-130.0,-150.0
14.0,1473,797,-170.0,-220.0
14.100000000000001,1454,774,-190.0,-230.0
14.200000000000001,1448,762,-60.0,-120.0
14.3,1437,748,-110.0,-140.0
14.4,1410,719,-270.0,-290.0
14.5,1389,693,-210.0,-260.0
14.600000000000001,1380,679,-90.0,-140.0
14.700000000000001,1366,659,-140.0,-200.0
14.8,1343,634,-230.0,-250.0
14.9,1332,620,-110.0,-140.0
15.0,1317,601,-150.0,-190.0
15.100000000000001,1291,574,-260.0,-270.0
15.200000000000001,1275,559,-160.0,-150.0
15.3,1263,547,-120.0,-120.0
15.4,1244,528,-190.0,-190.0
15.5,1208,505,-360.0,-230.0
15.600000000000001,1182,488,-260.0,-170.0
15.700000000000001,1167,473,-150.0,-150.0
15.8,1160,465,-70.0,-80.0
15.9,1154,458,-60.0,-70.0
16.0,1148,450,-60.0,-80.0
16.1,1140,441,-80.0,-90.0
16.2,1129,430,-110.0,-110.0
16.3,1121,423,-80.0,-70.0
16.400000000000002,1108,412,-130.0,-110.0
16.5,1092,403,-160.0,-90.0
16.6,1080,394,-120.0,-90.0
16.7,1073,389,-70.0,-50.0
16.8,1068,384,-50.0,-50.0
16.900000000000002,1060,377,-80.0,-70.0
17.0,1058,375,-20.0,-20.0
17.1,1058,375,0.0,0.0
