0.1,899,374,0.0,0.0
0.2,899,373,0.0,-10.0
0.30000000000000004,899,373,0.0,0.0
0.4,898,374,-10.0,10.0
0.5,894,374,-40.0,0.0
0.6000000000000001,886,379,-80.0,50.0
0.7000000000000001,877,388,-90.0,90.0
0.8,862,400,-150.0,120.0
0.9,850,410,-120.0,100.0
1.0,842,418,-80.0,80.0
1.1,831,427,-110.0,90.0
1.2000000000000002,820,436,-110.0,90.0
1.3,804,450,-160.0,140.0
1.4000000000000001,787,464,-170.0,140.0
1.5,775,475,-120.0,110.0
1.6,769,483,-60.0,80.0
1.7000000000000002,760,495,-90.0,120.0
1.8,750,511,-100.0,160.0
1.9000000000000001,745,525,-50.0,140.0
2.0,742,535,-30.0,100.0
2.1,739,548,-30.0,130.0
2.2,735,558,-40.0,100.0
2.3000000000000003,727,574,-80.0,160.0
2.4000000000000004,717,591,-100.0,170.0
2.5,710,602,-70.0,110.0
2.6,706,613,-40.0,110.0
2.7,701,624,-50.0,110.0
2.8000000000000003,696,634,-50.0,100.0
2.9000000000000004,691,646,-50.0,120.0
3.0,687,653,-40.0,70.0
3.1,682,661,-50.0,80.0
3.2,677,669,-50.0,80.0
3.3000000000000003,671,679,-60.0,100.0
3.4000000000000004,659,690,-120.0,110.0
3.5,653,697,-60.0,70.0
3.6,650,701,-30.0,40.0
3.7,639,712,-110.0,110.0
3.8000000000000003,627,725,-120.0,130.0
3.9000000000000004,619,738,-80.0,130.0
4.0,616,744,-30.0,60.0
4.1000000000000005,611,753,-50.0,90.0
4.2,602,766,-90.0,130.0
4.3,596,777,-60.0,110.0
4.4,592,785,-40.0,80.0
4.5,588,793,-40.0,80.0
4.6000000000000005,581,805,-70.0,120.0
4.7,573,818,-80.0,130.0
4.800000000000001,564,832,-90.0,140.0
4.9,557,844,-70.0,120.0
5.0,548,857,-90.0,130.0
5.1000000000000005,541,868,-70.0,110.0
5.2,532,880,-90.0,120.0
5.300000000000001,528,887,-40.0,70.0
5.4,522,895,-60.0,80.0
5.5,514,905,-80.0,100.0
5.6000000000000005,508,913,-60.0,80.0
5.7,502,923,-60.0,100.0
5.800000000000001,494,936,-80.0,130.0
5.9,484,947,-100.0,110.0
6.0,477,953,-70.0,60.0
6.1000000000000005,471,962,-60.0,90.0
6.2,468,966,-30.0,40.0
6.300000000000001,465,971,-30.0,50.0
6.4,462,978,-30.0,70.0
6.5,460,982,-20.0,40.0
6.6000000000000005,455,988,-50.0,60.0
6.7,452,992,-30.0,40.0
6.800000000000001,448,999,-40.0,70.0
6.9,441,1009,-70.0,100.0
7.0,439,1014,-20.0,50.0
7.1000000000000005,439,1014,0.0,0.0
7.2,439,1014,0.0,0.0
7.300000000000001,439,1014,0.0,0.0
7.4,439,1014,0.0,0.0
7.5,439,1013,0.0,-10.0
7.6000000000000005,448,1007,90.0,-60.0
7.7,460,1001,120.0,-60.0
7.800000000000001,476,996,160.0,-50.0
7.9,486,993,100.0,-30.0
8.0,495,991,90.0,-20.0
8.1,509,990,140.0,-10.0
8.200000000000001,525,988,160.0,-20.0
8.3,544,986,190.0,-20.0
8.4,577,984,330.0,-20.0
8.5,601,981,240.0,-30.0
8.6,625,979,240.0,-20.0
8.700000000000001,654,973,290.0,-60.0
8.8,681,966,270.0,-70.0
8.9,704,962,230.0,-40.0
9.0,715,962,110.0,0.0
9.1,736,960,210.0,-20.0
9.200000000000001,757,960,210.0,0.0
9.3,767,959,100.0,-10.0
9.4,779,959,120.0,0.0
9.5,795,958,160.0,-10.0
9.600000000000001,811,957,160.0,-10.0
9.700000000000001,826,956,150.0,-10.0
9.8,844,956,180.0,0.0
9.9,872,956,280.0,0.0
10.0,890,956,180.0,0.0
10.100000000000001,911,956,210.0,0.0
10.200000000000001,934,956,230.0,0.0
10.3,958,956,240.0,0.0
10.4,977,956,190.0,0.0
10.5,1001,956,240.0,0.0
10.600000000000001,1019,956,180.0,0.0
10.700000000000001,1042,956,230.0,0.0
10.8,1062,956,200.0,0.0
10.9,1081,956,190.0,0.0
11.0,1115,955,340.0,-10.0
11.100000000000001,1140,952,250.0,-30.0
11.200000000000001,1159,952,190.0,0.0
11.3,1189,951,300.0,-10.0
11.4,1217,951,280.0,0.0
11.5,1253,949,360.0,-20.0
11.600000000000001,1297,946,440.0,-30.0
11.700000000000001,1337,946,400.0,0.0
11.8,1386,947,490.0,10.0
11.9,1407,944,210.0,-30.0
12.0,1407,944,0.0,0.0
12.100000000000001,1407,944,0.0,0.0
12.200000000000001,1410,943,30.0,-10.0
12.3,1420,939,100.0,-40.0
12.4,1432,936,120.0,-30.0
12.5,1440,934,80.0,-20.0
12.600000000000001,1444,931,40.0,-30.0
12.700000000000001,1451,929,70.0,-20.0
12.8,1460,926,90.0,-30.0
12.9,1471,925,110.0,-10.0
13.0,1480,924,90.0,-10.0
13.100000000000001,1495,924,150.0,0.0
13.200000000000001,1501,923,60.0,-10.0
13.3,1506,923,50.0,0.0
13.4,1519,921,130.0,-20.0
13.5,1529,920,100.0,-10.0
13.600000000000001,1539,920,100.0,0.0
13.700000000000001,1545,919,60.0,-10.0
13.8,1549,919,40.0,0.0
13.9,1566,919,170.0,0.0
14.0,1569,919,30.0,0.0
14.100000000000001,1569,919,0.0,0.0
14.200000000000001,1569,919,0.0,0.0
14.3,1569,919,0.0,0.0
14.4,1569,919,0.0,0.0
14.5,1569,918,0.0,-10.0
14.600000000000001,1561,910,-80.0,-80.0
14.700000000000001,1554,903,-70.0,-70.0
14.8,1551,896,-30.0,-70.0
14.9,1541,885,-100.0,-110.0
15.0,1530,874,-110.0,-110.0
15.100000000000001,1516,862,-140.0,-120.0
15.200000000000001,1499,847,-170.0,-150.0
15.3,1481,833,-180.0,-140.0
15.4,1471,823,-100.0,-100.0
15.5,1457,808,-140.0,-150.0
15.600000000000001,1442,790,-150.0,-180.0
15.700000000000001,1431,773,-110.0,-170.0
15.8,1423,757,-80.0,-160.0
15.9,1417,746,-60.0,-110.0
16.0,1406,730,-110.0,-160.0
16.1,1396,714,-100.0,-160.0
16.2,1391,705,-50.0,-90.0
16.3,1379,682,-120.0,-230.0
16.400000000000002,1358,650,-210.0,-320.0
16.5,1345,628,-130.0,-220.0
16.6,1332,597,-130.0,-310.0
16.7,1314,570,-180.0,-270.0
16.8,1308,560,-60.0,-100.0
16.900000000000002,1303,553,-50.0,-70.0
17.0,1282,529,-210.0,-240.0
17.1,1268,517,-140.0,-120.0
17.2,1257,509,-110.0,-80.0
17.3,1242,496,-150.0,-130.0
17.400000000000002,1228,488,-140.0,-80.0
17.5,1213,480,-150.0,-80.0
17.6,1200,473,-130.0,-70.0
17.7,1180,464,-200.0,-90.0
17.8,1158,453,-220.0,-110.0
17.900000000000002,1137,445,-210.0,-80.0
18.0,1120,435,-170.0,-100.0
18.1,1110,427,-100.0,-80.0
18.2,1098,417,-120.0,-100.0
18.3,1090,411,-80.0,-60.0
18.400000000000002,1080,402,-100.0,-90.0
18.5,1072,393,-80.0,-90.0
18.6,1068,389,-40.0,-40.0
18.7,1067,389,-10.0,0.0
18.8,1065,386,-20.0,-30.0
18.900000000000002,1065,386,0.0,0.0
