0.1,893,381,0.0,0.0
0.2,894,381,10.0,0.0
0.30000000000000004,894,381,0.0,0.0
0.4,894,381,0.0,0.0
0.5,894,381,0.0,0.0
0.6000000000000001,894,382,0.0,10.0
0.7000000000000001,892,387,-20.0,50.0
0.8,880,410,-120.0,230.0
0.9,866,440,-140.0,300.0
1.0,849,470,-170.0,300.0
1.1,839,489,-100.0,190.0
1.2000000000000002,829,508,-100.0,190.0
1.3,822,519,-70.0,110.0
1.4000000000000001,813,529,-90.0,100.0
1.5,802,547,-110.0,180.0
1.6,789,568,-130.0,210.0
1.7000000000000002,778,587,-110.0,190.0
1.8,766,610,-120.0,230.0
1.9000000000000001,759,627,-70.0,170.0
2.0,755,633,-40.0,60.0
2.1,748,643,-70.0,100.0
2.2,739,658,-90.0,150.0
2.3000000000000003,733,670,-60.0,120.0
2.4000000000000004,725,683,-80.0,130.0
2.5,717,697,-80.0,140.0
2.6,708,713,-90.0,160.0
2.7,700,726,-80.0,130.0
2.8000000000000003,686,748,-140.0,220.0
2.9000000000000004,675,764,-110.0,160.0
3.0,667,777,-80.0,130.0
3.1,661,786,-60.0,90.0
3.2,656,796,-50.0,100.0
3.3000000000000003,649,807,-70.0,110.0
3.4000000000000004,642,819,-70.0,120.0
3.5,632,834,-100.0,150.0
3.6,625,847,-70.0,130.0
3.7,621,857,-40.0,100.0
3.8000000000000003,615,870,-60.0,130.0
3.9000000000000004,612,879,-30.0,90.0
4.0,610,885,-20.0,60.0
4.1000000000000005,609,890,-10.0,50.0
4.2,608,895,-10.0,50.0
4.3,607,898,-10.0,30.0
4.4,606,905,-10.0,70.0
4.5,605,909,-10.0,40.0
4.6000000000000005,604,913,-10.0,40.0
4.7,601,921,-30.0,80.0
4.800000000000001,597,930,-40.0,90.0
4.9,593,937,-40.0,70.0
5.0,589,945,-40.0,80.0
5.1000000000000005,585,953,-40.0,80.0
5.2,583,959,-20.0,60.0
5.300000000000001,581,964,-20.0,50.0
5.4,579,970,-20.0,60.0
5.5,578,974,-10.0,40.0
5.6000000000000005,575,981,-30.0,70.0
5.7,571,989,-40.0,80.0
5.800000000000001,570,994,-10.0,50.0
5.9,571,995,10.0,10.0
6.0,571,997,0.0,20.0
6.1000000000000005,572,998,10.0,10.0
6.2,575,1002,30.0,40.0
6.300000000000001,582,1006,70.0,40.0
6.4,584,1008,20.0,20.0
6.5,586,1009,20.0,10.0
6.6000000000000005,592,1013,60.0,40.0
6.7,599,1016,70.0,30.0
6.800000000000001,604,1018,50.0,20.0
6.9,607,1020,30.0,20.0
7.0,620,1023,130.0,30.0
7.1000000000000005,641,1024,210.0,10.0
7.2,647,1024,60.0,0.0
7.300000000000001,650,1025,30.0,10.0
7.4,658,1027,80.0,20.0
7.5,676,1029,180.0,20.0
7.6000000000000005,694,1031,180.0,20.0
7.7,710,1032,160.0,10.0
7.800000000000001,719,1032,90.0,0.0
7.9,722,1032,30.0,0.0
8.0,731,1032,90.0,0.0
8.1,748,1032,170.0,0.0
8.200000000000001,775,1032,270.0,0.0
8.3,799,1032,240.0,0.0
8.4,814,1032,150.0,0.0
8.5,837,1032,230.0,0.0
8.6,862,1032,250.0,0.0
8.700000000000001,880,1031,180.0,-10.0
8.8,897,1030,170.0,-10.0
8.9,913,1030,160.0,0.0
9.0,928,1030,150.0,0.0
9.1,943,1029,150.0,-10.0
9.200000000000001,957,1029,140.0,0.0
9.3,975,1029,180.0,0.0
9.4,998,1029,230.0,0.0
9.5,1014,1028,160.0,-10.0
9.600000000000001,1034,1026,200.0,-20.0
9.700000000000001,1051,1025,170.0,-10.0
9.8,1072,1024,210.0,-10.0
9.9,1088,1022,160.0,-20.0
10.0,1110,1020,220.0,-20.0
10.100000000000001,1125,1019,150.0,-10.0
10.200000000000001,1130,1018,50.0,-10.0
10.3,1133,1018,30.0,0.0
10.4,1140,1017,70.0,-10.0
10.5,1147,1015,70.0,-20.0
10.600000000000001,1155,1014,80.0,-10.0
10.700000000000001,1169,1013,140.0,-10.0
10.8,1191,1012,220.0,-10.0
10.9,1220,1011,290.0,-10.0
11.0,1239,1010,190.0,-10.0
11.100000000000001,1255,1011,160.0,10.0
11.200000000000001,1271,1012,160.0,10.0
11.3,1276,1012,50.0,0.0
11.4,1282,1013,60.0,10.0
11.5,1308,1016,260.0,30.0
11.600000000000001,1333,1016,250.0,0.0
11.700000000000001,1342,1016,90.0,0.0
11.8,1351,1017,90.0,10.0
11.9,1354,1016,30.0,-10.0
12.0,1356,1015,20.0,-10.0
12.100000000000001,1373,1016,170.0,10.0
12.200000000000001,1388,1012,150.0,-40.0
12.3,1393,1011,50.0,-10.0
12.4,1414,1011,210.0,0.0
12.5,1431,1010,170.0,-10.0
12.600000000000001,1431,1010,0.0,0.0
12.700000000000001,1437,1010,60.0,0.0
12.8,1452,1008,150.0,-20.0
12.9,1464,1006,120.0,-20.0
13.0,1466,1006,20.0,0.0
13.100000000000001,1471,1005,50.0,-10.0
13.200000000000001,1481,1003,100.0,-20.0
13.3,1487,1001,60.0,-20.0
13.4,1488,1000,10.0,-10.0
13.5,1491,999,30.0,-10.0
13.600000000000001,1497,997,60.0,-20.0
13.700000000000001,1503,995,60.0,-20.0
13.8,1506,994,30.0,-10.0
13.9,1515,991,90.0,-30.0
14.0,1521,988,60.0,-30.0
14.100000000000001,1522,987,10.0,-10.0
14.200000000000001,1523,985,10.0,-20.0
14.3,1529,981,60.0,-40.0
14.4,1538,977,90.0,-40.0
14.5,1541,975,30.0,-20.0
14.600000000000001,1541,975,0.0,0.0
14.700000000000001,1541,972,0.0,-30.0
14.8,1542,964,10.0,-80.0
14.9,1541,950,-10.0,-140.0
15.0,1541,938,0.0,-120.0
15.100000000000001,1541,932,0.0,-60.0
15.200000000000001,1540,924,-10.0,-80.0
15.3,1539,914,-10.0,-100.0
15.4,1538,907,-10.0,-70.0
15.5,1534,896,-40.0,-110.0
15.600000000000001,1528,885,-60.0,-110.0
15.700000000000001,1523,876,-50.0,-90.0
15.8,1515,862,-80.0,-140.0
15.9,1505,850,-100.0,-120.0
16.0,1496,837,-90.0,-130.0
16.1,1486,822,-100.0,-150.0
16.2,1473,807,-130.0,-150.0
16.3,1457,785,-160.0,-220.0
16.400000000000002,1446,771,-110.0,-140.0
16.5,1435,753,-110.0,-180.0
16.6,1420,735,-150.0,-180.0
16.7,1401,713,-190.0,-220.0
16.8,1385,696,-160.0,-170.0
16.900000000000002,1358,668,-270.0,-280.0
17.0,1328,642,-300.0,-260.0
17.1,1303,619,-250.0,-230.0
17.2,1285,603,-180.0,-160.0
17.3,1265,585,-200.0,-180.0
17.400000000000002,1247,568,-180.0,-170.0
17.5,1218,545,-290.0,-230.0
17.6,1183,521,-350.0,-240.0
17.7,1157,506,-260.0,-150.0
17.8,1132,487,-250.0,-190.0
17.900000000000002,1104,468,-280.0,-190.0
18.0,1081,453,-230.0,-150.0
18.1,1061,438,-200.0,-150.0
18.2,1050,429,-110.0,-90.0
18.3,1038,421,-120.0,-80.0
18.400000000000002,1031,413,-70.0,-80.0
18.5,1027,407,-40.0,-60.0
18.6,1021,399,-60.0,-80.0
18.7,1020,394,-10.0,-50.0
18.8,1020,391,0.0,-30.0
18.900000000000002,1021,387,10.0,-40.0
19.0,1021,384,0.0,-30.0
19.1,1022,380,10.0,-40.0
19.200000000000003,1023,378,10.0,-20.0
19.3,1023,378,0.0,0.0
19.400000000000002,1023,378,0.0,0.0
