0.1,900,384,0.0,0.0
0.2,900,384,0.0,0.0
0.30000000000000004,900,384,0.0,0.0
0.4,900,384,0.0,0.0
0.5,900,384,0.0,0.0
0.6000000000000001,900,384,0.0,0.0
0.7000000000000001,900,386,0.0,20.0
0.8,894,414,-60.0,280.0
0.9,883,438,-110.0,240.0
1.0,877,448,-60.0,100.0
1.1,873,454,-40.0,60.0
1.2000000000000002,861,470,-120.0,160.0
1.3,849,485,-120.0,150.0
1.4000000000000001,835,500,-140.0,150.0
1.5,818,518,-170.0,180.0
1.6,794,545,-240.0,270.0
1.7000000000000002,777,562,-170.0,170.0
1.8,763,575,-140.0,130.0
1.9000000000000001,750,592,-130.0,170.0
2.0,729,612,-210.0,200.0
2.1,704,635,-250.0,230.0
2.2,685,653,-190.0,180.0
2.3000000000000003,665,669,-200.0,160.0
2.4000000000000004,648,682,-170.0,130.0
2.5,631,698,-170.0,160.0
2.6,617,718,-140.0,200.0
2.7,595,743,-220.0,250.0
2.8000000000000003,573,770,-220.0,270.0
2.9000000000000004,554,799,-190.0,290.0
3.0,540,823,-140.0,240.0
3.1,531,836,-90.0,130.0
3.2,525,848,-60.0,120.0
3.3000000000000003,513,867,-120.0,190.0
3.4000000000000004,509,877,-40.0,100.0
3.5,509,880,0.0,30.0
3.6,508,892,-10.0,120.0
3.7,508,902,0.0,100.0
3.8000000000000003,509,903,10.0,10.0
3.9000000000000004,509,911,0.0,80.0
4.0,509,920,0.0,90.0
4.1000000000000005,511,928,20.0,80.0
4.2,513,933,20.0,50.0
4.3,516,944,30.0,110.0
4.4,516,955,0.0,110.0
4.5,517,962,10.0,70.0
4.6000000000000005,515,973,-20.0,110.0
4.7,514,980,-10.0,70.0
4.800000000000001,514,986,0.0,60.0
4.9,512,994,-20.0,80.0
5.0,512,997,0.0,30.0
5.1000000000000005,508,1002,-40.0,50.0
5.2,508,1005,0.0,30.0
5.300000000000001,508,1007,0.0,20.0
5.4,508,1010,0.0,30.0
5.5,508,1013,0.0,30.0
5.6000000000000005,508,1018,0.0,50.0
5.7,509,1019,10.0,10.0
5.800000000000001,511,1021,20.0,20.0
5.9,515,1026,40.0,50.0
6.0,516,1027,10.0,10.0
6.1000000000000005,516,1027,0.0,0.0
6.2,519,1029,30.0,20.0
6.300000000000001,524,1031,50.0,20.0
6.4,528,1033,40.0,20.0
6.5,544,1037,160.0,40.0
6.6000000000000005,560,1042,160.0,50.0
6.7,567,1044,70.0,20.0
6.800000000000001,569,1044,20.0,0.0
6.9,584,1047,150.0,30.0
7.0,600,1047,160.0,0.0
7.1000000000000005,613,1047,130.0,0.0
7.2,628,1046,150.0,-10.0
7.300000000000001,638,1045,100.0,-10.0
7.4,643,1045,50.0,0.0
7.5,653,1045,100.0,0.0
7.6000000000000005,671,1045,180.0,0.0
7.7,680,1045,90.0,0.0
7.800000000000001,691,1045,110.0,0.0
7.9,710,1045,190.0,0.0
8.0,731,1046,210.0,10.0
8.1,760,1046,290.0,0.0
8.200000000000001,776,1047,160.0,10.0
8.3,786,1048,100.0,10.0
8.4,805,1051,190.0,30.0
8.5,830,1054,250.0,30.0
8.6,876,1057,460.0,30.0
8.700000000000001,934,1061,580.0,40.0
8.8,964,1064,300.0,30.0
8.9,985,1067,210.0,30.0
9.0,1009,1071,240.0,40.0
9.1,1037,1074,280.0,30.0
9.200000000000001,1072,1080,350.0,60.0
9.3,1089,1085,170.0,50.0
9.4,1110,1093,210.0,80.0
9.5,1147,1100,370.0,70.0
9.600000000000001,1176,1110,290.0,100.0
9.700000000000001,1194,1116,180.0,60.0
9.8,1211,1126,170.0,100.0
9.9,1223,1132,120.0,60.0
10.0,1233,1138,100.0,60.0
10.100000000000001,1250,1145,170.0,70.0
10.200000000000001,1269,1151,190.0,60.0
10.3,1285,1156,160.0,50.0
10.4,1302,1163,170.0,70.0
10.5,1313,1167,110.0,40.0
10.600000000000001,1326,1173,130.0,60.0
10.700000000000001,1344,1180,180.0,70.0
10.8,1362,1185,180.0,50.0
10.9,1383,1189,210.0,40.0
11.0,1412,1194,290.0,50.0
11.100000000000001,1432,1196,200.0,20.0
11.200000000000001,1450,1200,180.0,40.0
11.3,1464,1202,140.0,20.0
11.4,1475,1204,110.0,20.0
11.5,1488,1205,130.0,10.0
11.600000000000001,1504,1206,160.0,10.0
11.700000000000001,1520,1206,160.0,0.0
11.8,1531,1206,110.0,0.0
11.9,1546,1206,150.0,0.0
12.0,1554,1206,80.0,0.0
12.100000000000001,1559,1205,50.0,-10.0
12.200000000000001,1562,1204,30.0,-10.0
12.3,1571,1203,90.0,-10.0
12.4,1583,1203,120.0,0.0
12.5,1594,1204,110.0,10.0
12.600000000000001,1595,1203,10.0,-10.0
12.700000000000001,1606,1204,110.0,10.0
12.8,1635,1204,290.0,0.0
12.9,1643,1204,80.0,0.0
13.0,1643,1204,0.0,0.0
13.100000000000001,1646,1203,30.0,-10.0
13.200000000000001,1653,1202,70.0,-10.0
13.3,1664,1201,110.0,-10.0
13.4,1667,1200,30.0,-10.0
13.5,1667,1198,0.0,-20.0
13.600000000000001,1669,1196,20.0,-20.0
13.700000000000001,1671,1195,20.0,-10.0
13.8,1673,1195,20.0,0.0
13.9,1674,1195,10.0,0.0
14.0,1675,1194,10.0,-10.0
14.100000000000001,1676,1194,10.0,0.0
14.200000000000001,1682,1192,60.0,-20.0
14.3,1685,1191,30.0,-10.0
14.4,1686,1190,10.0,-10.0
14.5,1687,1189,10.0,-10.0
14.600000000000001,1688,1189,10.0,0.0
14.700000000000001,1690,1188,20.0,-10.0
14.8,1690,1188,0.0,0.0
14.9,1690,1187,0.0,-10.0
15.0,1687,1185,-30.0,-20.0
15.100000000000001,1687,1178,0.0,-70.0
15.200000000000001,1685,1157,-20.0,-210.0
15.3,1679,1137,-60.0,-200.0
15.4,1675,1128,-40.0,-90.0
15.5,1672,1120,-30.0,-80.0
15.600000000000001,1667,1113,-50.0,-70.0
15.700000000000001,1659,1104,-80.0,-90.0
15.8,1644,1086,-150.0,-180.0
15.9,1632,1069,-120.0,-170.0
16.0,1623,1058,-90.0,-110.0
16.1,1611,1041,-120.0,-170.0
16.2,1595,1020,-160.0,-210.0
16.3,1587,1009,-80.0,-110.0
16.400000000000002,1578,996,-90.0,-130.0
16.5,1567,984,-110.0,-120.0
16.6,1550,971,-170.0,-130.0
16.7,1526,954,-240.0,-170.0
16.8,1511,944,-150.0,-100.0
16.900000000000002,1501,937,-100.0,-70.0
17.0,1479,923,-220.0,-140.0
17.1,1454,907,-250.0,-160.0
17.2,1427,890,-270.0,-170.0
17.3,1402,874,-250.0,-160.0
17.400000000000002,1378,854,-240.0,-200.0
17.5,1354,837,-240.0,-170.0
17.6,1332,819,-220.0,-180.0
17.7,1307,799,-250.0,-200.0
17.8,1279,775,-280.0,-240.0
17.900000000000002,1257,755,-220.0,-200.0
18.0,1235,728,-220.0,-270.0
18.1,1217,693,-180.0,-350.0
18.2,1204,664,-130.0,-290.0
18.3,1199,652,-50.0,-120.0
18.400000000000002,1193,633,-60.0,-190.0
18.5,1184,607,-90.0,-260.0
18.6,1176,584,-80.0,-230.0
18.7,1165,550,-110.0,-340.0
18.8,1149,517,-160.0,-330.0
18.900000000000002,1137,489,-120.0,-280.0
19.0,1128,468,-90.0,-210.0
19.1,1115,442,-130.0,-260.0
19.200000000000003,1106,428,-90.0,-140.0
19.3,1097,412,-90.0,-160.0
19.400000000000002,1084,395,-130.0,-170.0
19.5,1078,385,-60.0,-100.0
19.6,1075,380,-30.0,-50.0
19.700000000000003,1067,371,-80.0,-90.0
19.8,1062,367,-50.0,-40.0
19.900000000000002,1062,366,0.0,-10.0
20.0,1062,366,0.0,0.0
