0.1,886,375,0.0,0.0
0.2,886,375,0.0,0.0
0.30000000000000004,886,375,0.0,0.0
0.4,886,375,0.0,0.0
0.5,886,378,0.0,30.0
0.6000000000000001,877,393,-90.0,150.0
0.7000000000000001,866,416,-110.0,230.0
0.8,859,437,-70.0,210.0
0.9,852,454,-70.0,170.0
1.0,847,467,-50.0,130.0
1.1,841,478,-60.0,110.0
1.2000000000000002,834,492,-70.0,140.0
1.3,830,503,-40.0,110.0
1.4000000000000001,827,515,-30.0,120.0
1.5,822,531,-50.0,160.0
1.6,819,545,-30.0,140.0
1.7000000000000002,818,553,-10.0,80.0
1.8,815,570,-30.0,170.0
1.9000000000000001,813,588,-20.0,180.0
2.0,812,600,-10.0,120.0
2.1,810,612,-20.0,120.0
2.2,809,623,-10.0,110.0
2.3000000000000003,808,633,-10.0,100.0
2.4000000000000004,804,643,-40.0,100.0
2.5,798,657,-60.0,140.0
2.6,792,678,-60.0,210.0
2.7,786,692,-60.0,140.0
2.8000000000000003,783,700,-30.0,80.0
2.9000000000000004,776,714,-70.0,140.0
3.0,769,729,-70.0,150.0
3.1,768,734,-10.0,50.0
3.2,765,742,-30.0,80.0
3.3000000000000003,763,748,-20.0,60.0
3.4000000000000004,759,756,-40.0,80.0
3.5,753,774,-60.0,180.0
3.6,745,795,-80.0,210.0
3.7,742,808,-30.0,130.0
3.8000000000000003,738,824,-40.0,160.0
3.9000000000000004,731,843,-70.0,190.0
4.0,722,862,-90.0,190.0
4.1000000000000005,718,872,-40.0,100.0
4.2,715,879,-30.0,70.0
4.3,708,894,-70.0,150.0
4.4,703,903,-50.0,90.0
4.5,699,912,-40.0,90.0
4.6000000000000005,691,924,-80.0,120.0
4.7,687,930,-40.0,60.0
4.800000000000001,680,936,-70.0,60.0
4.9,675,941,-50.0,50.0
5.0,670,947,-50.0,60.0
5.1000000000000005,664,954,-60.0,70.0
5.2,658,962,-60.0,80.0
5.300000000000001,648,975,-100.0,130.0
5.4,640,987,-80.0,120.0
5.5,633,996,-70.0,90.0
5.6000000000000005,627,1006,-60.0,100.0
5.7,622,1016,-50.0,100.0
5.800000000000001,617,1026,-50.0,100.0
5.9,615,1034,-20.0,80.0
6.0,611,1042,-40.0,80.0
6.1000000000000005,610,1047,-10.0,50.0
6.2,609,1051,-10.0,40.0
6.300000000000001,609,1058,0.0,70.0
6.4,609,1063,0.0,50.0
6.5,607,1071,-20.0,80.0
6.6000000000000005,608,1085,10.0,140.0
6.7,608,1090,0.0,50.0
6.800000000000001,608,1090,0.0,0.0
6.9,608,1090,0.0,0.0
7.0,608,1090,0.0,0.0
7.1000000000000005,608,1090,0.0,0.0
7.2,608,1090,0.0,0.0
7.300000000000001,608,1090,0.0,0.0
7.4,608,1090,0.0,0.0
7.5,610,1091,20.0,10.0
7.6000000000000005,616,1095,60.0,40.0
7.7,627,1100,110.0,50.0
7.800000000000001,632,1104,50.0,40.0
7.9,640,1107,80.0,30.0
8.0,649,1111,90.0,40.0
8.1,662,1115,130.0,40.0
8.200000000000001,668,1117,60.0,20.0
8.3,672,1118,40.0,10.0
8.4,686,1123,140.0,50.0
8.5,696,1127,100.0,40.0
8.6,702,1130,60.0,30.0
8.700000000000001,712,1133,100.0,30.0
8.8,733,1136,210.0,30.0
8.9,750,1138,170.0,20.0
9.0,758,1138,80.0,0.0
9.1,776,1140,180.0,20.0
9.200000000000001,799,1142,230.0,20.0
9.3,817,1143,180.0,10.0
9.4,834,1144,170.0,10.0
9.5,862,1148,280.0,40.0
9.600000000000001,884,1152,220.0,40.0
9.700000000000001,898,1156,140.0,40.0
9.8,916,1158,180.0,20.0
9.9,940,1162,240.0,40.0
10.0,952,1165,120.0,30.0
10.100000000000001,969,1170,170.0,50.0
10.200000000000001,981,1175,120.0,50.0
10.3,992,1180,110.0,50.0
10.4,1009,1185,170.0,50.0
10.5,1034,1191,250.0,60.0
10.600000000000001,1059,1194,250.0,30.0
10.700000000000001,1076,1196,170.0,20.0
10.8,1088,1199,120.0,30.0
10.9,1106,1201,180.0,20.0
11.0,1135,1204,290.0,30.0
11.100000000000001,1153,1204,180.0,0.0
11.200000000000001,1180,1205,270.0,10.0
11.3,1206,1207,260.0,20.0
11.4,1232,1206,260.0,-10.0
11.5,1245,1207,130.0,10.0
11.600000000000001,1267,1207,220.0,0.0
11.700000000000001,1290,1207,230.0,0.0
11.8,1308,1207,180.0,0.0
11.9,1319,1207,110.0,0.0
12.0,1333,1206,140.0,-10.0
12.100000000000001,1344,1204,110.0,-20.0
12.200000000000001,1359,1201,150.0,-30.0
12.3,1367,1199,80.0,-20.0
12.4,1374,1196,70.0,-30.0
12.5,1379,1192,50.0,-40.0
12.600000000000001,1391,1188,120.0,-40.0
12.700000000000001,1401,1184,100.0,-40.0
12.8,1412,1180,110.0,-40.0
12.9,1423,1177,110.0,-30.0
13.0,1444,1173,210.0,-40.0
13.100000000000001,1466,1170,220.0,-30.0
13.200000000000001,1481,1166,150.0,-40.0
13.3,1487,1163,60.0,-30.0
13.4,1497,1161,100.0,-20.0
13.5,1511,1158,140.0,-30.0
13.600000000000001,1520,1156,90.0,-20.0
13.700000000000001,1526,1152,60.0,-40.0
13.8,1535,1147,90.0,-50.0
13.9,1546,1141,110.0,-60.0
14.0,1549,1139,30.0,-20.0
14.100000000000001,1551,1136,20.0,-30.0
14.200000000000001,1555,1132,40.0,-40.0
14.3,1556,1131,10.0,-10.0
14.4,1561,1126,50.0,-50.0
14.5,1562,1125,10.0,-10.0
14.600000000000001,1562,1125,0.0,0.0
14.700000000000001,1562,1125,0.0,0.0
14.8,1564,1123,20.0,-20.0
14.9,1569,1122,50.0,-10.0
15.0,1571,1122,20.0,0.0
15.100000000000001,1571,1122,0.0,0.0
15.200000000000001,1574,1120,30.0,-20.0
15.3,1577,1118,30.0,-20.0
15.4,1580,1115,30.0,-30.0
15.5,1580,1110,0.0,-50.0
15.600000000000001,1580,1099,0.0,-110.0
15.700000000000001,1581,1082,10.0,-170.0
15.8,1580,1071,-10.0,-110.0
15.9,1577,1058,-30.0,-130.0
16.0,1574,1045,-30.0,-130.0
16.1,1571,1036,-30.0,-90.0
16.2,1565,1024,-60.0,-120.0
16.3,1556,1008,-90.0,-160.0
16.400000000000002,1546,995,-100.0,-130.0
16.5,1536,978,-100.0,-170.0
16.6,1528,965,-80.0,-130.0
16.7,1515,944,-130.0,-210.0
16.8,1499,922,-160.0,-220.0
16.900000000000002,1486,903,-130.0,-190.0
17.0,1472,884,-140.0,-190.0
17.1,1460,871,-120.0,-130.0
17.2,1441,854,-190.0,-170.0
17.3,1421,839,-200.0,-150.0
17.400000000000002,1396,824,-250.0,-150.0
17.5,1380,810,-160.0,-140.0
17.6,1367,801,-130.0,-90.0
17.7,1338,781,-290.0,-200.0
17.8,1310,764,-280.0,-170.0
17.900000000000002,1297,754,-130.0,-100.0
18.0,1284,744,-130.0,-100.0
18.1,1271,732,-130.0,-120.0
18.2,1258,721,-130.0,-110.0
18.3,1245,712,-130.0,-90.0
18.400000000000002,1225,695,-200.0,-170.0
18.5,1210,685,-150.0,-100.0
18.6,1197,667,-130.0,-180.0
18.7,1175,637,-220.0,-300.0
18.8,1153,607,-220.0,-300.0
18.900000000000002,1144,591,-90.0,-160.0
19.0,1135,570,-90.0,-210.0
19.1,1126,558,-90.0,-120.0
19.200000000000003,1120,547,-60.0,-110.0
19.3,1112,532,-80.0,-150.0
19.400000000000002,1104,513,-80.0,-190.0
19.5,1098,497,-60.0,-160.0
19.6,1089,472,-90.0,-250.0
19.700000000000003,1079,449,-100.0,-230.0
19.8,1075,439,-40.0,-100.0
19.900000000000002,1072,425,-30.0,-140.0
20.0,1070,414,-20.0,-110.0
20.1,1067,403,-30.0,-110.0
20.200000000000003,1065,394,-20.0,-90.0
20.3,1064,389,-10.0,-50.0
20.400000000000002,1063,383,-10.0,-60.0
20.5,1063,378,0.0,-50.0
20.6,1060,370,-30.0,-80.0
20.700000000000003,1060,369,0.0,-10.0
