0.1,906,370,0.0,0.0
0.2,906,370,0.0,0.0
0.30000000000000004,906,370,0.0,0.0
0.4,889,383,-170.0,130.0
0.5,879,395,-100.0,120.0
0.6000000000000001,876,400,-30.0,50.0
0.7000000000000001,870,407,-60.0,70.0
0.8,862,413,-80.0,60.0
0.9,857,419,-50.0,60.0
1.0,850,424,-70.0,50.0
1.1,838,433,-120.0,90.0
1.2000000000000002,826,446,-120.0,130.0
1.3,807,464,-190.0,180.0
1.4000000000000001,784,491,-230.0,270.0
1.5,772,509,-120.0,180.0
1.6,762,521,-100.0,120.0
1.7000000000000002,749,532,-130.0,110.0
1.8,738,545,-110.0,130.0
1.9000000000000001,725,556,-130.0,110.0
2.0,706,575,-190.0,190.0
2.1,690,594,-160.0,190.0
2.2,665,618,-250.0,240.0
2.3000000000000003,652,638,-130.0,200.0
2.4000000000000004,641,655,-110.0,170.0
2.5,623,675,-180.0,200.0
2.6,605,692,-180.0,170.0
2.7,591,710,-140.0,180.0
2.8000000000000003,577,728,-140.0,180.0
2.9000000000000004,558,753,-190.0,250.0
3.0,549,766,-90.0,130.0
3.1,545,775,-40.0,90.0
3.2,538,788,-70.0,130.0
3.3000000000000003,531,800,-70.0,120.0
3.4000000000000004,524,812,-70.0,120.0
3.5,517,823,-70.0,110.0
3.6,510,834,-70.0,110.0
3.7,505,843,-50.0,90.0
3.8000000000000003,499,851,-60.0,80.0
3.9000000000000004,495,856,-40.0,50.0
4.0,489,863,-60.0,70.0
4.1000000000000005,481,873,-80.0,100.0
4.2,478,877,-30.0,40.0
4.3,473,884,-50.0,70.0
4.4,472,886,-10.0,20.0
4.5,469,890,-30.0,40.0
4.6000000000000005,465,895,-40.0,50.0
4.7,461,900,-40.0,50.0
4.800000000000001,459,903,-20.0,30.0
4.9,458,907,-10.0,40.0
5.0,456,911,-20.0,40.0
5.1000000000000005,456,911,0.0,0.0
5.2,456,911,0.0,0.0
5.300000000000001,458,915,20.0,40.0
5.4,460,918,20.0,30.0
5.5,465,924,50.0,60.0
5.6000000000000005,469,930,40.0,60.0
5.7,480,939,110.0,90.0
5.800000000000001,489,949,90.0,100.0
5.9,495,954,60.0,50.0
6.0,505,964,100.0,100.0
6.1000000000000005,520,975,150.0,110.0
6.2,534,985,140.0,100.0
6.300000000000001,545,992,110.0,70.0
6.4,557,1000,120.0,80.0
6.5,570,1008,130.0,80.0
6.6000000000000005,591,1017,210.0,90.0
6.7,610,1025,190.0,80.0
6.800000000000001,637,1035,270.0,100.0
6.9,658,1044,210.0,90.0
7.0,687,1056,290.0,120.0
7.1000000000000005,726,1067,390.0,110.0
7.2,774,1078,480.0,110.0
7.300000000000001,808,1089,340.0,110.0
7.4,834,1095,260.0,60.0
7.5,859,1100,250.0,50.0
7.6000000000000005,876,1105,170.0,50.0
7.7,898,1109,220.0,40.0
7.800000000000001,920,1113,220.0,40.0
7.9,948,1118,280.0,50.0
8.0,969,1122,210.0,40.0
8.1,984,1124,150.0,20.0
8.200000000000001,1002,1126,180.0,20.0
8.3,1026,1128,240.0,20.0
8.4,1054,1130,280.0,20.0
8.5,1070,1133,160.0,30.0
8.6,1082,1133,120.0,0.0
8.700000000000001,1107,1134,250.0,10.0
8.8,1132,1133,250.0,-10.0
8.9,1143,1133,110.0,0.0
9.0,1160,1134,170.0,10.0
9.1,1180,1134,200.0,0.0
9.200000000000001,1199,1133,190.0,-10.0
9.3,1216,1133,170.0,0.0
9.4,1235,1135,190.0,20.0
9.5,1252,1136,170.0,10.0
9.600000000000001,1269,1138,170.0,20.0
9.700000000000001,1298,1139,290.0,10.0
9.8,1317,1141,190.0,20.0
9.9,1333,1146,160.0,50.0
10.0,1351,1148,180.0,20.0
10.100000000000001,1376,1149,250.0,10.0
10.200000000000001,1403,1149,270.0,0.0
10.3,1439,1150,360.0,10.0
10.4,1456,1149,170.0,-10.0
10.5,1467,1149,110.0,0.0
10.600000000000001,1479,1147,120.0,-20.0
10.700000000000001,1491,1146,120.0,-10.0
10.8,1500,1144,90.0,-20.0
10.9,1516,1144,160.0,0.0
11.0,1537,1142,210.0,-20.0
11.100000000000001,1552,1140,150.0,-20.0
11.200000000000001,1559,1140,70.0,0.0
11.3,1568,1140,90.0,0.0
11.4,1575,1139,70.0,-10.0
11.5,1584,1137,90.0,-20.0
11.600000000000001,1599,1135,150.0,-20.0
11.700000000000001,1605,1133,60.0,-20.0
11.8,1609,1133,40.0,0.0
11.9,1619,1131,100.0,-20.0
12.0,1632,1129,130.0,-20.0
12.100000000000001,1641,1126,90.0,-30.0
12.200000000000001,1649,1121,80.0,-50.0
12.3,1663,1117,140.0,-40.0
12.4,1681,1116,180.0,-10.0
12.5,1692,1116,110.0,0.0
12.600000000000001,1692,1116,0.0,0.0
12.700000000000001,1693,1113,10.0,-30.0
12.8,1697,1106,40.0,-70.0
12.9,1702,1099,50.0,-70.0
13.0,1702,1097,0.0,-20.0
13.100000000000001,1700,1095,-20.0,-20.0
13.200000000000001,1697,1090,-30.0,-50.0
13.3,1693,1083,-40.0,-70.0
13.4,1687,1074,-60.0,-90.0
13.5,1683,1070,-40.0,-40.0
13.600000000000001,1680,1066,-30.0,-40.0
13.700000000000001,1674,1058,-60.0,-80.0
13.8,1668,1048,-60.0,-100.0
13.9,1659,1035,-90.0,-130.0
14.0,1648,1022,-110.0,-130.0
14.100000000000001,1636,1003,-120.0,-190.0
14.200000000000001,1627,988,-90.0,-150.0
14.3,1614,964,-130.0,-240.0
14.4,1595,939,-190.0,-250.0
14.5,1583,925,-120.0,-140.0
14.600000000000001,1567,908,-160.0,-170.0
14.700000000000001,1545,889,-220.0,-190.0
14.8,1537,877,-80.0,-120.0
14.9,1522,858,-150.0,-190.0
15.0,1497,828,-250.0,-300.0
15.100000000000001,1488,813,-90.0,-150.0
15.200000000000001,1482,806,-60.0,-70.0
15.3,1473,795,-90.0,-110.0
15.4,1468,789,-50.0,-60.0
15.5,1465,785,-30.0,-40.0
15.600000000000001,1444,772,-210.0,-130.0
15.700000000000001,1427,758,-170.0,-140.0
15.8,1416,749,-110.0,-90.0
15.9,1388,727,-280.0,-220.0
16.0,1363,706,-250.0,-210.0
16.1,1353,696,-100.0,-100.0
16.2,1338,683,-150.0,-130.0
16.3,1328,674,-100.0,-90.0
16.400000000000002,1319,665,-90.0,-90.0
16.5,1302,649,-170.0,-160.0
16.6,1287,636,-150.0,-130.0
16.7,1274,622,-130.0,-140.0
16.8,1263,608,-110.0,-140.0
16.900000000000002,1248,590,-150.0,-180.0
17.0,1234,576,-140.0,-140.0
17.1,1218,555,-160.0,-210.0
17.2,1194,530,-240.0,-250.0
17.3,1172,508,-220.0,-220.0
17.400000000000002,1158,494,-140.0,-140.0
17.5,1147,478,-110.0,-160.0
17.6,1138,466,-90.0,-120.0
17.7,1128,454,-100.0,-120.0
17.8,1121,443,-70.0,-110.0
17.900000000000002,1110,428,-110.0,-150.0
18.0,1104,420,-60.0,-80.0
18.1,1096,411,-80.0,-90.0
18.2,1091,404,-50.0,-70.0
18.3,1083,396,-80.0,-80.0
18.400000000000002,1078,391,-50.0,-50.0
18.5,1071,384,-70.0,-70.0
18.6,1063,380,-80.0,-40.0
18.7,1063,379,0.0,-10.0
18.8,1063,379,0.0,0.0
