0.1,908,371,0.0,0.0
0.2,908,371,0.0,0.0
0.30000000000000004,908,371,0.0,0.0
0.4,908,371,0.0,0.0
0.5,908,371,0.0,0.0
0.6000000000000001,908,371,0.0,0.0
0.7000000000000001,908,371,0.0,0.0
0.8,906,381,-20.0,100.0
0.9,901,400,-50.0,190.0
1.0,894,411,-70.0,110.0
1.1,885,423,-90.0,120.0
1.2000000000000002,876,434,-90.0,110.0
1.3,856,450,-200.0,160.0
1.4000000000000001,847,456,-90.0,60.0
1.5,840,461,-70.0,50.0
1.6,826,470,-140.0,90.0
1.7000000000000002,810,479,-160.0,90.0
1.8,797,486,-130.0,70.0
1.9000000000000001,782,497,-150.0,110.0
2.0,770,507,-120.0,100.0
2.1,753,522,-170.0,150.0
2.2,744,532,-90.0,100.0
2.3000000000000003,733,542,-110.0,100.0
2.4000000000000004,726,551,-70.0,90.0
2.5,718,558,-80.0,70.0
2.6,710,566,-80.0,80.0
2.7,706,571,-40.0,50.0
2.8000000000000003,697,579,-90.0,80.0
2.9000000000000004,688,592,-90.0,130.0
3.0,682,601,-60.0,90.0
3.1,676,612,-60.0,110.0
3.2,671,620,-50.0,80.0
3.3000000000000003,666,628,-50.0,80.0
3.4000000000000004,661,641,-50.0,130.0
3.5,656,653,-50.0,120.0
3.6,649,668,-70.0,150.0
3.7,645,682,-40.0,140.0
3.8000000000000003,641,693,-40.0,110.0
3.9000000000000004,639,703,-20.0,100.0
4.0,636,711,-30.0,80.0
4.1000000000000005,632,722,-40.0,110.0
4.2,629,732,-30.0,100.0
4.3,624,742,-50.0,100.0
4.4,618,753,-60.0,110.0
4.5,615,761,-30.0,80.0
4.6000000000000005,611,770,-40.0,90.0
4.7,608,780,-30.0,100.0
4.800000000000001,601,798,-70.0,180.0
4.9,597,812,-40.0,140.0
5.0,590,833,-70.0,210.0
5.1000000000000005,577,854,-130.0,210.0
5.2,569,870,-80.0,160.0
5.300000000000001,560,883,-90.0,130.0
5.4,557,887,-30.0,40.0
5.5,552,891,-50.0,40.0
5.6000000000000005,545,898,-70.0,70.0
5.7,541,902,-40.0,40.0
5.800000000000001,537,908,-40.0,60.0
5.9,532,914,-50.0,60.0
6.0,527,923,-50.0,90.0
6.1000000000000005,521,936,-60.0,130.0
6.2,517,947,-40.0,110.0
6.300000000000001,514,957,-30.0,100.0
6.4,512,960,-20.0,30.0
6.5,510,966,-20.0,60.0
6.6000000000000005,506,974,-40.0,80.0
6.7,505,981,-10.0,70.0
6.800000000000001,501,988,-40.0,70.0
6.9,498,992,-30.0,40.0
7.0,498,992,0.0,0.0
7.1000000000000005,497,993,-10.0,10.0
7.2,494,1002,-30.0,90.0
7.300000000000001,485,1010,-90.0,80.0
7.4,482,1016,-30.0,60.0
7.5,481,1022,-10.0,60.0
7.6000000000000005,479,1028,-20.0,60.0
7.7,477,1034,-20.0,60.0
7.800000000000001,477,1041,0.0,70.0
7.9,476,1047,-10.0,60.0
8.0,477,1052,10.0,50.0
8.1,479,1056,20.0,40.0
8.200000000000001,480,1062,10.0,60.0
8.3,484,1067,40.0,50.0
8.4,489,1071,50.0,40.0
8.5,495,1075,60.0,40.0
8.6,509,1081,140.0,60.0
8.700000000000001,532,1086,230.0,50.0
8.8,549,1089,170.0,30.0
8.9,566,1090,170.0,10.0
9.0,582,1090,160.0,0.0
9.1,598,1090,160.0,0.0
9.200000000000001,620,1090,220.0,0.0
9.3,641,1090,210.0,0.0
9.4,663,1090,220.0,0.0
9.5,692,1090,290.0,0.0
9.600000000000001,718,1090,260.0,0.0
9.700000000000001,756,1093,380.0,30.0
9.8,804,1098,480.0,50.0
9.9,844,1101,400.0,30.0
10.0,876,1101,320.0,0.0
10.100000000000001,922,1104,460.0,30.0
10.200000000000001,943,1107,210.0,30.0
10.3,961,1109,180.0,20.0
10.4,990,1116,290.0,70.0
10.5,1022,1125,320.0,90.0
10.600000000000001,1040,1130,180.0,50.0
10.700000000000001,1067,1139,270.0,90.0
10.8,1085,1145,180.0,60.0
10.9,1108,1151,230.0,60.0
11.0,1129,1156,210.0,50.0
11.100000000000001,1152,1159,230.0,30.0
11.200000000000001,1172,1164,200.0,50.0
11.3,1185,1168,130.0,40.0
11.4,1206,1174,210.0,60.0
11.5,1225,1176,190.0,20.0
11.600000000000001,1244,1178,190.0,20.0
11.700000000000001,1262,1181,180.0,30.0
11.8,1270,1181,80.0,0.0
11.9,1291,1184,210.0,30.0
12.0,1305,1186,140.0,20.0
12.100000000000001,1308,1186,30.0,0.0
12.200000000000001,1320,1186,120.0,0.0
12.3,1334,1186,140.0,0.0
12.4,1349,1186,150.0,0.0
12.5,1364,1183,150.0,-30.0
12.600000000000001,1380,1181,160.0,-20.0
12.700000000000001,1389,1178,90.0,-30.0
12.8,1394,1175,50.0,-30.0
12.9,1401,1171,70.0,-40.0
13.0,1409,1163,80.0,-80.0
13.100000000000001,1419,1154,100.0,-90.0
13.200000000000001,1424,1151,50.0,-30.0
13.3,1424,1151,0.0,0.0
13.4,1432,1151,80.0,0.0
13.5,1437,1150,50.0,-10.0
13.600000000000001,1443,1149,60.0,-10.0
13.700000000000001,1445,1149,20.0,0.0
13.8,1460,1149,150.0,0.0
13.9,1466,1149,60.0,0.0
14.0,1467,1148,10.0,-10.0
14.100000000000001,1475,1144,80.0,-40.0
14.200000000000001,1484,1135,90.0,-90.0
14.3,1484,1126,0.0,-90.0
14.4,1482,1106,-20.0,-200.0
14.5,1478,1087,-40.0,-190.0
14.600000000000001,1472,1072,-60.0,-150.0
14.700000000000001,1464,1054,-80.0,-180.0
14.8,1456,1041,-80.0,-130.0
14.9,1447,1022,-90.0,-190.0
15.0,1434,1003,-130.0,-190.0
15.100000000000001,1425,987,-90.0,-160.0
15.200000000000001,1408,960,-170.0,-270.0
15.3,1391,937,-170.0,-230.0
15.4,1377,917,-140.0,-200.0
15.5,1352,887,-250.0,-300.0
15.600000000000001,1340,867,-120.0,-200.0
15.700000000000001,1323,847,-170.0,-200.0
15.8,1305,820,-180.0,-270.0
15.9,1283,790,-220.0,-300.0
16.0,1259,759,-240.0,-310.0
16.1,1244,737,-150.0,-220.0
16.2,1219,705,-250.0,-320.0
16.3,1200,677,-190.0,-280.0
16.400000000000002,1184,654,-160.0,-230.0
16.5,1174,640,-100.0,-140.0
16.6,1165,625,-90.0,-150.0
16.7,1159,615,-60.0,-100.0
16.8,1152,600,-70.0,-150.0
16.900000000000002,1147,583,-50.0,-170.0
17.0,1141,569,-60.0,-140.0
17.1,1134,552,-70.0,-170.0
17.2,1126,536,-80.0,-160.0
17.3,1118,515,-80.0,-210.0
17.400000000000002,1110,498,-80.0,-170.0
17.5,1106,485,-40.0,-130.0
17.6,1099,471,-70.0,-140.0
17.7,1092,458,-70.0,-130.0
17.8,1087,448,-50.0,-100.0
17.900000000000002,1079,435,-80.0,-130.0
18.0,1073,427,-60.0,-80.0
18.1,1067,415,-60.0,-120.0
18.2,1060,402,-70.0,-130.0
18.3,1054,390,-60.0,-120.0
18.400000000000002,1052,383,-20.0,-70.0
18.5,1050,375,-20.0,-80.0
18.6,1050,374,0.0,-10.0
18.7,1050,374,0.0,0.0
18.8,1050,374,0.0,0.0
