0.1,893,374,0.0,0.0
0.2,893,374,0.0,0.0
0.30000000000000004,893,374,0.0,0.0
0.4,893,374,0.0,0.0
0.5,893,374,0.0,0.0
0.6000000000000001,893,374,0.0,0.0
0.7000000000000001,889,381,-40.0,70.0
0.8,879,402,-100.0,210.0
0.9,872,414,-70.0,120.0
1.0,865,427,-70.0,130.0
1.1,858,438,-70.0,110.0
1.2000000000000002,852,448,-60.0,100.0
1.3,840,463,-120.0,150.0
1.4000000000000001,831,477,-90.0,140.0
1.5,818,493,-130.0,160.0
1.6,808,506,-100.0,130.0
1.7000000000000002,797,521,-110.0,150.0
1.8,791,532,-60.0,110.0
1.9000000000000001,783,546,-80.0,140.0
2.0,774,560,-90.0,140.0
2.1,758,584,-160.0,240.0
2.2,741,605,-170.0,210.0
2.3000000000000003,721,628,-200.0,230.0
2.4000000000000004,701,645,-200.0,170.0
2.5,690,655,-110.0,100.0
2.6,685,660,-50.0,50.0
2.7,671,672,-140.0,120.0
2.8000000000000003,660,681,-110.0,90.0
2.9000000000000004,651,689,-90.0,80.0
3.0,639,701,-120.0,120.0
3.1,629,711,-100.0,100.0
3.2,618,724,-110.0,130.0
3.3000000000000003,615,729,-30.0,50.0
3.4000000000000004,603,740,-120.0,110.0
3.5,591,750,-120.0,100.0
3.6,577,764,-140.0,140.0
3.7,566,776,-110.0,120.0
3.8000000000000003,553,787,-130.0,110.0
3.9000000000000004,545,794,-80.0,70.0
4.0,539,799,-60.0,50.0
4.1000000000000005,531,805,-80.0,60.0
4.2,525,812,-60.0,70.0
4.3,518,820,-70.0,80.0
4.4,506,833,-120.0,130.0
4.5,500,841,-60.0,80.0
4.6000000000000005,496,847,-40.0,60.0
4.7,491,854,-50.0,70.0
4.800000000000001,487,859,-40.0,50.0
4.9,487,860,0.0,10.0
5.0,486,867,-10.0,70.0
5.1000000000000005,480,880,-60.0,130.0
5.2,478,887,-20.0,70.0
5.300000000000001,479,894,10.0,70.0
5.4,480,900,10.0,60.0
5.5,479,908,-10.0,80.0
5.6000000000000005,478,916,-10.0,80.0
5.7,478,918,0.0,20.0
5.800000000000001,479,920,10.0,20.0
5.9,487,930,80.0,100.0
6.0,498,940,110.0,100.0
6.1000000000000005,506,945,80.0,50.0
6.2,519,952,130.0,70.0
6.300000000000001,529,957,100.0,50.0
6.4,539,962,100.0,50.0
6.5,546,967,70.0,50.0
6.6000000000000005,560,974,140.0,70.0
6.7,576,980,160.0,60.0
6.800000000000001,594,988,180.0,80.0
6.9,609,995,150.0,70.0
7.0,627,1004,180.0,90.0
7.1000000000000005,647,1009,200.0,50.0
7.2,676,1014,290.0,50.0
7.300000000000001,687,1019,110.0,50.0
7.4,701,1022,140.0,30.0
7.5,715,1027,140.0,50.0
7.6000000000000005,725,1032,100.0,50.0
7.7,745,1042,200.0,100.0
7.800000000000001,759,1047,140.0,50.0
7.9,769,1051,100.0,40.0
8.0,770,1051,10.0,0.0
8.1,779,1055,90.0,40.0
8.200000000000001,796,1063,170.0,80.0
8.3,808,1069,120.0,60.0
8.4,817,1073,90.0,40.0
8.5,823,1075,60.0,20.0
8.6,835,1079,120.0,40.0
8.700000000000001,858,1084,230.0,50.0
8.8,874,1086,160.0,20.0
8.9,900,1091,260.0,50.0
9.0,920,1094,200.0,30.0
9.1,938,1096,180.0,20.0
9.200000000000001,967,1099,290.0,30.0
9.3,997,1102,300.0,30.0
9.4,1034,1107,370.0,50.0
9.5,1065,1112,310.0,50.0
9.600000000000001,1096,1114,310.0,20.0
9.700000000000001,1113,1115,170.0,10.0
9.8,1134,1118,210.0,30.0
9.9,1151,1119,170.0,10.0
10.0,1165,1119,140.0,0.0
10.100000000000001,1175,1120,100.0,10.0
10.200000000000001,1187,1120,120.0,0.0
10.3,1196,1120,90.0,0.0
10.4,1217,1120,210.0,0.0
10.5,1242,1120,250.0,0.0
10.600000000000001,1276,1120,340.0,0.0
10.700000000000001,1293,1120,170.0,0.0
10.8,1315,1117,220.0,-30.0
10.9,1327,1117,120.0,0.0
11.0,1342,1117,150.0,0.0
11.100000000000001,1355,1117,130.0,0.0
11.200000000000001,1369,1117,140.0,0.0
11.3,1373,1117,40.0,0.0
11.4,1380,1117,70.0,0.0
11.5,1396,1115,160.0,-20.0
11.600000000000001,1397,1115,10.0,0.0
11.700000000000001,1398,1115,10.0,0.0
11.8,1401,1115,30.0,0.0
11.9,1410,1115,90.0,0.0
12.0,1422,1116,120.0,10.0
12.100000000000001,1424,1116,20.0,0.0
12.200000000000001,1424,1116,0.0,0.0
12.3,1428,1115,40.0,-10.0
12.4,1428,1115,0.0,0.0
12.5,1428,1115,0.0,0.0
12.600000000000001,1435,1115,70.0,0.0
12.700000000000001,1440,1114,50.0,-10.0
12.8,1440,1114,0.0,0.0
12.9,1440,1114,0.0,0.0
13.0,1442,1111,20.0,-30.0
13.100000000000001,1444,1105,20.0,-60.0
13.200000000000001,1446,1097,20.0,-80.0
13.3,1449,1090,30.0,-70.0
13.4,1449,1086,0.0,-40.0
13.5,1452,1076,30.0,-100.0
13.600000000000001,1453,1067,10.0,-90.0
13.700000000000001,1452,1057,-10.0,-100.0
13.8,1452,1050,0.0,-70.0
13.9,1449,1039,-30.0,-110.0
14.0,1446,1027,-30.0,-120.0
14.100000000000001,1442,1015,-40.0,-120.0
14.200000000000001,1433,1001,-90.0,-140.0
14.3,1426,991,-70.0,-100.0
14.4,1415,978,-110.0,-130.0
14.5,1408,967,-70.0,-110.0
14.600000000000001,1399,956,-90.0,-110.0
14.700000000000001,1393,949,-60.0,-70.0
14.8,1378,933,-150.0,-160.0
14.9,1365,919,-130.0,-140.0
15.0,1356,905,-90.0,-140.0
15.100000000000001,1337,882,-190.0,-230.0
15.200000000000001,1322,860,-150.0,-220.0
15.3,1311,840,-110.0,-200.0
15.4,1294,811,-170.0,-290.0
15.5,1279,781,-150.0,-300.0
15.600000000000001,1271,757,-80.0,-240.0
15.700000000000001,1261,737,-100.0,-200.0
15.8,1250,717,-110.0,-200.0
15.9,1238,700,-120.0,-170.0
16.0,1227,682,-110.0,-180.0
16.1,1214,663,-130.0,-190.0
16.2,1201,643,-130.0,-200.0
16.3,1184,615,-170.0,-280.0
16.400000000000002,1174,599,-100.0,-160.0
16.5,1162,583,-120.0,-160.0
16.6,1152,568,-100.0,-150.0
16.7,1141,552,-110.0,-160.0
16.8,1133,542,-80.0,-100.0
16.900000000000002,1123,527,-100.0,-150.0
17.0,1114,517,-90.0,-100.0
17.1,1105,504,-90.0,-130.0
17.2,1097,494,-80.0,-100.0
17.3,1087,479,-100.0,-150.0
17.400000000000002,1082,470,-50.0,-90.0
17.5,1075,457,-70.0,-130.0
17.6,1073,454,-20.0,-30.0
17.7,1073,453,0.0,-10.0
17.8,1064,438,-90.0,-150.0
17.900000000000002,1061,430,-30.0,-80.0
18.0,1059,423,-20.0,-70.0
18.1,1059,416,0.0,-70.0
18.2,1058,410,-10.0,-60.0
18.3,1057,403,-10.0,-70.0
18.400000000000002,1057,396,0.0,-70.0
18.5,1057,389,0.0,-70.0
18.6,1056,379,-10.0,-100.0
18.7,1056,371,0.0,-80.0
18.8,1055,363,-10.0,-80.0
18.900000000000002,1055,363,0.0,0.0
19.0,1055,363,0.0,0.0
