0.1,903,380,0.0,-10.0
0.2,903,381,0.0,10.0
0.30000000000000004,903,381,0.0,0.0
0.4,902,381,-10.0,0.0
0.5,898,392,-40.0,110.0
0.6000000000000001,891,406,-70.0,140.0
0.7000000000000001,889,412,-20.0,60.0
0.8,888,414,-10.0,20.0
0.9,888,414,0.0,0.0
1.0,881,429,-70.0,150.0
1.1,869,446,-120.0,170.0
1.2000000000000002,860,459,-90.0,130.0
1.3,853,471,-70.0,120.0
1.4000000000000001,844,484,-90.0,130.0
1.5,835,497,-90.0,130.0
1.6,832,501,-30.0,40.0
1.7000000000000002,832,501,0.0,0.0
1.8,829,508,-30.0,70.0
1.9000000000000001,820,523,-90.0,150.0
2.0,814,534,-60.0,110.0
2.1,806,546,-80.0,120.0
2.2,801,554,-50.0,80.0
2.3000000000000003,792,567,-90.0,130.0
2.4000000000000004,788,577,-40.0,100.0
2.5,784,584,-40.0,70.0
2.6,777,599,-70.0,150.0
2.7,773,610,-40.0,110.0
2.8000000000000003,766,627,-70.0,170.0
2.9000000000000004,761,638,-50.0,110.0
3.0,756,652,-50.0,140.0
3.1,752,670,-40.0,180.0
3.2,750,681,-20.0,110.0
3.3000000000000003,750,695,0.0,140.0
3.4000000000000004,750,704,0.0,90.0
3.5,750,719,0.0,150.0
3.6,749,733,-10.0,140.0
3.7,747,757,-20.0,240.0
3.8000000000000003,746,778,-10.0,210.0
3.9000000000000004,744,792,-20.0,140.0
4.0,737,809,-70.0,170.0
4.1000000000000005,730,828,-70.0,190.0
4.2,725,837,-50.0,90.0
4.3,716,852,-90.0,150.0
4.4,709,864,-70.0,120.0
4.5,702,874,-70.0,100.0
4.6000000000000005,693,888,-90.0,140.0
4.7,688,898,-50.0,100.0
4.800000000000001,683,908,-50.0,100.0
4.9,676,920,-70.0,120.0
5.0,672,930,-40.0,100.0
5.1000000000000005,669,935,-30.0,50.0
5.2,661,947,-80.0,120.0
5.300000000000001,656,957,-50.0,100.0
5.4,647,965,-90.0,80.0
5.5,640,975,-70.0,100.0
5.6000000000000005,635,982,-50.0,70.0
5.7,630,990,-50.0,80.0
5.800000000000001,626,998,-40.0,80.0
5.9,623,1003,-30.0,50.0
6.0,621,1006,-20.0,30.0
6.1000000000000005,620,1009,-10.0,30.0
6.2,618,1010,-20.0,10.0
6.300000000000001,612,1021,-60.0,110.0
6.4,608,1027,-40.0,60.0
6.5,604,1032,-40.0,50.0
6.6000000000000005,600,1039,-40.0,70.0
6.7,596,1044,-40.0,50.0
6.800000000000001,592,1050,-40.0,60.0
6.9,592,1050,0.0,0.0
7.0,592,1050,0.0,0.0
7.1000000000000005,592,1050,0.0,0.0
7.2,591,1055,-10.0,50.0
7.300000000000001,587,1066,-40.0,110.0
7.4,586,1071,-10.0,50.0
7.5,586,1072,0.0,10.0
7.6000000000000005,586,1072,0.0,0.0
7.7,585,1080,-10.0,80.0
7.800000000000001,586,1085,10.0,50.0
7.9,587,1091,10.0,60.0
8.0,587,1096,0.0,50.0
8.1,587,1099,0.0,30.0
8.200000000000001,587,1106,0.0,70.0
8.3,587,1109,0.0,30.0
8.4,588,1112,10.0,30.0
8.5,588,1112,0.0,0.0
8.6,589,1112,10.0,0.0
8.700000000000001,608,1115,190.0,30.0
8.8,630,1117,220.0,20.0
8.9,644,1119,140.0,20.0
9.0,645,1119,10.0,0.0
9.1,645,1119,0.0,0.0
9.200000000000001,653,1120,80.0,10.0
9.3,670,1121,170.0,10.0
9.4,692,1123,220.0,20.0
9.5,700,1123,80.0,0.0
9.600000000000001,714,1122,140.0,-10.0
9.700000000000001,736,1122,220.0,0.0
9.8,748,1122,120.0,0.0
9.9,767,1121,190.0,-10.0
10.0,793,1121,260.0,0.0
10.100000000000001,809,1121,160.0,0.0
10.200000000000001,837,1120,280.0,-10.0
10.3,857,1119,200.0,-10.0
10.4,869,1116,120.0,-30.0
10.5,889,1113,200.0,-30.0
10.600000000000001,906,1111,170.0,-20.0
10.700000000000001,917,1110,110.0,-10.0
10.8,941,1108,240.0,-20.0
10.9,965,1106,240.0,-20.0
11.0,985,1104,200.0,-20.0
11.100000000000001,1007,1101,220.0,-30.0
11.200000000000001,1032,1100,250.0,-10.0
11.3,1049,1100,170.0,0.0
11.4,1073,1100,240.0,0.0
11.5,1098,1100,250.0,0.0
11.600000000000001,1115,1100,170.0,0.0
11.700000000000001,1133,1100,180.0,0.0
11.8,1169,1100,360.0,0.0
11.9,1195,1100,260.0,0.0
12.0,1212,1100,170.0,0.0
12.100000000000001,1229,1100,170.0,0.0
12.200000000000001,1252,1099,230.0,-10.0
12.3,1287,1097,350.0,-20.0
12.4,1313,1097,260.0,0.0
12.5,1328,1096,150.0,-10.0
12.600000000000001,1338,1096,100.0,0.0
12.700000000000001,1353,1094,150.0,-20.0
12.8,1369,1092,160.0,-20.0
12.9,1378,1092,90.0,0.0
13.0,1385,1091,70.0,-10.0
13.100000000000001,1402,1089,170.0,-20.0
13.200000000000001,1415,1087,130.0,-20.0
13.3,1422,1087,70.0,0.0
13.4,1436,1086,140.0,-10.0
13.5,1470,1084,340.0,-20.0
13.600000000000001,1487,1082,170.0,-20.0
13.700000000000001,1500,1079,130.0,-30.0
13.8,1516,1077,160.0,-20.0
13.9,1531,1074,150.0,-30.0
14.0,1534,1072,30.0,-20.0
14.100000000000001,1545,1069,110.0,-30.0
14.200000000000001,1558,1063,130.0,-60.0
14.3,1559,1063,10.0,0.0
14.4,1559,1063,0.0,0.0
14.5,1560,1062,10.0,-10.0
14.600000000000001,1563,1061,30.0,-10.0
14.700000000000001,1564,1061,10.0,0.0
14.8,1564,1061,0.0,0.0
14.9,1564,1061,0.0,0.0
15.0,1565,1061,10.0,0.0
15.100000000000001,1569,1060,40.0,-10.0
15.200000000000001,1569,1060,0.0,0.0
15.3,1569,1060,0.0,0.0
15.4,1568,1059,-10.0,-10.0
15.5,1564,1051,-40.0,-80.0
15.600000000000001,1559,1042,-50.0,-90.0
15.700000000000001,1552,1032,-70.0,-100.0
15.8,1545,1025,-70.0,-70.0
15.9,1539,1019,-60.0,-60.0
16.0,1530,1010,-90.0,-90.0
16.1,1516,998,-140.0,-120.0
16.2,1506,988,-100.0,-100.0
16.3,1490,974,-160.0,-140.0
16.400000000000002,1476,959,-140.0,-150.0
16.5,1462,942,-140.0,-170.0
16.6,1440,920,-220.0,-220.0
16.7,1425,902,-150.0,-180.0
16.8,1412,886,-130.0,-160.0
16.900000000000002,1397,863,-150.0,-230.0
17.0,1385,844,-120.0,-190.0
17.1,1367,822,-180.0,-220.0
17.2,1356,811,-110.0,-110.0
17.3,1347,801,-90.0,-100.0
17.400000000000002,1333,783,-140.0,-180.0
17.5,1314,764,-190.0,-190.0
17.6,1298,748,-160.0,-160.0
17.7,1278,726,-200.0,-220.0
17.8,1264,706,-140.0,-200.0
17.900000000000002,1243,680,-210.0,-260.0
18.0,1227,658,-160.0,-220.0
18.1,1215,640,-120.0,-180.0
18.2,1201,622,-140.0,-180.0
18.3,1189,606,-120.0,-160.0
18.400000000000002,1175,588,-140.0,-180.0
18.5,1162,570,-130.0,-180.0
18.6,1150,554,-120.0,-160.0
18.7,1135,535,-150.0,-190.0
18.8,1125,519,-100.0,-160.0
18.900000000000002,1112,503,-130.0,-160.0
19.0,1100,482,-120.0,-210.0
19.1,1090,466,-100.0,-160.0
19.200000000000003,1084,454,-60.0,-120.0
19.3,1076,443,-80.0,-110.0
19.400000000000002,1070,435,-60.0,-80.0
19.5,1066,427,-40.0,-80.0
19.6,1062,421,-40.0,-60.0
19.700000000000003,1062,421,0.0,0.0
19.8,1062,421,0.0,0.0
19.900000000000002,1053,407,-90.0,-140.0
20.0,1049,399,-40.0,-80.0
20.1,1042,388,-70.0,-110.0
20.200000000000003,1037,381,-50.0,-70.0
20.3,1034,377,-30.0,-40.0
20.400000000000002,1034,377,0.0,0.0
20.5,1034,377,0.0,0.0
20.6,1034,377,0.0,0.0
20.700000000000003,1034,377,0.0,0.0
20.8,1034,377,0.0,0.0
20.900000000000002,1034,377,0.0,0.0
