0.1,918,379,0.0,0.0
0.2,918,379,0.0,0.0
0.30000000000000004,918,379,0.0,0.0
0.4,918,379,0.0,0.0
0.5,918,379,0.0,0.0
0.6000000000000001,918,379,0.0,0.0
0.7000000000000001,918,379,0.0,0.0
0.8,914,389,-40.0,100.0
0.9,898,423,-160.0,340.0
1.0,887,440,-110.0,170.0
1.1,882,455,-50.0,150.0
1.2000000000000002,868,481,-140.0,260.0
1.3,863,489,-50.0,80.0
1.4000000000000001,863,489,0.0,0.0
1.5,853,499,-100.0,100.0
1.6,833,520,-200.0,210.0
1.7000000000000002,820,537,-130.0,170.0
1.8,810,553,-100.0,160.0
1.9000000000000001,791,574,-190.0,210.0
2.0,776,588,-150.0,140.0
2.1,763,602,-130.0,140.0
2.2,759,605,-40.0,30.0
2.3000000000000003,758,606,-10.0,10.0
2.4000000000000004,743,623,-150.0,170.0
2.5,731,635,-120.0,120.0
2.6,723,644,-80.0,90.0
2.7,718,650,-50.0,60.0
2.8000000000000003,711,656,-70.0,60.0
2.9000000000000004,708,661,-30.0,50.0
3.0,701,669,-70.0,80.0
3.1,694,678,-70.0,90.0
3.2,689,687,-50.0,90.0
3.3000000000000003,683,697,-60.0,100.0
3.4000000000000004,674,708,-90.0,110.0
3.5,668,720,-60.0,120.0
3.6,662,730,-60.0,100.0
3.7,654,744,-80.0,140.0
3.8000000000000003,653,755,-10.0,110.0
3.9000000000000004,648,766,-50.0,110.0
4.0,644,776,-40.0,100.0
4.1000000000000005,638,787,-60.0,110.0
4.2,631,799,-70.0,120.0
4.3,625,811,-60.0,120.0
4.4,618,825,-70.0,140.0
4.5,612,837,-60.0,120.0
4.6000000000000005,605,847,-70.0,100.0
4.7,595,861,-100.0,140.0
4.800000000000001,589,871,-60.0,100.0
4.9,586,879,-30.0,80.0
5.0,579,889,-70.0,100.0
5.1000000000000005,574,899,-50.0,100.0
5.2,569,910,-50.0,110.0
5.300000000000001,561,922,-80.0,120.0
5.4,555,935,-60.0,130.0
5.5,550,947,-50.0,120.0
5.6000000000000005,540,963,-100.0,160.0
5.7,531,979,-90.0,160.0
5.800000000000001,526,987,-50.0,80.0
5.9,520,996,-60.0,90.0
6.0,511,1006,-90.0,100.0
6.1000000000000005,506,1012,-50.0,60.0
6.2,500,1018,-60.0,60.0
6.300000000000001,496,1023,-40.0,50.0
6.4,492,1027,-40.0,40.0
6.5,485,1035,-70.0,80.0
6.6000000000000005,478,1044,-70.0,90.0
6.7,471,1055,-70.0,110.0
6.800000000000001,461,1067,-100.0,120.0
6.9,456,1074,-50.0,70.0
7.0,452,1083,-40.0,90.0
7.1000000000000005,446,1093,-60.0,100.0
7.2,443,1099,-30.0,60.0
7.300000000000001,437,1106,-60.0,70.0
7.4,430,1114,-70.0,80.0
7.5,426,1118,-40.0,40.0
7.6000000000000005,422,1121,-40.0,30.0
7.7,422,1121,0.0,0.0
7.800000000000001,422,1122,0.0,10.0
7.9,419,1125,-30.0,30.0
8.0,413,1130,-60.0,50.0
8.1,412,1131,-10.0,10.0
8.200000000000001,412,1131,0.0,0.0
8.3,409,1133,-30.0,20.0
8.4,408,1134,-10.0,10.0
8.5,405,1136,-30.0,20.0
8.6,404,1137,-10.0,10.0
8.700000000000001,403,1137,-10.0,0.0
8.8,403,1137,0.0,0.0
8.9,403,1137,0.0,0.0
9.0,401,1139,-20.0,20.0
9.1,397,1140,-40.0,10.0
9.200000000000001,389,1142,-80.0,20.0
9.3,385,1143,-40.0,10.0
9.4,385,1143,0.0,0.0
9.5,385,1143,0.0,0.0
9.600000000000001,386,1142,10.0,-10.0
9.700000000000001,390,1140,40.0,-20.0
9.8,411,1139,210.0,-10.0
9.9,435,1138,240.0,-10.0
10.0,440,1138,50.0,0.0
10.100000000000001,441,1138,10.0,0.0
10.200000000000001,468,1138,270.0,0.0
10.3,491,1138,230.0,0.0
10.4,510,1138,190.0,0.0
10.5,520,1138,100.0,0.0
10.600000000000001,534,1137,140.0,-10.0
10.700000000000001,564,1134,300.0,-30.0
10.8,589,1134,250.0,0.0
10.9,606,1134,170.0,0.0
11.0,635,1131,290.0,-30.0
11.100000000000001,663,1126,280.0,-50.0
11.200000000000001,682,1123,190.0,-30.0
11.3,701,1119,190.0,-40.0
11.4,716,1116,150.0,-30.0
11.5,733,1111,170.0,-50.0
11.600000000000001,756,1109,230.0,-20.0
11.700000000000001,778,1105,220.0,-40.0
11.8,799,1105,210.0,0.0
11.9,830,1103,310.0,-20.0
12.0,849,1102,190.0,-10.0
12.100000000000001,860,1103,110.0,10.0
12.200000000000001,883,1103,230.0,0.0
12.3,907,1103,240.0,0.0
12.4,933,1103,260.0,0.0
12.5,951,1103,180.0,0.0
12.600000000000001,964,1103,130.0,0.0
12.700000000000001,985,1103,210.0,0.0
12.8,1012,1102,270.0,-10.0
12.9,1046,1102,340.0,0.0
13.0,1078,1102,320.0,0.0
13.100000000000001,1115,1102,370.0,0.0
13.200000000000001,1133,1099,180.0,-30.0
13.3,1158,1099,250.0,0.0
13.4,1190,1098,320.0,-10.0
13.5,1205,1097,150.0,-10.0
13.600000000000001,1218,1097,130.0,0.0
13.700000000000001,1238,1097,200.0,0.0
13.8,1253,1097,150.0,0.0
13.9,1271,1098,180.0,10.0
14.0,1286,1098,150.0,0.0
14.100000000000001,1313,1099,270.0,10.0
14.200000000000001,1351,1100,380.0,10.0
14.3,1370,1100,190.0,0.0
14.4,1385,1100,150.0,0.0
14.5,1416,1099,310.0,-10.0
14.600000000000001,1428,1099,120.0,0.0
14.700000000000001,1428,1099,0.0,0.0
14.8,1444,1099,160.0,0.0
14.9,1461,1099,170.0,0.0
15.0,1471,1100,100.0,10.0
15.100000000000001,1471,1100,0.0,0.0
15.200000000000001,1487,1099,160.0,-10.0
15.3,1509,1096,220.0,-30.0
15.4,1516,1097,70.0,10.0
15.5,1528,1098,120.0,10.0
15.600000000000001,1547,1098,190.0,0.0
15.700000000000001,1557,1099,100.0,10.0
15.8,1558,1099,10.0,0.0
15.9,1576,1101,180.0,20.0
16.0,1591,1100,150.0,-10.0
16.1,1591,1101,0.0,10.0
16.2,1601,1103,100.0,20.0
16.3,1616,1103,150.0,0.0
16.400000000000002,1622,1103,60.0,0.0
16.5,1622,1103,0.0,0.0
16.6,1623,1103,10.0,0.0
16.7,1628,1103,50.0,0.0
16.8,1628,1103,0.0,0.0
16.900000000000002,1628,1103,0.0,0.0
17.0,1628,1103,0.0,0.0
17.1,1628,1103,0.0,0.0
17.2,1628,1103,0.0,0.0
17.3,1637,1103,90.0,0.0
17.400000000000002,1644,1101,70.0,-20.0
17.5,1644,1101,0.0,0.0
17.6,1644,1101,0.0,0.0
17.7,1644,1101,0.0,0.0
17.8,1644,1101,0.0,0.0
17.900000000000002,1644,1100,0.0,-10.0
18.0,1640,1097,-40.0,-30.0
18.1,1634,1090,-60.0,-70.0
18.2,1620,1083,-140.0,-70.0
18.3,1601,1075,-190.0,-80.0
18.400000000000002,1586,1070,-150.0,-50.0
18.5,1576,1064,-100.0,-60.0
18.6,1566,1058,-100.0,-60.0
18.7,1552,1048,-140.0,-100.0
18.8,1533,1036,-190.0,-120.0
18.900000000000002,1517,1024,-160.0,-120.0
19.0,1502,1009,-150.0,-150.0
19.1,1495,1002,-70.0,-70.0
19.200000000000003,1477,981,-180.0,-210.0
19.3,1460,965,-170.0,-160.0
19.400000000000002,1445,949,-150.0,-160.0
19.5,1427,927,-180.0,-220.0
19.6,1410,908,-170.0,-190.0
19.700000000000003,1392,885,-180.0,-230.0
19.8,1377,869,-150.0,-160.0
19.900000000000002,1365,850,-120.0,-190.0
20.0,1354,836,-110.0,-140.0
20.1,1343,819,-110.0,-170.0
20.200000000000003,1332,802,-110.0,-170.0
20.3,1314,777,-180.0,-250.0
20.400000000000002,1299,752,-150.0,-250.0
20.5,1283,725,-160.0,-270.0
20.6,1269,704,-140.0,-210.0
20.700000000000003,1255,680,-140.0,-240.0
20.8,1242,660,-130.0,-200.0
20.900000000000002,1219,628,-230.0,-320.0
21.0,1203,606,-160.0,-220.0
21.1,1183,580,-200.0,-260.0
21.200000000000003,1165,555,-180.0,-250.0
21.3,1157,540,-80.0,-150.0
21.400000000000002,1148,524,-90.0,-160.0
21.5,1134,503,-140.0,-210.0
21.6,1124,490,-100.0,-130.0
21.700000000000003,1115,481,-90.0,-90.0
21.8,1107,469,-80.0,-120.0
21.900000000000002,1096,457,-110.0,-120.0
22.0,1089,450,-70.0,-70.0
22.1,1082,441,-70.0,-90.0
22.200000000000003,1075,432,-70.0,-90.0
22.3,1071,425,-40.0,-70.0
22.400000000000002,1066,417,-50.0,-80.0
22.5,1060,408,-60.0,-90.0
22.6,1058,404,-20.0,-40.0
22.700000000000003,1055,397,-30.0,-70.0
22.8,1054,396,-10.0,-10.0
22.900000000000002,1054,396,0.0,0.0
23.0,1054,395,0.0,-10.0
23.1,1054,395,0.0,0.0
23.200000000000003,1052,389,-20.0,-60.0
23.3,1052,388,0.0,-10.0
23.400000000000002,1052,388,0.0,0.0
