0.1,904,368,0.0,0.0
0.2,904,368,0.0,0.0
0.30000000000000004,904,368,0.0,0.0
0.4,903,370,-10.0,20.0
0.5,895,381,-80.0,110.0
0.6000000000000001,888,393,-70.0,120.0
0.7000000000000001,879,408,-90.0,150.0
0.8,873,424,-60.0,160.0
0.9,863,443,-100.0,190.0
1.0,855,457,-80.0,140.0
1.1,841,475,-140.0,180.0
1.2000000000000002,834,485,-70.0,100.0
1.3,825,494,-90.0,90.0
1.4000000000000001,813,509,-120.0,150.0
1.5,802,523,-110.0,140.0
1.6,784,543,-180.0,200.0
1.7000000000000002,767,569,-170.0,260.0
1.8,751,589,-160.0,200.0
1.9000000000000001,727,614,-240.0,250.0
2.0,710,632,-170.0,180.0
2.1,698,642,-120.0,100.0
2.2,678,659,-200.0,170.0
2.3000000000000003,663,676,-150.0,170.0
2.4000000000000004,650,691,-130.0,150.0
2.5,638,706,-120.0,150.0
2.6,628,719,-100.0,130.0
2.7,620,730,-80.0,110.0
2.8000000000000003,612,742,-80.0,120.0
2.9000000000000004,603,753,-90.0,110.0
3.0,597,763,-60.0,100.0
3.1,591,776,-60.0,130.0
3.2,582,789,-90.0,130.0
3.3000000000000003,577,797,-50.0,80.0
3.4000000000000004,575,803,-20.0,60.0
3.5,564,817,-110.0,140.0
3.6,551,836,-130.0,190.0
3.7,546,844,-50.0,80.0
3.8000000000000003,540,856,-60.0,120.0
3.9000000000000004,535,862,-50.0,60.0
4.0,529,871,-60.0,90.0
4.1000000000000005,523,881,-60.0,100.0
4.2,512,893,-110.0,120.0
4.3,501,906,-110.0,130.0
4.4,484,926,-170.0,200.0
4.5,475,937,-90.0,110.0
4.6000000000000005,471,943,-40.0,60.0
4.7,469,946,-20.0,30.0
4.800000000000001,468,949,-10.0,30.0
4.9,467,950,-10.0,10.0
5.0,460,961,-70.0,110.0
5.1000000000000005,450,971,-100.0,100.0
5.2,445,977,-50.0,60.0
5.300000000000001,443,980,-20.0,30.0
5.4,439,986,-40.0,60.0
5.5,436,990,-30.0,40.0
5.6000000000000005,436,991,0.0,10.0
5.7,436,991,0.0,0.0
5.800000000000001,436,991,0.0,0.0
5.9,436,991,0.0,0.0
6.0,436,991,0.0,0.0
6.1000000000000005,436,991,0.0,0.0
6.2,437,991,10.0,0.0
6.300000000000001,442,990,50.0,-10.0
6.4,446,989,40.0,-10.0
6.5,457,988,110.0,-10.0
6.6000000000000005,470,986,130.0,-20.0
6.7,479,985,90.0,-10.0
6.800000000000001,490,983,110.0,-20.0
6.9,504,982,140.0,-10.0
7.0,514,980,100.0,-20.0
7.1000000000000005,528,978,140.0,-20.0
7.2,552,973,240.0,-50.0
7.300000000000001,571,969,190.0,-40.0
7.4,595,966,240.0,-30.0
7.5,623,961,280.0,-50.0
7.6000000000000005,649,955,260.0,-60.0
7.7,671,952,220.0,-30.0
7.800000000000001,697,949,260.0,-30.0
7.9,722,947,250.0,-20.0
8.0,745,943,230.0,-40.0
8.1,763,942,180.0,-10.0
8.200000000000001,780,943,170.0,10.0
8.3,794,943,140.0,0.0
8.4,817,944,230.0,10.0
8.5,835,944,180.0,0.0
8.6,855,945,200.0,10.0
8.700000000000001,876,944,210.0,-10.0
8.8,903,943,270.0,-10.0
8.9,920,944,170.0,10.0
9.0,935,944,150.0,0.0
9.1,953,945,180.0,10.0
9.200000000000001,976,945,230.0,0.0
9.3,991,947,150.0,20.0
9.4,1007,947,160.0,0.0
9.5,1033,947,260.0,0.0
9.600000000000001,1058,945,250.0,-20.0
9.700000000000001,1099,944,410.0,-10.0
9.8,1121,944,220.0,0.0
9.9,1134,944,130.0,0.0
10.0,1153,943,190.0,-10.0
10.100000000000001,1168,942,150.0,-10.0
10.200000000000001,1185,942,170.0,0.0
10.3,1199,942,140.0,0.0
10.4,1214,941,150.0,-10.0
10.5,1230,941,160.0,0.0
10.600000000000001,1250,939,200.0,-20.0
10.700000000000001,1274,934,240.0,-50.0
10.8,1293,931,190.0,-30.0
10.9,1299,931,60.0,0.0
11.0,1314,931,150.0,0.0
11.100000000000001,1327,930,130.0,-10.0
11.200000000000001,1328,930,10.0,0.0
11.3,1329,930,10.0,0.0
11.4,1338,930,90.0,0.0
11.5,1351,931,130.0,10.0
11.600000000000001,1360,932,90.0,10.0
11.700000000000001,1370,933,100.0,10.0
11.8,1378,933,80.0,0.0
11.9,1382,934,40.0,10.0
12.0,1393,934,110.0,0.0
12.100000000000001,1402,934,90.0,0.0
12.200000000000001,1407,933,50.0,-10.0
12.3,1415,932,80.0,-10.0
12.4,1416,932,10.0,0.0
12.5,1415,932,-10.0,0.0
12.600000000000001,1415,932,0.0,0.0
12.700000000000001,1415,932,0.0,0.0
12.8,1415,932,0.0,0.0
12.9,1413,930,-20.0,-20.0
13.0,1406,923,-70.0,-70.0
13.100000000000001,1399,916,-70.0,-70.0
13.200000000000001,1393,908,-60.0,-80.0
13.3,1386,900,-70.0,-80.0
13.4,1381,894,-50.0,-60.0
13.5,1373,886,-80.0,-80.0
13.600000000000001,1360,876,-130.0,-100.0
13.700000000000001,1347,864,-130.0,-120.0
13.8,1333,852,-140.0,-120.0
13.9,1316,834,-170.0,-180.0
14.0,1302,819,-140.0,-150.0
14.100000000000001,1287,797,-150.0,-220.0
14.200000000000001,1271,779,-160.0,-180.0
14.3,1262,765,-90.0,-140.0
14.4,1253,752,-90.0,-130.0
14.5,1247,743,-60.0,-90.0
14.600000000000001,1239,732,-80.0,-110.0
14.700000000000001,1231,720,-80.0,-120.0
14.8,1224,711,-70.0,-90.0
14.9,1215,699,-90.0,-120.0
15.0,1208,690,-70.0,-90.0
15.100000000000001,1194,674,-140.0,-160.0
15.200000000000001,1178,657,-160.0,-170.0
15.3,1168,644,-100.0,-130.0
15.4,1162,632,-60.0,-120.0
15.5,1153,618,-90.0,-140.0
15.600000000000001,1148,608,-50.0,-100.0
15.700000000000001,1144,601,-40.0,-70.0
15.8,1140,590,-40.0,-110.0
15.9,1135,578,-50.0,-120.0
16.0,1132,570,-30.0,-80.0
16.1,1130,564,-20.0,-60.0
16.2,1125,552,-50.0,-120.0
16.3,1120,539,-50.0,-130.0
16.400000000000002,1114,529,-60.0,-100.0
16.5,1108,515,-60.0,-140.0
16.6,1104,509,-40.0,-60.0
16.7,1100,500,-40.0,-90.0
16.8,1093,487,-70.0,-130.0
16.900000000000002,1085,476,-80.0,-110.0
17.0,1078,462,-70.0,-140.0
17.1,1073,452,-50.0,-100.0
17.2,1067,440,-60.0,-120.0
17.3,1064,432,-30.0,-80.0
17.400000000000002,1060,421,-40.0,-110.0
17.5,1056,414,-40.0,-70.0
17.6,1051,406,-50.0,-80.0
17.7,1046,399,-50.0,-70.0
17.8,1042,391,-40.0,-80.0
17.900000000000002,1038,382,-40.0,-90.0
18.0,1037,380,-10.0,-20.0
18.1,1037,380,0.0,0.0
18.2,1037,380,0.0,0.0
18.3,1037,380,0.0,0.0
