0.1,887,373,0.0,0.0
0.2,887,373,0.0,0.0
0.30000000000000004,887,373,0.0,0.0
0.4,887,374,0.0,10.0
0.5,887,374,0.0,0.0
0.6000000000000001,883,380,-40.0,60.0
0.7000000000000001,876,387,-70.0,70.0
0.8,868,395,-80.0,80.0
0.9,858,405,-100.0,100.0
1.0,852,411,-60.0,60.0
1.1,848,416,-40.0,50.0
1.2000000000000002,844,419,-40.0,30.0
1.3,838,424,-60.0,50.0
1.4000000000000001,832,429,-60.0,50.0
1.5,828,432,-40.0,30.0
1.6,822,438,-60.0,60.0
1.7000000000000002,813,447,-90.0,90.0
1.8,805,454,-80.0,70.0
1.9000000000000001,793,464,-120.0,100.0
2.0,786,470,-70.0,60.0
2.1,780,477,-60.0,70.0
2.2,774,484,-60.0,70.0
2.3000000000000003,763,493,-110.0,90.0
2.4000000000000004,751,501,-120.0,80.0
2.5,743,507,-80.0,60.0
2.6,734,513,-90.0,60.0
2.7,726,519,-80.0,60.0
2.8000000000000003,717,526,-90.0,70.0
2.9000000000000004,712,531,-50.0,50.0
3.0,704,537,-80.0,60.0
3.1,697,544,-70.0,70.0
3.2,689,554,-80.0,100.0
3.3000000000000003,682,559,-70.0,50.0
3.4000000000000004,674,568,-80.0,90.0
3.5,667,574,-70.0,60.0
3.6,661,583,-60.0,90.0
3.7,655,589,-60.0,60.0
3.8000000000000003,646,598,-90.0,90.0
3.9000000000000004,639,606,-70.0,80.0
4.0,636,612,-30.0,60.0
4.1000000000000005,630,619,-60.0,70.0
4.2,623,628,-70.0,90.0
4.3,616,637,-70.0,90.0
4.4,612,642,-40.0,50.0
4.5,609,646,-30.0,40.0
4.6000000000000005,605,652,-40.0,60.0
4.7,602,658,-30.0,60.0
4.800000000000001,596,667,-60.0,90.0
4.9,592,672,-40.0,50.0
5.0,589,678,-30.0,60.0
5.1000000000000005,584,684,-50.0,60.0
5.2,580,689,-40.0,50.0
5.300000000000001,576,695,-40.0,60.0
5.4,572,701,-40.0,60.0
5.5,566,710,-60.0,90.0
5.6000000000000005,562,718,-40.0,80.0
5.7,558,722,-40.0,40.0
5.800000000000001,553,731,-50.0,90.0
5.9,547,739,-60.0,80.0
6.0,543,746,-40.0,70.0
6.1000000000000005,540,751,-30.0,50.0
6.2,538,755,-20.0,40.0
6.300000000000001,535,759,-30.0,40.0
6.4,535,762,0.0,30.0
6.5,533,767,-20.0,50.0
6.6000000000000005,531,777,-20.0,100.0
6.7,528,785,-30.0,80.0
6.800000000000001,526,793,-20.0,80.0
6.9,525,799,-10.0,60.0
7.0,523,805,-20.0,60.0
7.1000000000000005,523,809,0.0,40.0
7.2,523,815,0.0,60.0
7.300000000000001,521,822,-20.0,70.0
7.4,519,828,-20.0,60.0
7.5,519,831,0.0,30.0
7.6000000000000005,516,839,-30.0,80.0
7.7,514,844,-20.0,50.0
7.800000000000001,512,848,-20.0,40.0
7.9,510,854,-20.0,60.0
8.0,507,859,-30.0,50.0
8.1,506,862,-10.0,30.0
8.200000000000001,502,869,-40.0,70.0
8.3,499,876,-30.0,70.0
8.4,497,884,-20.0,80.0
8.5,495,891,-20.0,70.0
8.6,495,899,0.0,80.0
8.700000000000001,495,905,0.0,60.0
8.8,496,909,10.0,40.0
8.9,497,911,10.0,20.0
9.0,499,914,20.0,30.0
9.1,500,915,10.0,10.0
9.200000000000001,500,915,0.0,0.0
9.3,504,916,40.0,10.0
9.4,512,915,80.0,-10.0
9.5,531,913,190.0,-20.0
9.600000000000001,547,911,160.0,-20.0
9.700000000000001,566,911,190.0,0.0
9.8,578,911,120.0,0.0
9.9,591,910,130.0,-10.0
10.0,602,910,110.0,0.0
10.100000000000001,611,910,90.0,0.0
10.200000000000001,632,910,210.0,0.0
10.3,648,910,160.0,0.0
10.4,667,910,190.0,0.0
10.5,682,910,150.0,0.0
10.600000000000001,703,910,210.0,0.0
10.700000000000001,723,910,200.0,0.0
10.8,737,910,140.0,0.0
10.9,754,910,170.0,0.0
11.0,767,909,130.0,-10.0
11.100000000000001,781,909,140.0,0.0
11.200000000000001,798,909,170.0,0.0
11.3,812,909,140.0,0.0
11.4,826,909,140.0,0.0
11.5,843,909,170.0,0.0
11.600000000000001,851,909,80.0,0.0
11.700000000000001,868,907,170.0,-20.0
11.8,879,905,110.0,-20.0
11.9,881,904,20.0,-10.0
12.0,893,900,120.0,-40.0
12.100000000000001,906,897,130.0,-30.0
12.200000000000001,919,894,130.0,-30.0
12.3,933,889,140.0,-50.0
12.4,953,883,200.0,-60.0
12.5,973,880,200.0,-30.0
12.600000000000001,982,878,90.0,-20.0
12.700000000000001,1001,874,190.0,-40.0
12.8,1022,872,210.0,-20.0
12.9,1028,872,60.0,0.0
13.0,1034,872,60.0,0.0
13.100000000000001,1049,872,150.0,0.0
13.200000000000001,1074,874,250.0,20.0
13.3,1094,874,200.0,0.0
13.4,1132,872,380.0,-20.0
13.5,1164,871,320.0,-10.0
13.600000000000001,1179,871,150.0,0.0
13.700000000000001,1194,865,150.0,-60.0
13.8,1206,864,120.0,-10.0
13.9,1212,861,60.0,-30.0
14.0,1222,858,100.0,-30.0
14.100000000000001,1230,857,80.0,-10.0
14.200000000000001,1241,854,110.0,-30.0
14.3,1253,851,120.0,-30.0
14.4,1268,850,150.0,-10.0
14.5,1279,847,110.0,-30.0
14.600000000000001,1287,845,80.0,-20.0
14.700000000000001,1298,843,110.0,-20.0
14.8,1312,840,140.0,-30.0
14.9,1320,837,80.0,-30.0
15.0,1334,836,140.0,-10.0
15.100000000000001,1355,836,210.0,0.0
15.200000000000001,1367,836,120.0,0.0
15.3,1369,833,20.0,-30.0
15.4,1381,830,120.0,-30.0
15.5,1386,829,50.0,-10.0
15.600000000000001,1389,828,30.0,-10.0
15.700000000000001,1403,825,140.0,-30.0
15.8,1409,823,60.0,-20.0
15.9,1409,823,0.0,0.0
16.0,1418,820,90.0,-30.0
16.1,1427,819,90.0,-10.0
16.2,1428,818,10.0,-10.0
16.3,1435,813,70.0,-50.0
16.400000000000002,1441,810,60.0,-30.0
16.5,1441,809,0.0,-10.0
16.6,1445,806,40.0,-30.0
16.7,1450,803,50.0,-30.0
16.8,1452,801,20.0,-20.0
16.900000000000002,1454,799,20.0,-20.0
17.0,1459,795,50.0,-40.0
17.1,1467,790,80.0,-50.0
17.2,1471,785,40.0,-50.0
17.3,1473,783,20.0,-20.0
17.400000000000002,1478,778,50.0,-50.0
17.5,1485,772,70.0,-60.0
17.6,1487,770,20.0,-20.0
17.7,1491,766,40.0,-40.0
17.8,1497,760,60.0,-60.0
17.900000000000002,1501,757,40.0,-30.0
18.0,1501,757,0.0,0.0
18.1,1502,753,10.0,-40.0
18.2,1502,750,0.0,-30.0
18.3,1502,749,0.0,-10.0
18.400000000000002,1500,739,-20.0,-100.0
18.5,1498,721,-20.0,-180.0
18.6,1499,697,10.0,-240.0
18.7,1499,685,0.0,-120.0
18.8,1500,667,10.0,-180.0
18.900000000000002,1500,656,0.0,-110.0
19.0,1498,649,-20.0,-70.0
19.1,1492,632,-60.0,-170.0
19.200000000000003,1480,611,-120.0,-210.0
19.3,1473,602,-70.0,-90.0
19.400000000000002,1468,596,-50.0,-60.0
19.5,1455,584,-130.0,-120.0
19.6,1441,573,-140.0,-110.0
19.700000000000003,1433,568,-80.0,-50.0
19.8,1423,562,-100.0,-60.0
19.900000000000002,1411,555,-120.0,-70.0
20.0,1399,550,-120.0,-50.0
20.1,1383,543,-160.0,-70.0
20.200000000000003,1372,537,-110.0,-60.0
20.3,1355,529,-170.0,-80.0
20.400000000000002,1333,517,-220.0,-120.0
20.5,1320,509,-130.0,-80.0
20.6,1310,503,-100.0,-60.0
20.700000000000003,1299,496,-110.0,-70.0
20.8,1290,490,-90.0,-60.0
20.900000000000002,1276,481,-140.0,-90.0
21.0,1262,471,-140.0,-100.0
21.1,1248,463,-140.0,-80.0
21.200000000000003,1239,456,-90.0,-70.0
21.3,1219,445,-200.0,-110.0
21.400000000000002,1202,437,-170.0,-80.0
21.5,1194,431,-80.0,-60.0
21.6,1185,425,-90.0,-60.0
21.700000000000003,1175,420,-100.0,-50.0
21.8,1158,411,-170.0,-90.0
21.900000000000002,1144,403,-140.0,-80.0
22.0,1133,398,-110.0,-50.0
22.1,1125,395,-80.0,-30.0
22.200000000000003,1114,393,-110.0,-20.0
22.3,1103,391,-110.0,-20.0
22.400000000000002,1091,388,-120.0,-30.0
22.5,1082,387,-90.0,-10.0
22.6,1079,386,-30.0,-10.0
22.700000000000003,1079,386,0.0,0.0
22.8,1079,386,0.0,0.0
22.900000000000002,1079,386,0.0,0.0
23.0,1072,379,-70.0,-70.0
23.1,1065,370,-70.0,-90.0
23.200000000000003,1060,367,-50.0,-30.0
23.3,1060,367,0.0,0.0
23.400000000000002,1060,367,0.0,0.0
23.5,1060,366,0.0,-10.0
23.6,1060,366,0.0,0.0
23.700000000000003,1060,366,0.0,0.0
