0.1,877,382,0.0,0.0
0.2,877,382,0.0,0.0
0.30000000000000004,877,382,0.0,0.0
0.4,877,382,0.0,0.0
0.5,877,382,0.0,0.0
0.6000000000000001,877,382,0.0,0.0
0.7000000000000001,877,382,0.0,0.0
0.8,877,382,0.0,0.0
0.9,877,382,0.0,0.0
1.0,876,389,-10.0,70.0
1.1,875,398,-10.0,90.0
1.2000000000000002,872,408,-30.0,100.0
1.3,870,417,-20.0,90.0
1.4000000000000001,869,421,-10.0,40.0
1.5,867,425,-20.0,40.0
1.6,864,432,-30.0,70.0
1.7000000000000002,857,444,-70.0,120.0
1.8,848,454,-90.0,100.0
1.9000000000000001,838,465,-100.0,110.0
2.0,828,473,-100.0,80.0
2.1,814,485,-140.0,120.0
2.2,804,495,-100.0,100.0
2.3000000000000003,796,502,-80.0,70.0
2.4000000000000004,787,509,-90.0,70.0
2.5,782,514,-50.0,50.0
2.6,773,522,-90.0,80.0
2.7,763,531,-100.0,90.0
2.8000000000000003,757,538,-60.0,70.0
2.9000000000000004,744,551,-130.0,130.0
3.0,735,561,-90.0,100.0
3.1,731,566,-40.0,50.0
3.2,725,572,-60.0,60.0
3.3000000000000003,721,578,-40.0,60.0
3.4000000000000004,720,579,-10.0,10.0
3.5,717,583,-30.0,40.0
3.6,709,593,-80.0,100.0
3.7,702,601,-70.0,80.0
3.8000000000000003,696,609,-60.0,80.0
3.9000000000000004,688,618,-80.0,90.0
4.0,682,627,-60.0,90.0
4.1000000000000005,678,633,-40.0,60.0
4.2,673,640,-50.0,70.0
4.3,670,646,-30.0,60.0
4.4,667,653,-30.0,70.0
4.5,663,661,-40.0,80.0
4.6000000000000005,656,671,-70.0,100.0
4.7,652,678,-40.0,70.0
4.800000000000001,646,686,-60.0,80.0
4.9,645,688,-10.0,20.0
5.0,640,694,-50.0,60.0
5.1000000000000005,633,702,-70.0,80.0
5.2,629,707,-40.0,50.0
5.300000000000001,624,715,-50.0,80.0
5.4,618,723,-60.0,80.0
5.5,613,731,-50.0,80.0
5.6000000000000005,608,738,-50.0,70.0
5.7,603,746,-50.0,80.0
5.800000000000001,595,760,-80.0,140.0
5.9,588,771,-70.0,110.0
6.0,583,779,-50.0,80.0
6.1000000000000005,575,790,-80.0,110.0
6.2,573,793,-20.0,30.0
6.300000000000001,572,797,-10.0,40.0
6.4,563,811,-90.0,140.0
6.5,555,827,-80.0,160.0
6.6000000000000005,547,840,-80.0,130.0
6.7,542,848,-50.0,80.0
6.800000000000001,541,850,-10.0,20.0
6.9,536,858,-50.0,80.0
7.0,533,864,-30.0,60.0
7.1000000000000005,528,870,-50.0,60.0
7.2,524,876,-40.0,60.0
7.300000000000001,519,882,-50.0,60.0
7.4,517,885,-20.0,30.0
7.5,514,887,-30.0,20.0
7.6000000000000005,512,890,-20.0,30.0
7.7,512,891,0.0,10.0
7.800000000000001,510,892,-20.0,10.0
7.9,500,900,-100.0,80.0
8.0,497,902,-30.0,20.0
8.1,494,905,-30.0,30.0
8.200000000000001,494,905,0.0,0.0
8.3,494,905,0.0,0.0
8.4,494,905,0.0,0.0
8.5,495,905,10.0,0.0
8.6,497,904,20.0,-10.0
8.700000000000001,499,903,20.0,-10.0
8.8,505,903,60.0,0.0
8.9,517,904,120.0,10.0
9.0,527,904,100.0,0.0
9.1,538,906,110.0,20.0
9.200000000000001,547,907,90.0,10.0
9.3,554,909,70.0,20.0
9.4,567,913,130.0,40.0
9.5,583,918,160.0,50.0
9.600000000000001,598,922,150.0,40.0
9.700000000000001,613,925,150.0,30.0
9.8,628,926,150.0,10.0
9.9,639,927,110.0,10.0
10.0,650,927,110.0,0.0
10.100000000000001,663,928,130.0,10.0
10.200000000000001,677,929,140.0,10.0
10.3,688,931,110.0,20.0
10.4,711,933,230.0,20.0
10.5,736,938,250.0,50.0
10.600000000000001,759,941,230.0,30.0
10.700000000000001,779,942,200.0,10.0
10.8,792,942,130.0,0.0
10.9,810,942,180.0,0.0
11.0,827,941,170.0,-10.0
11.100000000000001,843,940,160.0,-10.0
11.200000000000001,869,940,260.0,0.0
11.3,896,940,270.0,0.0
11.4,928,940,320.0,0.0
11.5,939,939,110.0,-10.0
11.600000000000001,955,936,160.0,-30.0
11.700000000000001,971,935,160.0,-10.0
11.8,993,932,220.0,-30.0
11.9,1013,930,200.0,-20.0
12.0,1021,927,80.0,-30.0
12.100000000000001,1036,923,150.0,-40.0
12.200000000000001,1053,921,170.0,-20.0
12.3,1076,917,230.0,-40.0
12.4,1103,914,270.0,-30.0
12.5,1122,912,190.0,-20.0
12.600000000000001,1132,908,100.0,-40.0
12.700000000000001,1144,902,120.0,-60.0
12.8,1161,897,170.0,-50.0
12.9,1173,893,120.0,-40.0
13.0,1185,887,120.0,-60.0
13.100000000000001,1197,881,120.0,-60.0
13.200000000000001,1204,877,70.0,-40.0
13.3,1214,873,100.0,-40.0
13.4,1227,869,130.0,-40.0
13.5,1241,867,140.0,-20.0
13.600000000000001,1260,864,190.0,-30.0
13.700000000000001,1273,862,130.0,-20.0
13.8,1283,860,100.0,-20.0
13.9,1298,854,150.0,-60.0
14.0,1301,851,30.0,-30.0
14.100000000000001,1310,845,90.0,-60.0
14.200000000000001,1329,841,190.0,-40.0
14.3,1337,839,80.0,-20.0
14.4,1344,837,70.0,-20.0
14.5,1363,833,190.0,-40.0
14.600000000000001,1380,830,170.0,-30.0
14.700000000000001,1389,827,90.0,-30.0
14.8,1403,823,140.0,-40.0
14.9,1416,821,130.0,-20.0
15.0,1419,820,30.0,-10.0
15.100000000000001,1424,817,50.0,-30.0
15.200000000000001,1436,811,120.0,-60.0
15.3,1440,809,40.0,-20.0
15.4,1447,805,70.0,-40.0
15.5,1465,797,180.0,-80.0
15.600000000000001,1474,792,90.0,-50.0
15.700000000000001,1476,788,20.0,-40.0
15.8,1481,785,50.0,-30.0
15.9,1487,779,60.0,-60.0
16.0,1492,775,50.0,-40.0
16.1,1495,773,30.0,-20.0
16.2,1496,770,10.0,-30.0
16.3,1499,765,30.0,-50.0
16.400000000000002,1501,762,20.0,-30.0
16.5,1501,758,0.0,-40.0
16.6,1501,754,0.0,-40.0
16.7,1498,751,-30.0,-30.0
16.8,1496,748,-20.0,-30.0
16.900000000000002,1493,745,-30.0,-30.0
17.0,1490,741,-30.0,-40.0
17.1,1487,734,-30.0,-70.0
17.2,1477,715,-100.0,-190.0
17.3,1472,706,-50.0,-90.0
17.400000000000002,1467,699,-50.0,-70.0
17.5,1464,696,-30.0,-30.0
17.6,1460,691,-40.0,-50.0
17.7,1449,681,-110.0,-100.0
17.8,1441,674,-80.0,-70.0
17.900000000000002,1437,671,-40.0,-30.0
18.0,1429,665,-80.0,-60.0
18.1,1421,659,-80.0,-60.0
18.2,1408,649,-130.0,-100.0
18.3,1400,643,-80.0,-60.0
18.400000000000002,1389,634,-110.0,-90.0
18.5,1377,626,-120.0,-80.0
18.6,1365,617,-120.0,-90.0
18.7,1354,610,-110.0,-70.0
18.8,1344,603,-100.0,-70.0
18.900000000000002,1332,595,-120.0,-80.0
19.0,1316,586,-160.0,-90.0
19.1,1306,577,-100.0,-90.0
19.200000000000003,1299,572,-70.0,-50.0
19.3,1293,568,-60.0,-40.0
19.400000000000002,1278,557,-150.0,-110.0
19.5,1268,551,-100.0,-60.0
19.6,1260,545,-80.0,-60.0
19.700000000000003,1251,539,-90.0,-60.0
19.8,1238,532,-130.0,-70.0
19.900000000000002,1219,520,-190.0,-120.0
20.0,1205,509,-140.0,-110.0
20.1,1197,502,-80.0,-70.0
20.200000000000003,1188,493,-90.0,-90.0
20.3,1181,488,-70.0,-50.0
20.400000000000002,1177,484,-40.0,-40.0
20.5,1171,478,-60.0,-60.0
20.6,1157,467,-140.0,-110.0
20.700000000000003,1143,456,-140.0,-110.0
20.8,1135,450,-80.0,-60.0
20.900000000000002,1130,446,-50.0,-40.0
21.0,1126,443,-40.0,-30.0
21.1,1118,436,-80.0,-70.0
21.200000000000003,1104,423,-140.0,-130.0
21.3,1090,410,-140.0,-130.0
21.400000000000002,1087,408,-30.0,-20.0
21.5,1075,394,-120.0,-140.0
21.6,1066,383,-90.0,-110.0
21.700000000000003,1064,381,-20.0,-20.0
21.8,1064,381,0.0,0.0
21.900000000000002,1064,381,0.0,0.0
22.0,1063,379,-10.0,-20.0
22.1,1063,378,0.0,-10.0
22.200000000000003,1061,375,-20.0,-30.0
22.3,1054,366,-70.0,-90.0
22.400000000000002,1053,365,-10.0,-10.0
22.5,1053,365,0.0,0.0
