0.1,890,371,0.0,0.0
0.2,890,371,0.0,0.0
0.30000000000000004,890,372,0.0,10.0
0.4,890,371,0.0,-10.0
0.5,889,373,-10.0,20.0
0.6000000000000001,886,375,-30.0,20.0
0.7000000000000001,872,383,-140.0,80.0
0.8,849,395,-230.0,120.0
0.9,827,408,-220.0,130.0
1.0,820,412,-70.0,40.0
1.1,808,420,-120.0,80.0
1.2000000000000002,798,427,-100.0,70.0
1.3,786,435,-120.0,80.0
1.4000000000000001,775,446,-110.0,110.0
1.5,771,451,-40.0,50.0
1.6,767,456,-40.0,50.0
1.7000000000000002,763,461,-40.0,50.0
1.8,759,467,-40.0,60.0
1.9000000000000001,752,476,-70.0,90.0
2.0,745,483,-70.0,70.0
2.1,739,492,-60.0,90.0
2.2,733,501,-60.0,90.0
2.3000000000000003,724,517,-90.0,160.0
2.4000000000000004,718,527,-60.0,100.0
2.5,708,545,-100.0,180.0
2.6,700,554,-80.0,90.0
2.7,693,563,-70.0,90.0
2.8000000000000003,688,569,-50.0,60.0
2.9000000000000004,682,575,-60.0,60.0
3.0,678,579,-40.0,40.0
3.1,673,585,-50.0,60.0
3.2,667,598,-60.0,130.0
3.3000000000000003,665,606,-20.0,80.0
3.4000000000000004,662,618,-30.0,120.0
3.5,655,629,-70.0,110.0
3.6,649,637,-60.0,80.0
3.7,646,641,-30.0,40.0
3.8000000000000003,644,644,-20.0,30.0
3.9000000000000004,642,648,-20.0,40.0
4.0,637,655,-50.0,70.0
4.1000000000000005,633,662,-40.0,70.0
4.2,629,669,-40.0,70.0
4.3,626,673,-30.0,40.0
4.4,623,677,-30.0,40.0
4.5,619,684,-40.0,70.0
4.6000000000000005,615,687,-40.0,30.0
4.7,608,693,-70.0,60.0
4.800000000000001,607,694,-10.0,10.0
4.9,605,696,-20.0,20.0
5.0,600,700,-50.0,40.0
5.1000000000000005,596,704,-40.0,40.0
5.2,593,707,-30.0,30.0
5.300000000000001,591,710,-20.0,30.0
5.4,585,723,-60.0,130.0
5.5,569,745,-160.0,220.0
5.6000000000000005,560,763,-90.0,180.0
5.7,544,791,-160.0,280.0
5.800000000000001,524,821,-200.0,300.0
5.9,511,840,-130.0,190.0
6.0,505,853,-60.0,130.0
6.1000000000000005,505,854,0.0,10.0
6.2,505,854,0.0,0.0
6.300000000000001,505,854,0.0,0.0
6.4,505,857,0.0,30.0
6.5,505,862,0.0,50.0
6.6000000000000005,505,867,0.0,50.0
6.7,505,869,0.0,20.0
6.800000000000001,505,874,0.0,50.0
6.9,505,878,0.0,40.0
7.0,505,882,0.0,40.0
7.1000000000000005,506,889,10.0,70.0
7.2,507,893,10.0,40.0
7.300000000000001,507,896,0.0,30.0
7.4,507,900,0.0,40.0
7.5,507,904,0.0,40.0
7.6000000000000005,507,906,0.0,20.0
7.7,507,908,0.0,20.0
7.800000000000001,507,910,0.0,20.0
7.9,508,911,10.0,10.0
8.0,508,911,0.0,0.0
8.1,509,913,10.0,20.0
8.200000000000001,510,916,10.0,30.0
8.3,510,916,0.0,0.0
8.4,510,915,0.0,-10.0
8.5,510,915,0.0,0.0
8.6,511,915,10.0,0.0
8.700000000000001,511,915,0.0,0.0
8.8,511,915,0.0,0.0
8.9,515,917,40.0,20.0
9.0,519,922,40.0,50.0
9.1,522,927,30.0,50.0
9.200000000000001,528,928,60.0,10.0
9.3,531,929,30.0,10.0
9.4,538,930,70.0,10.0
9.5,553,933,150.0,30.0
9.600000000000001,565,938,120.0,50.0
9.700000000000001,570,939,50.0,10.0
9.8,578,945,80.0,60.0
9.9,610,966,320.0,210.0
10.0,623,972,130.0,60.0
10.100000000000001,624,973,10.0,10.0
10.200000000000001,630,974,60.0,10.0
10.3,651,978,210.0,40.0
10.4,673,985,220.0,70.0
10.5,689,989,160.0,40.0
10.600000000000001,717,995,280.0,60.0
10.700000000000001,736,1000,190.0,50.0
10.8,750,1003,140.0,30.0
10.9,764,1006,140.0,30.0
11.0,782,1008,180.0,20.0
11.100000000000001,811,1008,290.0,0.0
11.200000000000001,821,1007,100.0,-10.0
11.3,824,1007,30.0,0.0
11.4,837,1005,130.0,-20.0
11.5,849,1002,120.0,-30.0
11.600000000000001,868,999,190.0,-30.0
11.700000000000001,885,997,170.0,-20.0
11.8,906,999,210.0,20.0
11.9,928,999,220.0,0.0
12.0,947,999,190.0,0.0
12.100000000000001,961,999,140.0,0.0
12.200000000000001,972,999,110.0,0.0
12.3,998,997,260.0,-20.0
12.4,1013,995,150.0,-20.0
12.5,1024,993,110.0,-20.0
12.600000000000001,1038,989,140.0,-40.0
12.700000000000001,1060,987,220.0,-20.0
12.8,1080,983,200.0,-40.0
12.9,1094,981,140.0,-20.0
13.0,1107,980,130.0,-10.0
13.100000000000001,1128,978,210.0,-20.0
13.200000000000001,1135,973,70.0,-50.0
13.3,1146,970,110.0,-30.0
13.4,1162,966,160.0,-40.0
13.5,1174,961,120.0,-50.0
13.600000000000001,1191,953,170.0,-80.0
13.700000000000001,1203,947,120.0,-60.0
13.8,1221,942,180.0,-50.0
13.9,1237,936,160.0,-60.0
14.0,1248,930,110.0,-60.0
14.100000000000001,1263,919,150.0,-110.0
14.200000000000001,1275,913,120.0,-60.0
14.3,1290,908,150.0,-50.0
14.4,1297,904,70.0,-40.0
14.5,1307,897,100.0,-70.0
14.600000000000001,1319,889,120.0,-80.0
14.700000000000001,1329,887,100.0,-20.0
14.8,1334,885,50.0,-20.0
14.9,1347,878,130.0,-70.0
15.0,1367,873,200.0,-50.0
15.100000000000001,1392,868,250.0,-50.0
15.200000000000001,1398,864,60.0,-40.0
15.3,1406,860,80.0,-40.0
15.4,1429,857,230.0,-30.0
15.5,1446,852,170.0,-50.0
15.600000000000001,1451,850,50.0,-20.0
15.700000000000001,1458,846,70.0,-40.0
15.8,1467,841,90.0,-50.0
15.9,1479,831,120.0,-100.0
16.0,1488,822,90.0,-90.0
16.1,1493,817,50.0,-50.0
16.2,1497,808,40.0,-90.0
16.3,1504,792,70.0,-160.0
16.400000000000002,1508,783,40.0,-90.0
16.5,1509,775,10.0,-80.0
16.6,1509,771,0.0,-40.0
16.7,1508,765,-10.0,-60.0
16.8,1504,756,-40.0,-90.0
16.900000000000002,1499,745,-50.0,-110.0
17.0,1493,734,-60.0,-110.0
17.1,1487,722,-60.0,-120.0
17.2,1482,714,-50.0,-80.0
17.3,1477,706,-50.0,-80.0
17.400000000000002,1472,698,-50.0,-80.0
17.5,1467,690,-50.0,-80.0
17.6,1457,679,-100.0,-110.0
17.7,1452,672,-50.0,-70.0
17.8,1444,663,-80.0,-90.0
17.900000000000002,1433,651,-110.0,-120.0
18.0,1427,644,-60.0,-70.0
18.1,1419,637,-80.0,-70.0
18.2,1412,630,-70.0,-70.0
18.3,1408,626,-40.0,-40.0
18.400000000000002,1400,619,-80.0,-70.0
18.5,1392,613,-80.0,-60.0
18.6,1383,605,-90.0,-80.0
18.7,1373,597,-100.0,-80.0
18.8,1367,590,-60.0,-70.0
18.900000000000002,1361,584,-60.0,-60.0
19.0,1353,579,-80.0,-50.0
19.1,1338,568,-150.0,-110.0
19.200000000000003,1305,543,-330.0,-250.0
19.3,1294,533,-110.0,-100.0
19.400000000000002,1293,532,-10.0,-10.0
19.5,1287,529,-60.0,-30.0
19.6,1264,519,-230.0,-100.0
19.700000000000003,1230,507,-340.0,-120.0
19.8,1208,496,-220.0,-110.0
19.900000000000002,1189,486,-190.0,-100.0
20.0,1170,474,-190.0,-120.0
20.1,1147,468,-230.0,-60.0
20.200000000000003,1110,457,-370.0,-110.0
20.3,1080,449,-300.0,-80.0
20.400000000000002,1060,440,-200.0,-90.0
20.5,1051,433,-90.0,-70.0
20.6,1042,427,-90.0,-60.0
20.700000000000003,1035,420,-70.0,-70.0
20.8,1033,416,-20.0,-40.0
20.900000000000002,1032,412,-10.0,-40.0
21.0,1031,409,-10.0,-30.0
21.1,1032,403,10.0,-60.0
21.200000000000003,1034,396,20.0,-70.0
21.3,1034,394,0.0,-20.0
21.400000000000002,1035,391,10.0,-30.0
21.5,1037,389,20.0,-20.0
21.6,1043,386,60.0,-30.0
21.700000000000003,1046,385,30.0,-10.0
21.8,1049,383,30.0,-20.0
21.900000000000002,1052,382,30.0,-10.0
22.0,1053,381,10.0,-10.0
22.1,1055,380,20.0,-10.0
22.200000000000003,1055,380,0.0,0.0
22.3,1055,380,0.0,0.0
22.400000000000002,1055,380,0.0,0.0
