0.1,887,368,-10.0,0.0
0.2,887,369,0.0,10.0
0.30000000000000004,873,372,-140.0,30.0
0.4,872,372,-10.0,0.0
0.5,868,375,-40.0,30.0
0.6000000000000001,850,387,-180.0,120.0
0.7000000000000001,834,401,-160.0,140.0
0.8,820,417,-140.0,160.0
0.9,811,426,-90.0,90.0
1.0,804,437,-70.0,110.0
1.1,801,442,-30.0,50.0
1.2000000000000002,792,451,-90.0,90.0
1.3,776,466,-160.0,150.0
1.4000000000000001,769,474,-70.0,80.0
1.5,761,482,-80.0,80.0
1.6,750,494,-110.0,120.0
1.7000000000000002,742,502,-80.0,80.0
1.8,736,510,-60.0,80.0
1.9000000000000001,732,516,-40.0,60.0
2.0,727,521,-50.0,50.0
2.1,719,532,-80.0,110.0
2.2,714,539,-50.0,70.0
2.3000000000000003,706,550,-80.0,110.0
2.4000000000000004,699,562,-70.0,120.0
2.5,688,576,-110.0,140.0
2.6,680,588,-80.0,120.0
2.7,675,595,-50.0,70.0
2.8000000000000003,669,605,-60.0,100.0
2.9000000000000004,661,618,-80.0,130.0
3.0,657,623,-40.0,50.0
3.1,651,633,-60.0,100.0
3.2,644,642,-70.0,90.0
3.3000000000000003,639,648,-50.0,60.0
3.4000000000000004,638,651,-10.0,30.0
3.5,633,656,-50.0,50.0
3.6,625,662,-80.0,60.0
3.7,618,670,-70.0,80.0
3.8000000000000003,609,678,-90.0,80.0
3.9000000000000004,592,689,-170.0,110.0
4.0,573,702,-190.0,130.0
4.1000000000000005,564,710,-90.0,80.0
4.2,559,715,-50.0,50.0
4.3,550,725,-90.0,100.0
4.4,539,738,-110.0,130.0
4.5,530,749,-90.0,110.0
4.6000000000000005,520,765,-100.0,160.0
4.7,515,774,-50.0,90.0
4.800000000000001,512,780,-30.0,60.0
4.9,507,788,-50.0,80.0
5.0,505,793,-20.0,50.0
5.1000000000000005,504,796,-10.0,30.0
5.2,503,799,-10.0,30.0
5.300000000000001,501,804,-20.0,50.0
5.4,499,812,-20.0,80.0
5.5,495,823,-40.0,110.0
5.6000000000000005,494,830,-10.0,70.0
5.7,493,837,-10.0,70.0
5.800000000000001,490,847,-30.0,100.0
5.9,486,861,-40.0,140.0
6.0,485,869,-10.0,80.0
6.1000000000000005,486,878,10.0,90.0
6.2,486,888,0.0,100.0
6.300000000000001,489,894,30.0,60.0
6.4,491,898,20.0,40.0
6.5,492,900,10.0,20.0
6.6000000000000005,493,901,10.0,10.0
6.7,496,905,30.0,40.0
6.800000000000001,498,907,20.0,20.0
6.9,506,911,80.0,40.0
7.0,516,917,100.0,60.0
7.1000000000000005,523,921,70.0,40.0
7.2,526,922,30.0,10.0
7.300000000000001,533,925,70.0,30.0
7.4,551,926,180.0,10.0
7.5,565,927,140.0,10.0
7.6000000000000005,578,929,130.0,20.0
7.7,589,931,110.0,20.0
7.800000000000001,599,931,100.0,0.0
7.9,614,932,150.0,10.0
8.0,632,932,180.0,0.0
8.1,650,933,180.0,10.0
8.200000000000001,670,933,200.0,0.0
8.3,679,933,90.0,0.0
8.4,698,933,190.0,0.0
8.5,720,933,220.0,0.0
8.6,730,932,100.0,-10.0
8.700000000000001,735,931,50.0,-10.0
8.8,743,931,80.0,0.0
8.9,770,927,270.0,-40.0
9.0,786,926,160.0,-10.0
9.1,802,922,160.0,-40.0
9.200000000000001,825,919,230.0,-30.0
9.3,842,917,170.0,-20.0
9.4,849,915,70.0,-20.0
9.5,868,912,190.0,-30.0
9.600000000000001,886,909,180.0,-30.0
9.700000000000001,907,906,210.0,-30.0
9.8,922,904,150.0,-20.0
9.9,941,902,190.0,-20.0
10.0,957,899,160.0,-30.0
10.100000000000001,970,898,130.0,-10.0
10.200000000000001,982,896,120.0,-20.0
10.3,999,896,170.0,0.0
10.4,1015,896,160.0,0.0
10.5,1028,896,130.0,0.0
10.600000000000001,1050,896,220.0,0.0
10.700000000000001,1065,896,150.0,0.0
10.8,1080,894,150.0,-20.0
10.9,1101,891,210.0,-30.0
11.0,1116,888,150.0,-30.0
11.100000000000001,1132,881,160.0,-70.0
11.200000000000001,1145,876,130.0,-50.0
11.3,1168,874,230.0,-20.0
11.4,1176,873,80.0,-10.0
11.5,1186,873,100.0,0.0
11.600000000000001,1203,870,170.0,-30.0
11.700000000000001,1212,869,90.0,-10.0
11.8,1219,868,70.0,-10.0
11.9,1231,867,120.0,-10.0
12.0,1243,863,120.0,-40.0
12.100000000000001,1251,860,80.0,-30.0
12.200000000000001,1270,853,190.0,-70.0
12.3,1279,850,90.0,-30.0
12.4,1289,847,100.0,-30.0
12.5,1301,845,120.0,-20.0
12.600000000000001,1307,843,60.0,-20.0
12.700000000000001,1316,842,90.0,-10.0
12.8,1322,842,60.0,0.0
12.9,1329,841,70.0,-10.0
13.0,1342,839,130.0,-20.0
13.100000000000001,1351,836,90.0,-30.0
13.200000000000001,1356,835,50.0,-10.0
13.3,1366,832,100.0,-30.0
13.4,1373,829,70.0,-30.0
13.5,1383,825,100.0,-40.0
13.600000000000001,1392,820,90.0,-50.0
13.700000000000001,1396,818,40.0,-20.0
13.8,1402,812,60.0,-60.0
13.9,1404,809,20.0,-30.0
14.0,1411,808,70.0,-10.0
14.100000000000001,1418,806,70.0,-20.0
14.200000000000001,1426,804,80.0,-20.0
14.3,1432,802,60.0,-20.0
14.4,1441,800,90.0,-20.0
14.5,1447,799,60.0,-10.0
14.600000000000001,1448,798,10.0,-10.0
14.700000000000001,1450,798,20.0,0.0
14.8,1459,794,90.0,-40.0
14.9,1474,787,150.0,-70.0
15.0,1480,781,60.0,-60.0
15.100000000000001,1482,779,20.0,-20.0
15.200000000000001,1489,775,70.0,-40.0
15.3,1492,772,30.0,-30.0
15.4,1495,771,30.0,-10.0
15.5,1498,768,30.0,-30.0
15.600000000000001,1501,765,30.0,-30.0
15.700000000000001,1505,760,40.0,-50.0
15.8,1510,753,50.0,-70.0
15.9,1512,748,20.0,-50.0
16.0,1513,744,10.0,-40.0
16.1,1513,742,0.0,-20.0
16.2,1512,734,-10.0,-80.0
16.3,1512,730,0.0,-40.0
16.400000000000002,1511,726,-10.0,-40.0
16.5,1507,719,-40.0,-70.0
16.6,1501,706,-60.0,-130.0
16.7,1493,694,-80.0,-120.0
16.8,1489,687,-40.0,-70.0
16.900000000000002,1483,679,-60.0,-80.0
17.0,1475,670,-80.0,-90.0
17.1,1466,659,-90.0,-110.0
17.2,1461,653,-50.0,-60.0
17.3,1454,645,-70.0,-80.0
17.400000000000002,1449,641,-50.0,-40.0
17.5,1445,637,-40.0,-40.0
17.6,1439,632,-60.0,-50.0
17.7,1432,625,-70.0,-70.0
17.8,1422,618,-100.0,-70.0
17.900000000000002,1408,606,-140.0,-120.0
18.0,1398,597,-100.0,-90.0
18.1,1389,589,-90.0,-80.0
18.2,1384,585,-50.0,-40.0
18.3,1380,582,-40.0,-30.0
18.400000000000002,1372,575,-80.0,-70.0
18.5,1359,566,-130.0,-90.0
18.6,1354,561,-50.0,-50.0
18.7,1351,558,-30.0,-30.0
18.8,1342,550,-90.0,-80.0
18.900000000000002,1321,535,-210.0,-150.0
19.0,1305,521,-160.0,-140.0
19.1,1291,509,-140.0,-120.0
19.200000000000003,1276,496,-150.0,-130.0
19.3,1269,491,-70.0,-50.0
19.400000000000002,1263,486,-60.0,-50.0
19.5,1252,479,-110.0,-70.0
19.6,1244,474,-80.0,-50.0
19.700000000000003,1239,470,-50.0,-40.0
19.8,1236,468,-30.0,-20.0
19.900000000000002,1227,460,-90.0,-80.0
20.0,1219,453,-80.0,-70.0
20.1,1212,447,-70.0,-60.0
20.200000000000003,1194,434,-180.0,-130.0
20.3,1185,428,-90.0,-60.0
20.400000000000002,1176,422,-90.0,-60.0
20.5,1173,420,-30.0,-20.0
20.6,1166,417,-70.0,-30.0
20.700000000000003,1159,414,-70.0,-30.0
20.8,1148,410,-110.0,-40.0
20.900000000000002,1140,408,-80.0,-20.0
21.0,1134,405,-60.0,-30.0
21.1,1130,404,-40.0,-10.0
21.200000000000003,1127,402,-30.0,-20.0
21.3,1122,400,-50.0,-20.0
21.400000000000002,1117,398,-50.0,-20.0
21.5,1117,398,0.0,0.0
21.6,1105,392,-120.0,-60.0
21.700000000000003,1093,387,-120.0,-50.0
21.8,1093,387,0.0,0.0
21.900000000000002,1093,387,0.0,0.0
22.0,1093,387,0.0,0.0
22.1,1093,387,0.0,0.0
22.200000000000003,1082,385,-110.0,-20.0
22.3,1075,383,-70.0,-20.0
22.400000000000002,1074,382,-10.0,-10.0
22.5,1074,382,0.0,0.0
22.6,1074,382,0.0,0.0
22.700000000000003,1073,382,-10.0,0.0
22.8,1068,380,-50.0,-20.0
22.900000000000002,1063,379,-50.0,-10.0
23.0,1060,378,-30.0,-10.0
23.1,1059,378,-10.0,0.0
23.200000000000003,1059,378,0.0,0.0
23.3,1056,378,-30.0,0.0
23.400000000000002,1054,378,-20.0,0.0
23.5,1054,378,0.0,0.0
23.6,1054,378,0.0,0.0
