0.1,889,364,0.0,0.0
0.2,889,365,0.0,10.0
0.30000000000000004,889,365,0.0,0.0
0.4,889,365,0.0,0.0
0.5,888,366,-10.0,10.0
0.6000000000000001,887,368,-10.0,20.0
0.7000000000000001,886,370,-10.0,20.0
0.8,886,371,0.0,10.0
0.9,885,372,-10.0,10.0
1.0,879,383,-60.0,110.0
1.1,874,392,-50.0,90.0
1.2000000000000002,870,396,-40.0,40.0
1.3,861,405,-90.0,90.0
1.4000000000000001,855,412,-60.0,70.0
1.5,845,423,-100.0,110.0
1.6,833,433,-120.0,100.0
1.7000000000000002,828,439,-50.0,60.0
1.8,823,444,-50.0,50.0
1.9000000000000001,812,451,-110.0,70.0
2.0,806,456,-60.0,50.0
2.1,801,463,-50.0,70.0
2.2,793,468,-80.0,50.0
2.3000000000000003,784,475,-90.0,70.0
2.4000000000000004,779,479,-50.0,40.0
2.5,772,486,-70.0,70.0
2.6,763,493,-90.0,70.0
2.7,757,498,-60.0,50.0
2.8000000000000003,748,505,-90.0,70.0
2.9000000000000004,738,513,-100.0,80.0
3.0,730,520,-80.0,70.0
3.1,725,525,-50.0,50.0
3.2,720,530,-50.0,50.0
3.3000000000000003,715,536,-50.0,60.0
3.4000000000000004,708,544,-70.0,80.0
3.5,707,547,-10.0,30.0
3.6,700,555,-70.0,80.0
3.7,694,564,-60.0,90.0
3.8000000000000003,688,573,-60.0,90.0
3.9000000000000004,681,582,-70.0,90.0
4.0,672,593,-90.0,110.0
4.1000000000000005,668,598,-40.0,50.0
4.2,662,606,-60.0,80.0
4.3,652,619,-100.0,130.0
4.4,642,632,-100.0,130.0
4.5,633,642,-90.0,100.0
4.6000000000000005,627,650,-60.0,80.0
4.7,619,659,-80.0,90.0
4.800000000000001,613,668,-60.0,90.0
4.9,606,678,-70.0,100.0
5.0,599,687,-70.0,90.0
5.1000000000000005,593,696,-60.0,90.0
5.2,589,703,-40.0,70.0
5.300000000000001,584,712,-50.0,90.0
5.4,578,723,-60.0,110.0
5.5,578,726,0.0,30.0
5.6000000000000005,575,728,-30.0,20.0
5.7,567,739,-80.0,110.0
5.800000000000001,562,746,-50.0,70.0
5.9,558,753,-40.0,70.0
6.0,554,760,-40.0,70.0
6.1000000000000005,546,772,-80.0,120.0
6.2,542,778,-40.0,60.0
6.300000000000001,538,783,-40.0,50.0
6.4,534,790,-40.0,70.0
6.5,530,797,-40.0,70.0
6.6000000000000005,528,799,-20.0,20.0
6.7,525,805,-30.0,60.0
6.800000000000001,519,813,-60.0,80.0
6.9,516,820,-30.0,70.0
7.0,515,823,-10.0,30.0
7.1000000000000005,508,833,-70.0,100.0
7.2,505,840,-30.0,70.0
7.300000000000001,502,846,-30.0,60.0
7.4,500,852,-20.0,60.0
7.5,497,859,-30.0,70.0
7.6000000000000005,495,865,-20.0,60.0
7.7,493,871,-20.0,60.0
7.800000000000001,493,875,0.0,40.0
7.9,494,876,10.0,10.0
8.0,495,880,10.0,40.0
8.1,495,886,0.0,60.0
8.200000000000001,496,889,10.0,30.0
8.3,497,893,10.0,40.0
8.4,501,900,40.0,70.0
8.5,506,905,50.0,50.0
8.6,510,908,40.0,30.0
8.700000000000001,514,912,40.0,40.0
8.8,519,918,50.0,60.0
8.9,522,922,30.0,40.0
9.0,527,926,50.0,40.0
9.1,533,930,60.0,40.0
9.200000000000001,538,933,50.0,30.0
9.3,545,935,70.0,20.0
9.4,551,938,60.0,30.0
9.5,559,941,80.0,30.0
9.600000000000001,565,943,60.0,20.0
9.700000000000001,572,945,70.0,20.0
9.8,585,947,130.0,20.0
9.9,596,949,110.0,20.0
10.0,609,951,130.0,20.0
10.100000000000001,620,953,110.0,20.0
10.200000000000001,633,954,130.0,10.0
10.3,655,954,220.0,0.0
10.4,663,954,80.0,0.0
10.5,673,955,100.0,10.0
10.600000000000001,688,955,150.0,0.0
10.700000000000001,701,955,130.0,0.0
10.8,715,956,140.0,10.0
10.9,721,956,60.0,0.0
11.0,732,955,110.0,-10.0
11.100000000000001,754,955,220.0,0.0
11.200000000000001,770,954,160.0,-10.0
11.3,782,954,120.0,0.0
11.4,792,953,100.0,-10.0
11.5,804,951,120.0,-20.0
11.600000000000001,818,951,140.0,0.0
11.700000000000001,833,951,150.0,0.0
11.8,849,950,160.0,-10.0
11.9,862,949,130.0,-10.0
12.0,885,948,230.0,-10.0
12.100000000000001,902,946,170.0,-20.0
12.200000000000001,914,945,120.0,-10.0
12.3,921,944,70.0,-10.0
12.4,936,942,150.0,-20.0
12.5,951,941,150.0,-10.0
12.600000000000001,958,940,70.0,-10.0
12.700000000000001,969,937,110.0,-30.0
12.8,982,935,130.0,-20.0
12.9,992,933,100.0,-20.0
13.0,1001,930,90.0,-30.0
13.100000000000001,1013,926,120.0,-40.0
13.200000000000001,1023,923,100.0,-30.0
13.3,1040,919,170.0,-40.0
13.4,1056,914,160.0,-50.0
13.5,1074,909,180.0,-50.0
13.600000000000001,1084,907,100.0,-20.0
13.700000000000001,1091,905,70.0,-20.0
13.8,1100,903,90.0,-20.0
13.9,1110,900,100.0,-30.0
14.0,1116,898,60.0,-20.0
14.100000000000001,1125,896,90.0,-20.0
14.200000000000001,1138,894,130.0,-20.0
14.3,1144,893,60.0,-10.0
14.4,1154,892,100.0,-10.0
14.5,1161,891,70.0,-10.0
14.600000000000001,1171,889,100.0,-20.0
14.700000000000001,1184,887,130.0,-20.0
14.8,1193,885,90.0,-20.0
14.9,1202,884,90.0,-10.0
15.0,1213,881,110.0,-30.0
15.100000000000001,1228,879,150.0,-20.0
15.200000000000001,1237,877,90.0,-20.0
15.3,1243,877,60.0,0.0
15.4,1255,875,120.0,-20.0
15.5,1259,875,40.0,0.0
15.600000000000001,1262,875,30.0,0.0
15.700000000000001,1266,875,40.0,0.0
15.8,1268,871,20.0,-40.0
15.9,1278,866,100.0,-50.0
16.0,1285,862,70.0,-40.0
16.1,1289,860,40.0,-20.0
16.2,1298,858,90.0,-20.0
16.3,1302,857,40.0,-10.0
16.400000000000002,1313,855,110.0,-20.0
16.5,1328,852,150.0,-30.0
16.6,1333,851,50.0,-10.0
16.7,1344,850,110.0,-10.0
16.8,1362,848,180.0,-20.0
16.900000000000002,1374,845,120.0,-30.0
17.0,1386,842,120.0,-30.0
17.1,1392,840,60.0,-20.0
17.2,1401,835,90.0,-50.0
17.3,1408,832,70.0,-30.0
17.400000000000002,1408,831,0.0,-10.0
17.5,1408,831,0.0,0.0
17.6,1410,830,20.0,-10.0
17.7,1419,821,90.0,-90.0
17.8,1428,816,90.0,-50.0
17.900000000000002,1435,812,70.0,-40.0
18.0,1446,808,110.0,-40.0
18.1,1453,804,70.0,-40.0
18.2,1456,802,30.0,-20.0
18.3,1462,798,60.0,-40.0
18.400000000000002,1464,796,20.0,-20.0
18.5,1466,794,20.0,-20.0
18.6,1470,789,40.0,-50.0
18.7,1476,781,60.0,-80.0
18.8,1480,776,40.0,-50.0
18.900000000000002,1482,774,20.0,-20.0
19.0,1485,770,30.0,-40.0
19.1,1487,768,20.0,-20.0
19.200000000000003,1490,765,30.0,-30.0
19.3,1492,763,20.0,-20.0
19.400000000000002,1496,755,40.0,-80.0
19.5,1500,749,40.0,-60.0
19.6,1504,742,40.0,-70.0
19.700000000000003,1506,736,20.0,-60.0
19.8,1507,723,10.0,-130.0
19.900000000000002,1508,715,10.0,-80.0
20.0,1507,711,-10.0,-40.0
20.1,1507,706,0.0,-50.0
20.200000000000003,1503,696,-40.0,-100.0
20.3,1498,686,-50.0,-100.0
20.400000000000002,1489,665,-90.0,-210.0
20.5,1485,657,-40.0,-80.0
20.6,1481,650,-40.0,-70.0
20.700000000000003,1467,636,-140.0,-140.0
20.8,1458,625,-90.0,-110.0
20.900000000000002,1449,617,-90.0,-80.0
21.0,1439,607,-100.0,-100.0
21.1,1428,598,-110.0,-90.0
21.200000000000003,1420,591,-80.0,-70.0
21.3,1407,580,-130.0,-110.0
21.400000000000002,1398,571,-90.0,-90.0
21.5,1392,566,-60.0,-50.0
21.6,1386,561,-60.0,-50.0
21.700000000000003,1380,557,-60.0,-40.0
21.8,1366,547,-140.0,-100.0
21.900000000000002,1359,542,-70.0,-50.0
22.0,1357,541,-20.0,-10.0
22.1,1348,532,-90.0,-90.0
22.200000000000003,1337,524,-110.0,-80.0
22.3,1332,521,-50.0,-30.0
22.400000000000002,1326,518,-60.0,-30.0
22.5,1311,512,-150.0,-60.0
22.6,1293,508,-180.0,-40.0
22.700000000000003,1283,505,-100.0,-30.0
22.8,1271,501,-120.0,-40.0
22.900000000000002,1254,494,-170.0,-70.0
23.0,1234,487,-200.0,-70.0
23.1,1221,479,-130.0,-80.0
23.200000000000003,1217,476,-40.0,-30.0
23.3,1210,472,-70.0,-40.0
23.400000000000002,1201,467,-90.0,-50.0
23.5,1190,462,-110.0,-50.0
23.6,1175,453,-150.0,-90.0
23.700000000000003,1159,444,-160.0,-90.0
23.8,1152,439,-70.0,-50.0
23.900000000000002,1146,435,-60.0,-40.0
24.0,1135,428,-110.0,-70.0
24.1,1125,422,-100.0,-60.0
24.200000000000003,1122,420,-30.0,-20.0
24.3,1118,417,-40.0,-30.0
24.400000000000002,1112,413,-60.0,-40.0
24.5,1097,404,-150.0,-90.0
24.6,1087,397,-100.0,-70.0
24.700000000000003,1081,393,-60.0,-40.0
24.8,1080,392,-10.0,-10.0
24.900000000000002,1080,392,0.0,0.0
25.0,1080,392,0.0,0.0
25.1,1077,390,-30.0,-20.0
25.200000000000003,1070,383,-70.0,-70.0
25.3,1068,381,-20.0,-20.0
25.400000000000002,1068,381,0.0,0.0
25.5,1068,381,0.0,0.0
25.6,1064,379,-40.0,-20.0
25.700000000000003,1059,376,-50.0,-30.0
25.8,1054,372,-50.0,-40.0
25.900000000000002,1053,372,-10.0,0.0
26.0,1045,370,-80.0,-20.0
26.1,1042,369,-30.0,-10.0
26.200000000000003,1042,369,0.0,0.0
