0.1,890,374,0.0,0.0
0.2,890,374,0.0,0.0
0.30000000000000004,890,374,0.0,0.0
0.4,890,374,0.0,0.0
0.5,889,374,-10.0,0.0
0.6000000000000001,889,374,0.0,0.0
0.7000000000000001,889,374,0.0,0.0
0.8,889,374,0.0,0.0
0.9,879,381,-100.0,70.0
1.0,867,388,-120.0,70.0
1.1,859,393,-80.0,50.0
1.2000000000000002,853,397,-60.0,40.0
1.3,844,402,-90.0,50.0
1.4000000000000001,838,406,-60.0,40.0
1.5,834,408,-40.0,20.0
1.6,827,413,-70.0,50.0
1.7000000000000002,820,417,-70.0,40.0
1.8,813,423,-70.0,60.0
1.9000000000000001,807,427,-60.0,40.0
2.0,799,433,-80.0,60.0
2.1,789,442,-100.0,90.0
2.2,782,451,-70.0,90.0
2.3000000000000003,777,460,-50.0,90.0
2.4000000000000004,776,462,-10.0,20.0
2.5,772,466,-40.0,40.0
2.6,767,470,-50.0,40.0
2.7,760,478,-70.0,80.0
2.8000000000000003,753,485,-70.0,70.0
2.9000000000000004,749,489,-40.0,40.0
3.0,747,492,-20.0,30.0
3.1,739,502,-80.0,100.0
3.2,734,510,-50.0,80.0
3.3000000000000003,728,519,-60.0,90.0
3.4000000000000004,721,530,-70.0,110.0
3.5,714,541,-70.0,110.0
3.6,710,550,-40.0,90.0
3.7,703,565,-70.0,150.0
3.8000000000000003,699,576,-40.0,110.0
3.9000000000000004,694,584,-50.0,80.0
4.0,690,592,-40.0,80.0
4.1000000000000005,687,597,-30.0,50.0
4.2,685,602,-20.0,50.0
4.3,683,605,-20.0,30.0
4.4,680,610,-30.0,50.0
4.5,672,619,-80.0,90.0
4.6000000000000005,666,626,-60.0,70.0
4.7,662,630,-40.0,40.0
4.800000000000001,655,639,-70.0,90.0
4.9,646,648,-90.0,90.0
5.0,640,653,-60.0,50.0
5.1000000000000005,633,659,-70.0,60.0
5.2,624,668,-90.0,90.0
5.300000000000001,615,677,-90.0,90.0
5.4,610,682,-50.0,50.0
5.5,602,689,-80.0,70.0
5.6000000000000005,596,697,-60.0,80.0
5.7,590,707,-60.0,100.0
5.800000000000001,587,715,-30.0,80.0
5.9,583,722,-40.0,70.0
6.0,579,730,-40.0,80.0
6.1000000000000005,574,739,-50.0,90.0
6.2,569,745,-50.0,60.0
6.300000000000001,566,750,-30.0,50.0
6.4,566,751,0.0,10.0
6.5,566,752,0.0,10.0
6.6000000000000005,563,757,-30.0,50.0
6.7,560,765,-30.0,80.0
6.800000000000001,555,772,-50.0,70.0
6.9,552,778,-30.0,60.0
7.0,548,784,-40.0,60.0
7.1000000000000005,543,791,-50.0,70.0
7.2,541,795,-20.0,40.0
7.300000000000001,535,804,-60.0,90.0
7.4,529,811,-60.0,70.0
7.5,525,818,-40.0,70.0
7.6000000000000005,524,820,-10.0,20.0
7.7,522,824,-20.0,40.0
7.800000000000001,518,829,-40.0,50.0
7.9,517,831,-10.0,20.0
8.0,517,831,0.0,0.0
8.1,516,836,-10.0,50.0
8.200000000000001,514,842,-20.0,60.0
8.3,512,848,-20.0,60.0
8.4,510,853,-20.0,50.0
8.5,509,855,-10.0,20.0
8.6,507,861,-20.0,60.0
8.700000000000001,505,867,-20.0,60.0
8.8,504,870,-10.0,30.0
8.9,502,874,-20.0,40.0
9.0,499,882,-30.0,80.0
9.1,498,888,-10.0,60.0
9.200000000000001,497,896,-10.0,80.0
9.3,496,902,-10.0,60.0
9.4,496,909,0.0,70.0
9.5,496,915,0.0,60.0
9.600000000000001,496,920,0.0,50.0
9.700000000000001,498,922,20.0,20.0
9.8,499,926,10.0,40.0
9.9,501,931,20.0,50.0
10.0,503,934,20.0,30.0
10.100000000000001,505,938,20.0,40.0
10.200000000000001,508,941,30.0,30.0
10.3,513,944,50.0,30.0
10.4,519,948,60.0,40.0
10.5,523,950,40.0,20.0
10.600000000000001,526,951,30.0,10.0
10.700000000000001,532,954,60.0,30.0
10.8,538,955,60.0,10.0
10.9,555,957,170.0,20.0
11.0,576,959,210.0,20.0
11.100000000000001,594,962,180.0,30.0
11.200000000000001,619,963,250.0,10.0
11.3,640,963,210.0,0.0
11.4,655,963,150.0,0.0
11.5,675,963,200.0,0.0
11.600000000000001,699,963,240.0,0.0
11.700000000000001,713,962,140.0,-10.0
11.8,734,962,210.0,0.0
11.9,749,961,150.0,-10.0
12.0,769,961,200.0,0.0
12.100000000000001,793,961,240.0,0.0
12.200000000000001,823,959,300.0,-20.0
12.3,848,955,250.0,-40.0
12.4,876,952,280.0,-30.0
12.5,901,948,250.0,-40.0
12.600000000000001,928,943,270.0,-50.0
12.700000000000001,953,939,250.0,-40.0
12.8,974,932,210.0,-70.0
12.9,993,929,190.0,-30.0
13.0,1010,926,170.0,-30.0
13.100000000000001,1028,923,180.0,-30.0
13.200000000000001,1040,921,120.0,-20.0
13.3,1056,916,160.0,-50.0
13.4,1068,914,120.0,-20.0
13.5,1079,914,110.0,0.0
13.600000000000001,1085,913,60.0,-10.0
13.700000000000001,1097,911,120.0,-20.0
13.8,1113,909,160.0,-20.0
13.9,1124,908,110.0,-10.0
14.0,1139,906,150.0,-20.0
14.100000000000001,1150,904,110.0,-20.0
14.200000000000001,1168,902,180.0,-20.0
14.3,1181,901,130.0,-10.0
14.4,1193,899,120.0,-20.0
14.5,1201,897,80.0,-20.0
14.600000000000001,1216,896,150.0,-10.0
14.700000000000001,1226,896,100.0,0.0
14.8,1236,894,100.0,-20.0
14.9,1252,890,160.0,-40.0
15.0,1264,887,120.0,-30.0
15.100000000000001,1275,884,110.0,-30.0
15.200000000000001,1291,879,160.0,-50.0
15.3,1307,876,160.0,-30.0
15.4,1318,873,110.0,-30.0
15.5,1323,871,50.0,-20.0
15.600000000000001,1332,869,90.0,-20.0
15.700000000000001,1341,867,90.0,-20.0
15.8,1348,865,70.0,-20.0
15.9,1355,863,70.0,-20.0
16.0,1364,859,90.0,-40.0
16.1,1376,855,120.0,-40.0
16.2,1389,849,130.0,-60.0
16.3,1395,846,60.0,-30.0
16.400000000000002,1400,844,50.0,-20.0
16.5,1409,840,90.0,-40.0
16.6,1416,837,70.0,-30.0
16.7,1421,834,50.0,-30.0
16.8,1431,827,100.0,-70.0
16.900000000000002,1439,821,80.0,-60.0
17.0,1444,817,50.0,-40.0
17.1,1445,816,10.0,-10.0
17.2,1448,813,30.0,-30.0
17.3,1451,810,30.0,-30.0
17.400000000000002,1454,806,30.0,-40.0
17.5,1455,805,10.0,-10.0
17.6,1457,802,20.0,-30.0
17.7,1460,798,30.0,-40.0
17.8,1463,795,30.0,-30.0
17.900000000000002,1466,792,30.0,-30.0
18.0,1472,787,60.0,-50.0
18.1,1475,784,30.0,-30.0
18.2,1480,779,50.0,-50.0
18.3,1485,775,50.0,-40.0
18.400000000000002,1487,773,20.0,-20.0
18.5,1488,771,10.0,-20.0
18.6,1490,769,20.0,-20.0
18.7,1492,765,20.0,-40.0
18.8,1493,764,10.0,-10.0
18.900000000000002,1494,763,10.0,-10.0
19.0,1494,758,0.0,-50.0
19.1,1494,753,0.0,-50.0
19.200000000000003,1494,746,0.0,-70.0
19.3,1494,739,0.0,-70.0
19.400000000000002,1490,732,-40.0,-70.0
19.5,1485,722,-50.0,-100.0
19.6,1483,719,-20.0,-30.0
19.700000000000003,1477,711,-60.0,-80.0
19.8,1469,698,-80.0,-130.0
19.900000000000002,1458,685,-110.0,-130.0
20.0,1453,679,-50.0,-60.0
20.1,1446,673,-70.0,-60.0
20.200000000000003,1438,664,-80.0,-90.0
20.3,1430,657,-80.0,-70.0
20.400000000000002,1423,651,-70.0,-60.0
20.5,1414,644,-90.0,-70.0
20.6,1403,635,-110.0,-90.0
20.700000000000003,1391,624,-120.0,-110.0
20.8,1381,618,-100.0,-60.0
20.900000000000002,1373,611,-80.0,-70.0
21.0,1365,605,-80.0,-60.0
21.1,1359,600,-60.0,-50.0
21.200000000000003,1352,595,-70.0,-50.0
21.3,1344,589,-80.0,-60.0
21.400000000000002,1334,581,-100.0,-80.0
21.5,1328,576,-60.0,-50.0
21.6,1318,567,-100.0,-90.0
21.700000000000003,1308,557,-100.0,-100.0
21.8,1301,552,-70.0,-50.0
21.900000000000002,1285,541,-160.0,-110.0
22.0,1272,528,-130.0,-130.0
22.1,1266,523,-60.0,-50.0
22.200000000000003,1259,516,-70.0,-70.0
22.3,1256,512,-30.0,-40.0
22.400000000000002,1251,509,-50.0,-30.0
22.5,1242,502,-90.0,-70.0
22.6,1230,494,-120.0,-80.0
22.700000000000003,1217,485,-130.0,-90.0
22.8,1208,478,-90.0,-70.0
22.900000000000002,1195,467,-130.0,-110.0
23.0,1186,460,-90.0,-70.0
23.1,1180,453,-60.0,-70.0
23.200000000000003,1173,448,-70.0,-50.0
23.3,1167,444,-60.0,-40.0
23.400000000000002,1161,440,-60.0,-40.0
23.5,1151,434,-100.0,-60.0
23.6,1139,428,-120.0,-60.0
23.700000000000003,1127,423,-120.0,-50.0
23.8,1118,417,-90.0,-60.0
23.900000000000002,1110,411,-80.0,-60.0
24.0,1101,405,-90.0,-60.0
24.1,1097,402,-40.0,-30.0
24.200000000000003,1094,400,-30.0,-20.0
24.3,1086,395,-80.0,-50.0
24.400000000000002,1080,391,-60.0,-40.0
24.5,1073,387,-70.0,-40.0
24.6,1068,384,-50.0,-30.0
24.700000000000003,1068,384,0.0,0.0
24.8,1068,384,0.0,0.0
24.900000000000002,1068,383,0.0,-10.0
25.0,1068,383,0.0,0.0
25.1,1068,383,0.0,0.0
25.200000000000003,1068,383,0.0,0.0
25.3,1055,379,-130.0,-40.0
25.400000000000002,1048,376,-70.0,-30.0
25.5,1048,376,0.0,0.0
25.6,1048,376,0.0,0.0
25.700000000000003,1048,376,0.0,0.0
