0.1,890,370,0.0,0.0
0.2,889,370,-10.0,0.0
0.30000000000000004,889,370,0.0,0.0
0.4,889,370,0.0,0.0
0.5,888,373,-10.0,30.0
0.6000000000000001,885,379,-30.0,60.0
0.7000000000000001,880,386,-50.0,70.0
0.8,874,394,-60.0,80.0
0.9,872,397,-20.0,30.0
1.0,867,403,-50.0,60.0
1.1,861,411,-60.0,80.0
1.2000000000000002,851,417,-100.0,60.0
1.3,837,424,-140.0,70.0
1.4000000000000001,828,429,-90.0,50.0
1.5,816,436,-120.0,70.0
1.6,806,442,-100.0,60.0
1.7000000000000002,801,446,-50.0,40.0
1.8,792,451,-90.0,50.0
1.9000000000000001,783,456,-90.0,50.0
2.0,774,463,-90.0,70.0
2.1,762,471,-120.0,80.0
2.2,758,477,-40.0,60.0
2.3000000000000003,750,485,-80.0,80.0
2.4000000000000004,743,494,-70.0,90.0
2.5,737,504,-60.0,100.0
2.6,732,513,-50.0,90.0
2.7,727,522,-50.0,90.0
2.8000000000000003,722,531,-50.0,90.0
2.9000000000000004,717,538,-50.0,70.0
3.0,706,550,-110.0,120.0
3.1,694,560,-120.0,100.0
3.2,689,570,-50.0,100.0
3.3000000000000003,682,581,-70.0,110.0
3.4000000000000004,675,593,-70.0,120.0
3.5,668,603,-70.0,100.0
3.6,658,619,-100.0,160.0
3.7,651,634,-70.0,150.0
3.8000000000000003,648,643,-30.0,90.0
3.9000000000000004,641,656,-70.0,130.0
4.0,636,665,-50.0,90.0
4.1000000000000005,632,675,-40.0,100.0
4.2,626,686,-60.0,110.0
4.3,618,694,-80.0,80.0
4.4,610,703,-80.0,90.0
4.5,607,708,-30.0,50.0
4.6000000000000005,598,717,-90.0,90.0
4.7,588,727,-100.0,100.0
4.800000000000001,582,736,-60.0,90.0
4.9,576,746,-60.0,100.0
5.0,570,755,-60.0,90.0
5.1000000000000005,566,760,-40.0,50.0
5.2,564,767,-20.0,70.0
5.300000000000001,562,772,-20.0,50.0
5.4,557,779,-50.0,70.0
5.5,553,787,-40.0,80.0
5.6000000000000005,550,795,-30.0,80.0
5.7,549,804,-10.0,90.0
5.800000000000001,547,809,-20.0,50.0
5.9,545,815,-20.0,60.0
6.0,543,821,-20.0,60.0
6.1000000000000005,540,826,-30.0,50.0
6.2,536,833,-40.0,70.0
6.300000000000001,529,842,-70.0,90.0
6.4,527,845,-20.0,30.0
6.5,524,850,-30.0,50.0
6.6000000000000005,523,853,-10.0,30.0
6.7,523,853,0.0,0.0
6.800000000000001,523,853,0.0,0.0
6.9,523,854,0.0,10.0
7.0,520,858,-30.0,40.0
7.1000000000000005,517,862,-30.0,40.0
7.2,511,867,-60.0,50.0
7.300000000000001,510,868,-10.0,10.0
7.4,505,875,-50.0,70.0
7.5,501,880,-40.0,50.0
7.6000000000000005,498,886,-30.0,60.0
7.7,496,892,-20.0,60.0
7.800000000000001,495,896,-10.0,40.0
7.9,494,907,-10.0,110.0
8.0,496,916,20.0,90.0
8.1,498,921,20.0,50.0
8.200000000000001,500,927,20.0,60.0
8.3,504,934,40.0,70.0
8.4,508,939,40.0,50.0
8.5,510,944,20.0,50.0
8.6,514,949,40.0,50.0
8.700000000000001,517,952,30.0,30.0
8.8,521,956,40.0,40.0
8.9,525,960,40.0,40.0
9.0,530,963,50.0,30.0
9.1,537,966,70.0,30.0
9.200000000000001,552,972,150.0,60.0
9.3,571,977,190.0,50.0
9.4,588,981,170.0,40.0
9.5,597,982,90.0,10.0
9.600000000000001,605,982,80.0,0.0
9.700000000000001,623,982,180.0,0.0
9.8,634,982,110.0,0.0
9.9,648,980,140.0,-20.0
10.0,667,976,190.0,-40.0
10.100000000000001,681,975,140.0,-10.0
10.200000000000001,693,973,120.0,-20.0
10.3,713,970,200.0,-30.0
10.4,726,966,130.0,-40.0
10.5,742,961,160.0,-50.0
10.600000000000001,765,957,230.0,-40.0
10.700000000000001,777,954,120.0,-30.0
10.8,798,946,210.0,-80.0
10.9,818,941,200.0,-50.0
11.0,835,934,170.0,-70.0
11.100000000000001,851,931,160.0,-30.0
11.200000000000001,868,925,170.0,-60.0
11.3,883,919,150.0,-60.0
11.4,900,914,170.0,-50.0
11.5,928,907,280.0,-70.0
11.600000000000001,960,900,320.0,-70.0
11.700000000000001,988,893,280.0,-70.0
11.8,1017,885,290.0,-80.0
11.9,1042,877,250.0,-80.0
12.0,1054,872,120.0,-50.0
12.100000000000001,1067,868,130.0,-40.0
12.200000000000001,1081,863,140.0,-50.0
12.3,1102,857,210.0,-60.0
12.4,1119,852,170.0,-50.0
12.5,1126,851,70.0,-10.0
12.600000000000001,1132,849,60.0,-20.0
12.700000000000001,1141,847,90.0,-20.0
12.8,1150,846,90.0,-10.0
12.9,1158,844,80.0,-20.0
13.0,1173,842,150.0,-20.0
13.100000000000001,1196,841,230.0,-10.0
13.200000000000001,1215,841,190.0,0.0
13.3,1240,840,250.0,-10.0
13.4,1260,839,200.0,-10.0
13.5,1273,837,130.0,-20.0
13.600000000000001,1285,836,120.0,-10.0
13.700000000000001,1303,834,180.0,-20.0
13.8,1322,828,190.0,-60.0
13.9,1340,824,180.0,-40.0
14.0,1360,820,200.0,-40.0
14.100000000000001,1377,816,170.0,-40.0
14.200000000000001,1392,812,150.0,-40.0
14.3,1397,808,50.0,-40.0
14.4,1404,805,70.0,-30.0
14.5,1412,802,80.0,-30.0
14.600000000000001,1414,801,20.0,-10.0
14.700000000000001,1417,798,30.0,-30.0
14.8,1422,795,50.0,-30.0
14.9,1426,792,40.0,-30.0
15.0,1429,791,30.0,-10.0
15.100000000000001,1429,790,0.0,-10.0
15.200000000000001,1432,789,30.0,-10.0
15.3,1440,786,80.0,-30.0
15.4,1446,783,60.0,-30.0
15.5,1447,781,10.0,-20.0
15.600000000000001,1454,776,70.0,-50.0
15.700000000000001,1462,771,80.0,-50.0
15.8,1467,768,50.0,-30.0
15.9,1469,766,20.0,-20.0
16.0,1475,763,60.0,-30.0
16.1,1488,760,130.0,-30.0
16.2,1498,757,100.0,-30.0
16.3,1503,755,50.0,-20.0
16.400000000000002,1503,755,0.0,0.0
16.5,1505,754,20.0,-10.0
16.6,1510,750,50.0,-40.0
16.7,1511,749,10.0,-10.0
16.8,1513,746,20.0,-30.0
16.900000000000002,1518,737,50.0,-90.0
17.0,1521,729,30.0,-80.0
17.1,1522,724,10.0,-50.0
17.2,1521,715,-10.0,-90.0
17.3,1517,702,-40.0,-130.0
17.400000000000002,1512,692,-50.0,-100.0
17.5,1508,687,-40.0,-50.0
17.6,1498,677,-100.0,-100.0
17.7,1483,664,-150.0,-130.0
17.8,1472,655,-110.0,-90.0
17.900000000000002,1456,643,-160.0,-120.0
18.0,1445,635,-110.0,-80.0
18.1,1437,629,-80.0,-60.0
18.2,1428,623,-90.0,-60.0
18.3,1414,613,-140.0,-100.0
18.400000000000002,1402,605,-120.0,-80.0
18.5,1393,599,-90.0,-60.0
18.6,1383,591,-100.0,-80.0
18.7,1372,583,-110.0,-80.0
18.8,1365,579,-70.0,-40.0
18.900000000000002,1360,576,-50.0,-30.0
19.0,1350,569,-100.0,-70.0
19.1,1333,559,-170.0,-100.0
19.200000000000003,1313,548,-200.0,-110.0
19.3,1300,540,-130.0,-80.0
19.400000000000002,1287,532,-130.0,-80.0
19.5,1280,527,-70.0,-50.0
19.6,1274,524,-60.0,-30.0
19.700000000000003,1269,519,-50.0,-50.0
19.8,1261,513,-80.0,-60.0
19.900000000000002,1252,505,-90.0,-80.0
20.0,1245,501,-70.0,-40.0
20.1,1236,494,-90.0,-70.0
20.200000000000003,1230,492,-60.0,-20.0
20.3,1229,491,-10.0,-10.0
20.400000000000002,1219,484,-100.0,-70.0
20.5,1215,481,-40.0,-30.0
20.6,1211,477,-40.0,-40.0
20.700000000000003,1208,476,-30.0,-10.0
20.8,1207,474,-10.0,-20.0
20.900000000000002,1206,473,-10.0,-10.0
21.0,1202,469,-40.0,-40.0
21.1,1198,466,-40.0,-30.0
21.200000000000003,1197,466,-10.0,0.0
21.3,1192,461,-50.0,-50.0
21.400000000000002,1175,450,-170.0,-110.0
21.5,1162,442,-130.0,-80.0
21.6,1153,435,-90.0,-70.0
21.700000000000003,1146,432,-70.0,-30.0
21.8,1145,431,-10.0,-10.0
21.900000000000002,1145,431,0.0,0.0
22.0,1143,430,-20.0,-10.0
22.1,1133,423,-100.0,-70.0
22.200000000000003,1131,422,-20.0,-10.0
22.3,1123,415,-80.0,-70.0
22.400000000000002,1106,406,-170.0,-90.0
22.5,1092,397,-140.0,-90.0
22.6,1086,394,-60.0,-30.0
22.700000000000003,1086,394,0.0,0.0
22.8,1086,394,0.0,0.0
22.900000000000002,1086,394,0.0,0.0
23.0,1086,393,0.0,-10.0
23.1,1085,393,-10.0,0.0
23.200000000000003,1081,390,-40.0,-30.0
23.3,1080,389,-10.0,-10.0
23.400000000000002,1079,389,-10.0,0.0
23.5,1077,389,-20.0,0.0
23.6,1077,389,0.0,0.0
23.700000000000003,1077,388,0.0,-10.0
23.8,1074,387,-30.0,-10.0
23.900000000000002,1072,385,-20.0,-20.0
24.0,1070,385,-20.0,0.0
24.1,1070,385,0.0,0.0
24.200000000000003,1069,385,-10.0,0.0
24.3,1062,384,-70.0,-10.0
24.400000000000002,1057,383,-50.0,-10.0
24.5,1057,382,0.0,-10.0
24.6,1057,382,0.0,0.0
24.700000000000003,1055,382,-20.0,0.0
24.8,1053,380,-20.0,-20.0
24.900000000000002,1053,380,0.0,0.0
25.0,1053,380,0.0,0.0
