486,1040,1393,1085,890,381,0
486,1040,1393,1085,890,381,0
486,1040,1393,1085,890,381,0
486,1040,1393,1085,890,381,0
486,1040,1393,1085,890,381,0
486,1040,1393,1085,890,381,0
486,1040,1393,1085,890,381,0
486,1040,1393,1085,890,381,0
486,1040,1393,1085,890,381,0
486,1040,1393,1085,890,381,0
486,1040,1393,1085,890,381,0
486,1040,1393,1085,890,381,0
486,1040,1393,1085,890,381,0
486,1040,1393,1085,890,381,0
486,1040,1393,1085,890,381,0
486,1040,1393,1085,890,381,0
486,1040,1393,1085,890,381,0
486,1040,1393,1085,890,381,0
486,1040,1393,1085,890,381,0
486,1040,1393,1085,890,381,0
486,1040,1393,1085,890,381,0
486,1040,1393,1085,890,381,0
486,1040,1393,1085,890,381,0
486,1040,1393,1085,890,381,0
486,1040,1393,1085,890,381,0
486,1040,1393,1085,890,381,0
486,1040,1393,1085,890,381,0
486,1040,1393,1085,890,381,0
486,1040,1393,1085,890,381,0
486,1040,1393,1085,890,382,0
486,1040,1393,1085,890,382,0
486,1040,1393,1085,890,382,0
486,1040,1393,1085,889,382,0
486,1040,1393,1085,889,384,0
486,1040,1393,1085,886,394,0
486,1040,1393,1085,885,400,0
486,1040,1393,1085,884,405,0
486,1040,1393,1085,883,414,0
486,1040,1393,1085,882,417,0
486,1040,1393,1085,882,420,0
486,1040,1393,1085,880,426,0
486,1040,1393,1085,879,429,0
486,1040,1393,1085,878,432,0
486,1040,1393,1085,876,437,0
486,1040,1393,1085,875,442,0
486,1040,1393,1085,873,448,0
486,1040,1393,1085,872,451,0
486,1040,1393,1085,871,454,0
486,1040,1393,1085,869,460,0
486,1040,1393,1085,868,463,0
486,1040,1393,1085,867,465,0
486,1040,1393,1085,865,471,0
486,1040,1393,1085,864,475,0
486,1040,1393,1085,862,477,0
486,1040,1393,1085,859,483,0
486,1040,1393,1085,858,486,0
486,1040,1393,1085,857,488,0
486,1040,1393,1085,853,494,0
486,1040,1393,1085,852,496,0
486,1040,1393,1085,849,502,0
486,1040,1393,1085,847,505,0
486,1040,1393,1085,846,508,0
486,1040,1393,1085,843,514,0
486,1040,1393,1085,842,516,0
486,1040,1393,1085,840,519,0
486,1040,1393,1085,837,525,0
486,1040,1393,1085,835,528,0
486,1040,1393,1085,833,532,0
486,1040,1393,1085,829,539,0
486,1040,1393,1085,827,542,0
486,1040,1393,1085,825,545,0
486,1040,1393,1085,821,551,0
486,1040,1393,1085,819,553,0
486,1040,1393,1085,815,558,0
486,1040,1393,1085,813,561,0
486,1040,1393,1085,812,563,0
486,1040,1393,1085,809,567,0
486,1040,1393,1085,808,569,0
486,1040,1393,1085,806,572,0
486,1040,1393,1085,803,577,0
486,1040,1393,1085,801,579,0
486,1040,1393,1085,798,585,0
486,1040,1393,1085,796,588,0
486,1040,1393,1085,794,590,0
486,1040,1393,1085,791,595,0
486,1040,1393,1085,791,597,0
486,1040,1393,1085,789,599,0
486,1040,1393,1085,786,603,0
486,1040,1393,1085,785,605,0
486,1040,1393,1085,783,607,0
486,1040,1393,1085,780,612,0
486,1040,1393,1085,778,615,0
486,1040,1393,1085,776,618,0
486,1040,1393,1085,772,622,0
486,1040,1393,1085,770,624,0
486,1040,1393,1085,768,627,0
486,1040,1393,1085,767,629,0
486,1040,1393,1085,767,630,0
486,1040,1393,1085,764,633,0
486,1040,1393,1085,763,634,0
486,1040,1393,1085,761,636,0
486,1040,1393,1085,760,637,0
486,1040,1393,1085,759,638,0
486,1040,1393,1085,757,641,0
486,1040,1393,1085,755,643,0
486,1040,1393,1085,754,645,0
486,1040,1393,1085,750,651,0
486,1040,1393,1085,748,654,0
486,1040,1393,1085,746,657,0
486,1040,1393,1085,744,660,0
486,1040,1393,1085,742,664,0
486,1040,1393,1085,741,665,0
486,1040,1393,1085,738,668,0
486,1040,1393,1085,737,670,0
486,1040,1393,1085,735,673,0
486,1040,1393,1085,734,674,0
486,1040,1393,1085,733,676,0
486,1040,1393,1085,731,679,0
486,1040,1393,1085,730,681,0
486,1040,1393,1085,729,682,0
486,1040,1393,1085,726,686,0
486,1040,1393,1085,725,688,0
486,1040,1393,1085,721,692,0
486,1040,1393,1085,720,695,0
486,1040,1393,1085,718,698,0
486,1040,1393,1085,715,701,0
486,1040,1393,1085,714,703,0
486,1040,1393,1085,713,704,0
486,1040,1393,1085,710,707,0
486,1040,1393,1085,709,708,0
486,1040,1393,1085,708,709,0
486,1040,1393,1085,706,711,0
486,1040,1393,1085,706,711,0
486,1040,1393,1085,704,714,0
486,1040,1393,1085,702,716,0
486,1040,1393,1085,701,717,0
486,1040,1393,1085,699,719,0
486,1040,1393,1085,696,723,0
486,1040,1393,1085,694,725,0
486,1040,1393,1085,691,728,0
486,1040,1393,1085,687,734,0
486,1040,1393,1085,684,737,0
486,1040,1393,1085,678,743,0
486,1040,1393,1085,677,746,0
486,1040,1393,1085,675,749,0
486,1040,1393,1085,672,754,0
486,1040,1393,1085,670,756,0
486,1040,1393,1085,668,760,0
486,1040,1393,1085,664,766,0
486,1040,1393,1085,662,769,0
486,1040,1393,1085,657,774,0
486,1040,1393,1085,655,777,0
486,1040,1393,1085,653,780,0
486,1040,1393,1085,651,784,0
486,1040,1393,1085,650,785,0
486,1040,1393,1085,648,788,0
486,1040,1393,1085,647,790,0
486,1040,1393,1085,646,792,0
486,1040,1393,1085,644,795,0
486,1040,1393,1085,641,799,0
486,1040,1393,1085,640,801,0
486,1040,1393,1085,638,805,0
486,1040,1393,1085,637,806,0
486,1040,1393,1085,636,807,0
486,1040,1393,1085,635,810,0
486,1040,1393,1085,634,812,0
486,1040,1393,1085,633,813,0
486,1040,1393,1085,631,817,0
486,1040,1393,1085,629,819,0
486,1040,1393,1085,627,824,0
486,1040,1393,1085,626,826,0
486,1040,1393,1085,625,828,0
486,1040,1393,1085,623,832,0
486,1040,1393,1085,622,833,0
486,1040,1393,1085,621,836,0
486,1040,1393,1085,619,838,0
486,1040,1393,1085,617,841,0
486,1040,1393,1085,613,850,0
486,1040,1393,1085,610,854,0
486,1040,1393,1085,607,858,0
486,1040,1393,1085,605,864,0
486,1040,1393,1085,605,864,0
486,1040,1393,1085,605,864,0
486,1040,1393,1085,604,864,0
486,1040,1393,1085,604,864,0
486,1040,1393,1085,604,864,0
486,1040,1393,1085,604,865,0
486,1040,1393,1085,603,866,0
486,1040,1393,1085,600,870,0
486,1040,1393,1085,599,872,0
486,1040,1393,1085,596,876,0
486,1040,1393,1085,594,878,0
486,1040,1393,1085,592,880,0
486,1040,1393,1085,590,883,0
486,1040,1393,1085,588,885,0
486,1040,1393,1085,587,886,0
486,1040,1393,1085,585,889,0
486,1040,1393,1085,584,891,0
486,1040,1393,1085,582,894,0
486,1040,1393,1085,581,896,0
486,1040,1393,1085,579,898,0
486,1040,1393,1085,576,902,0
486,1040,1393,1085,574,904,0
486,1040,1393,1085,572,906,0
486,1040,1393,1085,569,910,0
486,1040,1393,1085,568,912,0
486,1040,1393,1085,566,913,0
486,1040,1393,1085,564,916,0
486,1040,1393,1085,564,918,0
486,1040,1393,1085,563,919,0
486,1040,1393,1085,561,922,0
486,1040,1393,1085,560,923,0
486,1040,1393,1085,558,927,0
486,1040,1393,1085,556,929,0
486,1040,1393,1085,553,933,0
486,1040,1393,1085,552,935,0
486,1040,1393,1085,551,936,0
486,1040,1393,1085,549,940,0
486,1040,1393,1085,548,942,0
486,1040,1393,1085,546,945,0
486,1040,1393,1085,545,946,0
486,1040,1393,1085,544,947,0
486,1040,1393,1085,542,950,0
486,1040,1393,1085,540,952,0
486,1040,1393,1085,539,954,0
486,1040,1393,1085,537,957,0
486,1040,1393,1085,536,958,0
486,1040,1393,1085,534,962,0
486,1040,1393,1085,533,964,0
486,1040,1393,1085,531,965,0
486,1040,1393,1085,529,969,0
486,1040,1393,1085,528,971,0
486,1040,1393,1085,527,973,0
486,1040,1393,1085,526,976,0
486,1040,1393,1085,525,978,0
486,1040,1393,1085,523,981,0
486,1040,1393,1085,522,982,0
486,1040,1393,1085,521,983,0
486,1040,1393,1085,520,985,0
486,1040,1393,1085,520,985,0
486,1040,1393,1085,519,986,0
486,1040,1393,1085,519,987,0
486,1040,1393,1085,518,987,0
486,1040,1393,1085,518,988,0
486,1040,1393,1085,517,989,0
486,1040,1393,1085,517,991,0
486,1040,1393,1085,515,994,0
486,1040,1393,1085,514,995,0
486,1040,1393,1085,513,997,0
486,1040,1393,1085,511,999,0
486,1040,1393,1085,511,1000,0
486,1040,1393,1085,510,1002,0
486,1040,1393,1085,509,1003,0
486,1040,1393,1085,508,1004,0
486,1040,1393,1085,506,1007,0
486,1040,1393,1085,504,1009,0
486,1040,1393,1085,503,1011,0
486,1040,1393,1085,501,1013,0
486,1040,1393,1085,500,1015,0
486,1040,1393,1085,499,1016,0
486,1040,1393,1085,499,1016,0
486,1040,1393,1085,499,1017,0
486,1040,1393,1085,499,1018,0
486,1040,1393,1085,498,1019,0
486,1040,1393,1085,496,1021,0
486,1040,1393,1085,496,1021,0
486,1040,1393,1085,496,1022,0
486,1040,1393,1085,495,1022,0
486,1040,1393,1085,495,1023,0
486,1040,1393,1085,495,1023,0
486,1040,1393,1085,494,1024,0
486,1040,1393,1085,494,1025,0
486,1040,1393,1085,493,1026,0
486,1040,1393,1085,492,1027,0
486,1040,1393,1085,492,1028,0
486,1040,1393,1085,491,1029,0
486,1040,1393,1085,490,1030,0
486,1040,1393,1085,490,1031,0
486,1040,1393,1085,488,1033,0
486,1040,1393,1085,488,1034,0
486,1040,1393,1085,487,1035,0
486,1040,1393,1085,487,1035,0
486,1040,1393,1085,487,1035,0
486,1040,1393,1085,487,1035,0
486,1040,1393,1085,486,1037,0
486,1040,1393,1085,486,1038,0
486,1040,1393,1085,484,1040,0
486,1040,1393,1085,483,1041,0
486,1040,1393,1085,483,1042,0
486,1040,1393,1085,482,1043,0
486,1040,1393,1085,482,1043,0
486,1040,1393,1085,482,1043,0
486,1040,1393,1085,482,1043,0
486,1040,1393,1085,482,1043,0
486,1040,1393,1085,482,1043,0
486,1040,1393,1085,482,1043,0
486,1040,1393,1085,482,1043,0
486,1040,1393,1085,482,1043,1
486,1040,1393,1085,482,1043,1
486,1040,1393,1085,482,1043,1
486,1040,1393,1085,482,1043,1
486,1040,1393,1085,482,1043,1
486,1040,1393,1085,482,1043,1
486,1040,1393,1085,482,1043,1
486,1040,1393,1085,482,1043,1
486,1040,1393,1085,482,1043,1
486,1040,1393,1085,482,1043,1
486,1040,1393,1085,482,1043,1
486,1040,1393,1085,482,1043,1
486,1040,1393,1085,482,1043,1
486,1040,1393,1085,482,1043,1
486,1040,1393,1085,482,1043,1
486,1040,1393,1085,482,1043,1
486,1040,1393,1085,482,1043,1
486,1040,1393,1085,482,1043,1
486,1040,1393,1085,482,1043,1
486,1040,1393,1085,482,1043,1
486,1040,1393,1085,482,1043,1
486,1040,1393,1085,482,1043,1
486,1040,1393,1085,482,1043,1
486,1040,1393,1085,482,1043,1
486,1040,1393,1085,482,1043,1
486,1040,1393,1085,482,1043,1
486,1040,1393,1085,482,1043,1
486,1040,1393,1085,482,1043,1
486,1040,1393,1085,484,1043,1
486,1040,1393,1085,488,1043,1
486,1040,1393,1085,490,1043,1
486,1040,1393,1085,492,1043,1
486,1040,1393,1085,498,1043,1
486,1040,1393,1085,501,1042,1
486,1040,1393,1085,510,1042,1
486,1040,1393,1085,513,1042,1
486,1040,1393,1085,516,1042,1
486,1040,1393,1085,520,1043,1
486,1040,1393,1085,522,1043,1
486,1040,1393,1085,524,1043,1
486,1040,1393,1085,527,1044,1
486,1040,1393,1085,529,1044,1
486,1040,1393,1085,530,1044,1
486,1040,1393,1085,533,1044,1
486,1040,1393,1085,535,1044,1
486,1040,1393,1085,537,1044,1
486,1040,1393,1085,541,1044,1
486,1040,1393,1085,543,1044,1
486,1040,1393,1085,546,1044,1
486,1040,1393,1085,548,1044,1
486,1040,1393,1085,550,1044,1
486,1040,1393,1085,556,1044,1
486,1040,1393,1085,559,1044,1
486,1040,1393,1085,567,1043,1
486,1040,1393,1085,571,1043,1
486,1040,1393,1085,574,1043,1
486,1040,1393,1085,579,1043,1
486,1040,1393,1085,581,1043,1
486,1040,1393,1085,586,1043,1
486,1040,1393,1085,589,1043,1
486,1040,1393,1085,593,1043,1
486,1040,1393,1085,596,1043,1
486,1040,1393,1085,604,1042,1
486,1040,1393,1085,607,1042,1
486,1040,1393,1085,610,1042,1
486,1040,1393,1085,618,1042,1
486,1040,1393,1085,622,1042,1
486,1040,1393,1085,629,1042,1
486,1040,1393,1085,631,1042,1
486,1040,1393,1085,634,1042,1
486,1040,1393,1085,641,1042,1
486,1040,1393,1085,645,1042,1
486,1040,1393,1085,649,1042,1
486,1040,1393,1085,657,1043,1
486,1040,1393,1085,661,1043,1
486,1040,1393,1085,668,1043,1
486,1040,1393,1085,672,1043,1
486,1040,1393,1085,676,1043,1
486,1040,1393,1085,683,1043,1
486,1040,1393,1085,686,1045,1
486,1040,1393,1085,689,1045,1
486,1040,1393,1085,696,1045,1
486,1040,1393,1085,698,1045,1
486,1040,1393,1085,702,1046,1
486,1040,1393,1085,706,1046,1
486,1040,1393,1085,708,1046,1
486,1040,1393,1085,715,1046,1
486,1040,1393,1085,719,1047,1
486,1040,1393,1085,724,1047,1
486,1040,1393,1085,728,1047,1
486,1040,1393,1085,738,1048,1
486,1040,1393,1085,743,1049,1
486,1040,1393,1085,748,1049,1
486,1040,1393,1085,756,1050,1
486,1040,1393,1085,760,1050,1
486,1040,1393,1085,765,1051,1
486,1040,1393,1085,768,1051,1
486,1040,1393,1085,772,1051,1
486,1040,1393,1085,781,1052,1
486,1040,1393,1085,785,1052,1
486,1040,1393,1085,788,1053,1
486,1040,1393,1085,793,1054,1
486,1040,1393,1085,796,1054,1
486,1040,1393,1085,800,1054,1
486,1040,1393,1085,802,1054,1
486,1040,1393,1085,805,1055,1
486,1040,1393,1085,813,1055,1
486,1040,1393,1085,817,1055,1
486,1040,1393,1085,825,1056,1
486,1040,1393,1085,827,1056,1
486,1040,1393,1085,830,1057,1
486,1040,1393,1085,834,1057,1
486,1040,1393,1085,835,1057,1
486,1040,1393,1085,837,1058,1
486,1040,1393,1085,843,1058,1
486,1040,1393,1085,847,1059,1
486,1040,1393,1085,851,1059,1
486,1040,1393,1085,854,1060,1
486,1040,1393,1085,861,1061,1
486,1040,1393,1085,864,1061,1
486,1040,1393,1085,869,1062,1
486,1040,1393,1085,872,1062,1
486,1040,1393,1085,877,1062,1
486,1040,1393,1085,880,1063,1
486,1040,1393,1085,883,1063,1
486,1040,1393,1085,889,1064,1
486,1040,1393,1085,892,1064,1
486,1040,1393,1085,894,1064,1
486,1040,1393,1085,899,1064,1
486,1040,1393,1085,901,1065,1
486,1040,1393,1085,903,1065,1
486,1040,1393,1085,910,1065,1
486,1040,1393,1085,913,1066,1
486,1040,1393,1085,919,1067,1
486,1040,1393,1085,922,1067,1
486,1040,1393,1085,926,1067,1
486,1040,1393,1085,934,1068,1
486,1040,1393,1085,939,1069,1
486,1040,1393,1085,944,1069,1
486,1040,1393,1085,952,1070,1
486,1040,1393,1085,956,1071,1
486,1040,1393,1085,959,1072,1
486,1040,1393,1085,964,1072,1
486,1040,1393,1085,965,1072,1
486,1040,1393,1085,969,1073,1
486,1040,1393,1085,971,1073,1
486,1040,1393,1085,974,1074,1
486,1040,1393,1085,978,1074,1
486,1040,1393,1085,980,1075,1
486,1040,1393,1085,986,1076,1
486,1040,1393,1085,990,1076,1
486,1040,1393,1085,994,1077,1
486,1040,1393,1085,1005,1077,1
486,1040,1393,1085,1011,1077,1
486,1040,1393,1085,1015,1078,1
486,1040,1393,1085,1022,1078,1
486,1040,1393,1085,1025,1079,1
486,1040,1393,1085,1028,1079,1
486,1040,1393,1085,1034,1079,1
486,1040,1393,1085,1036,1079,1
486,1040,1393,1085,1038,1079,1
486,1040,1393,1085,1042,1079,1
486,1040,1393,1085,1044,1079,1
486,1040,1393,1085,1047,1079,1
486,1040,1393,1085,1053,1080,1
486,1040,1393,1085,1056,1080,1
486,1040,1393,1085,1063,1081,1
486,1040,1393,1085,1066,1081,1
486,1040,1393,1085,1069,1082,1
486,1040,1393,1085,1075,1082,1
486,1040,1393,1085,1077,1082,1
486,1040,1393,1085,1079,1082,1
486,1040,1393,1085,1083,1082,1
486,1040,1393,1085,1085,1082,1
486,1040,1393,1085,1087,1083,1
486,1040,1393,1085,1094,1083,1
486,1040,1393,1085,1098,1083,1
486,1040,1393,1085,1102,1084,1
486,1040,1393,1085,1107,1085,1
486,1040,1393,1085,1110,1085,1
486,1040,1393,1085,1114,1085,1
486,1040,1393,1085,1116,1086,1
486,1040,1393,1085,1119,1086,1
486,1040,1393,1085,1125,1087,1
486,1040,1393,1085,1128,1088,1
486,1040,1393,1085,1131,1088,1
486,1040,1393,1085,1137,1089,1
486,1040,1393,1085,1141,1089,1
486,1040,1393,1085,1148,1091,1
486,1040,1393,1085,1151,1091,1
486,1040,1393,1085,1153,1091,1
486,1040,1393,1085,1156,1092,1
486,1040,1393,1085,1163,1092,1
486,1040,1393,1085,1165,1092,1
486,1040,1393,1085,1169,1093,1
486,1040,1393,1085,1177,1094,1
486,1040,1393,1085,1181,1095,1
486,1040,1393,1085,1187,1095,1
486,1040,1393,1085,1190,1095,1
486,1040,1393,1085,1193,1095,1
486,1040,1393,1085,1199,1095,1
486,1040,1393,1085,1202,1095,1
486,1040,1393,1085,1205,1095,1
486,1040,1393,1085,1213,1095,1
486,1040,1393,1085,1217,1095,1
486,1040,1393,1085,1220,1095,1
486,1040,1393,1085,1227,1095,1
486,1040,1393,1085,1230,1095,1
486,1040,1393,1085,1236,1094,1
486,1040,1393,1085,1240,1094,1
486,1040,1393,1085,1243,1094,1
486,1040,1393,1085,1249,1094,1
486,1040,1393,1085,1252,1094,1
486,1040,1393,1085,1259,1094,1
486,1040,1393,1085,1262,1094,1
486,1040,1393,1085,1266,1094,1
486,1040,1393,1085,1270,1094,1
486,1040,1393,1085,1275,1094,1
486,1040,1393,1085,1277,1094,1
486,1040,1393,1085,1281,1094,1
486,1040,1393,1085,1284,1094,1
486,1040,1393,1085,1287,1094,1
486,1040,1393,1085,1293,1094,1
486,1040,1393,1085,1295,1094,1
486,1040,1393,1085,1298,1094,1
486,1040,1393,1085,1304,1095,1
486,1040,1393,1085,1307,1095,1
486,1040,1393,1085,1309,1095,1
486,1040,1393,1085,1314,1095,1
486,1040,1393,1085,1317,1095,1
486,1040,1393,1085,1319,1095,1
486,1040,1393,1085,1325,1096,1
486,1040,1393,1085,1329,1096,1
486,1040,1393,1085,1337,1096,1
486,1040,1393,1085,1341,1096,1
486,1040,1393,1085,1348,1096,1
486,1040,1393,1085,1350,1096,1
486,1040,1393,1085,1352,1096,1
486,1040,1393,1085,1353,1096,1
486,1040,1393,1085,1353,1096,1
486,1040,1393,1085,1356,1096,1
486,1040,1393,1085,1357,1096,1
486,1040,1393,1085,1359,1096,1
486,1040,1393,1085,1363,1095,1
486,1040,1393,1085,1364,1095,1
486,1040,1393,1085,1365,1094,1
486,1040,1393,1085,1367,1094,1
486,1040,1393,1085,1368,1094,1
486,1040,1393,1085,1369,1094,1
486,1040,1393,1085,1371,1094,1
486,1040,1393,1085,1372,1094,1
486,1040,1393,1085,1373,1094,1
486,1040,1393,1085,1376,1094,1
486,1040,1393,1085,1377,1094,1
486,1040,1393,1085,1379,1093,1
486,1040,1393,1085,1379,1093,1
486,1040,1393,1085,1380,1093,1
486,1040,1393,1085,1380,1093,1
486,1040,1393,1085,1382,1093,1
486,1040,1393,1085,1382,1093,1
486,1040,1393,1085,1383,1092,1
486,1040,1393,1085,1386,1091,1
486,1040,1393,1085,1388,1090,1
486,1040,1393,1085,1390,1089,1
486,1040,1393,1085,1391,1088,1
486,1040,1393,1085,1392,1087,1
486,1040,1393,1085,1393,1087,1
486,1040,1393,1085,1394,1086,1
486,1040,1393,1085,1395,1085,1
486,1040,1393,1085,1396,1085,1
486,1040,1393,1085,1396,1085,1
486,1040,1393,1085,1396,1085,1
486,1040,1393,1085,1396,1085,1
486,1040,1393,1085,1396,1085,1
486,1040,1393,1085,1396,1085,1
486,1040,1393,1085,1396,1085,1
486,1040,1393,1085,1396,1085,1
486,1040,1393,1085,1396,1085,1
486,1040,1393,1085,1396,1085,0
486,1040,1393,1085,1396,1085,0
486,1040,1393,1085,1396,1085,0
486,1040,1393,1085,1396,1085,0
486,1040,1393,1085,1396,1085,0
486,1040,1393,1085,1396,1085,0
486,1040,1393,1085,1396,1085,0
486,1040,1393,1085,1396,1085,0
486,1040,1393,1085,1396,1085,0
486,1040,1393,1085,1396,1085,0
486,1040,1393,1085,1396,1085,0
486,1040,1393,1085,1396,1085,0
486,1040,1393,1085,1396,1085,0
486,1040,1393,1085,1396,1085,0
486,1040,1393,1085,1396,1085,0
486,1040,1393,1085,1396,1085,0
486,1040,1393,1085,1396,1086,0
486,1040,1393,1085,1396,1086,0
486,1040,1393,1085,1396,1086,0
486,1040,1393,1085,1396,1086,0
486,1040,1393,1085,1396,1086,0
486,1040,1393,1085,1396,1086,0
486,1040,1393,1085,1396,1086,0
486,1040,1393,1085,1396,1086,0
486,1040,1393,1085,1395,1085,0
486,1040,1393,1085,1391,1078,0
486,1040,1393,1085,1390,1075,0
486,1040,1393,1085,1387,1071,0
486,1040,1393,1085,1386,1069,0
486,1040,1393,1085,1385,1066,0
486,1040,1393,1085,1382,1062,0
486,1040,1393,1085,1381,1060,0
486,1040,1393,1085,1380,1059,0
486,1040,1393,1085,1379,1056,0
486,1040,1393,1085,1378,1055,0
486,1040,1393,1085,1377,1054,0
486,1040,1393,1085,1376,1051,0
486,1040,1393,1085,1375,1050,0
486,1040,1393,1085,1373,1047,0
486,1040,1393,1085,1372,1045,0
486,1040,1393,1085,1371,1043,0
486,1040,1393,1085,1371,1042,0
486,1040,1393,1085,1369,1038,0
486,1040,1393,1085,1368,1036,0
486,1040,1393,1085,1367,1034,0
486,1040,1393,1085,1365,1029,0
486,1040,1393,1085,1363,1026,0
486,1040,1393,1085,1361,1021,0
486,1040,1393,1085,1359,1018,0
486,1040,1393,1085,1357,1013,0
486,1040,1393,1085,1356,1011,0
486,1040,1393,1085,1355,1008,0
486,1040,1393,1085,1353,1003,0
486,1040,1393,1085,1352,1001,0
486,1040,1393,1085,1351,999,0
486,1040,1393,1085,1349,994,0
486,1040,1393,1085,1348,992,0
486,1040,1393,1085,1346,988,0
486,1040,1393,1085,1345,985,0
486,1040,1393,1085,1343,983,0
486,1040,1393,1085,1341,978,0
486,1040,1393,1085,1340,975,0
486,1040,1393,1085,1339,971,0
486,1040,1393,1085,1336,965,0
486,1040,1393,1085,1334,962,0
486,1040,1393,1085,1332,960,0
486,1040,1393,1085,1331,956,0
486,1040,1393,1085,1330,954,0
486,1040,1393,1085,1327,948,0
486,1040,1393,1085,1325,945,0
486,1040,1393,1085,1324,942,0
486,1040,1393,1085,1321,936,0
486,1040,1393,1085,1319,933,0
486,1040,1393,1085,1316,928,0
486,1040,1393,1085,1315,925,0
486,1040,1393,1085,1313,922,0
486,1040,1393,1085,1311,917,0
486,1040,1393,1085,1309,914,0
486,1040,1393,1085,1308,911,0
486,1040,1393,1085,1304,904,0
486,1040,1393,1085,1302,901,0
486,1040,1393,1085,1301,897,0
486,1040,1393,1085,1298,891,0
486,1040,1393,1085,1297,888,0
486,1040,1393,1085,1293,881,0
486,1040,1393,1085,1292,878,0
486,1040,1393,1085,1290,875,0
486,1040,1393,1085,1288,869,0
486,1040,1393,1085,1286,866,0
486,1040,1393,1085,1284,863,0
486,1040,1393,1085,1282,858,0
486,1040,1393,1085,1281,854,0
486,1040,1393,1085,1280,851,0
486,1040,1393,1085,1276,845,0
486,1040,1393,1085,1274,841,0
486,1040,1393,1085,1271,835,0
486,1040,1393,1085,1269,832,0
486,1040,1393,1085,1267,830,0
486,1040,1393,1085,1265,826,0
486,1040,1393,1085,1263,823,0
486,1040,1393,1085,1262,821,0
486,1040,1393,1085,1260,817,0
486,1040,1393,1085,1259,815,0
486,1040,1393,1085,1258,814,0
486,1040,1393,1085,1256,810,0
486,1040,1393,1085,1256,808,0
486,1040,1393,1085,1253,801,0
486,1040,1393,1085,1252,798,0
486,1040,1393,1085,1250,796,0
486,1040,1393,1085,1248,791,0
486,1040,1393,1085,1247,789,0
486,1040,1393,1085,1247,787,0
486,1040,1393,1085,1246,785,0
486,1040,1393,1085,1244,781,0
486,1040,1393,1085,1243,778,0
486,1040,1393,1085,1241,774,0
486,1040,1393,1085,1240,772,0
486,1040,1393,1085,1237,766,0
486,1040,1393,1085,1236,764,0
486,1040,1393,1085,1235,761,0
486,1040,1393,1085,1234,758,0
486,1040,1393,1085,1231,753,0
486,1040,1393,1085,1230,750,0
486,1040,1393,1085,1229,747,0
486,1040,1393,1085,1228,745,0
486,1040,1393,1085,1226,741,0
486,1040,1393,1085,1225,740,0
486,1040,1393,1085,1222,734,0
486,1040,1393,1085,1221,732,0
486,1040,1393,1085,1220,728,0
486,1040,1393,1085,1217,722,0
486,1040,1393,1085,1215,719,0
486,1040,1393,1085,1213,714,0
486,1040,1393,1085,1213,712,0
486,1040,1393,1085,1210,706,0
486,1040,1393,1085,1209,704,0
486,1040,1393,1085,1208,701,0
486,1040,1393,1085,1205,695,0
486,1040,1393,1085,1203,692,0
486,1040,1393,1085,1201,688,0
486,1040,1393,1085,1200,685,0
486,1040,1393,1085,1198,681,0
486,1040,1393,1085,1198,679,0
486,1040,1393,1085,1197,678,0
486,1040,1393,1085,1196,675,0
486,1040,1393,1085,1196,674,0
486,1040,1393,1085,1195,671,0
486,1040,1393,1085,1193,667,0
486,1040,1393,1085,1192,665,0
486,1040,1393,1085,1190,661,0
486,1040,1393,1085,1189,658,0
486,1040,1393,1085,1188,656,0
486,1040,1393,1085,1186,649,0
486,1040,1393,1085,1185,647,0
486,1040,1393,1085,1183,645,0
486,1040,1393,1085,1181,640,0
486,1040,1393,1085,1180,638,0
486,1040,1393,1085,1179,635,0
486,1040,1393,1085,1177,631,0
486,1040,1393,1085,1176,629,0
486,1040,1393,1085,1174,623,0
486,1040,1393,1085,1173,620,0
486,1040,1393,1085,1170,614,0
486,1040,1393,1085,1168,611,0
486,1040,1393,1085,1167,607,0
486,1040,1393,1085,1163,601,0
486,1040,1393,1085,1162,598,0
486,1040,1393,1085,1161,595,0
486,1040,1393,1085,1159,590,0
486,1040,1393,1085,1158,587,0
486,1040,1393,1085,1155,582,0
486,1040,1393,1085,1154,579,0
486,1040,1393,1085,1153,577,0
486,1040,1393,1085,1152,574,0
486,1040,1393,1085,1150,568,0
486,1040,1393,1085,1149,565,0
486,1040,1393,1085,1148,563,0
486,1040,1393,1085,1147,557,0
486,1040,1393,1085,1146,554,0
486,1040,1393,1085,1144,549,0
486,1040,1393,1085,1143,547,0
486,1040,1393,1085,1142,545,0
486,1040,1393,1085,1140,540,0
486,1040,1393,1085,1140,537,0
486,1040,1393,1085,1137,532,0
486,1040,1393,1085,1136,529,0
486,1040,1393,1085,1135,526,0
486,1040,1393,1085,1133,520,0
486,1040,1393,1085,1132,518,0
486,1040,1393,1085,1131,516,0
486,1040,1393,1085,1129,511,0
486,1040,1393,1085,1128,509,0
486,1040,1393,1085,1125,503,0
486,1040,1393,1085,1125,501,0
486,1040,1393,1085,1123,499,0
486,1040,1393,1085,1122,496,0
486,1040,1393,1085,1120,491,0
486,1040,1393,1085,1119,489,0
486,1040,1393,1085,1118,487,0
486,1040,1393,1085,1116,483,0
486,1040,1393,1085,1115,481,0
486,1040,1393,1085,1113,477,0
486,1040,1393,1085,1112,474,0
486,1040,1393,1085,1111,472,0
486,1040,1393,1085,1110,467,0
486,1040,1393,1085,1108,464,0
486,1040,1393,1085,1106,459,0
486,1040,1393,1085,1105,457,0
486,1040,1393,1085,1104,455,0
486,1040,1393,1085,1103,451,0
486,1040,1393,1085,1101,449,0
486,1040,1393,1085,1101,447,0
486,1040,1393,1085,1099,442,0
486,1040,1393,1085,1098,440,0
486,1040,1393,1085,1096,436,0
486,1040,1393,1085,1094,434,0
486,1040,1393,1085,1094,432,0
486,1040,1393,1085,1093,428,0
486,1040,1393,1085,1092,426,0
486,1040,1393,1085,1090,421,0
486,1040,1393,1085,1090,419,0
486,1040,1393,1085,1089,418,0
486,1040,1393,1085,1088,416,0
486,1040,1393,1085,1087,412,0
486,1040,1393,1085,1087,412,0
486,1040,1393,1085,1086,408,0
486,1040,1393,1085,1085,407,0
486,1040,1393,1085,1085,405,0
486,1040,1393,1085,1084,404,0
486,1040,1393,1085,1084,403,0
486,1040,1393,1085,1084,401,0
486,1040,1393,1085,1083,400,0
486,1040,1393,1085,1083,399,0
486,1040,1393,1085,1082,396,0
486,1040,1393,1085,1081,395,0
486,1040,1393,1085,1081,394,0
486,1040,1393,1085,1080,391,0
486,1040,1393,1085,1079,390,0
486,1040,1393,1085,1078,387,0
486,1040,1393,1085,1077,386,0
486,1040,1393,1085,1077,385,0
486,1040,1393,1085,1076,384,0
486,1040,1393,1085,1076,383,0
486,1040,1393,1085,1075,383,0
486,1040,1393,1085,1075,382,0
486,1040,1393,1085,1074,380,0
486,1040,1393,1085,1074,380,0
486,1040,1393,1085,1074,380,0
486,1040,1393,1085,1074,380,0
486,1040,1393,1085,1074,380,0
