486,1040,1393,1085,904,381,0
486,1040,1393,1085,904,381,0
486,1040,1393,1085,904,381,0
486,1040,1393,1085,904,381,0
486,1040,1393,1085,904,381,0
486,1040,1393,1085,904,381,0
486,1040,1393,1085,904,381,0
486,1040,1393,1085,904,381,0
486,1040,1393,1085,904,381,0
486,1040,1393,1085,904,381,0
486,1040,1393,1085,904,381,0
486,1040,1393,1085,904,381,0
486,1040,1393,1085,904,381,0
486,1040,1393,1085,904,381,0
486,1040,1393,1085,904,381,0
486,1040,1393,1085,904,381,0
486,1040,1393,1085,904,381,0
486,1040,1393,1085,904,381,0
486,1040,1393,1085,904,381,0
486,1040,1393,1085,904,381,0
486,1040,1393,1085,904,381,0
486,1040,1393,1085,904,381,0
486,1040,1393,1085,904,381,0
486,1040,1393,1085,904,381,0
486,1040,1393,1085,904,381,0
486,1040,1393,1085,904,381,0
486,1040,1393,1085,904,381,0
486,1040,1393,1085,904,381,0
486,1040,1393,1085,904,381,0
486,1040,1393,1085,904,381,0
486,1040,1393,1085,904,381,0
486,1040,1393,1085,904,381,0
486,1040,1393,1085,902,386,0
486,1040,1393,1085,899,391,0
486,1040,1393,1085,893,399,0
486,1040,1393,1085,891,402,0
486,1040,1393,1085,887,407,0
486,1040,1393,1085,886,410,0
486,1040,1393,1085,884,412,0
486,1040,1393,1085,883,414,0
486,1040,1393,1085,881,417,0
486,1040,1393,1085,880,418,0
486,1040,1393,1085,878,420,0
486,1040,1393,1085,877,422,0
486,1040,1393,1085,877,423,0
486,1040,1393,1085,874,427,0
486,1040,1393,1085,872,429,0
486,1040,1393,1085,870,431,0
486,1040,1393,1085,865,437,0
486,1040,1393,1085,863,439,0
486,1040,1393,1085,862,441,0
486,1040,1393,1085,860,444,0
486,1040,1393,1085,859,446,0
486,1040,1393,1085,858,448,0
486,1040,1393,1085,857,449,0
486,1040,1393,1085,856,451,0
486,1040,1393,1085,853,454,0
486,1040,1393,1085,852,455,0
486,1040,1393,1085,851,457,0
486,1040,1393,1085,848,461,0
486,1040,1393,1085,846,462,0
486,1040,1393,1085,845,464,0
486,1040,1393,1085,844,466,0
486,1040,1393,1085,843,467,0
486,1040,1393,1085,841,470,0
486,1040,1393,1085,840,472,0
486,1040,1393,1085,839,473,0
486,1040,1393,1085,837,475,0
486,1040,1393,1085,835,479,0
486,1040,1393,1085,834,481,0
486,1040,1393,1085,832,483,0
486,1040,1393,1085,830,486,0
486,1040,1393,1085,829,487,0
486,1040,1393,1085,828,490,0
486,1040,1393,1085,827,493,0
486,1040,1393,1085,827,495,0
486,1040,1393,1085,825,499,0
486,1040,1393,1085,824,501,0
486,1040,1393,1085,822,504,0
486,1040,1393,1085,820,509,0
486,1040,1393,1085,819,511,0
486,1040,1393,1085,818,513,0
486,1040,1393,1085,815,518,0
486,1040,1393,1085,815,520,0
486,1040,1393,1085,812,524,0
486,1040,1393,1085,811,526,0
486,1040,1393,1085,809,529,0
486,1040,1393,1085,806,533,0
486,1040,1393,1085,804,536,0
486,1040,1393,1085,802,539,0
486,1040,1393,1085,799,545,0
486,1040,1393,1085,798,547,0
486,1040,1393,1085,796,550,0
486,1040,1393,1085,794,554,0
486,1040,1393,1085,793,556,0
486,1040,1393,1085,792,558,0
486,1040,1393,1085,790,563,0
486,1040,1393,1085,788,565,0
486,1040,1393,1085,788,567,0
486,1040,1393,1085,785,572,0
486,1040,1393,1085,784,574,0
486,1040,1393,1085,783,576,0
486,1040,1393,1085,782,580,0
486,1040,1393,1085,780,582,0
486,1040,1393,1085,778,586,0
486,1040,1393,1085,778,589,0
486,1040,1393,1085,777,591,0
486,1040,1393,1085,775,596,0
486,1040,1393,1085,774,599,0
486,1040,1393,1085,772,601,0
486,1040,1393,1085,770,607,0
486,1040,1393,1085,769,610,0
486,1040,1393,1085,767,612,0
486,1040,1393,1085,766,617,0
486,1040,1393,1085,765,619,0
486,1040,1393,1085,764,623,0
486,1040,1393,1085,764,625,0
486,1040,1393,1085,764,627,0
486,1040,1393,1085,763,631,0
486,1040,1393,1085,763,633,0
486,1040,1393,1085,762,635,0
486,1040,1393,1085,762,639,0
486,1040,1393,1085,762,641,0
486,1040,1393,1085,762,644,0
486,1040,1393,1085,762,648,0
486,1040,1393,1085,762,651,0
486,1040,1393,1085,762,653,0
486,1040,1393,1085,763,658,0
486,1040,1393,1085,764,660,0
486,1040,1393,1085,765,665,0
486,1040,1393,1085,766,667,0
486,1040,1393,1085,766,669,0
486,1040,1393,1085,766,673,0
486,1040,1393,1085,767,676,0
486,1040,1393,1085,767,678,0
486,1040,1393,1085,768,683,0
486,1040,1393,1085,768,685,0
486,1040,1393,1085,769,687,0
486,1040,1393,1085,769,693,0
486,1040,1393,1085,769,696,0
486,1040,1393,1085,770,702,0
486,1040,1393,1085,770,704,0
486,1040,1393,1085,770,707,0
486,1040,1393,1085,770,710,0
486,1040,1393,1085,770,716,0
486,1040,1393,1085,771,718,0
486,1040,1393,1085,771,722,0
486,1040,1393,1085,771,724,0
486,1040,1393,1085,771,726,0
486,1040,1393,1085,771,728,0
486,1040,1393,1085,771,732,0
486,1040,1393,1085,772,735,0
486,1040,1393,1085,772,737,0
486,1040,1393,1085,772,742,0
486,1040,1393,1085,772,745,0
486,1040,1393,1085,772,747,0
486,1040,1393,1085,773,751,0
486,1040,1393,1085,774,753,0
486,1040,1393,1085,774,756,0
486,1040,1393,1085,774,764,0
486,1040,1393,1085,775,769,0
486,1040,1393,1085,775,773,0
486,1040,1393,1085,775,780,0
486,1040,1393,1085,775,783,0
486,1040,1393,1085,775,789,0
486,1040,1393,1085,775,791,0
486,1040,1393,1085,775,793,0
486,1040,1393,1085,774,798,0
486,1040,1393,1085,774,802,0
486,1040,1393,1085,774,805,0
486,1040,1393,1085,774,811,0
486,1040,1393,1085,774,814,0
486,1040,1393,1085,774,817,0
486,1040,1393,1085,775,822,0
486,1040,1393,1085,775,824,0
486,1040,1393,1085,775,827,0
486,1040,1393,1085,775,832,0
486,1040,1393,1085,774,835,0
486,1040,1393,1085,774,837,0
486,1040,1393,1085,774,842,0
486,1040,1393,1085,774,844,0
486,1040,1393,1085,774,846,0
486,1040,1393,1085,774,851,0
486,1040,1393,1085,774,854,0
486,1040,1393,1085,774,856,0
486,1040,1393,1085,774,861,0
486,1040,1393,1085,773,863,0
486,1040,1393,1085,773,866,0
486,1040,1393,1085,773,868,0
486,1040,1393,1085,773,869,0
486,1040,1393,1085,772,873,0
486,1040,1393,1085,771,875,0
486,1040,1393,1085,771,877,0
486,1040,1393,1085,770,882,0
486,1040,1393,1085,770,884,0
486,1040,1393,1085,770,888,0
486,1040,1393,1085,770,890,0
486,1040,1393,1085,769,891,0
486,1040,1393,1085,768,895,0
486,1040,1393,1085,767,896,0
486,1040,1393,1085,766,898,0
486,1040,1393,1085,765,900,0
486,1040,1393,1085,762,904,0
486,1040,1393,1085,761,905,0
486,1040,1393,1085,759,908,0
486,1040,1393,1085,757,910,0
486,1040,1393,1085,756,913,0
486,1040,1393,1085,754,916,0
486,1040,1393,1085,754,917,0
486,1040,1393,1085,753,919,0
486,1040,1393,1085,751,922,0
486,1040,1393,1085,750,924,0
486,1040,1393,1085,748,927,0
486,1040,1393,1085,747,928,0
486,1040,1393,1085,747,929,0
486,1040,1393,1085,746,932,0
486,1040,1393,1085,745,933,0
486,1040,1393,1085,745,935,0
486,1040,1393,1085,744,937,0
486,1040,1393,1085,744,938,0
486,1040,1393,1085,744,939,0
486,1040,1393,1085,743,942,0
486,1040,1393,1085,742,943,0
486,1040,1393,1085,742,944,0
486,1040,1393,1085,742,947,0
486,1040,1393,1085,741,949,0
486,1040,1393,1085,741,950,0
486,1040,1393,1085,739,953,0
486,1040,1393,1085,738,955,0
486,1040,1393,1085,737,955,0
486,1040,1393,1085,737,955,0
486,1040,1393,1085,737,955,0
486,1040,1393,1085,737,955,0
486,1040,1393,1085,737,957,0
486,1040,1393,1085,736,958,0
486,1040,1393,1085,736,960,0
486,1040,1393,1085,734,962,0
486,1040,1393,1085,734,963,0
486,1040,1393,1085,734,964,0
486,1040,1393,1085,733,966,0
486,1040,1393,1085,733,966,0
486,1040,1393,1085,732,967,0
486,1040,1393,1085,732,968,0
486,1040,1393,1085,731,969,0
486,1040,1393,1085,731,970,0
486,1040,1393,1085,731,971,0
486,1040,1393,1085,730,972,0
486,1040,1393,1085,730,973,0
486,1040,1393,1085,729,975,0
486,1040,1393,1085,728,976,0
486,1040,1393,1085,726,979,0
486,1040,1393,1085,725,981,0
486,1040,1393,1085,724,983,0
486,1040,1393,1085,722,987,0
486,1040,1393,1085,722,988,0
486,1040,1393,1085,721,990,0
486,1040,1393,1085,719,994,0
486,1040,1393,1085,718,996,0
486,1040,1393,1085,717,997,0
486,1040,1393,1085,715,1000,0
486,1040,1393,1085,714,1001,0
486,1040,1393,1085,713,1002,0
486,1040,1393,1085,712,1004,0
486,1040,1393,1085,712,1005,0
486,1040,1393,1085,712,1005,0
486,1040,1393,1085,711,1006,0
486,1040,1393,1085,711,1007,0
486,1040,1393,1085,710,1010,0
486,1040,1393,1085,710,1011,0
486,1040,1393,1085,709,1012,0
486,1040,1393,1085,709,1015,0
486,1040,1393,1085,708,1016,0
486,1040,1393,1085,708,1017,0
486,1040,1393,1085,708,1017,0
486,1040,1393,1085,708,1018,0
486,1040,1393,1085,708,1018,0
486,1040,1393,1085,708,1019,0
486,1040,1393,1085,708,1019,0
486,1040,1393,1085,707,1020,0
486,1040,1393,1085,707,1021,0
486,1040,1393,1085,707,1021,0
486,1040,1393,1085,707,1022,0
486,1040,1393,1085,707,1023,0
486,1040,1393,1085,707,1024,0
486,1040,1393,1085,707,1025,0
486,1040,1393,1085,707,1027,0
486,1040,1393,1085,707,1028,0
486,1040,1393,1085,707,1029,0
486,1040,1393,1085,706,1030,0
486,1040,1393,1085,706,1030,0
486,1040,1393,1085,706,1030,0
486,1040,1393,1085,706,1030,0
486,1040,1393,1085,706,1030,0
486,1040,1393,1085,706,1030,0
486,1040,1393,1085,706,1030,0
486,1040,1393,1085,706,1030,0
486,1040,1393,1085,706,1031,0
486,1040,1393,1085,706,1031,0
486,1040,1393,1085,706,1031,0
486,1040,1393,1085,706,1031,0
486,1040,1393,1085,706,1031,0
486,1040,1393,1085,706,1031,0
486,1040,1393,1085,706,1031,0
486,1040,1393,1085,706,1032,0
486,1040,1393,1085,706,1032,0
486,1040,1393,1085,706,1032,0
486,1040,1393,1085,706,1032,0
486,1040,1393,1085,706,1032,0
486,1040,1393,1085,706,1032,0
486,1040,1393,1085,706,1032,0
486,1040,1393,1085,706,1032,0
486,1040,1393,1085,706,1032,0
486,1040,1393,1085,706,1032,0
486,1040,1393,1085,706,1032,0
486,1040,1393,1085,706,1032,0
486,1040,1393,1085,706,1032,0
486,1040,1393,1085,705,1034,0
486,1040,1393,1085,704,1034,0
486,1040,1393,1085,704,1036,0
486,1040,1393,1085,704,1036,0
486,1040,1393,1085,704,1036,0
486,1040,1393,1085,704,1036,0
486,1040,1393,1085,702,1036,0
486,1040,1393,1085,702,1038,0
486,1040,1393,1085,701,1039,0
486,1040,1393,1085,700,1041,0
486,1040,1393,1085,700,1041,0
486,1040,1393,1085,700,1041,0
486,1040,1393,1085,700,1041,0
486,1040,1393,1085,700,1041,0
486,1040,1393,1085,700,1041,0
486,1040,1393,1085,700,1041,0
486,1040,1393,1085,700,1041,0
486,1040,1393,1085,700,1042,0
486,1040,1393,1085,700,1042,0
486,1040,1393,1085,700,1042,0
486,1040,1393,1085,700,1042,1
486,1040,1393,1085,700,1042,1
486,1040,1393,1085,700,1042,1
486,1040,1393,1085,700,1042,1
486,1040,1393,1085,700,1042,1
486,1040,1393,1085,700,1042,1
486,1040,1393,1085,700,1042,1
486,1040,1393,1085,700,1042,1
486,1040,1393,1085,700,1042,1
486,1040,1393,1085,700,1042,1
486,1040,1393,1085,700,1042,1
486,1040,1393,1085,700,1042,1
486,1040,1393,1085,700,1042,1
486,1040,1393,1085,700,1042,1
486,1040,1393,1085,700,1042,1
486,1040,1393,1085,700,1042,1
486,1040,1393,1085,700,1042,1
486,1040,1393,1085,700,1042,1
486,1040,1393,1085,701,1042,1
486,1040,1393,1085,702,1042,1
486,1040,1393,1085,708,1042,1
486,1040,1393,1085,709,1042,1
486,1040,1393,1085,711,1042,1
486,1040,1393,1085,716,1043,1
486,1040,1393,1085,719,1044,1
486,1040,1393,1085,723,1045,1
486,1040,1393,1085,730,1046,1
486,1040,1393,1085,734,1047,1
486,1040,1393,1085,738,1047,1
486,1040,1393,1085,742,1048,1
486,1040,1393,1085,743,1048,1
486,1040,1393,1085,743,1048,1
486,1040,1393,1085,745,1049,1
486,1040,1393,1085,746,1049,1
486,1040,1393,1085,748,1049,1
486,1040,1393,1085,752,1049,1
486,1040,1393,1085,754,1049,1
486,1040,1393,1085,757,1049,1
486,1040,1393,1085,761,1049,1
486,1040,1393,1085,764,1049,1
486,1040,1393,1085,766,1049,1
486,1040,1393,1085,771,1049,1
486,1040,1393,1085,773,1049,1
486,1040,1393,1085,780,1049,1
486,1040,1393,1085,784,1049,1
486,1040,1393,1085,788,1049,1
486,1040,1393,1085,795,1049,1
486,1040,1393,1085,797,1049,1
486,1040,1393,1085,798,1049,1
486,1040,1393,1085,800,1049,1
486,1040,1393,1085,802,1048,1
486,1040,1393,1085,805,1048,1
486,1040,1393,1085,811,1047,1
486,1040,1393,1085,815,1047,1
486,1040,1393,1085,822,1046,1
486,1040,1393,1085,824,1046,1
486,1040,1393,1085,826,1045,1
486,1040,1393,1085,829,1045,1
486,1040,1393,1085,831,1044,1
486,1040,1393,1085,832,1044,1
486,1040,1393,1085,833,1043,1
486,1040,1393,1085,836,1042,1
486,1040,1393,1085,839,1041,1
486,1040,1393,1085,842,1040,1
486,1040,1393,1085,842,1039,1
486,1040,1393,1085,844,1039,1
486,1040,1393,1085,846,1038,1
486,1040,1393,1085,848,1037,1
486,1040,1393,1085,850,1037,1
486,1040,1393,1085,854,1036,1
486,1040,1393,1085,856,1036,1
486,1040,1393,1085,859,1035,1
486,1040,1393,1085,860,1035,1
486,1040,1393,1085,861,1035,1
486,1040,1393,1085,865,1035,1
486,1040,1393,1085,868,1036,1
486,1040,1393,1085,871,1036,1
486,1040,1393,1085,879,1037,1
486,1040,1393,1085,883,1038,1
486,1040,1393,1085,888,1039,1
486,1040,1393,1085,898,1042,1
486,1040,1393,1085,903,1043,1
486,1040,1393,1085,911,1045,1
486,1040,1393,1085,916,1045,1
486,1040,1393,1085,920,1047,1
486,1040,1393,1085,932,1049,1
486,1040,1393,1085,937,1050,1
486,1040,1393,1085,944,1051,1
486,1040,1393,1085,958,1054,1
486,1040,1393,1085,966,1056,1
486,1040,1393,1085,973,1058,1
486,1040,1393,1085,985,1060,1
486,1040,1393,1085,990,1061,1
486,1040,1393,1085,993,1061,1
486,1040,1393,1085,1002,1064,1
486,1040,1393,1085,1007,1065,1
486,1040,1393,1085,1012,1066,1
486,1040,1393,1085,1020,1069,1
486,1040,1393,1085,1023,1070,1
486,1040,1393,1085,1027,1071,1
486,1040,1393,1085,1034,1073,1
486,1040,1393,1085,1036,1074,1
486,1040,1393,1085,1039,1074,1
486,1040,1393,1085,1040,1075,1
486,1040,1393,1085,1040,1075,1
486,1040,1393,1085,1042,1075,1
486,1040,1393,1085,1044,1075,1
486,1040,1393,1085,1046,1075,1
486,1040,1393,1085,1051,1075,1
486,1040,1393,1085,1054,1075,1
486,1040,1393,1085,1059,1076,1
486,1040,1393,1085,1061,1077,1
486,1040,1393,1085,1063,1077,1
486,1040,1393,1085,1068,1078,1
486,1040,1393,1085,1069,1078,1
486,1040,1393,1085,1070,1079,1
486,1040,1393,1085,1071,1079,1
486,1040,1393,1085,1072,1079,1
486,1040,1393,1085,1072,1079,1
486,1040,1393,1085,1073,1079,1
486,1040,1393,1085,1073,1079,1
486,1040,1393,1085,1073,1079,1
486,1040,1393,1085,1078,1080,1
486,1040,1393,1085,1081,1081,1
486,1040,1393,1085,1085,1082,1
486,1040,1393,1085,1093,1084,1
486,1040,1393,1085,1097,1085,1
486,1040,1393,1085,1100,1085,1
486,1040,1393,1085,1104,1086,1
486,1040,1393,1085,1105,1086,1
486,1040,1393,1085,1106,1086,1
486,1040,1393,1085,1106,1086,1
486,1040,1393,1085,1106,1086,1
486,1040,1393,1085,1108,1087,1
486,1040,1393,1085,1109,1087,1
486,1040,1393,1085,1110,1087,1
486,1040,1393,1085,1114,1088,1
486,1040,1393,1085,1116,1088,1
486,1040,1393,1085,1119,1089,1
486,1040,1393,1085,1124,1090,1
486,1040,1393,1085,1127,1090,1
486,1040,1393,1085,1129,1090,1
486,1040,1393,1085,1133,1090,1
486,1040,1393,1085,1134,1090,1
486,1040,1393,1085,1135,1090,1
486,1040,1393,1085,1135,1090,1
486,1040,1393,1085,1136,1090,1
486,1040,1393,1085,1136,1090,1
486,1040,1393,1085,1138,1090,1
486,1040,1393,1085,1138,1089,1
486,1040,1393,1085,1139,1089,1
486,1040,1393,1085,1139,1089,1
486,1040,1393,1085,1139,1089,1
486,1040,1393,1085,1139,1089,1
486,1040,1393,1085,1139,1089,1
486,1040,1393,1085,1139,1089,1
486,1040,1393,1085,1139,1090,1
486,1040,1393,1085,1139,1090,1
486,1040,1393,1085,1139,1090,1
486,1040,1393,1085,1139,1090,1
486,1040,1393,1085,1139,1090,1
486,1040,1393,1085,1139,1090,1
486,1040,1393,1085,1139,1090,1
486,1040,1393,1085,1139,1090,1
486,1040,1393,1085,1139,1090,1
486,1040,1393,1085,1139,1090,1
486,1040,1393,1085,1139,1090,1
486,1040,1393,1085,1139,1090,1
486,1040,1393,1085,1139,1090,1
486,1040,1393,1085,1139,1090,1
486,1040,1393,1085,1139,1090,1
486,1040,1393,1085,1139,1090,1
486,1040,1393,1085,1139,1090,1
486,1040,1393,1085,1139,1090,1
486,1040,1393,1085,1139,1090,1
486,1040,1393,1085,1139,1090,1
486,1040,1393,1085,1139,1090,1
486,1040,1393,1085,1139,1090,1
486,1040,1393,1085,1139,1090,1
486,1040,1393,1085,1139,1090,1
486,1040,1393,1085,1139,1090,1
486,1040,1393,1085,1139,1090,1
486,1040,1393,1085,1139,1090,1
486,1040,1393,1085,1139,1090,1
486,1040,1393,1085,1139,1090,1
486,1040,1393,1085,1139,1090,1
486,1040,1393,1085,1143,1093,1
486,1040,1393,1085,1146,1094,1
486,1040,1393,1085,1148,1096,1
486,1040,1393,1085,1151,1097,1
486,1040,1393,1085,1157,1100,1
486,1040,1393,1085,1159,1102,1
486,1040,1393,1085,1161,1103,1
486,1040,1393,1085,1163,1106,1
486,1040,1393,1085,1163,1106,1
486,1040,1393,1085,1164,1107,1
486,1040,1393,1085,1164,1107,1
486,1040,1393,1085,1164,1107,1
486,1040,1393,1085,1164,1107,1
486,1040,1393,1085,1164,1107,1
486,1040,1393,1085,1165,1108,1
486,1040,1393,1085,1166,1110,1
486,1040,1393,1085,1168,1113,1
486,1040,1393,1085,1169,1114,1
486,1040,1393,1085,1171,1116,1
486,1040,1393,1085,1173,1119,1
486,1040,1393,1085,1174,1120,1
486,1040,1393,1085,1175,1121,1
486,1040,1393,1085,1177,1124,1
486,1040,1393,1085,1179,1125,1
486,1040,1393,1085,1180,1126,1
486,1040,1393,1085,1183,1130,1
486,1040,1393,1085,1186,1132,1
486,1040,1393,1085,1188,1134,1
486,1040,1393,1085,1192,1138,1
486,1040,1393,1085,1194,1139,1
486,1040,1393,1085,1197,1141,1
486,1040,1393,1085,1201,1145,1
486,1040,1393,1085,1203,1146,1
486,1040,1393,1085,1207,1149,1
486,1040,1393,1085,1208,1150,1
486,1040,1393,1085,1208,1151,1
486,1040,1393,1085,1210,1152,1
486,1040,1393,1085,1210,1152,1
486,1040,1393,1085,1210,1152,1
486,1040,1393,1085,1210,1152,1
486,1040,1393,1085,1210,1152,1
486,1040,1393,1085,1210,1152,1
486,1040,1393,1085,1210,1152,1
486,1040,1393,1085,1211,1153,1
486,1040,1393,1085,1214,1155,1
486,1040,1393,1085,1215,1155,1
486,1040,1393,1085,1217,1156,1
486,1040,1393,1085,1221,1158,1
486,1040,1393,1085,1224,1159,1
486,1040,1393,1085,1226,1160,1
486,1040,1393,1085,1230,1162,1
486,1040,1393,1085,1232,1163,1
486,1040,1393,1085,1235,1164,1
486,1040,1393,1085,1239,1165,1
486,1040,1393,1085,1241,1166,1
486,1040,1393,1085,1242,1166,1
486,1040,1393,1085,1245,1167,1
486,1040,1393,1085,1246,1168,1
486,1040,1393,1085,1247,1168,1
486,1040,1393,1085,1251,1169,1
486,1040,1393,1085,1253,1169,1
486,1040,1393,1085,1255,1169,1
486,1040,1393,1085,1259,1170,1
486,1040,1393,1085,1261,1170,1
486,1040,1393,1085,1265,1172,1
486,1040,1393,1085,1267,1173,1
486,1040,1393,1085,1270,1173,1
486,1040,1393,1085,1277,1174,1
486,1040,1393,1085,1281,1175,1
486,1040,1393,1085,1286,1175,1
486,1040,1393,1085,1295,1177,1
486,1040,1393,1085,1298,1177,1
486,1040,1393,1085,1301,1177,1
486,1040,1393,1085,1306,1177,1
486,1040,1393,1085,1308,1177,1
486,1040,1393,1085,1310,1177,1
486,1040,1393,1085,1315,1177,1
486,1040,1393,1085,1317,1177,1
486,1040,1393,1085,1321,1177,1
486,1040,1393,1085,1327,1177,1
486,1040,1393,1085,1329,1177,1
486,1040,1393,1085,1332,1177,1
486,1040,1393,1085,1336,1177,1
486,1040,1393,1085,1338,1177,1
486,1040,1393,1085,1342,1177,1
486,1040,1393,1085,1345,1176,1
486,1040,1393,1085,1348,1176,1
486,1040,1393,1085,1355,1176,1
486,1040,1393,1085,1360,1175,1
486,1040,1393,1085,1364,1175,1
486,1040,1393,1085,1371,1175,1
486,1040,1393,1085,1374,1175,1
486,1040,1393,1085,1377,1175,1
486,1040,1393,1085,1382,1175,1
486,1040,1393,1085,1385,1175,1
486,1040,1393,1085,1387,1175,1
486,1040,1393,1085,1392,1175,1
486,1040,1393,1085,1395,1175,1
486,1040,1393,1085,1403,1175,1
486,1040,1393,1085,1406,1175,1
486,1040,1393,1085,1408,1175,1
486,1040,1393,1085,1412,1175,1
486,1040,1393,1085,1414,1175,1
486,1040,1393,1085,1417,1176,1
486,1040,1393,1085,1424,1176,1
486,1040,1393,1085,1428,1176,1
486,1040,1393,1085,1432,1176,1
486,1040,1393,1085,1441,1177,1
486,1040,1393,1085,1445,1177,1
486,1040,1393,1085,1448,1178,1
486,1040,1393,1085,1451,1178,1
486,1040,1393,1085,1453,1178,1
486,1040,1393,1085,1457,1179,1
486,1040,1393,1085,1460,1179,1
486,1040,1393,1085,1466,1180,1
486,1040,1393,1085,1468,1181,1
486,1040,1393,1085,1470,1181,1
486,1040,1393,1085,1475,1182,1
486,1040,1393,1085,1477,1182,1
486,1040,1393,1085,1481,1182,1
486,1040,1393,1085,1483,1182,1
486,1040,1393,1085,1486,1182,1
486,1040,1393,1085,1491,1183,1
486,1040,1393,1085,1494,1183,1
486,1040,1393,1085,1502,1183,1
486,1040,1393,1085,1505,1184,1
486,1040,1393,1085,1510,1184,1
486,1040,1393,1085,1518,1185,1
486,1040,1393,1085,1521,1185,1
486,1040,1393,1085,1523,1185,1
486,1040,1393,1085,1528,1185,1
486,1040,1393,1085,1531,1185,1
486,1040,1393,1085,1535,1185,1
486,1040,1393,1085,1542,1185,1
486,1040,1393,1085,1545,1185,1
486,1040,1393,1085,1547,1185,1
486,1040,1393,1085,1550,1185,1
486,1040,1393,1085,1551,1184,1
486,1040,1393,1085,1553,1185,1
486,1040,1393,1085,1554,1184,1
486,1040,1393,1085,1556,1184,1
486,1040,1393,1085,1561,1184,1
486,1040,1393,1085,1563,1184,1
486,1040,1393,1085,1565,1184,1
486,1040,1393,1085,1569,1184,1
486,1040,1393,1085,1571,1184,1
486,1040,1393,1085,1573,1184,1
486,1040,1393,1085,1577,1184,1
486,1040,1393,1085,1578,1184,1
486,1040,1393,1085,1581,1184,1
486,1040,1393,1085,1583,1184,1
486,1040,1393,1085,1584,1184,1
486,1040,1393,1085,1588,1183,1
486,1040,1393,1085,1590,1183,1
486,1040,1393,1085,1591,1183,1
486,1040,1393,1085,1595,1183,1
486,1040,1393,1085,1598,1183,1
486,1040,1393,1085,1601,1183,1
486,1040,1393,1085,1607,1183,1
486,1040,1393,1085,1609,1183,1
486,1040,1393,1085,1611,1183,1
486,1040,1393,1085,1612,1183,1
486,1040,1393,1085,1612,1183,1
486,1040,1393,1085,1612,1183,1
486,1040,1393,1085,1612,1183,1
486,1040,1393,1085,1612,1183,1
486,1040,1393,1085,1612,1183,1
486,1040,1393,1085,1612,1183,1
486,1040,1393,1085,1612,1183,1
486,1040,1393,1085,1613,1183,1
486,1040,1393,1085,1613,1183,1
486,1040,1393,1085,1613,1183,1
486,1040,1393,1085,1613,1183,1
486,1040,1393,1085,1613,1183,1
486,1040,1393,1085,1613,1183,1
486,1040,1393,1085,1613,1183,1
486,1040,1393,1085,1613,1183,1
486,1040,1393,1085,1613,1183,1
486,1040,1393,1085,1613,1183,1
486,1040,1393,1085,1613,1183,1
486,1040,1393,1085,1613,1183,1
486,1040,1393,1085,1613,1183,1
486,1040,1393,1085,1613,1183,1
486,1040,1393,1085,1613,1183,0
486,1040,1393,1085,1613,1183,0
486,1040,1393,1085,1613,1183,0
486,1040,1393,1085,1613,1183,0
486,1040,1393,1085,1613,1183,0
486,1040,1393,1085,1613,1183,0
486,1040,1393,1085,1613,1183,0
486,1040,1393,1085,1613,1183,0
486,1040,1393,1085,1613,1183,0
486,1040,1393,1085,1613,1183,0
486,1040,1393,1085,1613,1183,0
486,1040,1393,1085,1613,1183,0
486,1040,1393,1085,1613,1183,0
486,1040,1393,1085,1613,1183,0
486,1040,1393,1085,1613,1183,0
486,1040,1393,1085,1613,1183,0
486,1040,1393,1085,1613,1183,0
486,1040,1393,1085,1613,1183,0
486,1040,1393,1085,1613,1183,0
486,1040,1393,1085,1613,1184,0
486,1040,1393,1085,1613,1184,0
486,1040,1393,1085,1613,1184,0
486,1040,1393,1085,1613,1184,0
486,1040,1393,1085,1613,1184,0
486,1040,1393,1085,1613,1183,0
486,1040,1393,1085,1613,1183,0
486,1040,1393,1085,1613,1183,0
486,1040,1393,1085,1612,1179,0
486,1040,1393,1085,1611,1174,0
486,1040,1393,1085,1610,1172,0
486,1040,1393,1085,1609,1170,0
486,1040,1393,1085,1606,1164,0
486,1040,1393,1085,1605,1162,0
486,1040,1393,1085,1604,1158,0
486,1040,1393,1085,1603,1157,0
486,1040,1393,1085,1603,1155,0
486,1040,1393,1085,1602,1152,0
486,1040,1393,1085,1602,1151,0
486,1040,1393,1085,1601,1149,0
486,1040,1393,1085,1600,1146,0
486,1040,1393,1085,1599,1144,0
486,1040,1393,1085,1598,1141,0
486,1040,1393,1085,1596,1138,0
486,1040,1393,1085,1595,1135,0
486,1040,1393,1085,1593,1132,0
486,1040,1393,1085,1593,1130,0
486,1040,1393,1085,1591,1129,0
486,1040,1393,1085,1590,1127,0
486,1040,1393,1085,1587,1123,0
486,1040,1393,1085,1586,1121,0
486,1040,1393,1085,1585,1119,0
486,1040,1393,1085,1582,1115,0
486,1040,1393,1085,1581,1112,0
486,1040,1393,1085,1579,1108,0
486,1040,1393,1085,1578,1106,0
486,1040,1393,1085,1577,1104,0
486,1040,1393,1085,1576,1101,0
486,1040,1393,1085,1576,1099,0
486,1040,1393,1085,1576,1097,0
486,1040,1393,1085,1575,1092,0
486,1040,1393,1085,1575,1090,0
486,1040,1393,1085,1575,1087,0
486,1040,1393,1085,1575,1082,0
486,1040,1393,1085,1575,1079,0
486,1040,1393,1085,1575,1072,0
486,1040,1393,1085,1575,1069,0
486,1040,1393,1085,1575,1066,0
486,1040,1393,1085,1575,1058,0
486,1040,1393,1085,1574,1054,0
486,1040,1393,1085,1574,1050,0
486,1040,1393,1085,1573,1042,0
486,1040,1393,1085,1573,1038,0
486,1040,1393,1085,1573,1034,0
486,1040,1393,1085,1572,1023,0
486,1040,1393,1085,1571,1018,0
486,1040,1393,1085,1568,1011,0
486,1040,1393,1085,1564,999,0
486,1040,1393,1085,1561,994,0
486,1040,1393,1085,1559,986,0
486,1040,1393,1085,1554,977,0
486,1040,1393,1085,1553,973,0
486,1040,1393,1085,1551,966,0
486,1040,1393,1085,1549,964,0
486,1040,1393,1085,1549,960,0
486,1040,1393,1085,1547,954,0
486,1040,1393,1085,1546,952,0
486,1040,1393,1085,1545,949,0
486,1040,1393,1085,1542,942,0
486,1040,1393,1085,1541,940,0
486,1040,1393,1085,1539,937,0
486,1040,1393,1085,1537,932,0
486,1040,1393,1085,1536,930,0
486,1040,1393,1085,1534,928,0
486,1040,1393,1085,1534,926,0
486,1040,1393,1085,1533,925,0
486,1040,1393,1085,1531,922,0
486,1040,1393,1085,1530,920,0
486,1040,1393,1085,1528,917,0
486,1040,1393,1085,1525,911,0
486,1040,1393,1085,1523,907,0
486,1040,1393,1085,1520,903,0
486,1040,1393,1085,1516,897,0
486,1040,1393,1085,1515,895,0
486,1040,1393,1085,1513,892,0
486,1040,1393,1085,1510,887,0
486,1040,1393,1085,1508,885,0
486,1040,1393,1085,1506,882,0
486,1040,1393,1085,1499,871,0
486,1040,1393,1085,1497,867,0
486,1040,1393,1085,1494,864,0
486,1040,1393,1085,1492,860,0
486,1040,1393,1085,1488,854,0
486,1040,1393,1085,1486,851,0
486,1040,1393,1085,1482,844,0
486,1040,1393,1085,1480,841,0
486,1040,1393,1085,1478,838,0
486,1040,1393,1085,1475,833,0
486,1040,1393,1085,1474,831,0
486,1040,1393,1085,1473,828,0
486,1040,1393,1085,1470,821,0
486,1040,1393,1085,1468,818,0
486,1040,1393,1085,1464,813,0
486,1040,1393,1085,1464,812,0
486,1040,1393,1085,1462,810,0
486,1040,1393,1085,1459,805,0
486,1040,1393,1085,1457,802,0
486,1040,1393,1085,1456,800,0
486,1040,1393,1085,1454,795,0
486,1040,1393,1085,1453,791,0
486,1040,1393,1085,1451,788,0
486,1040,1393,1085,1447,781,0
486,1040,1393,1085,1445,777,0
486,1040,1393,1085,1444,773,0
486,1040,1393,1085,1442,768,0
486,1040,1393,1085,1441,765,0
486,1040,1393,1085,1440,759,0
486,1040,1393,1085,1439,756,0
486,1040,1393,1085,1438,753,0
486,1040,1393,1085,1435,745,0
486,1040,1393,1085,1433,740,0
486,1040,1393,1085,1431,735,0
486,1040,1393,1085,1424,722,0
486,1040,1393,1085,1421,718,0
486,1040,1393,1085,1418,713,0
486,1040,1393,1085,1412,704,0
486,1040,1393,1085,1410,700,0
486,1040,1393,1085,1405,693,0
486,1040,1393,1085,1403,690,0
486,1040,1393,1085,1399,685,0
486,1040,1393,1085,1395,681,0
486,1040,1393,1085,1387,673,0
486,1040,1393,1085,1383,669,0
486,1040,1393,1085,1376,661,0
486,1040,1393,1085,1373,658,0
486,1040,1393,1085,1368,654,0
486,1040,1393,1085,1360,647,0
486,1040,1393,1085,1356,644,0
486,1040,1393,1085,1352,640,0
486,1040,1393,1085,1347,637,0
486,1040,1393,1085,1346,636,0
486,1040,1393,1085,1344,634,0
486,1040,1393,1085,1343,634,0
486,1040,1393,1085,1341,632,0
486,1040,1393,1085,1338,630,0
486,1040,1393,1085,1337,629,0
486,1040,1393,1085,1335,628,0
486,1040,1393,1085,1329,626,0
486,1040,1393,1085,1326,625,0
486,1040,1393,1085,1320,625,0
486,1040,1393,1085,1317,624,0
486,1040,1393,1085,1314,624,0
486,1040,1393,1085,1308,624,0
486,1040,1393,1085,1305,624,0
486,1040,1393,1085,1302,624,0
486,1040,1393,1085,1297,624,0
486,1040,1393,1085,1295,624,0
486,1040,1393,1085,1293,624,0
486,1040,1393,1085,1289,624,0
486,1040,1393,1085,1281,624,0
486,1040,1393,1085,1277,623,0
486,1040,1393,1085,1269,621,0
486,1040,1393,1085,1265,621,0
486,1040,1393,1085,1261,620,0
486,1040,1393,1085,1254,617,0
486,1040,1393,1085,1251,616,0
486,1040,1393,1085,1248,615,0
486,1040,1393,1085,1244,613,0
486,1040,1393,1085,1242,612,0
486,1040,1393,1085,1238,609,0
486,1040,1393,1085,1235,607,0
486,1040,1393,1085,1232,606,0
486,1040,1393,1085,1226,601,0
486,1040,1393,1085,1223,599,0
486,1040,1393,1085,1220,597,0
486,1040,1393,1085,1214,593,0
486,1040,1393,1085,1212,591,0
486,1040,1393,1085,1210,589,0
486,1040,1393,1085,1206,586,0
486,1040,1393,1085,1204,584,0
486,1040,1393,1085,1198,579,0
486,1040,1393,1085,1196,578,0
486,1040,1393,1085,1194,576,0
486,1040,1393,1085,1192,574,0
486,1040,1393,1085,1189,571,0
486,1040,1393,1085,1188,569,0
486,1040,1393,1085,1187,567,0
486,1040,1393,1085,1186,566,0
486,1040,1393,1085,1186,565,0
486,1040,1393,1085,1185,563,0
486,1040,1393,1085,1185,563,0
486,1040,1393,1085,1185,562,0
486,1040,1393,1085,1185,558,0
486,1040,1393,1085,1185,556,0
486,1040,1393,1085,1185,554,0
486,1040,1393,1085,1185,548,0
486,1040,1393,1085,1184,545,0
486,1040,1393,1085,1183,541,0
486,1040,1393,1085,1181,535,0
486,1040,1393,1085,1179,532,0
486,1040,1393,1085,1176,527,0
486,1040,1393,1085,1175,525,0
486,1040,1393,1085,1174,522,0
486,1040,1393,1085,1171,518,0
486,1040,1393,1085,1170,515,0
486,1040,1393,1085,1168,511,0
486,1040,1393,1085,1164,504,0
486,1040,1393,1085,1163,500,0
486,1040,1393,1085,1161,495,0
486,1040,1393,1085,1160,492,0
486,1040,1393,1085,1159,491,0
486,1040,1393,1085,1158,487,0
486,1040,1393,1085,1158,486,0
486,1040,1393,1085,1157,485,0
486,1040,1393,1085,1156,482,0
486,1040,1393,1085,1154,478,0
486,1040,1393,1085,1154,475,0
486,1040,1393,1085,1152,471,0
486,1040,1393,1085,1151,468,0
486,1040,1393,1085,1150,466,0
486,1040,1393,1085,1149,461,0
486,1040,1393,1085,1148,459,0
486,1040,1393,1085,1147,456,0
486,1040,1393,1085,1145,451,0
486,1040,1393,1085,1144,449,0
486,1040,1393,1085,1143,446,0
486,1040,1393,1085,1141,442,0
486,1040,1393,1085,1140,439,0
486,1040,1393,1085,1138,435,0
486,1040,1393,1085,1137,433,0
486,1040,1393,1085,1135,431,0
486,1040,1393,1085,1133,427,0
486,1040,1393,1085,1131,425,0
486,1040,1393,1085,1130,423,0
486,1040,1393,1085,1128,421,0
486,1040,1393,1085,1126,419,0
486,1040,1393,1085,1124,417,0
486,1040,1393,1085,1123,416,0
486,1040,1393,1085,1122,414,0
486,1040,1393,1085,1118,411,0
486,1040,1393,1085,1116,410,0
486,1040,1393,1085,1114,408,0
486,1040,1393,1085,1112,406,0
486,1040,1393,1085,1109,404,0
486,1040,1393,1085,1107,403,0
486,1040,1393,1085,1105,401,0
486,1040,1393,1085,1103,400,0
486,1040,1393,1085,1102,399,0
486,1040,1393,1085,1100,398,0
486,1040,1393,1085,1099,397,0
486,1040,1393,1085,1098,396,0
486,1040,1393,1085,1096,395,0
486,1040,1393,1085,1095,394,0
486,1040,1393,1085,1093,393,0
486,1040,1393,1085,1091,392,0
486,1040,1393,1085,1090,391,0
486,1040,1393,1085,1087,389,0
486,1040,1393,1085,1086,388,0
486,1040,1393,1085,1085,387,0
486,1040,1393,1085,1082,385,0
486,1040,1393,1085,1081,384,0
486,1040,1393,1085,1080,384,0
486,1040,1393,1085,1078,382,0
486,1040,1393,1085,1076,381,0
486,1040,1393,1085,1075,380,0
486,1040,1393,1085,1072,377,0
486,1040,1393,1085,1071,376,0
486,1040,1393,1085,1069,375,0
486,1040,1393,1085,1068,374,0
486,1040,1393,1085,1068,374,0
486,1040,1393,1085,1066,372,0
486,1040,1393,1085,1065,372,0
486,1040,1393,1085,1065,372,0
486,1040,1393,1085,1065,372,0
486,1040,1393,1085,1065,371,0
486,1040,1393,1085,1065,371,0
486,1040,1393,1085,1065,371,0
