486,1040,1393,1085,877,375,0
486,1040,1393,1085,877,375,0
486,1040,1393,1085,877,375,0
486,1040,1393,1085,877,375,0
486,1040,1393,1085,877,375,0
486,1040,1393,1085,877,375,0
486,1040,1393,1085,877,375,0
486,1040,1393,1085,877,375,0
486,1040,1393,1085,877,375,0
486,1040,1393,1085,877,375,0
486,1040,1393,1085,877,375,0
486,1040,1393,1085,877,375,0
486,1040,1393,1085,877,375,0
486,1040,1393,1085,877,375,0
486,1040,1393,1085,877,375,0
486,1040,1393,1085,876,376,0
486,1040,1393,1085,874,377,0
486,1040,1393,1085,870,381,0
486,1040,1393,1085,869,383,0
486,1040,1393,1085,869,385,0
486,1040,1393,1085,867,389,0
486,1040,1393,1085,866,391,0
486,1040,1393,1085,865,393,0
486,1040,1393,1085,862,398,0
486,1040,1393,1085,861,401,0
486,1040,1393,1085,858,404,0
486,1040,1393,1085,854,410,0
486,1040,1393,1085,853,413,0
486,1040,1393,1085,852,416,0
486,1040,1393,1085,851,417,0
486,1040,1393,1085,851,418,0
486,1040,1393,1085,849,421,0
486,1040,1393,1085,847,424,0
486,1040,1393,1085,846,426,0
486,1040,1393,1085,843,430,0
486,1040,1393,1085,841,432,0
486,1040,1393,1085,840,435,0
486,1040,1393,1085,837,440,0
486,1040,1393,1085,835,443,0
486,1040,1393,1085,832,449,0
486,1040,1393,1085,830,452,0
486,1040,1393,1085,828,455,0
486,1040,1393,1085,826,458,0
486,1040,1393,1085,822,464,0
486,1040,1393,1085,820,467,0
486,1040,1393,1085,816,474,0
486,1040,1393,1085,814,478,0
486,1040,1393,1085,812,480,0
486,1040,1393,1085,808,486,0
486,1040,1393,1085,807,488,0
486,1040,1393,1085,806,491,0
486,1040,1393,1085,803,497,0
486,1040,1393,1085,802,499,0
486,1040,1393,1085,799,504,0
486,1040,1393,1085,798,506,0
486,1040,1393,1085,797,508,0
486,1040,1393,1085,794,513,0
486,1040,1393,1085,794,515,0
486,1040,1393,1085,793,517,0
486,1040,1393,1085,790,522,0
486,1040,1393,1085,789,525,0
486,1040,1393,1085,786,530,0
486,1040,1393,1085,784,533,0
486,1040,1393,1085,782,536,0
486,1040,1393,1085,778,542,0
486,1040,1393,1085,775,546,0
486,1040,1393,1085,773,550,0
486,1040,1393,1085,770,554,0
486,1040,1393,1085,764,563,0
486,1040,1393,1085,761,567,0
486,1040,1393,1085,754,576,0
486,1040,1393,1085,751,580,0
486,1040,1393,1085,748,585,0
486,1040,1393,1085,742,594,0
486,1040,1393,1085,739,599,0
486,1040,1393,1085,737,603,0
486,1040,1393,1085,732,610,0
486,1040,1393,1085,731,614,0
486,1040,1393,1085,728,620,0
486,1040,1393,1085,725,624,0
486,1040,1393,1085,724,627,0
486,1040,1393,1085,720,634,0
486,1040,1393,1085,718,637,0
486,1040,1393,1085,716,640,0
486,1040,1393,1085,714,644,0
486,1040,1393,1085,712,646,0
486,1040,1393,1085,711,648,0
486,1040,1393,1085,710,651,0
486,1040,1393,1085,709,653,0
486,1040,1393,1085,706,657,0
486,1040,1393,1085,704,660,0
486,1040,1393,1085,702,663,0
486,1040,1393,1085,699,668,0
486,1040,1393,1085,697,671,0
486,1040,1393,1085,695,674,0
486,1040,1393,1085,692,680,0
486,1040,1393,1085,690,682,0
486,1040,1393,1085,688,685,0
486,1040,1393,1085,685,689,0
486,1040,1393,1085,684,691,0
486,1040,1393,1085,682,694,0
486,1040,1393,1085,678,699,0
486,1040,1393,1085,676,702,0
486,1040,1393,1085,674,704,0
486,1040,1393,1085,671,710,0
486,1040,1393,1085,669,712,0
486,1040,1393,1085,667,717,0
486,1040,1393,1085,665,719,0
486,1040,1393,1085,664,721,0
486,1040,1393,1085,661,726,0
486,1040,1393,1085,659,729,0
486,1040,1393,1085,657,732,0
486,1040,1393,1085,653,738,0
486,1040,1393,1085,651,741,0
486,1040,1393,1085,648,747,0
486,1040,1393,1085,647,750,0
486,1040,1393,1085,646,753,0
486,1040,1393,1085,645,756,0
486,1040,1393,1085,644,761,0
486,1040,1393,1085,643,764,0
486,1040,1393,1085,640,769,0
486,1040,1393,1085,639,772,0
486,1040,1393,1085,638,774,0
486,1040,1393,1085,636,779,0
486,1040,1393,1085,636,782,0
486,1040,1393,1085,636,784,0
486,1040,1393,1085,635,789,0
486,1040,1393,1085,634,792,0
486,1040,1393,1085,634,797,0
486,1040,1393,1085,634,800,0
486,1040,1393,1085,634,803,0
486,1040,1393,1085,634,808,0
486,1040,1393,1085,634,811,0
486,1040,1393,1085,634,814,0
486,1040,1393,1085,632,821,0
486,1040,1393,1085,630,825,0
486,1040,1393,1085,628,835,0
486,1040,1393,1085,627,840,0
486,1040,1393,1085,626,847,0
486,1040,1393,1085,625,856,0
486,1040,1393,1085,625,862,0
486,1040,1393,1085,623,869,0
486,1040,1393,1085,621,872,0
486,1040,1393,1085,616,879,0
486,1040,1393,1085,614,881,0
486,1040,1393,1085,612,883,0
486,1040,1393,1085,609,887,0
486,1040,1393,1085,608,888,0
486,1040,1393,1085,607,890,0
486,1040,1393,1085,606,892,0
486,1040,1393,1085,605,894,0
486,1040,1393,1085,603,897,0
486,1040,1393,1085,601,899,0
486,1040,1393,1085,600,902,0
486,1040,1393,1085,597,907,0
486,1040,1393,1085,595,909,0
486,1040,1393,1085,594,912,0
486,1040,1393,1085,594,913,0
486,1040,1393,1085,594,914,0
486,1040,1393,1085,592,916,0
486,1040,1393,1085,591,918,0
486,1040,1393,1085,590,920,0
486,1040,1393,1085,588,924,0
486,1040,1393,1085,587,926,0
486,1040,1393,1085,584,931,0
486,1040,1393,1085,582,934,0
486,1040,1393,1085,580,937,0
486,1040,1393,1085,577,943,0
486,1040,1393,1085,577,946,0
486,1040,1393,1085,577,947,0
486,1040,1393,1085,576,950,0
486,1040,1393,1085,576,951,0
486,1040,1393,1085,576,952,0
486,1040,1393,1085,576,955,0
486,1040,1393,1085,576,957,0
486,1040,1393,1085,575,963,0
486,1040,1393,1085,573,967,0
486,1040,1393,1085,571,971,0
486,1040,1393,1085,565,979,0
486,1040,1393,1085,561,984,0
486,1040,1393,1085,559,988,0
486,1040,1393,1085,554,992,0
486,1040,1393,1085,552,995,0
486,1040,1393,1085,546,1001,0
486,1040,1393,1085,543,1004,0
486,1040,1393,1085,540,1008,0
486,1040,1393,1085,533,1016,0
486,1040,1393,1085,531,1018,0
486,1040,1393,1085,529,1020,0
486,1040,1393,1085,525,1023,0
486,1040,1393,1085,524,1024,0
486,1040,1393,1085,522,1027,0
486,1040,1393,1085,520,1029,0
486,1040,1393,1085,518,1031,0
486,1040,1393,1085,516,1033,0
486,1040,1393,1085,512,1038,0
486,1040,1393,1085,510,1041,0
486,1040,1393,1085,508,1045,0
486,1040,1393,1085,507,1046,0
486,1040,1393,1085,506,1047,0
486,1040,1393,1085,506,1049,0
486,1040,1393,1085,505,1050,0
486,1040,1393,1085,504,1051,0
486,1040,1393,1085,501,1054,0
486,1040,1393,1085,500,1056,0
486,1040,1393,1085,497,1059,0
486,1040,1393,1085,496,1060,0
486,1040,1393,1085,496,1060,0
486,1040,1393,1085,495,1061,0
486,1040,1393,1085,495,1062,0
486,1040,1393,1085,494,1064,0
486,1040,1393,1085,492,1066,0
486,1040,1393,1085,489,1070,0
486,1040,1393,1085,486,1074,0
486,1040,1393,1085,485,1075,0
486,1040,1393,1085,484,1076,0
486,1040,1393,1085,482,1077,0
486,1040,1393,1085,481,1078,0
486,1040,1393,1085,480,1079,0
486,1040,1393,1085,479,1081,0
486,1040,1393,1085,478,1084,0
486,1040,1393,1085,477,1085,0
486,1040,1393,1085,476,1086,0
486,1040,1393,1085,474,1089,0
486,1040,1393,1085,473,1091,0
486,1040,1393,1085,471,1094,0
486,1040,1393,1085,470,1096,0
486,1040,1393,1085,469,1098,0
486,1040,1393,1085,466,1103,0
486,1040,1393,1085,464,1105,0
486,1040,1393,1085,461,1108,0
486,1040,1393,1085,456,1114,0
486,1040,1393,1085,454,1117,0
486,1040,1393,1085,453,1120,0
486,1040,1393,1085,452,1121,0
486,1040,1393,1085,451,1122,0
486,1040,1393,1085,450,1124,0
486,1040,1393,1085,449,1125,0
486,1040,1393,1085,449,1127,0
486,1040,1393,1085,448,1128,0
486,1040,1393,1085,448,1129,0
486,1040,1393,1085,448,1131,0
486,1040,1393,1085,448,1131,0
486,1040,1393,1085,448,1133,0
486,1040,1393,1085,448,1136,0
486,1040,1393,1085,448,1137,0
486,1040,1393,1085,448,1139,0
486,1040,1393,1085,448,1140,0
486,1040,1393,1085,448,1143,0
486,1040,1393,1085,448,1144,0
486,1040,1393,1085,448,1145,0
486,1040,1393,1085,448,1146,0
486,1040,1393,1085,448,1146,0
486,1040,1393,1085,448,1147,0
486,1040,1393,1085,448,1148,0
486,1040,1393,1085,448,1150,0
486,1040,1393,1085,447,1152,0
486,1040,1393,1085,446,1153,0
486,1040,1393,1085,446,1155,0
486,1040,1393,1085,445,1155,0
486,1040,1393,1085,445,1156,0
486,1040,1393,1085,445,1157,0
486,1040,1393,1085,444,1158,0
486,1040,1393,1085,443,1159,0
486,1040,1393,1085,442,1161,0
486,1040,1393,1085,441,1162,0
486,1040,1393,1085,441,1163,0
486,1040,1393,1085,441,1163,0
486,1040,1393,1085,441,1163,0
486,1040,1393,1085,441,1163,0
486,1040,1393,1085,441,1163,0
486,1040,1393,1085,441,1163,0
486,1040,1393,1085,441,1163,0
486,1040,1393,1085,441,1163,0
486,1040,1393,1085,441,1163,0
486,1040,1393,1085,441,1163,0
486,1040,1393,1085,441,1163,0
486,1040,1393,1085,441,1163,0
486,1040,1393,1085,441,1163,0
486,1040,1393,1085,441,1163,0
486,1040,1393,1085,440,1163,0
486,1040,1393,1085,440,1163,0
486,1040,1393,1085,440,1164,0
486,1040,1393,1085,438,1164,0
486,1040,1393,1085,438,1164,0
486,1040,1393,1085,437,1165,0
486,1040,1393,1085,437,1165,0
486,1040,1393,1085,437,1165,0
486,1040,1393,1085,436,1165,0
486,1040,1393,1085,434,1165,0
486,1040,1393,1085,432,1165,0
486,1040,1393,1085,428,1166,0
486,1040,1393,1085,428,1166,0
486,1040,1393,1085,428,1166,0
486,1040,1393,1085,428,1166,0
486,1040,1393,1085,428,1166,0
486,1040,1393,1085,428,1166,0
486,1040,1393,1085,428,1166,1
486,1040,1393,1085,428,1166,1
486,1040,1393,1085,428,1166,1
486,1040,1393,1085,428,1166,1
486,1040,1393,1085,428,1166,1
486,1040,1393,1085,428,1166,1
486,1040,1393,1085,428,1166,1
486,1040,1393,1085,428,1166,1
486,1040,1393,1085,428,1166,1
486,1040,1393,1085,428,1166,1
486,1040,1393,1085,428,1166,1
486,1040,1393,1085,428,1166,1
486,1040,1393,1085,428,1166,1
486,1040,1393,1085,428,1166,1
486,1040,1393,1085,428,1166,1
486,1040,1393,1085,428,1166,1
486,1040,1393,1085,428,1166,1
486,1040,1393,1085,428,1166,1
486,1040,1393,1085,428,1166,1
486,1040,1393,1085,429,1166,1
486,1040,1393,1085,431,1166,1
486,1040,1393,1085,433,1166,1
486,1040,1393,1085,436,1166,1
486,1040,1393,1085,441,1165,1
486,1040,1393,1085,445,1164,1
486,1040,1393,1085,449,1163,1
486,1040,1393,1085,456,1162,1
486,1040,1393,1085,460,1161,1
486,1040,1393,1085,464,1161,1
486,1040,1393,1085,474,1160,1
486,1040,1393,1085,479,1160,1
486,1040,1393,1085,487,1159,1
486,1040,1393,1085,490,1159,1
486,1040,1393,1085,493,1158,1
486,1040,1393,1085,498,1157,1
486,1040,1393,1085,500,1157,1
486,1040,1393,1085,505,1155,1
486,1040,1393,1085,508,1155,1
486,1040,1393,1085,510,1154,1
486,1040,1393,1085,515,1152,1
486,1040,1393,1085,518,1151,1
486,1040,1393,1085,521,1150,1
486,1040,1393,1085,529,1147,1
486,1040,1393,1085,533,1146,1
486,1040,1393,1085,541,1144,1
486,1040,1393,1085,544,1143,1
486,1040,1393,1085,546,1142,1
486,1040,1393,1085,551,1140,1
486,1040,1393,1085,553,1140,1
486,1040,1393,1085,555,1139,1
486,1040,1393,1085,560,1137,1
486,1040,1393,1085,563,1136,1
486,1040,1393,1085,567,1135,1
486,1040,1393,1085,573,1132,1
486,1040,1393,1085,576,1131,1
486,1040,1393,1085,584,1128,1
486,1040,1393,1085,587,1126,1
486,1040,1393,1085,591,1125,1
486,1040,1393,1085,598,1122,1
486,1040,1393,1085,602,1121,1
486,1040,1393,1085,608,1119,1
486,1040,1393,1085,610,1117,1
486,1040,1393,1085,614,1116,1
486,1040,1393,1085,618,1115,1
486,1040,1393,1085,620,1114,1
486,1040,1393,1085,622,1114,1
486,1040,1393,1085,628,1112,1
486,1040,1393,1085,631,1111,1
486,1040,1393,1085,638,1109,1
486,1040,1393,1085,642,1108,1
486,1040,1393,1085,645,1107,1
486,1040,1393,1085,652,1105,1
486,1040,1393,1085,656,1104,1
486,1040,1393,1085,659,1103,1
486,1040,1393,1085,666,1103,1
486,1040,1393,1085,669,1102,1
486,1040,1393,1085,672,1101,1
486,1040,1393,1085,677,1100,1
486,1040,1393,1085,680,1100,1
486,1040,1393,1085,688,1099,1
486,1040,1393,1085,693,1098,1
486,1040,1393,1085,699,1097,1
486,1040,1393,1085,710,1096,1
486,1040,1393,1085,716,1095,1
486,1040,1393,1085,720,1095,1
486,1040,1393,1085,730,1093,1
486,1040,1393,1085,733,1093,1
486,1040,1393,1085,738,1092,1
486,1040,1393,1085,748,1091,1
486,1040,1393,1085,753,1089,1
486,1040,1393,1085,763,1088,1
486,1040,1393,1085,768,1088,1
486,1040,1393,1085,779,1085,1
486,1040,1393,1085,783,1085,1
486,1040,1393,1085,788,1084,1
486,1040,1393,1085,796,1081,1
486,1040,1393,1085,799,1081,1
486,1040,1393,1085,802,1080,1
486,1040,1393,1085,808,1079,1
486,1040,1393,1085,813,1078,1
486,1040,1393,1085,817,1078,1
486,1040,1393,1085,825,1077,1
486,1040,1393,1085,829,1077,1
486,1040,1393,1085,832,1076,1
486,1040,1393,1085,837,1076,1
486,1040,1393,1085,839,1076,1
486,1040,1393,1085,843,1076,1
486,1040,1393,1085,844,1076,1
486,1040,1393,1085,850,1076,1
486,1040,1393,1085,853,1076,1
486,1040,1393,1085,860,1077,1
486,1040,1393,1085,864,1077,1
486,1040,1393,1085,872,1077,1
486,1040,1393,1085,876,1077,1
486,1040,1393,1085,880,1077,1
486,1040,1393,1085,887,1078,1
486,1040,1393,1085,890,1078,1
486,1040,1393,1085,895,1079,1
486,1040,1393,1085,898,1079,1
486,1040,1393,1085,901,1079,1
486,1040,1393,1085,908,1080,1
486,1040,1393,1085,911,1080,1
486,1040,1393,1085,914,1080,1
486,1040,1393,1085,918,1080,1
486,1040,1393,1085,920,1080,1
486,1040,1393,1085,923,1080,1
486,1040,1393,1085,931,1080,1
486,1040,1393,1085,936,1080,1
486,1040,1393,1085,941,1080,1
486,1040,1393,1085,954,1080,1
486,1040,1393,1085,960,1080,1
486,1040,1393,1085,972,1080,1
486,1040,1393,1085,979,1081,1
486,1040,1393,1085,985,1081,1
486,1040,1393,1085,998,1081,1
486,1040,1393,1085,1004,1081,1
486,1040,1393,1085,1020,1081,1
486,1040,1393,1085,1029,1081,1
486,1040,1393,1085,1037,1081,1
486,1040,1393,1085,1052,1081,1
486,1040,1393,1085,1057,1081,1
486,1040,1393,1085,1061,1081,1
486,1040,1393,1085,1069,1081,1
486,1040,1393,1085,1071,1081,1
486,1040,1393,1085,1076,1081,1
486,1040,1393,1085,1080,1081,1
486,1040,1393,1085,1083,1081,1
486,1040,1393,1085,1087,1079,1
486,1040,1393,1085,1088,1078,1
486,1040,1393,1085,1089,1077,1
486,1040,1393,1085,1092,1074,1
486,1040,1393,1085,1092,1073,1
486,1040,1393,1085,1094,1071,1
486,1040,1393,1085,1097,1068,1
486,1040,1393,1085,1099,1067,1
486,1040,1393,1085,1103,1066,1
486,1040,1393,1085,1109,1064,1
486,1040,1393,1085,1111,1064,1
486,1040,1393,1085,1114,1063,1
486,1040,1393,1085,1116,1063,1
486,1040,1393,1085,1118,1063,1
486,1040,1393,1085,1123,1062,1
486,1040,1393,1085,1126,1061,1
486,1040,1393,1085,1133,1061,1
486,1040,1393,1085,1136,1060,1
486,1040,1393,1085,1141,1060,1
486,1040,1393,1085,1149,1060,1
486,1040,1393,1085,1153,1060,1
486,1040,1393,1085,1157,1060,1
486,1040,1393,1085,1165,1060,1
486,1040,1393,1085,1172,1060,1
486,1040,1393,1085,1184,1059,1
486,1040,1393,1085,1191,1059,1
486,1040,1393,1085,1196,1058,1
486,1040,1393,1085,1208,1058,1
486,1040,1393,1085,1213,1056,1
486,1040,1393,1085,1217,1056,1
486,1040,1393,1085,1225,1055,1
486,1040,1393,1085,1230,1054,1
486,1040,1393,1085,1239,1054,1
486,1040,1393,1085,1243,1053,1
486,1040,1393,1085,1246,1053,1
486,1040,1393,1085,1250,1053,1
486,1040,1393,1085,1256,1052,1
486,1040,1393,1085,1259,1050,1
486,1040,1393,1085,1268,1050,1
486,1040,1393,1085,1272,1049,1
486,1040,1393,1085,1275,1049,1
486,1040,1393,1085,1281,1049,1
486,1040,1393,1085,1284,1048,1
486,1040,1393,1085,1290,1048,1
486,1040,1393,1085,1294,1048,1
486,1040,1393,1085,1297,1047,1
486,1040,1393,1085,1305,1046,1
486,1040,1393,1085,1309,1046,1
486,1040,1393,1085,1312,1044,1
486,1040,1393,1085,1320,1043,1
486,1040,1393,1085,1324,1042,1
486,1040,1393,1085,1331,1041,1
486,1040,1393,1085,1337,1040,1
486,1040,1393,1085,1341,1039,1
486,1040,1393,1085,1352,1038,1
486,1040,1393,1085,1358,1037,1
486,1040,1393,1085,1365,1036,1
486,1040,1393,1085,1374,1036,1
486,1040,1393,1085,1378,1035,1
486,1040,1393,1085,1380,1035,1
486,1040,1393,1085,1383,1035,1
486,1040,1393,1085,1385,1034,1
486,1040,1393,1085,1387,1034,1
486,1040,1393,1085,1393,1033,1
486,1040,1393,1085,1396,1033,1
486,1040,1393,1085,1403,1032,1
486,1040,1393,1085,1406,1032,1
486,1040,1393,1085,1409,1031,1
486,1040,1393,1085,1414,1030,1
486,1040,1393,1085,1415,1030,1
486,1040,1393,1085,1416,1030,1
486,1040,1393,1085,1417,1030,1
486,1040,1393,1085,1418,1030,1
486,1040,1393,1085,1421,1029,1
486,1040,1393,1085,1422,1029,1
486,1040,1393,1085,1424,1029,1
486,1040,1393,1085,1426,1028,1
486,1040,1393,1085,1426,1028,1
486,1040,1393,1085,1427,1028,1
486,1040,1393,1085,1428,1028,1
486,1040,1393,1085,1429,1027,1
486,1040,1393,1085,1434,1024,1
486,1040,1393,1085,1437,1023,1
486,1040,1393,1085,1440,1021,1
486,1040,1393,1085,1446,1019,1
486,1040,1393,1085,1448,1019,1
486,1040,1393,1085,1451,1018,1
486,1040,1393,1085,1453,1017,1
486,1040,1393,1085,1455,1017,1
486,1040,1393,1085,1457,1016,1
486,1040,1393,1085,1460,1015,1
486,1040,1393,1085,1462,1014,1
486,1040,1393,1085,1465,1013,1
486,1040,1393,1085,1471,1011,1
486,1040,1393,1085,1474,1009,1
486,1040,1393,1085,1481,1006,1
486,1040,1393,1085,1483,1005,1
486,1040,1393,1085,1484,1005,1
486,1040,1393,1085,1486,1004,1
486,1040,1393,1085,1486,1003,1
486,1040,1393,1085,1487,1003,1
486,1040,1393,1085,1489,1002,1
486,1040,1393,1085,1490,1001,1
486,1040,1393,1085,1492,999,1
486,1040,1393,1085,1494,998,1
486,1040,1393,1085,1496,997,1
486,1040,1393,1085,1499,996,1
486,1040,1393,1085,1501,995,1
486,1040,1393,1085,1503,993,1
486,1040,1393,1085,1506,992,1
486,1040,1393,1085,1506,992,1
486,1040,1393,1085,1506,992,1
486,1040,1393,1085,1507,992,1
486,1040,1393,1085,1508,992,1
486,1040,1393,1085,1509,991,1
486,1040,1393,1085,1511,990,1
486,1040,1393,1085,1512,989,1
486,1040,1393,1085,1513,988,1
486,1040,1393,1085,1514,988,1
486,1040,1393,1085,1515,988,1
486,1040,1393,1085,1516,987,1
486,1040,1393,1085,1516,987,1
486,1040,1393,1085,1517,987,1
486,1040,1393,1085,1517,987,1
486,1040,1393,1085,1517,987,1
486,1040,1393,1085,1517,987,1
486,1040,1393,1085,1517,987,1
486,1040,1393,1085,1517,987,1
486,1040,1393,1085,1520,985,1
486,1040,1393,1085,1521,985,1
486,1040,1393,1085,1525,984,1
486,1040,1393,1085,1526,984,1
486,1040,1393,1085,1526,984,1
486,1040,1393,1085,1526,984,1
486,1040,1393,1085,1526,984,1
486,1040,1393,1085,1526,984,1
486,1040,1393,1085,1526,984,1
486,1040,1393,1085,1527,984,1
486,1040,1393,1085,1527,984,1
486,1040,1393,1085,1528,984,1
486,1040,1393,1085,1528,984,1
486,1040,1393,1085,1529,983,1
486,1040,1393,1085,1530,983,1
486,1040,1393,1085,1531,983,1
486,1040,1393,1085,1533,983,1
486,1040,1393,1085,1533,983,1
486,1040,1393,1085,1534,983,1
486,1040,1393,1085,1535,983,1
486,1040,1393,1085,1535,983,1
486,1040,1393,1085,1535,983,1
486,1040,1393,1085,1535,983,1
486,1040,1393,1085,1535,983,1
486,1040,1393,1085,1535,983,1
486,1040,1393,1085,1535,982,1
486,1040,1393,1085,1537,982,1
486,1040,1393,1085,1539,982,1
486,1040,1393,1085,1540,982,1
486,1040,1393,1085,1540,982,1
486,1040,1393,1085,1541,982,1
486,1040,1393,1085,1541,982,1
486,1040,1393,1085,1541,982,1
486,1040,1393,1085,1541,982,1
486,1040,1393,1085,1541,982,1
486,1040,1393,1085,1541,982,1
486,1040,1393,1085,1541,982,1
486,1040,1393,1085,1541,982,1
486,1040,1393,1085,1541,981,1
486,1040,1393,1085,1541,981,1
486,1040,1393,1085,1541,981,0
486,1040,1393,1085,1541,981,0
486,1040,1393,1085,1541,981,0
486,1040,1393,1085,1541,980,0
486,1040,1393,1085,1541,980,0
486,1040,1393,1085,1541,980,0
486,1040,1393,1085,1541,981,0
486,1040,1393,1085,1541,981,0
486,1040,1393,1085,1541,981,0
486,1040,1393,1085,1541,981,0
486,1040,1393,1085,1541,981,0
486,1040,1393,1085,1541,981,0
486,1040,1393,1085,1541,981,0
486,1040,1393,1085,1541,981,0
486,1040,1393,1085,1541,981,0
486,1040,1393,1085,1541,981,0
486,1040,1393,1085,1541,981,0
486,1040,1393,1085,1541,981,0
486,1040,1393,1085,1541,981,0
486,1040,1393,1085,1541,981,0
486,1040,1393,1085,1541,981,0
486,1040,1393,1085,1541,981,0
486,1040,1393,1085,1540,981,0
486,1040,1393,1085,1540,981,0
486,1040,1393,1085,1539,980,0
486,1040,1393,1085,1536,977,0
486,1040,1393,1085,1532,974,0
486,1040,1393,1085,1526,971,0
486,1040,1393,1085,1524,969,0
486,1040,1393,1085,1522,967,0
486,1040,1393,1085,1518,964,0
486,1040,1393,1085,1516,962,0
486,1040,1393,1085,1514,959,0
486,1040,1393,1085,1513,958,0
486,1040,1393,1085,1512,957,0
486,1040,1393,1085,1510,955,0
486,1040,1393,1085,1509,954,0
486,1040,1393,1085,1507,953,0
486,1040,1393,1085,1504,951,0
486,1040,1393,1085,1502,950,0
486,1040,1393,1085,1500,949,0
486,1040,1393,1085,1496,946,0
486,1040,1393,1085,1493,944,0
486,1040,1393,1085,1487,939,0
486,1040,1393,1085,1483,937,0
486,1040,1393,1085,1481,935,0
486,1040,1393,1085,1474,930,0
486,1040,1393,1085,1471,927,0
486,1040,1393,1085,1467,924,0
486,1040,1393,1085,1459,918,0
486,1040,1393,1085,1455,915,0
486,1040,1393,1085,1448,907,0
486,1040,1393,1085,1444,904,0
486,1040,1393,1085,1437,897,0
486,1040,1393,1085,1430,890,0
486,1040,1393,1085,1426,886,0
486,1040,1393,1085,1418,879,0
486,1040,1393,1085,1414,876,0
486,1040,1393,1085,1409,868,0
486,1040,1393,1085,1404,860,0
486,1040,1393,1085,1402,857,0
486,1040,1393,1085,1401,853,0
486,1040,1393,1085,1398,846,0
486,1040,1393,1085,1394,839,0
486,1040,1393,1085,1393,836,0
486,1040,1393,1085,1392,834,0
486,1040,1393,1085,1389,828,0
486,1040,1393,1085,1387,824,0
486,1040,1393,1085,1383,815,0
486,1040,1393,1085,1380,811,0
486,1040,1393,1085,1374,802,0
486,1040,1393,1085,1371,798,0
486,1040,1393,1085,1368,792,0
486,1040,1393,1085,1366,787,0
486,1040,1393,1085,1364,784,0
486,1040,1393,1085,1361,778,0
486,1040,1393,1085,1359,775,0
486,1040,1393,1085,1355,768,0
486,1040,1393,1085,1352,762,0
486,1040,1393,1085,1348,758,0
486,1040,1393,1085,1343,747,0
486,1040,1393,1085,1341,742,0
486,1040,1393,1085,1340,737,0
486,1040,1393,1085,1335,727,0
486,1040,1393,1085,1332,722,0
486,1040,1393,1085,1329,718,0
486,1040,1393,1085,1322,707,0
486,1040,1393,1085,1318,701,0
486,1040,1393,1085,1313,693,0
486,1040,1393,1085,1306,679,0
486,1040,1393,1085,1303,674,0
486,1040,1393,1085,1299,663,0
486,1040,1393,1085,1297,659,0
486,1040,1393,1085,1295,654,0
486,1040,1393,1085,1289,644,0
486,1040,1393,1085,1285,637,0
486,1040,1393,1085,1280,632,0
486,1040,1393,1085,1271,621,0
486,1040,1393,1085,1268,616,0
486,1040,1393,1085,1261,607,0
486,1040,1393,1085,1259,603,0
486,1040,1393,1085,1255,600,0
486,1040,1393,1085,1250,591,0
486,1040,1393,1085,1247,588,0
486,1040,1393,1085,1244,583,0
486,1040,1393,1085,1238,575,0
486,1040,1393,1085,1238,575,0
486,1040,1393,1085,1235,570,0
486,1040,1393,1085,1215,546,0
486,1040,1393,1085,1212,538,0
486,1040,1393,1085,1208,533,0
486,1040,1393,1085,1206,529,0
486,1040,1393,1085,1201,522,0
486,1040,1393,1085,1198,519,0
486,1040,1393,1085,1192,511,0
486,1040,1393,1085,1190,507,0
486,1040,1393,1085,1184,497,0
486,1040,1393,1085,1180,494,0
486,1040,1393,1085,1176,489,0
486,1040,1393,1085,1169,480,0
486,1040,1393,1085,1167,478,0
486,1040,1393,1085,1164,476,0
486,1040,1393,1085,1160,469,0
486,1040,1393,1085,1158,467,0
486,1040,1393,1085,1153,463,0
486,1040,1393,1085,1151,461,0
486,1040,1393,1085,1148,459,0
486,1040,1393,1085,1143,455,0
486,1040,1393,1085,1141,453,0
486,1040,1393,1085,1139,451,0
486,1040,1393,1085,1137,450,0
486,1040,1393,1085,1136,449,0
486,1040,1393,1085,1134,447,0
486,1040,1393,1085,1132,446,0
486,1040,1393,1085,1129,444,0
486,1040,1393,1085,1127,443,0
486,1040,1393,1085,1121,439,0
486,1040,1393,1085,1119,438,0
486,1040,1393,1085,1115,435,0
486,1040,1393,1085,1114,434,0
486,1040,1393,1085,1113,434,0
486,1040,1393,1085,1112,433,0
486,1040,1393,1085,1111,433,0
486,1040,1393,1085,1111,433,0
486,1040,1393,1085,1111,433,0
486,1040,1393,1085,1110,432,0
486,1040,1393,1085,1109,432,0
486,1040,1393,1085,1107,430,0
486,1040,1393,1085,1106,430,0
486,1040,1393,1085,1105,428,0
486,1040,1393,1085,1103,428,0
486,1040,1393,1085,1101,426,0
486,1040,1393,1085,1101,426,0
486,1040,1393,1085,1100,425,0
486,1040,1393,1085,1097,423,0
486,1040,1393,1085,1095,421,0
486,1040,1393,1085,1094,419,0
486,1040,1393,1085,1090,414,0
486,1040,1393,1085,1087,411,0
486,1040,1393,1085,1085,409,0
486,1040,1393,1085,1082,405,0
486,1040,1393,1085,1081,403,0
486,1040,1393,1085,1080,402,0
486,1040,1393,1085,1078,399,0
486,1040,1393,1085,1076,397,0
486,1040,1393,1085,1075,396,0
486,1040,1393,1085,1075,395,0
486,1040,1393,1085,1074,394,0
486,1040,1393,1085,1073,393,0
486,1040,1393,1085,1073,393,0
486,1040,1393,1085,1073,392,0
486,1040,1393,1085,1073,392,0
486,1040,1393,1085,1073,392,0
486,1040,1393,1085,1072,391,0
486,1040,1393,1085,1072,390,0
486,1040,1393,1085,1072,390,0
486,1040,1393,1085,1070,389,0
486,1040,1393,1085,1070,389,0
486,1040,1393,1085,1069,388,0
486,1040,1393,1085,1069,387,0
486,1040,1393,1085,1069,387,0
486,1040,1393,1085,1069,387,0
486,1040,1393,1085,1069,387,0
486,1040,1393,1085,1069,387,0
486,1040,1393,1085,1069,387,0
486,1040,1393,1085,1069,387,0
486,1040,1393,1085,1069,387,0
486,1040,1393,1085,1069,387,0
486,1040,1393,1085,1069,387,0
486,1040,1393,1085,1069,387,0
