486,1040,1393,1085,886,379,0
486,1040,1393,1085,886,379,0
486,1040,1393,1085,886,379,0
486,1040,1393,1085,886,379,0
486,1040,1393,1085,886,379,0
486,1040,1393,1085,886,379,0
486,1040,1393,1085,886,380,0
486,1040,1393,1085,886,380,0
486,1040,1393,1085,886,380,0
486,1040,1393,1085,886,380,0
486,1040,1393,1085,886,380,0
486,1040,1393,1085,886,380,0
486,1040,1393,1085,886,380,0
486,1040,1393,1085,884,380,0
486,1040,1393,1085,882,382,0
486,1040,1393,1085,880,383,0
486,1040,1393,1085,878,384,0
486,1040,1393,1085,877,385,0
486,1040,1393,1085,876,385,0
486,1040,1393,1085,875,385,0
486,1040,1393,1085,875,386,0
486,1040,1393,1085,874,386,0
486,1040,1393,1085,873,387,0
486,1040,1393,1085,871,388,0
486,1040,1393,1085,871,389,0
486,1040,1393,1085,866,391,0
486,1040,1393,1085,864,393,0
486,1040,1393,1085,863,394,0
486,1040,1393,1085,861,395,0
486,1040,1393,1085,861,395,0
486,1040,1393,1085,860,395,0
486,1040,1393,1085,858,397,0
486,1040,1393,1085,855,398,0
486,1040,1393,1085,851,401,0
486,1040,1393,1085,848,402,0
486,1040,1393,1085,846,404,0
486,1040,1393,1085,842,407,0
486,1040,1393,1085,840,408,0
486,1040,1393,1085,838,410,0
486,1040,1393,1085,834,413,0
486,1040,1393,1085,833,414,0
486,1040,1393,1085,831,416,0
486,1040,1393,1085,828,419,0
486,1040,1393,1085,826,420,0
486,1040,1393,1085,824,422,0
486,1040,1393,1085,820,426,0
486,1040,1393,1085,817,428,0
486,1040,1393,1085,815,430,0
486,1040,1393,1085,812,434,0
486,1040,1393,1085,811,435,0
486,1040,1393,1085,809,436,0
486,1040,1393,1085,808,437,0
486,1040,1393,1085,807,438,0
486,1040,1393,1085,806,439,0
486,1040,1393,1085,806,439,0
486,1040,1393,1085,805,441,0
486,1040,1393,1085,803,443,0
486,1040,1393,1085,801,444,0
486,1040,1393,1085,800,445,0
486,1040,1393,1085,796,449,0
486,1040,1393,1085,794,450,0
486,1040,1393,1085,792,452,0
486,1040,1393,1085,788,455,0
486,1040,1393,1085,786,457,0
486,1040,1393,1085,782,460,0
486,1040,1393,1085,780,462,0
486,1040,1393,1085,778,463,0
486,1040,1393,1085,775,465,0
486,1040,1393,1085,770,469,0
486,1040,1393,1085,768,471,0
486,1040,1393,1085,766,473,0
486,1040,1393,1085,763,476,0
486,1040,1393,1085,762,477,0
486,1040,1393,1085,761,478,0
486,1040,1393,1085,758,481,0
486,1040,1393,1085,757,482,0
486,1040,1393,1085,753,485,0
486,1040,1393,1085,752,486,0
486,1040,1393,1085,751,487,0
486,1040,1393,1085,749,489,0
486,1040,1393,1085,748,489,0
486,1040,1393,1085,747,490,0
486,1040,1393,1085,745,492,0
486,1040,1393,1085,744,493,0
486,1040,1393,1085,743,494,0
486,1040,1393,1085,740,497,0
486,1040,1393,1085,739,498,0
486,1040,1393,1085,737,501,0
486,1040,1393,1085,735,502,0
486,1040,1393,1085,734,504,0
486,1040,1393,1085,732,507,0
486,1040,1393,1085,730,508,0
486,1040,1393,1085,729,510,0
486,1040,1393,1085,728,511,0
486,1040,1393,1085,723,515,0
486,1040,1393,1085,721,516,0
486,1040,1393,1085,719,518,0
486,1040,1393,1085,714,522,0
486,1040,1393,1085,712,524,0
486,1040,1393,1085,710,526,0
486,1040,1393,1085,708,527,0
486,1040,1393,1085,707,528,0
486,1040,1393,1085,703,530,0
486,1040,1393,1085,701,532,0
486,1040,1393,1085,699,533,0
486,1040,1393,1085,695,536,0
486,1040,1393,1085,694,537,0
486,1040,1393,1085,693,538,0
486,1040,1393,1085,691,539,0
486,1040,1393,1085,689,540,0
486,1040,1393,1085,686,542,0
486,1040,1393,1085,685,543,0
486,1040,1393,1085,683,545,0
486,1040,1393,1085,679,548,0
486,1040,1393,1085,677,549,0
486,1040,1393,1085,675,551,0
486,1040,1393,1085,670,555,0
486,1040,1393,1085,667,557,0
486,1040,1393,1085,665,559,0
486,1040,1393,1085,661,561,0
486,1040,1393,1085,660,563,0
486,1040,1393,1085,658,564,0
486,1040,1393,1085,653,568,0
486,1040,1393,1085,651,570,0
486,1040,1393,1085,648,572,0
486,1040,1393,1085,642,577,0
486,1040,1393,1085,638,580,0
486,1040,1393,1085,635,583,0
486,1040,1393,1085,630,589,0
486,1040,1393,1085,628,592,0
486,1040,1393,1085,626,595,0
486,1040,1393,1085,621,599,0
486,1040,1393,1085,618,602,0
486,1040,1393,1085,614,606,0
486,1040,1393,1085,612,609,0
486,1040,1393,1085,610,611,0
486,1040,1393,1085,607,614,0
486,1040,1393,1085,605,617,0
486,1040,1393,1085,602,618,0
486,1040,1393,1085,595,621,0
486,1040,1393,1085,592,623,0
486,1040,1393,1085,590,625,0
486,1040,1393,1085,586,626,0
486,1040,1393,1085,585,626,0
486,1040,1393,1085,584,627,0
486,1040,1393,1085,583,627,0
486,1040,1393,1085,582,629,0
486,1040,1393,1085,581,629,0
486,1040,1393,1085,580,630,0
486,1040,1393,1085,578,632,0
486,1040,1393,1085,577,633,0
486,1040,1393,1085,575,635,0
486,1040,1393,1085,572,639,0
486,1040,1393,1085,570,641,0
486,1040,1393,1085,568,644,0
486,1040,1393,1085,564,648,0
486,1040,1393,1085,563,650,0
486,1040,1393,1085,560,653,0
486,1040,1393,1085,558,655,0
486,1040,1393,1085,557,657,0
486,1040,1393,1085,553,662,0
486,1040,1393,1085,551,664,0
486,1040,1393,1085,549,667,0
486,1040,1393,1085,547,671,0
486,1040,1393,1085,546,673,0
486,1040,1393,1085,545,675,0
486,1040,1393,1085,540,682,0
486,1040,1393,1085,537,687,0
486,1040,1393,1085,532,692,0
486,1040,1393,1085,522,703,0
486,1040,1393,1085,518,709,0
486,1040,1393,1085,513,716,0
486,1040,1393,1085,511,719,0
486,1040,1393,1085,509,720,0
486,1040,1393,1085,508,722,0
486,1040,1393,1085,506,722,0
486,1040,1393,1085,506,724,0
486,1040,1393,1085,505,724,0
486,1040,1393,1085,505,725,0
486,1040,1393,1085,505,725,0
486,1040,1393,1085,503,727,0
486,1040,1393,1085,502,728,0
486,1040,1393,1085,502,730,0
486,1040,1393,1085,500,732,0
486,1040,1393,1085,499,734,0
486,1040,1393,1085,497,735,0
486,1040,1393,1085,496,736,0
486,1040,1393,1085,495,737,0
486,1040,1393,1085,494,740,0
486,1040,1393,1085,492,741,0
486,1040,1393,1085,491,742,0
486,1040,1393,1085,489,744,0
486,1040,1393,1085,488,745,0
486,1040,1393,1085,487,746,0
486,1040,1393,1085,485,749,0
486,1040,1393,1085,484,750,0
486,1040,1393,1085,483,751,0
486,1040,1393,1085,481,754,0
486,1040,1393,1085,479,755,0
486,1040,1393,1085,477,756,0
486,1040,1393,1085,474,759,0
486,1040,1393,1085,472,761,0
486,1040,1393,1085,470,763,0
486,1040,1393,1085,466,768,0
486,1040,1393,1085,464,772,0
486,1040,1393,1085,462,774,0
486,1040,1393,1085,459,778,0
486,1040,1393,1085,459,780,0
486,1040,1393,1085,457,782,0
486,1040,1393,1085,455,784,0
486,1040,1393,1085,454,786,0
486,1040,1393,1085,452,790,0
486,1040,1393,1085,451,792,0
486,1040,1393,1085,451,794,0
486,1040,1393,1085,449,796,0
486,1040,1393,1085,448,798,0
486,1040,1393,1085,447,800,0
486,1040,1393,1085,445,804,0
486,1040,1393,1085,443,806,0
486,1040,1393,1085,441,810,0
486,1040,1393,1085,440,812,0
486,1040,1393,1085,439,813,0
486,1040,1393,1085,439,814,0
486,1040,1393,1085,438,817,0
486,1040,1393,1085,436,819,0
486,1040,1393,1085,435,820,0
486,1040,1393,1085,433,824,0
486,1040,1393,1085,432,826,0
486,1040,1393,1085,430,831,0
486,1040,1393,1085,429,833,0
486,1040,1393,1085,429,835,0
486,1040,1393,1085,428,838,0
486,1040,1393,1085,427,839,0
486,1040,1393,1085,427,840,0
486,1040,1393,1085,426,842,0
486,1040,1393,1085,426,843,0
486,1040,1393,1085,426,844,0
486,1040,1393,1085,426,846,0
486,1040,1393,1085,425,848,0
486,1040,1393,1085,425,849,0
486,1040,1393,1085,424,853,0
486,1040,1393,1085,423,856,0
486,1040,1393,1085,421,862,0
486,1040,1393,1085,420,864,0
486,1040,1393,1085,419,866,0
486,1040,1393,1085,418,871,0
486,1040,1393,1085,418,872,0
486,1040,1393,1085,417,874,0
486,1040,1393,1085,417,875,0
486,1040,1393,1085,416,878,0
486,1040,1393,1085,415,880,0
486,1040,1393,1085,414,884,0
486,1040,1393,1085,412,886,0
486,1040,1393,1085,411,888,0
486,1040,1393,1085,407,893,0
486,1040,1393,1085,405,896,0
486,1040,1393,1085,403,899,0
486,1040,1393,1085,401,904,0
486,1040,1393,1085,401,905,0
486,1040,1393,1085,400,907,0
486,1040,1393,1085,399,909,0
486,1040,1393,1085,397,911,0
486,1040,1393,1085,396,913,0
486,1040,1393,1085,395,915,0
486,1040,1393,1085,394,917,0
486,1040,1393,1085,392,921,0
486,1040,1393,1085,391,923,0
486,1040,1393,1085,391,925,0
486,1040,1393,1085,390,930,0
486,1040,1393,1085,390,933,0
486,1040,1393,1085,388,937,0
486,1040,1393,1085,385,944,0
486,1040,1393,1085,384,947,0
486,1040,1393,1085,382,953,0
486,1040,1393,1085,381,955,0
486,1040,1393,1085,380,957,0
486,1040,1393,1085,378,962,0
486,1040,1393,1085,377,964,0
486,1040,1393,1085,376,965,0
486,1040,1393,1085,375,968,0
486,1040,1393,1085,375,969,0
486,1040,1393,1085,374,969,0
486,1040,1393,1085,373,971,0
486,1040,1393,1085,372,973,0
486,1040,1393,1085,371,974,0
486,1040,1393,1085,370,976,0
486,1040,1393,1085,369,978,0
486,1040,1393,1085,369,979,0
486,1040,1393,1085,367,982,0
486,1040,1393,1085,366,985,0
486,1040,1393,1085,365,986,0
486,1040,1393,1085,363,991,0
486,1040,1393,1085,362,994,0
486,1040,1393,1085,361,999,0
486,1040,1393,1085,360,1001,0
486,1040,1393,1085,360,1003,0
486,1040,1393,1085,359,1007,0
486,1040,1393,1085,358,1009,0
486,1040,1393,1085,358,1010,0
486,1040,1393,1085,357,1014,0
486,1040,1393,1085,357,1015,0
486,1040,1393,1085,357,1016,0
486,1040,1393,1085,356,1017,0
486,1040,1393,1085,356,1018,0
486,1040,1393,1085,355,1019,0
486,1040,1393,1085,355,1021,0
486,1040,1393,1085,355,1021,0
486,1040,1393,1085,354,1022,0
486,1040,1393,1085,353,1025,0
486,1040,1393,1085,353,1026,0
486,1040,1393,1085,352,1027,0
486,1040,1393,1085,351,1028,0
486,1040,1393,1085,350,1030,0
486,1040,1393,1085,349,1031,0
486,1040,1393,1085,349,1032,0
486,1040,1393,1085,348,1033,0
486,1040,1393,1085,348,1034,0
486,1040,1393,1085,347,1035,0
486,1040,1393,1085,346,1036,0
486,1040,1393,1085,344,1038,0
486,1040,1393,1085,343,1039,0
486,1040,1393,1085,342,1040,0
486,1040,1393,1085,340,1042,0
486,1040,1393,1085,339,1042,0
486,1040,1393,1085,338,1043,0
486,1040,1393,1085,337,1043,0
486,1040,1393,1085,337,1044,0
486,1040,1393,1085,336,1045,0
486,1040,1393,1085,336,1045,0
486,1040,1393,1085,336,1045,0
486,1040,1393,1085,334,1047,0
486,1040,1393,1085,332,1048,0
486,1040,1393,1085,332,1048,0
486,1040,1393,1085,331,1049,0
486,1040,1393,1085,331,1049,0
486,1040,1393,1085,331,1049,0
486,1040,1393,1085,331,1049,0
486,1040,1393,1085,331,1049,0
486,1040,1393,1085,331,1049,0
486,1040,1393,1085,331,1049,0
486,1040,1393,1085,331,1049,0
486,1040,1393,1085,331,1049,0
486,1040,1393,1085,331,1049,0
486,1040,1393,1085,331,1049,0
486,1040,1393,1085,331,1049,0
486,1040,1393,1085,331,1049,0
486,1040,1393,1085,331,1049,0
486,1040,1393,1085,331,1049,0
486,1040,1393,1085,331,1049,0
486,1040,1393,1085,331,1049,1
486,1040,1393,1085,331,1049,1
486,1040,1393,1085,331,1049,1
486,1040,1393,1085,331,1049,1
486,1040,1393,1085,331,1049,1
486,1040,1393,1085,331,1049,1
486,1040,1393,1085,331,1049,1
486,1040,1393,1085,331,1049,1
486,1040,1393,1085,331,1049,1
486,1040,1393,1085,331,1049,1
486,1040,1393,1085,331,1049,1
486,1040,1393,1085,331,1049,1
486,1040,1393,1085,331,1049,1
486,1040,1393,1085,331,1049,1
486,1040,1393,1085,331,1049,1
486,1040,1393,1085,331,1049,1
486,1040,1393,1085,331,1049,1
486,1040,1393,1085,331,1049,1
486,1040,1393,1085,331,1049,1
486,1040,1393,1085,331,1049,1
486,1040,1393,1085,331,1049,1
486,1040,1393,1085,331,1049,1
486,1040,1393,1085,331,1049,1
486,1040,1393,1085,331,1049,1
486,1040,1393,1085,331,1049,1
486,1040,1393,1085,334,1049,1
486,1040,1393,1085,336,1048,1
486,1040,1393,1085,343,1050,1
486,1040,1393,1085,349,1050,1
486,1040,1393,1085,355,1051,1
486,1040,1393,1085,368,1051,1
486,1040,1393,1085,372,1051,1
486,1040,1393,1085,377,1051,1
486,1040,1393,1085,383,1052,1
486,1040,1393,1085,386,1052,1
486,1040,1393,1085,387,1052,1
486,1040,1393,1085,392,1052,1
486,1040,1393,1085,395,1052,1
486,1040,1393,1085,400,1052,1
486,1040,1393,1085,401,1052,1
486,1040,1393,1085,402,1052,1
486,1040,1393,1085,404,1052,1
486,1040,1393,1085,406,1052,1
486,1040,1393,1085,409,1052,1
486,1040,1393,1085,418,1052,1
486,1040,1393,1085,423,1052,1
486,1040,1393,1085,433,1051,1
486,1040,1393,1085,437,1051,1
486,1040,1393,1085,440,1051,1
486,1040,1393,1085,445,1051,1
486,1040,1393,1085,447,1051,1
486,1040,1393,1085,449,1051,1
486,1040,1393,1085,451,1050,1
486,1040,1393,1085,453,1051,1
486,1040,1393,1085,457,1050,1
486,1040,1393,1085,459,1050,1
486,1040,1393,1085,461,1050,1
486,1040,1393,1085,463,1049,1
486,1040,1393,1085,467,1049,1
486,1040,1393,1085,469,1049,1
486,1040,1393,1085,471,1049,1
486,1040,1393,1085,474,1049,1
486,1040,1393,1085,477,1049,1
486,1040,1393,1085,484,1049,1
486,1040,1393,1085,487,1049,1
486,1040,1393,1085,491,1048,1
486,1040,1393,1085,497,1046,1
486,1040,1393,1085,500,1045,1
486,1040,1393,1085,503,1045,1
486,1040,1393,1085,509,1043,1
486,1040,1393,1085,512,1043,1
486,1040,1393,1085,517,1041,1
486,1040,1393,1085,520,1041,1
486,1040,1393,1085,522,1040,1
486,1040,1393,1085,524,1040,1
486,1040,1393,1085,524,1040,1
486,1040,1393,1085,526,1040,1
486,1040,1393,1085,528,1039,1
486,1040,1393,1085,529,1039,1
486,1040,1393,1085,531,1039,1
486,1040,1393,1085,536,1038,1
486,1040,1393,1085,539,1038,1
486,1040,1393,1085,542,1037,1
486,1040,1393,1085,548,1035,1
486,1040,1393,1085,550,1035,1
486,1040,1393,1085,552,1034,1
486,1040,1393,1085,557,1033,1
486,1040,1393,1085,559,1033,1
486,1040,1393,1085,560,1033,1
486,1040,1393,1085,565,1031,1
486,1040,1393,1085,567,1030,1
486,1040,1393,1085,572,1028,1
486,1040,1393,1085,574,1028,1
486,1040,1393,1085,576,1027,1
486,1040,1393,1085,582,1026,1
486,1040,1393,1085,584,1024,1
486,1040,1393,1085,586,1024,1
486,1040,1393,1085,590,1023,1
486,1040,1393,1085,592,1022,1
486,1040,1393,1085,595,1022,1
486,1040,1393,1085,601,1020,1
486,1040,1393,1085,605,1019,1
486,1040,1393,1085,608,1018,1
486,1040,1393,1085,615,1017,1
486,1040,1393,1085,619,1017,1
486,1040,1393,1085,622,1016,1
486,1040,1393,1085,630,1016,1
486,1040,1393,1085,634,1015,1
486,1040,1393,1085,638,1014,1
486,1040,1393,1085,646,1014,1
486,1040,1393,1085,649,1013,1
486,1040,1393,1085,656,1012,1
486,1040,1393,1085,660,1012,1
486,1040,1393,1085,664,1011,1
486,1040,1393,1085,675,1010,1
486,1040,1393,1085,681,1009,1
486,1040,1393,1085,688,1009,1
486,1040,1393,1085,703,1006,1
486,1040,1393,1085,711,1006,1
486,1040,1393,1085,719,1005,1
486,1040,1393,1085,731,1005,1
486,1040,1393,1085,736,1005,1
486,1040,1393,1085,741,1004,1
486,1040,1393,1085,750,1002,1
486,1040,1393,1085,755,1002,1
486,1040,1393,1085,767,1001,1
486,1040,1393,1085,774,1000,1
486,1040,1393,1085,779,1000,1
486,1040,1393,1085,786,999,1
486,1040,1393,1085,789,999,1
486,1040,1393,1085,791,999,1
486,1040,1393,1085,797,998,1
486,1040,1393,1085,800,998,1
486,1040,1393,1085,804,997,1
486,1040,1393,1085,811,997,1
486,1040,1393,1085,815,997,1
486,1040,1393,1085,819,997,1
486,1040,1393,1085,825,997,1
486,1040,1393,1085,828,997,1
486,1040,1393,1085,831,997,1
486,1040,1393,1085,837,996,1
486,1040,1393,1085,841,996,1
486,1040,1393,1085,846,996,1
486,1040,1393,1085,857,996,1
486,1040,1393,1085,863,996,1
486,1040,1393,1085,874,996,1
486,1040,1393,1085,879,996,1
486,1040,1393,1085,882,996,1
486,1040,1393,1085,888,996,1
486,1040,1393,1085,891,996,1
486,1040,1393,1085,895,997,1
486,1040,1393,1085,905,998,1
486,1040,1393,1085,911,998,1
486,1040,1393,1085,925,999,1
486,1040,1393,1085,931,999,1
486,1040,1393,1085,942,1000,1
486,1040,1393,1085,948,1000,1
486,1040,1393,1085,959,1000,1
486,1040,1393,1085,963,1000,1
486,1040,1393,1085,968,1000,1
486,1040,1393,1085,983,1000,1
486,1040,1393,1085,992,999,1
486,1040,1393,1085,999,999,1
486,1040,1393,1085,1011,996,1
486,1040,1393,1085,1016,995,1
486,1040,1393,1085,1019,995,1
486,1040,1393,1085,1028,993,1
486,1040,1393,1085,1032,993,1
486,1040,1393,1085,1036,991,1
486,1040,1393,1085,1043,989,1
486,1040,1393,1085,1046,988,1
486,1040,1393,1085,1051,987,1
486,1040,1393,1085,1058,985,1
486,1040,1393,1085,1062,984,1
486,1040,1393,1085,1070,980,1
486,1040,1393,1085,1074,979,1
486,1040,1393,1085,1077,979,1
486,1040,1393,1085,1084,977,1
486,1040,1393,1085,1087,976,1
486,1040,1393,1085,1090,975,1
486,1040,1393,1085,1099,973,1
486,1040,1393,1085,1103,972,1
486,1040,1393,1085,1106,971,1
486,1040,1393,1085,1111,970,1
486,1040,1393,1085,1113,970,1
486,1040,1393,1085,1115,969,1
486,1040,1393,1085,1120,968,1
486,1040,1393,1085,1123,967,1
486,1040,1393,1085,1125,967,1
486,1040,1393,1085,1130,966,1
486,1040,1393,1085,1133,965,1
486,1040,1393,1085,1136,964,1
486,1040,1393,1085,1143,963,1
486,1040,1393,1085,1147,963,1
486,1040,1393,1085,1154,961,1
486,1040,1393,1085,1158,961,1
486,1040,1393,1085,1162,960,1
486,1040,1393,1085,1170,959,1
486,1040,1393,1085,1173,959,1
486,1040,1393,1085,1178,958,1
486,1040,1393,1085,1184,957,1
486,1040,1393,1085,1187,957,1
486,1040,1393,1085,1192,956,1
486,1040,1393,1085,1194,956,1
486,1040,1393,1085,1197,955,1
486,1040,1393,1085,1206,954,1
486,1040,1393,1085,1210,954,1
486,1040,1393,1085,1214,953,1
486,1040,1393,1085,1223,952,1
486,1040,1393,1085,1226,952,1
486,1040,1393,1085,1229,951,1
486,1040,1393,1085,1235,950,1
486,1040,1393,1085,1238,950,1
486,1040,1393,1085,1242,949,1
486,1040,1393,1085,1251,948,1
486,1040,1393,1085,1256,948,1
486,1040,1393,1085,1260,948,1
486,1040,1393,1085,1267,949,1
486,1040,1393,1085,1267,949,1
486,1040,1393,1085,1267,949,1
486,1040,1393,1085,1268,949,1
486,1040,1393,1085,1269,949,1
486,1040,1393,1085,1281,951,1
486,1040,1393,1085,1290,951,1
486,1040,1393,1085,1298,952,1
486,1040,1393,1085,1305,953,1
486,1040,1393,1085,1305,953,1
486,1040,1393,1085,1305,953,1
486,1040,1393,1085,1305,953,1
486,1040,1393,1085,1305,953,1
486,1040,1393,1085,1305,953,1
486,1040,1393,1085,1308,953,1
486,1040,1393,1085,1309,952,1
486,1040,1393,1085,1311,952,1
486,1040,1393,1085,1315,951,1
486,1040,1393,1085,1316,951,1
486,1040,1393,1085,1316,951,1
486,1040,1393,1085,1319,950,1
486,1040,1393,1085,1321,950,1
486,1040,1393,1085,1322,949,1
486,1040,1393,1085,1327,948,1
486,1040,1393,1085,1329,948,1
486,1040,1393,1085,1337,946,1
486,1040,1393,1085,1341,946,1
486,1040,1393,1085,1345,945,1
486,1040,1393,1085,1353,944,1
486,1040,1393,1085,1357,943,1
486,1040,1393,1085,1361,943,1
486,1040,1393,1085,1367,942,1
486,1040,1393,1085,1370,942,1
486,1040,1393,1085,1378,940,1
486,1040,1393,1085,1381,939,1
486,1040,1393,1085,1384,938,1
486,1040,1393,1085,1387,938,1
486,1040,1393,1085,1390,937,1
486,1040,1393,1085,1396,936,1
486,1040,1393,1085,1400,935,1
486,1040,1393,1085,1402,935,1
486,1040,1393,1085,1406,934,1
486,1040,1393,1085,1408,933,1
486,1040,1393,1085,1411,932,1
486,1040,1393,1085,1415,930,1
486,1040,1393,1085,1416,930,1
486,1040,1393,1085,1417,930,1
486,1040,1393,1085,1420,928,1
486,1040,1393,1085,1422,928,1
486,1040,1393,1085,1426,926,1
486,1040,1393,1085,1428,926,1
486,1040,1393,1085,1430,926,1
486,1040,1393,1085,1434,925,1
486,1040,1393,1085,1437,925,1
486,1040,1393,1085,1439,924,1
486,1040,1393,1085,1441,924,1
486,1040,1393,1085,1442,924,1
486,1040,1393,1085,1445,923,1
486,1040,1393,1085,1447,923,1
486,1040,1393,1085,1450,923,1
486,1040,1393,1085,1457,922,1
486,1040,1393,1085,1461,922,1
486,1040,1393,1085,1465,922,1
486,1040,1393,1085,1472,922,1
486,1040,1393,1085,1475,921,1
486,1040,1393,1085,1477,921,1
486,1040,1393,1085,1480,920,1
486,1040,1393,1085,1482,920,1
486,1040,1393,1085,1483,919,1
486,1040,1393,1085,1485,918,1
486,1040,1393,1085,1487,918,1
486,1040,1393,1085,1490,917,1
486,1040,1393,1085,1497,916,1
486,1040,1393,1085,1501,915,1
486,1040,1393,1085,1505,913,1
486,1040,1393,1085,1506,913,1
486,1040,1393,1085,1508,912,1
486,1040,1393,1085,1511,911,1
486,1040,1393,1085,1512,911,1
486,1040,1393,1085,1514,910,1
486,1040,1393,1085,1519,909,1
486,1040,1393,1085,1522,907,1
486,1040,1393,1085,1524,907,1
486,1040,1393,1085,1528,905,1
486,1040,1393,1085,1529,905,1
486,1040,1393,1085,1530,904,1
486,1040,1393,1085,1531,903,1
486,1040,1393,1085,1532,903,1
486,1040,1393,1085,1535,901,1
486,1040,1393,1085,1536,901,1
486,1040,1393,1085,1538,900,1
486,1040,1393,1085,1542,900,1
486,1040,1393,1085,1542,899,1
486,1040,1393,1085,1543,899,1
486,1040,1393,1085,1543,899,1
486,1040,1393,1085,1543,899,1
486,1040,1393,1085,1544,899,1
486,1040,1393,1085,1546,898,1
486,1040,1393,1085,1548,897,1
486,1040,1393,1085,1549,897,1
486,1040,1393,1085,1553,897,1
486,1040,1393,1085,1553,897,1
486,1040,1393,1085,1554,896,1
486,1040,1393,1085,1554,896,1
486,1040,1393,1085,1554,896,1
486,1040,1393,1085,1554,896,1
486,1040,1393,1085,1557,894,1
486,1040,1393,1085,1559,894,1
486,1040,1393,1085,1560,893,1
486,1040,1393,1085,1562,893,1
486,1040,1393,1085,1563,893,1
486,1040,1393,1085,1563,893,1
486,1040,1393,1085,1563,893,1
486,1040,1393,1085,1563,893,1
486,1040,1393,1085,1564,892,1
486,1040,1393,1085,1565,892,1
486,1040,1393,1085,1565,892,1
486,1040,1393,1085,1566,892,1
486,1040,1393,1085,1566,892,1
486,1040,1393,1085,1566,892,1
486,1040,1393,1085,1566,892,1
486,1040,1393,1085,1566,892,1
486,1040,1393,1085,1566,892,1
486,1040,1393,1085,1566,892,0
486,1040,1393,1085,1566,892,0
486,1040,1393,1085,1566,892,0
486,1040,1393,1085,1566,891,0
486,1040,1393,1085,1566,891,0
486,1040,1393,1085,1566,891,0
486,1040,1393,1085,1566,891,0
486,1040,1393,1085,1566,891,0
486,1040,1393,1085,1566,891,0
486,1040,1393,1085,1566,891,0
486,1040,1393,1085,1566,891,0
486,1040,1393,1085,1566,891,0
486,1040,1393,1085,1566,891,0
486,1040,1393,1085,1566,891,0
486,1040,1393,1085,1565,891,0
486,1040,1393,1085,1565,891,0
486,1040,1393,1085,1564,891,0
486,1040,1393,1085,1563,891,0
486,1040,1393,1085,1563,891,0
486,1040,1393,1085,1563,891,0
486,1040,1393,1085,1563,891,0
486,1040,1393,1085,1563,891,0
486,1040,1393,1085,1563,891,0
486,1040,1393,1085,1563,891,0
486,1040,1393,1085,1563,891,0
486,1040,1393,1085,1563,891,0
486,1040,1393,1085,1562,891,0
486,1040,1393,1085,1562,891,0
486,1040,1393,1085,1561,891,0
486,1040,1393,1085,1560,890,0
486,1040,1393,1085,1559,889,0
486,1040,1393,1085,1555,887,0
486,1040,1393,1085,1553,885,0
486,1040,1393,1085,1550,884,0
486,1040,1393,1085,1542,880,0
486,1040,1393,1085,1538,878,0
486,1040,1393,1085,1535,876,0
486,1040,1393,1085,1531,874,0
486,1040,1393,1085,1529,873,0
486,1040,1393,1085,1527,872,0
486,1040,1393,1085,1525,870,0
486,1040,1393,1085,1523,868,0
486,1040,1393,1085,1518,865,0
486,1040,1393,1085,1515,863,0
486,1040,1393,1085,1512,860,0
486,1040,1393,1085,1506,856,0
486,1040,1393,1085,1504,855,0
486,1040,1393,1085,1502,853,0
486,1040,1393,1085,1499,851,0
486,1040,1393,1085,1497,849,0
486,1040,1393,1085,1495,848,0
486,1040,1393,1085,1493,845,0
486,1040,1393,1085,1492,845,0
486,1040,1393,1085,1489,843,0
486,1040,1393,1085,1488,842,0
486,1040,1393,1085,1486,840,0
486,1040,1393,1085,1482,837,0
486,1040,1393,1085,1480,835,0
486,1040,1393,1085,1477,833,0
486,1040,1393,1085,1472,829,0
486,1040,1393,1085,1469,827,0
486,1040,1393,1085,1466,824,0
486,1040,1393,1085,1465,823,0
486,1040,1393,1085,1464,822,0
486,1040,1393,1085,1463,819,0
486,1040,1393,1085,1462,818,0
486,1040,1393,1085,1461,816,0
486,1040,1393,1085,1458,813,0
486,1040,1393,1085,1456,810,0
486,1040,1393,1085,1454,808,0
486,1040,1393,1085,1449,802,0
486,1040,1393,1085,1446,799,0
486,1040,1393,1085,1444,796,0
486,1040,1393,1085,1441,791,0
486,1040,1393,1085,1440,788,0
486,1040,1393,1085,1439,786,0
486,1040,1393,1085,1436,782,0
486,1040,1393,1085,1435,781,0
486,1040,1393,1085,1431,776,0
486,1040,1393,1085,1429,774,0
486,1040,1393,1085,1427,771,0
486,1040,1393,1085,1424,766,0
486,1040,1393,1085,1422,764,0
486,1040,1393,1085,1421,762,0
486,1040,1393,1085,1418,757,0
486,1040,1393,1085,1416,755,0
486,1040,1393,1085,1413,750,0
486,1040,1393,1085,1411,748,0
486,1040,1393,1085,1410,745,0
486,1040,1393,1085,1407,741,0
486,1040,1393,1085,1406,738,0
486,1040,1393,1085,1404,736,0
486,1040,1393,1085,1402,731,0
486,1040,1393,1085,1400,729,0
486,1040,1393,1085,1397,724,0
486,1040,1393,1085,1395,721,0
486,1040,1393,1085,1393,719,0
486,1040,1393,1085,1390,716,0
486,1040,1393,1085,1385,711,0
486,1040,1393,1085,1382,707,0
486,1040,1393,1085,1375,699,0
486,1040,1393,1085,1372,695,0
486,1040,1393,1085,1369,692,0
486,1040,1393,1085,1366,687,0
486,1040,1393,1085,1363,684,0
486,1040,1393,1085,1361,682,0
486,1040,1393,1085,1358,677,0
486,1040,1393,1085,1356,675,0
486,1040,1393,1085,1350,669,0
486,1040,1393,1085,1346,667,0
486,1040,1393,1085,1343,664,0
486,1040,1393,1085,1336,656,0
486,1040,1393,1085,1333,653,0
486,1040,1393,1085,1329,651,0
486,1040,1393,1085,1325,646,0
486,1040,1393,1085,1323,644,0
486,1040,1393,1085,1322,643,0
486,1040,1393,1085,1318,639,0
486,1040,1393,1085,1316,637,0
486,1040,1393,1085,1313,633,0
486,1040,1393,1085,1311,631,0
486,1040,1393,1085,1309,629,0
486,1040,1393,1085,1306,627,0
486,1040,1393,1085,1301,622,0
486,1040,1393,1085,1298,620,0
486,1040,1393,1085,1293,614,0
486,1040,1393,1085,1291,611,0
486,1040,1393,1085,1288,609,0
486,1040,1393,1085,1283,604,0
486,1040,1393,1085,1281,601,0
486,1040,1393,1085,1275,596,0
486,1040,1393,1085,1271,593,0
486,1040,1393,1085,1267,591,0
486,1040,1393,1085,1261,586,0
486,1040,1393,1085,1259,584,0
486,1040,1393,1085,1256,581,0
486,1040,1393,1085,1251,577,0
486,1040,1393,1085,1250,575,0
486,1040,1393,1085,1247,572,0
486,1040,1393,1085,1245,570,0
486,1040,1393,1085,1244,569,0
486,1040,1393,1085,1240,565,0
486,1040,1393,1085,1238,563,0
486,1040,1393,1085,1237,562,0
486,1040,1393,1085,1233,558,0
486,1040,1393,1085,1231,556,0
486,1040,1393,1085,1226,551,0
486,1040,1393,1085,1224,549,0
486,1040,1393,1085,1222,547,0
486,1040,1393,1085,1220,546,0
486,1040,1393,1085,1217,543,0
486,1040,1393,1085,1216,542,0
486,1040,1393,1085,1214,541,0
486,1040,1393,1085,1213,540,0
486,1040,1393,1085,1212,538,0
486,1040,1393,1085,1208,535,0
486,1040,1393,1085,1207,533,0
486,1040,1393,1085,1205,531,0
486,1040,1393,1085,1202,528,0
486,1040,1393,1085,1200,526,0
486,1040,1393,1085,1196,522,0
486,1040,1393,1085,1194,520,0
486,1040,1393,1085,1191,517,0
486,1040,1393,1085,1185,512,0
486,1040,1393,1085,1183,510,0
486,1040,1393,1085,1180,508,0
486,1040,1393,1085,1176,505,0
486,1040,1393,1085,1174,504,0
486,1040,1393,1085,1171,501,0
486,1040,1393,1085,1170,500,0
486,1040,1393,1085,1168,499,0
486,1040,1393,1085,1164,495,0
486,1040,1393,1085,1162,493,0
486,1040,1393,1085,1158,489,0
486,1040,1393,1085,1156,488,0
486,1040,1393,1085,1154,486,0
486,1040,1393,1085,1153,485,0
486,1040,1393,1085,1150,482,0
486,1040,1393,1085,1149,480,0
486,1040,1393,1085,1145,476,0
486,1040,1393,1085,1143,474,0
486,1040,1393,1085,1141,472,0
486,1040,1393,1085,1136,467,0
486,1040,1393,1085,1133,464,0
486,1040,1393,1085,1130,461,0
486,1040,1393,1085,1123,455,0
486,1040,1393,1085,1120,452,0
486,1040,1393,1085,1118,449,0
486,1040,1393,1085,1114,444,0
486,1040,1393,1085,1112,441,0
486,1040,1393,1085,1110,438,0
486,1040,1393,1085,1109,436,0
486,1040,1393,1085,1108,435,0
486,1040,1393,1085,1105,432,0
486,1040,1393,1085,1104,431,0
486,1040,1393,1085,1103,429,0
486,1040,1393,1085,1102,428,0
486,1040,1393,1085,1101,427,0
486,1040,1393,1085,1100,426,0
486,1040,1393,1085,1100,425,0
486,1040,1393,1085,1099,424,0
486,1040,1393,1085,1097,423,0
486,1040,1393,1085,1096,422,0
486,1040,1393,1085,1095,421,0
486,1040,1393,1085,1093,418,0
486,1040,1393,1085,1092,417,0
486,1040,1393,1085,1090,416,0
486,1040,1393,1085,1088,414,0
486,1040,1393,1085,1087,412,0
486,1040,1393,1085,1084,410,0
486,1040,1393,1085,1083,408,0
486,1040,1393,1085,1082,407,0
486,1040,1393,1085,1079,404,0
486,1040,1393,1085,1078,402,0
486,1040,1393,1085,1076,401,0
486,1040,1393,1085,1074,398,0
486,1040,1393,1085,1073,397,0
486,1040,1393,1085,1071,395,0
486,1040,1393,1085,1070,394,0
486,1040,1393,1085,1069,393,0
486,1040,1393,1085,1067,390,0
486,1040,1393,1085,1066,389,0
486,1040,1393,1085,1064,388,0
486,1040,1393,1085,1063,386,0
486,1040,1393,1085,1062,386,0
486,1040,1393,1085,1062,385,0
486,1040,1393,1085,1059,383,0
486,1040,1393,1085,1058,382,0
486,1040,1393,1085,1056,379,0
486,1040,1393,1085,1055,378,0
486,1040,1393,1085,1054,378,0
486,1040,1393,1085,1053,377,0
486,1040,1393,1085,1053,377,0
486,1040,1393,1085,1053,377,0
