486,1040,1393,1085,884,363,0
486,1040,1393,1085,884,363,0
486,1040,1393,1085,884,363,0
486,1040,1393,1085,884,363,0
486,1040,1393,1085,884,363,0
486,1040,1393,1085,884,363,0
486,1040,1393,1085,884,363,0
486,1040,1393,1085,884,363,0
486,1040,1393,1085,884,363,0
486,1040,1393,1085,884,363,0
486,1040,1393,1085,884,363,0
486,1040,1393,1085,884,363,0
486,1040,1393,1085,884,363,0
486,1040,1393,1085,884,363,0
486,1040,1393,1085,884,363,0
486,1040,1393,1085,884,363,0
486,1040,1393,1085,884,363,0
486,1040,1393,1085,884,363,0
486,1040,1393,1085,884,363,0
486,1040,1393,1085,884,363,0
486,1040,1393,1085,884,363,0
486,1040,1393,1085,884,363,0
486,1040,1393,1085,884,363,0
486,1040,1393,1085,884,364,0
486,1040,1393,1085,884,364,0
486,1040,1393,1085,883,365,0
486,1040,1393,1085,880,369,0
486,1040,1393,1085,876,376,0
486,1040,1393,1085,863,393,0
486,1040,1393,1085,855,404,0
486,1040,1393,1085,847,413,0
486,1040,1393,1085,833,430,0
486,1040,1393,1085,830,435,0
486,1040,1393,1085,827,440,0
486,1040,1393,1085,823,445,0
486,1040,1393,1085,823,448,0
486,1040,1393,1085,821,451,0
486,1040,1393,1085,820,454,0
486,1040,1393,1085,819,456,0
486,1040,1393,1085,815,461,0
486,1040,1393,1085,812,463,0
486,1040,1393,1085,809,466,0
486,1040,1393,1085,803,470,0
486,1040,1393,1085,800,472,0
486,1040,1393,1085,796,475,0
486,1040,1393,1085,794,476,0
486,1040,1393,1085,792,477,0
486,1040,1393,1085,790,479,0
486,1040,1393,1085,787,481,0
486,1040,1393,1085,784,483,0
486,1040,1393,1085,780,486,0
486,1040,1393,1085,778,488,0
486,1040,1393,1085,776,489,0
486,1040,1393,1085,770,493,0
486,1040,1393,1085,767,495,0
486,1040,1393,1085,764,497,0
486,1040,1393,1085,757,502,0
486,1040,1393,1085,753,505,0
486,1040,1393,1085,748,510,0
486,1040,1393,1085,744,513,0
486,1040,1393,1085,741,516,0
486,1040,1393,1085,737,520,0
486,1040,1393,1085,734,523,0
486,1040,1393,1085,728,527,0
486,1040,1393,1085,726,529,0
486,1040,1393,1085,723,531,0
486,1040,1393,1085,715,534,0
486,1040,1393,1085,713,536,0
486,1040,1393,1085,710,539,0
486,1040,1393,1085,706,542,0
486,1040,1393,1085,705,543,0
486,1040,1393,1085,702,545,0
486,1040,1393,1085,700,547,0
486,1040,1393,1085,699,548,0
486,1040,1393,1085,696,550,0
486,1040,1393,1085,693,551,0
486,1040,1393,1085,685,555,0
486,1040,1393,1085,680,558,0
486,1040,1393,1085,678,559,0
486,1040,1393,1085,676,560,0
486,1040,1393,1085,675,561,0
486,1040,1393,1085,672,563,0
486,1040,1393,1085,670,564,0
486,1040,1393,1085,666,567,0
486,1040,1393,1085,660,571,0
486,1040,1393,1085,656,572,0
486,1040,1393,1085,653,574,0
486,1040,1393,1085,647,578,0
486,1040,1393,1085,644,580,0
486,1040,1393,1085,639,584,0
486,1040,1393,1085,637,586,0
486,1040,1393,1085,634,589,0
486,1040,1393,1085,632,590,0
486,1040,1393,1085,626,594,0
486,1040,1393,1085,620,598,0
486,1040,1393,1085,616,600,0
486,1040,1393,1085,613,602,0
486,1040,1393,1085,607,605,0
486,1040,1393,1085,604,607,0
486,1040,1393,1085,602,609,0
486,1040,1393,1085,598,611,0
486,1040,1393,1085,597,613,0
486,1040,1393,1085,592,614,0
486,1040,1393,1085,590,615,0
486,1040,1393,1085,587,616,0
486,1040,1393,1085,580,619,0
486,1040,1393,1085,576,620,0
486,1040,1393,1085,568,623,0
486,1040,1393,1085,563,624,0
486,1040,1393,1085,560,626,0
486,1040,1393,1085,556,629,0
486,1040,1393,1085,555,630,0
486,1040,1393,1085,553,631,0
486,1040,1393,1085,548,634,0
486,1040,1393,1085,544,636,0
486,1040,1393,1085,539,639,0
486,1040,1393,1085,536,641,0
486,1040,1393,1085,533,642,0
486,1040,1393,1085,527,646,0
486,1040,1393,1085,525,648,0
486,1040,1393,1085,522,650,0
486,1040,1393,1085,517,654,0
486,1040,1393,1085,515,655,0
486,1040,1393,1085,513,657,0
486,1040,1393,1085,510,659,0
486,1040,1393,1085,508,660,0
486,1040,1393,1085,507,662,0
486,1040,1393,1085,503,664,0
486,1040,1393,1085,501,665,0
486,1040,1393,1085,499,667,0
486,1040,1393,1085,498,668,0
486,1040,1393,1085,497,669,0
486,1040,1393,1085,494,671,0
486,1040,1393,1085,492,673,0
486,1040,1393,1085,491,674,0
486,1040,1393,1085,487,677,0
486,1040,1393,1085,485,679,0
486,1040,1393,1085,484,680,0
486,1040,1393,1085,481,683,0
486,1040,1393,1085,480,684,0
486,1040,1393,1085,477,686,0
486,1040,1393,1085,475,688,0
486,1040,1393,1085,471,693,0
486,1040,1393,1085,469,695,0
486,1040,1393,1085,466,698,0
486,1040,1393,1085,461,704,0
486,1040,1393,1085,459,706,0
486,1040,1393,1085,458,708,0
486,1040,1393,1085,457,711,0
486,1040,1393,1085,456,713,0
486,1040,1393,1085,455,714,0
486,1040,1393,1085,452,720,0
486,1040,1393,1085,451,724,0
486,1040,1393,1085,450,727,0
486,1040,1393,1085,448,732,0
486,1040,1393,1085,447,735,0
486,1040,1393,1085,444,740,0
486,1040,1393,1085,443,743,0
486,1040,1393,1085,442,745,0
486,1040,1393,1085,440,751,0
486,1040,1393,1085,438,754,0
486,1040,1393,1085,436,757,0
486,1040,1393,1085,431,763,0
486,1040,1393,1085,429,765,0
486,1040,1393,1085,427,769,0
486,1040,1393,1085,427,770,0
486,1040,1393,1085,426,771,0
486,1040,1393,1085,425,773,0
486,1040,1393,1085,424,775,0
486,1040,1393,1085,424,776,0
486,1040,1393,1085,424,778,0
486,1040,1393,1085,422,783,0
486,1040,1393,1085,421,785,0
486,1040,1393,1085,420,790,0
486,1040,1393,1085,419,793,0
486,1040,1393,1085,418,795,0
486,1040,1393,1085,417,800,0
486,1040,1393,1085,416,802,0
486,1040,1393,1085,414,809,0
486,1040,1393,1085,413,812,0
486,1040,1393,1085,412,816,0
486,1040,1393,1085,410,823,0
486,1040,1393,1085,409,826,0
486,1040,1393,1085,408,829,0
486,1040,1393,1085,406,835,0
486,1040,1393,1085,405,838,0
486,1040,1393,1085,403,843,0
486,1040,1393,1085,403,845,0
486,1040,1393,1085,402,847,0
486,1040,1393,1085,402,850,0
486,1040,1393,1085,402,852,0
486,1040,1393,1085,401,854,0
486,1040,1393,1085,400,859,0
486,1040,1393,1085,399,862,0
486,1040,1393,1085,398,868,0
486,1040,1393,1085,397,870,0
486,1040,1393,1085,396,873,0
486,1040,1393,1085,396,876,0
486,1040,1393,1085,395,881,0
486,1040,1393,1085,395,884,0
486,1040,1393,1085,394,889,0
486,1040,1393,1085,393,891,0
486,1040,1393,1085,392,894,0
486,1040,1393,1085,391,898,0
486,1040,1393,1085,390,899,0
486,1040,1393,1085,390,901,0
486,1040,1393,1085,388,904,0
486,1040,1393,1085,387,906,0
486,1040,1393,1085,385,909,0
486,1040,1393,1085,383,914,0
486,1040,1393,1085,382,915,0
486,1040,1393,1085,382,916,0
486,1040,1393,1085,382,916,0
486,1040,1393,1085,381,918,0
486,1040,1393,1085,380,921,0
486,1040,1393,1085,379,923,0
486,1040,1393,1085,379,925,0
486,1040,1393,1085,377,928,0
486,1040,1393,1085,377,929,0
486,1040,1393,1085,376,931,0
486,1040,1393,1085,376,931,0
486,1040,1393,1085,376,932,0
486,1040,1393,1085,376,934,0
486,1040,1393,1085,375,935,0
486,1040,1393,1085,375,937,0
486,1040,1393,1085,373,943,0
486,1040,1393,1085,372,945,0
486,1040,1393,1085,371,948,0
486,1040,1393,1085,370,952,0
486,1040,1393,1085,370,954,0
486,1040,1393,1085,369,955,0
486,1040,1393,1085,369,958,0
486,1040,1393,1085,368,959,0
486,1040,1393,1085,367,962,0
486,1040,1393,1085,366,964,0
486,1040,1393,1085,366,965,0
486,1040,1393,1085,364,967,0
486,1040,1393,1085,363,968,0
486,1040,1393,1085,363,970,0
486,1040,1393,1085,362,970,0
486,1040,1393,1085,362,971,0
486,1040,1393,1085,361,973,0
486,1040,1393,1085,360,973,0
486,1040,1393,1085,360,974,0
486,1040,1393,1085,359,975,0
486,1040,1393,1085,358,976,0
486,1040,1393,1085,358,977,0
486,1040,1393,1085,358,977,0
486,1040,1393,1085,358,977,0
486,1040,1393,1085,358,977,0
486,1040,1393,1085,358,977,0
486,1040,1393,1085,358,977,0
486,1040,1393,1085,358,978,0
486,1040,1393,1085,358,978,0
486,1040,1393,1085,358,978,0
486,1040,1393,1085,357,979,0
486,1040,1393,1085,356,980,0
486,1040,1393,1085,355,982,0
486,1040,1393,1085,355,982,0
486,1040,1393,1085,355,982,0
486,1040,1393,1085,354,983,0
486,1040,1393,1085,352,985,0
486,1040,1393,1085,350,987,0
486,1040,1393,1085,348,989,0
486,1040,1393,1085,348,989,0
486,1040,1393,1085,348,990,0
486,1040,1393,1085,348,990,0
486,1040,1393,1085,348,990,0
486,1040,1393,1085,348,990,0
486,1040,1393,1085,348,990,0
486,1040,1393,1085,348,990,0
486,1040,1393,1085,348,990,0
486,1040,1393,1085,347,990,0
486,1040,1393,1085,346,991,0
486,1040,1393,1085,346,991,0
486,1040,1393,1085,346,991,0
486,1040,1393,1085,346,991,0
486,1040,1393,1085,346,991,0
486,1040,1393,1085,346,991,1
486,1040,1393,1085,346,991,1
486,1040,1393,1085,346,991,1
486,1040,1393,1085,346,991,1
486,1040,1393,1085,346,991,1
486,1040,1393,1085,346,991,1
486,1040,1393,1085,346,992,1
486,1040,1393,1085,346,992,1
486,1040,1393,1085,346,992,1
486,1040,1393,1085,346,992,1
486,1040,1393,1085,346,992,1
486,1040,1393,1085,346,992,1
486,1040,1393,1085,346,992,1
486,1040,1393,1085,346,992,1
486,1040,1393,1085,346,992,1
486,1040,1393,1085,346,992,1
486,1040,1393,1085,346,992,1
486,1040,1393,1085,346,991,1
486,1040,1393,1085,346,991,1
486,1040,1393,1085,346,991,1
486,1040,1393,1085,348,991,1
486,1040,1393,1085,350,991,1
486,1040,1393,1085,353,991,1
486,1040,1393,1085,362,991,1
486,1040,1393,1085,367,991,1
486,1040,1393,1085,377,991,1
486,1040,1393,1085,381,991,1
486,1040,1393,1085,386,991,1
486,1040,1393,1085,395,991,1
486,1040,1393,1085,401,991,1
486,1040,1393,1085,408,991,1
486,1040,1393,1085,417,991,1
486,1040,1393,1085,420,991,1
486,1040,1393,1085,421,991,1
486,1040,1393,1085,423,991,1
486,1040,1393,1085,423,991,1
486,1040,1393,1085,427,991,1
486,1040,1393,1085,429,990,1
486,1040,1393,1085,432,990,1
486,1040,1393,1085,439,989,1
486,1040,1393,1085,441,989,1
486,1040,1393,1085,443,989,1
486,1040,1393,1085,447,989,1
486,1040,1393,1085,449,988,1
486,1040,1393,1085,451,988,1
486,1040,1393,1085,456,987,1
486,1040,1393,1085,459,987,1
486,1040,1393,1085,462,987,1
486,1040,1393,1085,468,986,1
486,1040,1393,1085,471,985,1
486,1040,1393,1085,477,984,1
486,1040,1393,1085,480,983,1
486,1040,1393,1085,484,983,1
486,1040,1393,1085,491,982,1
486,1040,1393,1085,494,981,1
486,1040,1393,1085,497,980,1
486,1040,1393,1085,503,979,1
486,1040,1393,1085,507,978,1
486,1040,1393,1085,515,977,1
486,1040,1393,1085,519,976,1
486,1040,1393,1085,527,975,1
486,1040,1393,1085,530,974,1
486,1040,1393,1085,535,974,1
486,1040,1393,1085,542,973,1
486,1040,1393,1085,547,972,1
486,1040,1393,1085,549,971,1
486,1040,1393,1085,552,971,1
486,1040,1393,1085,554,970,1
486,1040,1393,1085,559,969,1
486,1040,1393,1085,568,969,1
486,1040,1393,1085,571,968,1
486,1040,1393,1085,576,967,1
486,1040,1393,1085,579,967,1
486,1040,1393,1085,582,966,1
486,1040,1393,1085,588,965,1
486,1040,1393,1085,592,964,1
486,1040,1393,1085,598,963,1
486,1040,1393,1085,601,963,1
486,1040,1393,1085,604,963,1
486,1040,1393,1085,612,962,1
486,1040,1393,1085,616,961,1
486,1040,1393,1085,621,961,1
486,1040,1393,1085,629,961,1
486,1040,1393,1085,632,961,1
486,1040,1393,1085,636,961,1
486,1040,1393,1085,641,961,1
486,1040,1393,1085,644,961,1
486,1040,1393,1085,650,961,1
486,1040,1393,1085,654,961,1
486,1040,1393,1085,658,961,1
486,1040,1393,1085,667,961,1
486,1040,1393,1085,671,962,1
486,1040,1393,1085,675,962,1
486,1040,1393,1085,684,962,1
486,1040,1393,1085,688,963,1
486,1040,1393,1085,692,964,1
486,1040,1393,1085,703,965,1
486,1040,1393,1085,707,965,1
486,1040,1393,1085,713,965,1
486,1040,1393,1085,723,965,1
486,1040,1393,1085,726,967,1
486,1040,1393,1085,733,968,1
486,1040,1393,1085,736,968,1
486,1040,1393,1085,740,968,1
486,1040,1393,1085,745,969,1
486,1040,1393,1085,748,969,1
486,1040,1393,1085,752,969,1
486,1040,1393,1085,758,969,1
486,1040,1393,1085,761,969,1
486,1040,1393,1085,764,970,1
486,1040,1393,1085,770,970,1
486,1040,1393,1085,773,970,1
486,1040,1393,1085,779,970,1
486,1040,1393,1085,783,971,1
486,1040,1393,1085,787,971,1
486,1040,1393,1085,794,971,1
486,1040,1393,1085,797,972,1
486,1040,1393,1085,799,972,1
486,1040,1393,1085,802,972,1
486,1040,1393,1085,806,972,1
486,1040,1393,1085,809,972,1
486,1040,1393,1085,817,972,1
486,1040,1393,1085,821,972,1
486,1040,1393,1085,824,972,1
486,1040,1393,1085,827,972,1
486,1040,1393,1085,828,972,1
486,1040,1393,1085,830,972,1
486,1040,1393,1085,834,972,1
486,1040,1393,1085,836,973,1
486,1040,1393,1085,839,973,1
486,1040,1393,1085,846,973,1
486,1040,1393,1085,849,973,1
486,1040,1393,1085,851,973,1
486,1040,1393,1085,855,973,1
486,1040,1393,1085,856,973,1
486,1040,1393,1085,858,973,1
486,1040,1393,1085,858,973,1
486,1040,1393,1085,858,973,1
486,1040,1393,1085,860,973,1
486,1040,1393,1085,862,974,1
486,1040,1393,1085,865,974,1
486,1040,1393,1085,871,975,1
486,1040,1393,1085,874,975,1
486,1040,1393,1085,879,975,1
486,1040,1393,1085,887,975,1
486,1040,1393,1085,891,976,1
486,1040,1393,1085,894,976,1
486,1040,1393,1085,899,976,1
486,1040,1393,1085,901,976,1
486,1040,1393,1085,904,976,1
486,1040,1393,1085,910,976,1
486,1040,1393,1085,914,976,1
486,1040,1393,1085,918,976,1
486,1040,1393,1085,924,976,1
486,1040,1393,1085,925,976,1
486,1040,1393,1085,927,976,1
486,1040,1393,1085,928,975,1
486,1040,1393,1085,928,975,1
486,1040,1393,1085,930,975,1
486,1040,1393,1085,931,975,1
486,1040,1393,1085,932,975,1
486,1040,1393,1085,934,975,1
486,1040,1393,1085,936,975,1
486,1040,1393,1085,941,975,1
486,1040,1393,1085,945,975,1
486,1040,1393,1085,949,974,1
486,1040,1393,1085,958,974,1
486,1040,1393,1085,962,974,1
486,1040,1393,1085,966,974,1
486,1040,1393,1085,973,974,1
486,1040,1393,1085,976,974,1
486,1040,1393,1085,979,974,1
486,1040,1393,1085,981,974,1
486,1040,1393,1085,983,974,1
486,1040,1393,1085,984,974,1
486,1040,1393,1085,984,974,1
486,1040,1393,1085,984,974,1
486,1040,1393,1085,984,974,1
486,1040,1393,1085,986,974,1
486,1040,1393,1085,988,974,1
486,1040,1393,1085,989,974,1
486,1040,1393,1085,992,974,1
486,1040,1393,1085,993,974,1
486,1040,1393,1085,996,974,1
486,1040,1393,1085,1003,974,1
486,1040,1393,1085,1007,974,1
486,1040,1393,1085,1014,974,1
486,1040,1393,1085,1016,974,1
486,1040,1393,1085,1018,974,1
486,1040,1393,1085,1021,974,1
486,1040,1393,1085,1022,974,1
486,1040,1393,1085,1023,974,1
486,1040,1393,1085,1026,974,1
486,1040,1393,1085,1028,974,1
486,1040,1393,1085,1034,974,1
486,1040,1393,1085,1037,974,1
486,1040,1393,1085,1040,975,1
486,1040,1393,1085,1043,975,1
486,1040,1393,1085,1048,976,1
486,1040,1393,1085,1051,976,1
486,1040,1393,1085,1054,976,1
486,1040,1393,1085,1060,977,1
486,1040,1393,1085,1064,977,1
486,1040,1393,1085,1070,977,1
486,1040,1393,1085,1074,977,1
486,1040,1393,1085,1078,978,1
486,1040,1393,1085,1086,978,1
486,1040,1393,1085,1090,978,1
486,1040,1393,1085,1094,978,1
486,1040,1393,1085,1102,979,1
486,1040,1393,1085,1108,979,1
486,1040,1393,1085,1118,979,1
486,1040,1393,1085,1122,979,1
486,1040,1393,1085,1128,980,1
486,1040,1393,1085,1140,980,1
486,1040,1393,1085,1147,981,1
486,1040,1393,1085,1154,981,1
486,1040,1393,1085,1172,981,1
486,1040,1393,1085,1179,981,1
486,1040,1393,1085,1187,982,1
486,1040,1393,1085,1197,981,1
486,1040,1393,1085,1198,981,1
486,1040,1393,1085,1200,981,1
486,1040,1393,1085,1200,981,1
486,1040,1393,1085,1200,981,1
486,1040,1393,1085,1200,981,1
486,1040,1393,1085,1203,981,1
486,1040,1393,1085,1206,981,1
486,1040,1393,1085,1209,981,1
486,1040,1393,1085,1213,981,1
486,1040,1393,1085,1214,981,1
486,1040,1393,1085,1217,981,1
486,1040,1393,1085,1218,981,1
486,1040,1393,1085,1220,981,1
486,1040,1393,1085,1223,981,1
486,1040,1393,1085,1226,981,1
486,1040,1393,1085,1230,981,1
486,1040,1393,1085,1237,982,1
486,1040,1393,1085,1239,982,1
486,1040,1393,1085,1241,982,1
486,1040,1393,1085,1245,982,1
486,1040,1393,1085,1247,981,1
486,1040,1393,1085,1252,980,1
486,1040,1393,1085,1255,980,1
486,1040,1393,1085,1257,979,1
486,1040,1393,1085,1261,978,1
486,1040,1393,1085,1263,977,1
486,1040,1393,1085,1264,977,1
486,1040,1393,1085,1268,975,1
486,1040,1393,1085,1270,974,1
486,1040,1393,1085,1272,974,1
486,1040,1393,1085,1277,972,1
486,1040,1393,1085,1279,971,1
486,1040,1393,1085,1281,971,1
486,1040,1393,1085,1283,970,1
486,1040,1393,1085,1284,969,1
486,1040,1393,1085,1286,968,1
486,1040,1393,1085,1287,967,1
486,1040,1393,1085,1288,967,1
486,1040,1393,1085,1292,965,1
486,1040,1393,1085,1294,964,1
486,1040,1393,1085,1296,963,1
486,1040,1393,1085,1299,962,1
486,1040,1393,1085,1301,962,1
486,1040,1393,1085,1301,962,1
486,1040,1393,1085,1301,962,1
486,1040,1393,1085,1301,962,1
486,1040,1393,1085,1301,962,1
486,1040,1393,1085,1301,962,1
486,1040,1393,1085,1302,962,1
486,1040,1393,1085,1303,961,1
486,1040,1393,1085,1304,961,1
486,1040,1393,1085,1305,961,1
486,1040,1393,1085,1307,960,1
486,1040,1393,1085,1308,960,1
486,1040,1393,1085,1310,960,1
486,1040,1393,1085,1313,960,1
486,1040,1393,1085,1315,960,1
486,1040,1393,1085,1316,960,1
486,1040,1393,1085,1317,960,1
486,1040,1393,1085,1317,960,1
486,1040,1393,1085,1319,959,1
486,1040,1393,1085,1320,959,1
486,1040,1393,1085,1321,959,1
486,1040,1393,1085,1324,959,1
486,1040,1393,1085,1326,959,1
486,1040,1393,1085,1326,959,1
486,1040,1393,1085,1327,959,1
486,1040,1393,1085,1327,959,1
486,1040,1393,1085,1327,959,1
486,1040,1393,1085,1327,959,1
486,1040,1393,1085,1327,959,1
486,1040,1393,1085,1327,959,1
486,1040,1393,1085,1327,959,1
486,1040,1393,1085,1327,959,1
486,1040,1393,1085,1327,959,1
486,1040,1393,1085,1327,959,1
486,1040,1393,1085,1327,959,1
486,1040,1393,1085,1327,959,1
486,1040,1393,1085,1327,959,0
486,1040,1393,1085,1327,959,0
486,1040,1393,1085,1327,959,0
486,1040,1393,1085,1327,959,0
486,1040,1393,1085,1327,959,0
486,1040,1393,1085,1326,959,0
486,1040,1393,1085,1326,959,0
486,1040,1393,1085,1326,959,0
486,1040,1393,1085,1326,959,0
486,1040,1393,1085,1326,959,0
486,1040,1393,1085,1326,959,0
486,1040,1393,1085,1326,959,0
486,1040,1393,1085,1326,959,0
486,1040,1393,1085,1326,959,0
486,1040,1393,1085,1326,959,0
486,1040,1393,1085,1326,959,0
486,1040,1393,1085,1326,959,0
486,1040,1393,1085,1326,959,0
486,1040,1393,1085,1326,959,0
486,1040,1393,1085,1326,959,0
486,1040,1393,1085,1326,959,0
486,1040,1393,1085,1326,959,0
486,1040,1393,1085,1326,959,0
486,1040,1393,1085,1326,959,0
486,1040,1393,1085,1326,959,0
486,1040,1393,1085,1326,959,0
486,1040,1393,1085,1326,959,0
486,1040,1393,1085,1326,959,0
486,1040,1393,1085,1326,959,0
486,1040,1393,1085,1326,959,0
486,1040,1393,1085,1326,959,0
486,1040,1393,1085,1326,956,0
486,1040,1393,1085,1324,954,0
486,1040,1393,1085,1323,952,0
486,1040,1393,1085,1322,949,0
486,1040,1393,1085,1321,948,0
486,1040,1393,1085,1319,946,0
486,1040,1393,1085,1319,945,0
486,1040,1393,1085,1318,943,0
486,1040,1393,1085,1316,940,0
486,1040,1393,1085,1316,939,0
486,1040,1393,1085,1315,937,0
486,1040,1393,1085,1315,933,0
486,1040,1393,1085,1314,930,0
486,1040,1393,1085,1313,925,0
486,1040,1393,1085,1312,923,0
486,1040,1393,1085,1312,921,0
486,1040,1393,1085,1311,917,0
486,1040,1393,1085,1310,915,0
486,1040,1393,1085,1310,911,0
486,1040,1393,1085,1310,909,0
486,1040,1393,1085,1309,907,0
486,1040,1393,1085,1309,906,0
486,1040,1393,1085,1308,902,0
486,1040,1393,1085,1308,901,0
486,1040,1393,1085,1307,899,0
486,1040,1393,1085,1306,895,0
486,1040,1393,1085,1306,893,0
486,1040,1393,1085,1305,888,0
486,1040,1393,1085,1305,885,0
486,1040,1393,1085,1305,882,0
486,1040,1393,1085,1305,876,0
486,1040,1393,1085,1305,872,0
486,1040,1393,1085,1305,869,0
486,1040,1393,1085,1305,863,0
486,1040,1393,1085,1305,860,0
486,1040,1393,1085,1303,853,0
486,1040,1393,1085,1301,849,0
486,1040,1393,1085,1299,845,0
486,1040,1393,1085,1295,836,0
486,1040,1393,1085,1293,831,0
486,1040,1393,1085,1291,826,0
486,1040,1393,1085,1286,815,0
486,1040,1393,1085,1284,809,0
486,1040,1393,1085,1282,805,0
486,1040,1393,1085,1277,794,0
486,1040,1393,1085,1274,789,0
486,1040,1393,1085,1272,784,0
486,1040,1393,1085,1268,776,0
486,1040,1393,1085,1267,774,0
486,1040,1393,1085,1265,770,0
486,1040,1393,1085,1264,764,0
486,1040,1393,1085,1263,762,0
486,1040,1393,1085,1261,758,0
486,1040,1393,1085,1260,756,0
486,1040,1393,1085,1259,754,0
486,1040,1393,1085,1258,750,0
486,1040,1393,1085,1258,748,0
486,1040,1393,1085,1258,745,0
486,1040,1393,1085,1258,740,0
486,1040,1393,1085,1258,738,0
486,1040,1393,1085,1258,736,0
486,1040,1393,1085,1258,733,0
486,1040,1393,1085,1258,731,0
486,1040,1393,1085,1258,730,0
486,1040,1393,1085,1257,726,0
486,1040,1393,1085,1257,724,0
486,1040,1393,1085,1255,719,0
486,1040,1393,1085,1254,715,0
486,1040,1393,1085,1253,712,0
486,1040,1393,1085,1251,706,0
486,1040,1393,1085,1250,703,0
486,1040,1393,1085,1248,700,0
486,1040,1393,1085,1247,695,0
486,1040,1393,1085,1246,693,0
486,1040,1393,1085,1244,688,0
486,1040,1393,1085,1243,686,0
486,1040,1393,1085,1242,683,0
486,1040,1393,1085,1241,681,0
486,1040,1393,1085,1238,676,0
486,1040,1393,1085,1237,674,0
486,1040,1393,1085,1234,669,0
486,1040,1393,1085,1233,666,0
486,1040,1393,1085,1231,663,0
486,1040,1393,1085,1228,658,0
486,1040,1393,1085,1226,655,0
486,1040,1393,1085,1224,652,0
486,1040,1393,1085,1220,646,0
486,1040,1393,1085,1218,643,0
486,1040,1393,1085,1215,638,0
486,1040,1393,1085,1213,635,0
486,1040,1393,1085,1211,631,0
486,1040,1393,1085,1207,626,0
486,1040,1393,1085,1206,623,0
486,1040,1393,1085,1204,620,0
486,1040,1393,1085,1201,616,0
486,1040,1393,1085,1199,613,0
486,1040,1393,1085,1197,611,0
486,1040,1393,1085,1194,605,0
486,1040,1393,1085,1192,602,0
486,1040,1393,1085,1191,600,0
486,1040,1393,1085,1187,594,0
486,1040,1393,1085,1184,591,0
486,1040,1393,1085,1181,587,0
486,1040,1393,1085,1176,579,0
486,1040,1393,1085,1173,575,0
486,1040,1393,1085,1171,572,0
486,1040,1393,1085,1168,565,0
486,1040,1393,1085,1165,561,0
486,1040,1393,1085,1162,554,0
486,1040,1393,1085,1160,551,0
486,1040,1393,1085,1159,547,0
486,1040,1393,1085,1153,538,0
486,1040,1393,1085,1150,532,0
486,1040,1393,1085,1148,528,0
486,1040,1393,1085,1144,519,0
486,1040,1393,1085,1142,516,0
486,1040,1393,1085,1141,513,0
486,1040,1393,1085,1139,507,0
486,1040,1393,1085,1138,504,0
486,1040,1393,1085,1135,500,0
486,1040,1393,1085,1134,497,0
486,1040,1393,1085,1133,495,0
486,1040,1393,1085,1130,491,0
486,1040,1393,1085,1129,488,0
486,1040,1393,1085,1128,486,0
486,1040,1393,1085,1126,482,0
486,1040,1393,1085,1124,479,0
486,1040,1393,1085,1123,477,0
486,1040,1393,1085,1120,471,0
486,1040,1393,1085,1118,468,0
486,1040,1393,1085,1116,465,0
486,1040,1393,1085,1112,459,0
486,1040,1393,1085,1110,456,0
486,1040,1393,1085,1108,453,0
486,1040,1393,1085,1106,449,0
486,1040,1393,1085,1104,447,0
486,1040,1393,1085,1100,441,0
486,1040,1393,1085,1099,438,0
486,1040,1393,1085,1097,435,0
486,1040,1393,1085,1092,428,0
486,1040,1393,1085,1090,426,0
486,1040,1393,1085,1090,423,0
486,1040,1393,1085,1087,420,0
486,1040,1393,1085,1086,418,0
486,1040,1393,1085,1084,413,0
486,1040,1393,1085,1083,411,0
486,1040,1393,1085,1082,409,0
486,1040,1393,1085,1079,404,0
486,1040,1393,1085,1077,401,0
486,1040,1393,1085,1076,399,0
486,1040,1393,1085,1076,398,0
486,1040,1393,1085,1075,395,0
486,1040,1393,1085,1074,394,0
486,1040,1393,1085,1074,392,0
486,1040,1393,1085,1073,390,0
486,1040,1393,1085,1072,388,0
486,1040,1393,1085,1071,387,0
486,1040,1393,1085,1071,386,0
486,1040,1393,1085,1071,386,0
486,1040,1393,1085,1070,384,0
486,1040,1393,1085,1070,383,0
486,1040,1393,1085,1069,382,0
486,1040,1393,1085,1069,380,0
486,1040,1393,1085,1068,380,0
486,1040,1393,1085,1068,379,0
486,1040,1393,1085,1068,378,0
486,1040,1393,1085,1068,378,0
486,1040,1393,1085,1068,378,0
486,1040,1393,1085,1068,378,0
486,1040,1393,1085,1068,378,0
