486,1040,1393,1085,884,381,0
486,1040,1393,1085,884,381,0
486,1040,1393,1085,884,381,0
486,1040,1393,1085,884,381,0
486,1040,1393,1085,884,381,0
486,1040,1393,1085,884,381,0
486,1040,1393,1085,884,381,0
486,1040,1393,1085,884,381,0
486,1040,1393,1085,884,381,0
486,1040,1393,1085,884,381,0
486,1040,1393,1085,884,381,0
486,1040,1393,1085,884,381,0
486,1040,1393,1085,884,381,0
486,1040,1393,1085,884,381,0
486,1040,1393,1085,884,381,0
486,1040,1393,1085,884,381,0
486,1040,1393,1085,884,382,0
486,1040,1393,1085,884,382,0
486,1040,1393,1085,884,382,0
486,1040,1393,1085,884,382,0
486,1040,1393,1085,884,382,0
486,1040,1393,1085,883,385,0
486,1040,1393,1085,883,389,0
486,1040,1393,1085,881,395,0
486,1040,1393,1085,879,404,0
486,1040,1393,1085,877,409,0
486,1040,1393,1085,876,413,0
486,1040,1393,1085,872,422,0
486,1040,1393,1085,870,426,0
486,1040,1393,1085,866,435,0
486,1040,1393,1085,865,440,0
486,1040,1393,1085,863,444,0
486,1040,1393,1085,861,453,0
486,1040,1393,1085,860,457,0
486,1040,1393,1085,860,461,0
486,1040,1393,1085,859,468,0
486,1040,1393,1085,858,470,0
486,1040,1393,1085,858,472,0
486,1040,1393,1085,856,476,0
486,1040,1393,1085,855,478,0
486,1040,1393,1085,855,480,0
486,1040,1393,1085,854,484,0
486,1040,1393,1085,853,485,0
486,1040,1393,1085,851,489,0
486,1040,1393,1085,850,492,0
486,1040,1393,1085,849,495,0
486,1040,1393,1085,845,502,0
486,1040,1393,1085,843,506,0
486,1040,1393,1085,840,511,0
486,1040,1393,1085,836,519,0
486,1040,1393,1085,833,523,0
486,1040,1393,1085,829,531,0
486,1040,1393,1085,827,534,0
486,1040,1393,1085,824,537,0
486,1040,1393,1085,822,542,0
486,1040,1393,1085,820,544,0
486,1040,1393,1085,820,545,0
486,1040,1393,1085,818,548,0
486,1040,1393,1085,817,550,0
486,1040,1393,1085,816,551,0
486,1040,1393,1085,814,555,0
486,1040,1393,1085,813,557,0
486,1040,1393,1085,812,558,0
486,1040,1393,1085,810,561,0
486,1040,1393,1085,809,563,0
486,1040,1393,1085,808,565,0
486,1040,1393,1085,807,565,0
486,1040,1393,1085,806,567,0
486,1040,1393,1085,805,569,0
486,1040,1393,1085,804,571,0
486,1040,1393,1085,803,573,0
486,1040,1393,1085,801,576,0
486,1040,1393,1085,800,578,0
486,1040,1393,1085,798,581,0
486,1040,1393,1085,796,584,0
486,1040,1393,1085,795,585,0
486,1040,1393,1085,794,587,0
486,1040,1393,1085,791,591,0
486,1040,1393,1085,789,593,0
486,1040,1393,1085,787,595,0
486,1040,1393,1085,784,599,0
486,1040,1393,1085,782,602,0
486,1040,1393,1085,779,607,0
486,1040,1393,1085,777,609,0
486,1040,1393,1085,775,612,0
486,1040,1393,1085,773,615,0
486,1040,1393,1085,769,621,0
486,1040,1393,1085,768,624,0
486,1040,1393,1085,767,627,0
486,1040,1393,1085,765,632,0
486,1040,1393,1085,763,635,0
486,1040,1393,1085,759,641,0
486,1040,1393,1085,757,645,0
486,1040,1393,1085,755,649,0
486,1040,1393,1085,751,656,0
486,1040,1393,1085,748,660,0
486,1040,1393,1085,745,664,0
486,1040,1393,1085,742,671,0
486,1040,1393,1085,741,674,0
486,1040,1393,1085,739,676,0
486,1040,1393,1085,736,683,0
486,1040,1393,1085,735,686,0
486,1040,1393,1085,733,690,0
486,1040,1393,1085,733,691,0
486,1040,1393,1085,732,693,0
486,1040,1393,1085,730,697,0
486,1040,1393,1085,730,698,0
486,1040,1393,1085,728,702,0
486,1040,1393,1085,726,704,0
486,1040,1393,1085,725,707,0
486,1040,1393,1085,724,709,0
486,1040,1393,1085,722,713,0
486,1040,1393,1085,722,715,0
486,1040,1393,1085,721,717,0
486,1040,1393,1085,719,721,0
486,1040,1393,1085,719,724,0
486,1040,1393,1085,717,728,0
486,1040,1393,1085,716,731,0
486,1040,1393,1085,715,733,0
486,1040,1393,1085,714,737,0
486,1040,1393,1085,714,738,0
486,1040,1393,1085,713,740,0
486,1040,1393,1085,712,743,0
486,1040,1393,1085,711,744,0
486,1040,1393,1085,709,747,0
486,1040,1393,1085,708,749,0
486,1040,1393,1085,707,751,0
486,1040,1393,1085,705,755,0
486,1040,1393,1085,704,757,0
486,1040,1393,1085,703,758,0
486,1040,1393,1085,702,762,0
486,1040,1393,1085,701,763,0
486,1040,1393,1085,700,765,0
486,1040,1393,1085,698,769,0
486,1040,1393,1085,697,771,0
486,1040,1393,1085,696,776,0
486,1040,1393,1085,695,778,0
486,1040,1393,1085,694,780,0
486,1040,1393,1085,692,784,0
486,1040,1393,1085,691,786,0
486,1040,1393,1085,691,788,0
486,1040,1393,1085,689,792,0
486,1040,1393,1085,689,794,0
486,1040,1393,1085,689,797,0
486,1040,1393,1085,689,802,0
486,1040,1393,1085,689,805,0
486,1040,1393,1085,689,807,0
486,1040,1393,1085,690,811,0
486,1040,1393,1085,690,813,0
486,1040,1393,1085,688,817,0
486,1040,1393,1085,687,820,0
486,1040,1393,1085,685,823,0
486,1040,1393,1085,681,829,0
486,1040,1393,1085,679,832,0
486,1040,1393,1085,678,834,0
486,1040,1393,1085,677,838,0
486,1040,1393,1085,676,839,0
486,1040,1393,1085,675,843,0
486,1040,1393,1085,673,844,0
486,1040,1393,1085,672,846,0
486,1040,1393,1085,671,849,0
486,1040,1393,1085,671,850,0
486,1040,1393,1085,670,852,0
486,1040,1393,1085,670,855,0
486,1040,1393,1085,670,856,0
486,1040,1393,1085,669,858,0
486,1040,1393,1085,668,862,0
486,1040,1393,1085,668,864,0
486,1040,1393,1085,667,866,0
486,1040,1393,1085,666,870,0
486,1040,1393,1085,665,872,0
486,1040,1393,1085,665,873,0
486,1040,1393,1085,664,877,0
486,1040,1393,1085,663,879,0
486,1040,1393,1085,662,882,0
486,1040,1393,1085,662,884,0
486,1040,1393,1085,661,886,0
486,1040,1393,1085,660,890,0
486,1040,1393,1085,660,891,0
486,1040,1393,1085,660,892,0
486,1040,1393,1085,659,894,0
486,1040,1393,1085,659,896,0
486,1040,1393,1085,659,898,0
486,1040,1393,1085,659,899,0
486,1040,1393,1085,659,900,0
486,1040,1393,1085,659,902,0
486,1040,1393,1085,659,903,0
486,1040,1393,1085,659,905,0
486,1040,1393,1085,659,907,0
486,1040,1393,1085,659,908,0
486,1040,1393,1085,659,908,0
486,1040,1393,1085,659,909,0
486,1040,1393,1085,659,909,0
486,1040,1393,1085,659,910,0
486,1040,1393,1085,658,913,0
486,1040,1393,1085,657,914,0
486,1040,1393,1085,657,915,0
486,1040,1393,1085,656,917,0
486,1040,1393,1085,656,917,0
486,1040,1393,1085,655,919,0
486,1040,1393,1085,655,920,0
486,1040,1393,1085,654,921,0
486,1040,1393,1085,653,922,0
486,1040,1393,1085,653,922,0
486,1040,1393,1085,653,922,0
486,1040,1393,1085,653,922,0
486,1040,1393,1085,653,922,0
486,1040,1393,1085,653,923,0
486,1040,1393,1085,651,923,0
486,1040,1393,1085,651,924,0
486,1040,1393,1085,651,924,0
486,1040,1393,1085,651,924,0
486,1040,1393,1085,651,924,0
486,1040,1393,1085,651,924,0
486,1040,1393,1085,651,924,0
486,1040,1393,1085,651,924,0
486,1040,1393,1085,651,924,0
486,1040,1393,1085,651,924,0
486,1040,1393,1085,651,924,0
486,1040,1393,1085,651,924,0
486,1040,1393,1085,651,924,0
486,1040,1393,1085,651,924,0
486,1040,1393,1085,651,924,0
486,1040,1393,1085,651,924,0
486,1040,1393,1085,651,924,0
486,1040,1393,1085,651,924,0
486,1040,1393,1085,651,924,0
486,1040,1393,1085,651,924,0
486,1040,1393,1085,651,924,0
486,1040,1393,1085,651,924,1
486,1040,1393,1085,651,924,1
486,1040,1393,1085,651,924,1
486,1040,1393,1085,651,924,1
486,1040,1393,1085,651,924,1
486,1040,1393,1085,651,924,1
486,1040,1393,1085,651,924,1
486,1040,1393,1085,651,924,1
486,1040,1393,1085,651,924,1
486,1040,1393,1085,651,924,1
486,1040,1393,1085,651,924,1
486,1040,1393,1085,651,924,1
486,1040,1393,1085,651,924,1
486,1040,1393,1085,651,924,1
486,1040,1393,1085,651,924,1
486,1040,1393,1085,651,924,1
486,1040,1393,1085,651,924,1
486,1040,1393,1085,651,924,1
486,1040,1393,1085,651,924,1
486,1040,1393,1085,651,924,1
486,1040,1393,1085,651,924,1
486,1040,1393,1085,651,924,1
486,1040,1393,1085,651,924,1
486,1040,1393,1085,651,924,1
486,1040,1393,1085,651,924,1
486,1040,1393,1085,651,924,1
486,1040,1393,1085,651,924,1
486,1040,1393,1085,651,924,1
486,1040,1393,1085,651,924,1
486,1040,1393,1085,651,924,1
486,1040,1393,1085,651,924,1
486,1040,1393,1085,651,924,1
486,1040,1393,1085,651,924,1
486,1040,1393,1085,651,924,1
486,1040,1393,1085,651,924,1
486,1040,1393,1085,651,924,1
486,1040,1393,1085,655,925,1
486,1040,1393,1085,658,926,1
486,1040,1393,1085,667,927,1
486,1040,1393,1085,672,928,1
486,1040,1393,1085,677,930,1
486,1040,1393,1085,684,932,1
486,1040,1393,1085,687,933,1
486,1040,1393,1085,689,934,1
486,1040,1393,1085,693,935,1
486,1040,1393,1085,694,935,1
486,1040,1393,1085,698,936,1
486,1040,1393,1085,700,936,1
486,1040,1393,1085,702,937,1
486,1040,1393,1085,705,937,1
486,1040,1393,1085,707,938,1
486,1040,1393,1085,711,939,1
486,1040,1393,1085,713,940,1
486,1040,1393,1085,718,941,1
486,1040,1393,1085,721,942,1
486,1040,1393,1085,724,942,1
486,1040,1393,1085,730,944,1
486,1040,1393,1085,732,944,1
486,1040,1393,1085,738,944,1
486,1040,1393,1085,741,945,1
486,1040,1393,1085,744,945,1
486,1040,1393,1085,748,946,1
486,1040,1393,1085,750,947,1
486,1040,1393,1085,752,947,1
486,1040,1393,1085,757,949,1
486,1040,1393,1085,759,949,1
486,1040,1393,1085,762,950,1
486,1040,1393,1085,771,952,1
486,1040,1393,1085,776,954,1
486,1040,1393,1085,780,955,1
486,1040,1393,1085,790,957,1
486,1040,1393,1085,793,960,1
486,1040,1393,1085,796,960,1
486,1040,1393,1085,799,962,1
486,1040,1393,1085,801,962,1
486,1040,1393,1085,805,963,1
486,1040,1393,1085,808,964,1
486,1040,1393,1085,813,965,1
486,1040,1393,1085,823,967,1
486,1040,1393,1085,827,967,1
486,1040,1393,1085,831,968,1
486,1040,1393,1085,840,970,1
486,1040,1393,1085,845,972,1
486,1040,1393,1085,851,973,1
486,1040,1393,1085,861,975,1
486,1040,1393,1085,866,977,1
486,1040,1393,1085,871,979,1
486,1040,1393,1085,878,980,1
486,1040,1393,1085,881,981,1
486,1040,1393,1085,883,982,1
486,1040,1393,1085,889,983,1
486,1040,1393,1085,892,984,1
486,1040,1393,1085,896,985,1
486,1040,1393,1085,904,988,1
486,1040,1393,1085,908,990,1
486,1040,1393,1085,916,993,1
486,1040,1393,1085,921,994,1
486,1040,1393,1085,925,996,1
486,1040,1393,1085,932,998,1
486,1040,1393,1085,936,1000,1
486,1040,1393,1085,939,1002,1
486,1040,1393,1085,950,1004,1
486,1040,1393,1085,955,1007,1
486,1040,1393,1085,960,1008,1
486,1040,1393,1085,969,1011,1
486,1040,1393,1085,972,1012,1
486,1040,1393,1085,975,1013,1
486,1040,1393,1085,980,1015,1
486,1040,1393,1085,981,1016,1
486,1040,1393,1085,983,1017,1
486,1040,1393,1085,984,1018,1
486,1040,1393,1085,986,1018,1
486,1040,1393,1085,987,1019,1
486,1040,1393,1085,993,1022,1
486,1040,1393,1085,997,1024,1
486,1040,1393,1085,1005,1027,1
486,1040,1393,1085,1009,1029,1
486,1040,1393,1085,1012,1030,1
486,1040,1393,1085,1016,1032,1
486,1040,1393,1085,1019,1033,1
486,1040,1393,1085,1022,1034,1
486,1040,1393,1085,1028,1036,1
486,1040,1393,1085,1031,1037,1
486,1040,1393,1085,1035,1038,1
486,1040,1393,1085,1044,1041,1
486,1040,1393,1085,1051,1042,1
486,1040,1393,1085,1056,1043,1
486,1040,1393,1085,1067,1046,1
486,1040,1393,1085,1073,1047,1
486,1040,1393,1085,1077,1048,1
486,1040,1393,1085,1086,1051,1
486,1040,1393,1085,1091,1052,1
486,1040,1393,1085,1096,1053,1
486,1040,1393,1085,1099,1053,1
486,1040,1393,1085,1101,1054,1
486,1040,1393,1085,1107,1055,1
486,1040,1393,1085,1109,1055,1
486,1040,1393,1085,1110,1056,1
486,1040,1393,1085,1113,1057,1
486,1040,1393,1085,1115,1057,1
486,1040,1393,1085,1118,1058,1
486,1040,1393,1085,1128,1060,1
486,1040,1393,1085,1134,1062,1
486,1040,1393,1085,1140,1063,1
486,1040,1393,1085,1151,1065,1
486,1040,1393,1085,1156,1066,1
486,1040,1393,1085,1160,1067,1
486,1040,1393,1085,1164,1067,1
486,1040,1393,1085,1166,1069,1
486,1040,1393,1085,1168,1070,1
486,1040,1393,1085,1170,1070,1
486,1040,1393,1085,1173,1070,1
486,1040,1393,1085,1182,1072,1
486,1040,1393,1085,1187,1073,1
486,1040,1393,1085,1192,1075,1
486,1040,1393,1085,1199,1077,1
486,1040,1393,1085,1201,1077,1
486,1040,1393,1085,1203,1078,1
486,1040,1393,1085,1205,1079,1
486,1040,1393,1085,1205,1080,1
486,1040,1393,1085,1207,1081,1
486,1040,1393,1085,1208,1082,1
486,1040,1393,1085,1211,1083,1
486,1040,1393,1085,1215,1085,1
486,1040,1393,1085,1218,1086,1
486,1040,1393,1085,1221,1087,1
486,1040,1393,1085,1224,1088,1
486,1040,1393,1085,1232,1090,1
486,1040,1393,1085,1236,1091,1
486,1040,1393,1085,1243,1092,1
486,1040,1393,1085,1246,1093,1
486,1040,1393,1085,1249,1094,1
486,1040,1393,1085,1254,1095,1
486,1040,1393,1085,1256,1096,1
486,1040,1393,1085,1259,1096,1
486,1040,1393,1085,1267,1098,1
486,1040,1393,1085,1273,1099,1
486,1040,1393,1085,1278,1100,1
486,1040,1393,1085,1289,1102,1
486,1040,1393,1085,1293,1103,1
486,1040,1393,1085,1299,1104,1
486,1040,1393,1085,1302,1104,1
486,1040,1393,1085,1305,1105,1
486,1040,1393,1085,1312,1105,1
486,1040,1393,1085,1316,1106,1
486,1040,1393,1085,1321,1106,1
486,1040,1393,1085,1331,1109,1
486,1040,1393,1085,1335,1109,1
486,1040,1393,1085,1338,1110,1
486,1040,1393,1085,1345,1111,1
486,1040,1393,1085,1348,1111,1
486,1040,1393,1085,1354,1111,1
486,1040,1393,1085,1357,1111,1
486,1040,1393,1085,1360,1112,1
486,1040,1393,1085,1364,1112,1
486,1040,1393,1085,1369,1113,1
486,1040,1393,1085,1371,1113,1
486,1040,1393,1085,1374,1114,1
486,1040,1393,1085,1376,1114,1
486,1040,1393,1085,1378,1115,1
486,1040,1393,1085,1382,1116,1
486,1040,1393,1085,1383,1116,1
486,1040,1393,1085,1383,1116,1
486,1040,1393,1085,1385,1117,1
486,1040,1393,1085,1386,1117,1
486,1040,1393,1085,1388,1118,1
486,1040,1393,1085,1393,1120,1
486,1040,1393,1085,1396,1121,1
486,1040,1393,1085,1403,1124,1
486,1040,1393,1085,1407,1125,1
486,1040,1393,1085,1411,1127,1
486,1040,1393,1085,1417,1128,1
486,1040,1393,1085,1419,1129,1
486,1040,1393,1085,1420,1129,1
486,1040,1393,1085,1422,1130,1
486,1040,1393,1085,1424,1131,1
486,1040,1393,1085,1428,1132,1
486,1040,1393,1085,1437,1135,1
486,1040,1393,1085,1442,1137,1
486,1040,1393,1085,1447,1138,1
486,1040,1393,1085,1453,1139,1
486,1040,1393,1085,1456,1140,1
486,1040,1393,1085,1460,1141,1
486,1040,1393,1085,1462,1141,1
486,1040,1393,1085,1465,1142,1
486,1040,1393,1085,1468,1142,1
486,1040,1393,1085,1473,1144,1
486,1040,1393,1085,1476,1144,1
486,1040,1393,1085,1477,1145,1
486,1040,1393,1085,1481,1145,1
486,1040,1393,1085,1483,1146,1
486,1040,1393,1085,1489,1147,1
486,1040,1393,1085,1491,1148,1
486,1040,1393,1085,1494,1148,1
486,1040,1393,1085,1496,1148,1
486,1040,1393,1085,1496,1148,1
486,1040,1393,1085,1496,1148,1
486,1040,1393,1085,1499,1148,1
486,1040,1393,1085,1501,1148,1
486,1040,1393,1085,1503,1149,1
486,1040,1393,1085,1510,1149,1
486,1040,1393,1085,1513,1149,1
486,1040,1393,1085,1515,1149,1
486,1040,1393,1085,1519,1149,1
486,1040,1393,1085,1521,1150,1
486,1040,1393,1085,1524,1150,1
486,1040,1393,1085,1529,1151,1
486,1040,1393,1085,1531,1151,1
486,1040,1393,1085,1534,1151,1
486,1040,1393,1085,1539,1152,1
486,1040,1393,1085,1547,1153,1
486,1040,1393,1085,1551,1153,1
486,1040,1393,1085,1557,1154,1
486,1040,1393,1085,1561,1154,1
486,1040,1393,1085,1567,1154,1
486,1040,1393,1085,1569,1154,1
486,1040,1393,1085,1570,1154,1
486,1040,1393,1085,1572,1154,1
486,1040,1393,1085,1573,1154,1
486,1040,1393,1085,1575,1154,1
486,1040,1393,1085,1577,1154,1
486,1040,1393,1085,1581,1154,1
486,1040,1393,1085,1584,1154,1
486,1040,1393,1085,1586,1154,1
486,1040,1393,1085,1589,1154,1
486,1040,1393,1085,1591,1154,1
486,1040,1393,1085,1593,1154,1
486,1040,1393,1085,1593,1154,1
486,1040,1393,1085,1594,1154,1
486,1040,1393,1085,1598,1154,1
486,1040,1393,1085,1601,1155,1
486,1040,1393,1085,1606,1155,1
486,1040,1393,1085,1608,1155,1
486,1040,1393,1085,1610,1155,1
486,1040,1393,1085,1612,1155,1
486,1040,1393,1085,1616,1155,1
486,1040,1393,1085,1618,1155,1
486,1040,1393,1085,1620,1155,1
486,1040,1393,1085,1620,1155,1
486,1040,1393,1085,1620,1155,1
486,1040,1393,1085,1620,1155,1
486,1040,1393,1085,1620,1155,1
486,1040,1393,1085,1621,1154,1
486,1040,1393,1085,1624,1154,1
486,1040,1393,1085,1626,1154,1
486,1040,1393,1085,1627,1154,1
486,1040,1393,1085,1628,1154,1
486,1040,1393,1085,1628,1154,1
486,1040,1393,1085,1628,1154,1
486,1040,1393,1085,1628,1153,1
486,1040,1393,1085,1629,1153,1
486,1040,1393,1085,1630,1153,1
486,1040,1393,1085,1632,1153,1
486,1040,1393,1085,1633,1153,1
486,1040,1393,1085,1634,1153,1
486,1040,1393,1085,1636,1153,1
486,1040,1393,1085,1636,1153,1
486,1040,1393,1085,1637,1153,1
486,1040,1393,1085,1637,1153,1
486,1040,1393,1085,1638,1153,1
486,1040,1393,1085,1640,1153,1
486,1040,1393,1085,1641,1153,1
486,1040,1393,1085,1641,1153,1
486,1040,1393,1085,1641,1153,1
486,1040,1393,1085,1642,1153,1
486,1040,1393,1085,1642,1153,1
486,1040,1393,1085,1643,1153,1
486,1040,1393,1085,1644,1153,1
486,1040,1393,1085,1646,1153,1
486,1040,1393,1085,1648,1153,1
486,1040,1393,1085,1649,1153,1
486,1040,1393,1085,1649,1152,1
486,1040,1393,1085,1650,1152,1
486,1040,1393,1085,1650,1152,1
486,1040,1393,1085,1651,1151,1
486,1040,1393,1085,1651,1151,1
486,1040,1393,1085,1651,1151,1
486,1040,1393,1085,1651,1151,1
486,1040,1393,1085,1652,1151,1
486,1040,1393,1085,1652,1151,1
486,1040,1393,1085,1652,1151,1
486,1040,1393,1085,1652,1151,1
486,1040,1393,1085,1652,1151,1
486,1040,1393,1085,1652,1151,1
486,1040,1393,1085,1651,1151,1
486,1040,1393,1085,1651,1151,1
486,1040,1393,1085,1651,1151,1
486,1040,1393,1085,1651,1151,1
486,1040,1393,1085,1651,1151,1
486,1040,1393,1085,1651,1151,1
486,1040,1393,1085,1651,1151,1
486,1040,1393,1085,1651,1151,1
486,1040,1393,1085,1651,1151,1
486,1040,1393,1085,1651,1151,1
486,1040,1393,1085,1651,1151,1
486,1040,1393,1085,1651,1151,1
486,1040,1393,1085,1651,1151,1
486,1040,1393,1085,1651,1151,1
486,1040,1393,1085,1651,1151,1
486,1040,1393,1085,1651,1151,1
486,1040,1393,1085,1651,1151,1
486,1040,1393,1085,1651,1151,1
486,1040,1393,1085,1651,1151,1
486,1040,1393,1085,1651,1151,1
486,1040,1393,1085,1651,1151,1
486,1040,1393,1085,1651,1151,1
486,1040,1393,1085,1651,1151,1
486,1040,1393,1085,1651,1151,1
486,1040,1393,1085,1651,1151,1
486,1040,1393,1085,1651,1151,1
486,1040,1393,1085,1651,1151,1
486,1040,1393,1085,1651,1151,0
486,1040,1393,1085,1651,1151,0
486,1040,1393,1085,1651,1151,0
486,1040,1393,1085,1651,1151,0
486,1040,1393,1085,1651,1151,0
486,1040,1393,1085,1650,1151,0
486,1040,1393,1085,1650,1151,0
486,1040,1393,1085,1650,1151,0
486,1040,1393,1085,1650,1151,0
486,1040,1393,1085,1650,1151,0
486,1040,1393,1085,1650,1151,0
486,1040,1393,1085,1650,1151,0
486,1040,1393,1085,1650,1151,0
486,1040,1393,1085,1650,1151,0
486,1040,1393,1085,1650,1151,0
486,1040,1393,1085,1650,1151,0
486,1040,1393,1085,1650,1151,0
486,1040,1393,1085,1650,1151,0
486,1040,1393,1085,1650,1151,0
486,1040,1393,1085,1650,1151,0
486,1040,1393,1085,1650,1151,0
486,1040,1393,1085,1650,1151,0
486,1040,1393,1085,1650,1151,0
486,1040,1393,1085,1650,1151,0
486,1040,1393,1085,1650,1151,0
486,1040,1393,1085,1650,1151,0
486,1040,1393,1085,1650,1151,0
486,1040,1393,1085,1650,1151,0
486,1040,1393,1085,1650,1151,0
486,1040,1393,1085,1650,1151,0
486,1040,1393,1085,1650,1151,0
486,1040,1393,1085,1650,1151,0
486,1040,1393,1085,1650,1151,0
486,1040,1393,1085,1650,1151,0
486,1040,1393,1085,1650,1151,0
486,1040,1393,1085,1650,1151,0
486,1040,1393,1085,1650,1151,0
486,1040,1393,1085,1650,1152,0
486,1040,1393,1085,1650,1152,0
486,1040,1393,1085,1649,1151,0
486,1040,1393,1085,1648,1151,0
486,1040,1393,1085,1646,1148,0
486,1040,1393,1085,1644,1146,0
486,1040,1393,1085,1641,1140,0
486,1040,1393,1085,1639,1137,0
486,1040,1393,1085,1637,1135,0
486,1040,1393,1085,1633,1130,0
486,1040,1393,1085,1632,1127,0
486,1040,1393,1085,1631,1125,0
486,1040,1393,1085,1629,1120,0
486,1040,1393,1085,1627,1118,0
486,1040,1393,1085,1626,1116,0
486,1040,1393,1085,1625,1115,0
486,1040,1393,1085,1625,1114,0
486,1040,1393,1085,1624,1114,0
486,1040,1393,1085,1624,1113,0
486,1040,1393,1085,1624,1112,0
486,1040,1393,1085,1623,1111,0
486,1040,1393,1085,1623,1110,0
486,1040,1393,1085,1622,1110,0
486,1040,1393,1085,1620,1108,0
486,1040,1393,1085,1620,1106,0
486,1040,1393,1085,1618,1104,0
486,1040,1393,1085,1616,1101,0
486,1040,1393,1085,1615,1100,0
486,1040,1393,1085,1614,1098,0
486,1040,1393,1085,1612,1095,0
486,1040,1393,1085,1611,1094,0
486,1040,1393,1085,1610,1092,0
486,1040,1393,1085,1609,1091,0
486,1040,1393,1085,1609,1091,0
486,1040,1393,1085,1609,1090,0
486,1040,1393,1085,1608,1089,0
486,1040,1393,1085,1608,1087,0
486,1040,1393,1085,1608,1086,0
486,1040,1393,1085,1606,1082,0
486,1040,1393,1085,1605,1080,0
486,1040,1393,1085,1604,1076,0
486,1040,1393,1085,1603,1074,0
486,1040,1393,1085,1602,1072,0
486,1040,1393,1085,1600,1069,0
486,1040,1393,1085,1599,1067,0
486,1040,1393,1085,1599,1065,0
486,1040,1393,1085,1595,1061,0
486,1040,1393,1085,1594,1058,0
486,1040,1393,1085,1592,1053,0
486,1040,1393,1085,1590,1051,0
486,1040,1393,1085,1589,1048,0
486,1040,1393,1085,1585,1042,0
486,1040,1393,1085,1584,1039,0
486,1040,1393,1085,1582,1036,0
486,1040,1393,1085,1578,1030,0
486,1040,1393,1085,1577,1027,0
486,1040,1393,1085,1576,1024,0
486,1040,1393,1085,1574,1022,0
486,1040,1393,1085,1570,1017,0
486,1040,1393,1085,1569,1014,0
486,1040,1393,1085,1567,1012,0
486,1040,1393,1085,1563,1007,0
486,1040,1393,1085,1561,1005,0
486,1040,1393,1085,1557,1000,0
486,1040,1393,1085,1555,998,0
486,1040,1393,1085,1553,996,0
486,1040,1393,1085,1548,991,0
486,1040,1393,1085,1546,988,0
486,1040,1393,1085,1545,986,0
486,1040,1393,1085,1542,983,0
486,1040,1393,1085,1541,981,0
486,1040,1393,1085,1537,977,0
486,1040,1393,1085,1535,975,0
486,1040,1393,1085,1533,973,0
486,1040,1393,1085,1530,969,0
486,1040,1393,1085,1528,968,0
486,1040,1393,1085,1528,967,0
486,1040,1393,1085,1526,965,0
486,1040,1393,1085,1525,964,0
486,1040,1393,1085,1523,962,0
486,1040,1393,1085,1519,958,0
486,1040,1393,1085,1516,956,0
486,1040,1393,1085,1512,953,0
486,1040,1393,1085,1506,948,0
486,1040,1393,1085,1503,946,0
486,1040,1393,1085,1501,944,0
486,1040,1393,1085,1497,941,0
486,1040,1393,1085,1495,940,0
486,1040,1393,1085,1491,937,0
486,1040,1393,1085,1489,935,0
486,1040,1393,1085,1486,932,0
486,1040,1393,1085,1480,927,0
486,1040,1393,1085,1478,924,0
486,1040,1393,1085,1475,921,0
486,1040,1393,1085,1469,915,0
486,1040,1393,1085,1465,911,0
486,1040,1393,1085,1463,908,0
486,1040,1393,1085,1457,902,0
486,1040,1393,1085,1455,899,0
486,1040,1393,1085,1451,892,0
486,1040,1393,1085,1449,889,0
486,1040,1393,1085,1445,886,0
486,1040,1393,1085,1439,878,0
486,1040,1393,1085,1437,875,0
486,1040,1393,1085,1433,871,0
486,1040,1393,1085,1428,865,0
486,1040,1393,1085,1424,861,0
486,1040,1393,1085,1422,858,0
486,1040,1393,1085,1419,852,0
486,1040,1393,1085,1417,849,0
486,1040,1393,1085,1412,844,0
486,1040,1393,1085,1410,841,0
486,1040,1393,1085,1407,838,0
486,1040,1393,1085,1402,831,0
486,1040,1393,1085,1400,827,0
486,1040,1393,1085,1397,825,0
486,1040,1393,1085,1391,818,0
486,1040,1393,1085,1389,814,0
486,1040,1393,1085,1382,806,0
486,1040,1393,1085,1378,801,0
486,1040,1393,1085,1375,798,0
486,1040,1393,1085,1368,791,0
486,1040,1393,1085,1365,788,0
486,1040,1393,1085,1361,783,0
486,1040,1393,1085,1353,775,0
486,1040,1393,1085,1349,771,0
486,1040,1393,1085,1345,767,0
486,1040,1393,1085,1336,758,0
486,1040,1393,1085,1333,753,0
486,1040,1393,1085,1328,746,0
486,1040,1393,1085,1325,743,0
486,1040,1393,1085,1322,739,0
486,1040,1393,1085,1320,736,0
486,1040,1393,1085,1315,729,0
486,1040,1393,1085,1313,725,0
486,1040,1393,1085,1309,718,0
486,1040,1393,1085,1308,716,0
486,1040,1393,1085,1306,714,0
486,1040,1393,1085,1303,709,0
486,1040,1393,1085,1301,706,0
486,1040,1393,1085,1299,703,0
486,1040,1393,1085,1296,697,0
486,1040,1393,1085,1295,696,0
486,1040,1393,1085,1294,694,0
486,1040,1393,1085,1293,691,0
486,1040,1393,1085,1292,689,0
486,1040,1393,1085,1291,687,0
486,1040,1393,1085,1288,684,0
486,1040,1393,1085,1287,682,0
486,1040,1393,1085,1286,681,0
486,1040,1393,1085,1284,677,0
486,1040,1393,1085,1282,675,0
486,1040,1393,1085,1278,670,0
486,1040,1393,1085,1277,668,0
486,1040,1393,1085,1275,666,0
486,1040,1393,1085,1272,661,0
486,1040,1393,1085,1271,659,0
486,1040,1393,1085,1269,658,0
486,1040,1393,1085,1266,654,0
486,1040,1393,1085,1265,652,0
486,1040,1393,1085,1263,650,0
486,1040,1393,1085,1260,646,0
486,1040,1393,1085,1258,644,0
486,1040,1393,1085,1256,641,0
486,1040,1393,1085,1250,634,0
486,1040,1393,1085,1247,630,0
486,1040,1393,1085,1244,628,0
486,1040,1393,1085,1239,622,0
486,1040,1393,1085,1237,620,0
486,1040,1393,1085,1236,618,0
486,1040,1393,1085,1233,615,0
486,1040,1393,1085,1232,613,0
486,1040,1393,1085,1231,611,0
486,1040,1393,1085,1228,607,0
486,1040,1393,1085,1227,605,0
486,1040,1393,1085,1225,602,0
486,1040,1393,1085,1223,600,0
486,1040,1393,1085,1221,598,0
486,1040,1393,1085,1215,592,0
486,1040,1393,1085,1213,589,0
486,1040,1393,1085,1211,586,0
486,1040,1393,1085,1207,582,0
486,1040,1393,1085,1206,579,0
486,1040,1393,1085,1205,577,0
486,1040,1393,1085,1201,571,0
486,1040,1393,1085,1198,568,0
486,1040,1393,1085,1196,565,0
486,1040,1393,1085,1192,558,0
486,1040,1393,1085,1190,554,0
486,1040,1393,1085,1186,552,0
486,1040,1393,1085,1182,545,0
486,1040,1393,1085,1179,542,0
486,1040,1393,1085,1177,538,0
486,1040,1393,1085,1173,530,0
486,1040,1393,1085,1171,527,0
486,1040,1393,1085,1169,524,0
486,1040,1393,1085,1165,518,0
486,1040,1393,1085,1163,515,0
486,1040,1393,1085,1159,509,0
486,1040,1393,1085,1157,506,0
486,1040,1393,1085,1154,500,0
486,1040,1393,1085,1148,494,0
486,1040,1393,1085,1146,490,0
486,1040,1393,1085,1144,487,0
486,1040,1393,1085,1140,482,0
486,1040,1393,1085,1137,479,0
486,1040,1393,1085,1134,477,0
486,1040,1393,1085,1130,470,0
486,1040,1393,1085,1128,467,0
486,1040,1393,1085,1125,463,0
486,1040,1393,1085,1120,456,0
486,1040,1393,1085,1118,453,0
486,1040,1393,1085,1114,447,0
486,1040,1393,1085,1112,443,0
486,1040,1393,1085,1110,440,0
486,1040,1393,1085,1108,436,0
486,1040,1393,1085,1105,435,0
486,1040,1393,1085,1105,433,0
486,1040,1393,1085,1103,431,0
486,1040,1393,1085,1101,427,0
486,1040,1393,1085,1099,425,0
486,1040,1393,1085,1098,423,0
486,1040,1393,1085,1095,419,0
486,1040,1393,1085,1094,416,0
486,1040,1393,1085,1091,413,0
486,1040,1393,1085,1091,411,0
486,1040,1393,1085,1090,410,0
486,1040,1393,1085,1088,407,0
486,1040,1393,1085,1087,405,0
486,1040,1393,1085,1085,404,0
486,1040,1393,1085,1083,400,0
486,1040,1393,1085,1082,399,0
486,1040,1393,1085,1081,398,0
486,1040,1393,1085,1080,396,0
486,1040,1393,1085,1079,395,0
486,1040,1393,1085,1078,394,0
486,1040,1393,1085,1077,394,0
486,1040,1393,1085,1076,392,0
486,1040,1393,1085,1074,391,0
486,1040,1393,1085,1073,390,0
486,1040,1393,1085,1072,389,0
486,1040,1393,1085,1071,387,0
486,1040,1393,1085,1070,387,0
486,1040,1393,1085,1070,386,0
486,1040,1393,1085,1070,386,0
486,1040,1393,1085,1070,386,0
486,1040,1393,1085,1070,386,0
486,1040,1393,1085,1070,386,0
486,1040,1393,1085,1070,386,0
486,1040,1393,1085,1070,386,0
486,1040,1393,1085,1070,386,0
486,1040,1393,1085,1070,386,0
486,1040,1393,1085,1070,386,0
