486,1040,1393,1085,896,373,0
486,1040,1393,1085,896,373,0
486,1040,1393,1085,896,373,0
486,1040,1393,1085,896,373,0
486,1040,1393,1085,896,373,0
486,1040,1393,1085,896,373,0
486,1040,1393,1085,896,373,0
486,1040,1393,1085,896,373,0
486,1040,1393,1085,896,373,0
486,1040,1393,1085,896,373,0
486,1040,1393,1085,896,373,0
486,1040,1393,1085,896,373,0
486,1040,1393,1085,896,373,0
486,1040,1393,1085,896,373,0
486,1040,1393,1085,896,373,0
486,1040,1393,1085,896,373,0
486,1040,1393,1085,896,373,0
486,1040,1393,1085,896,373,0
486,1040,1393,1085,896,373,0
486,1040,1393,1085,896,373,0
486,1040,1393,1085,896,373,0
486,1040,1393,1085,896,373,0
486,1040,1393,1085,896,373,0
486,1040,1393,1085,896,373,0
486,1040,1393,1085,896,373,0
486,1040,1393,1085,891,373,0
486,1040,1393,1085,888,375,0
486,1040,1393,1085,885,379,0
486,1040,1393,1085,883,381,0
486,1040,1393,1085,878,387,0
486,1040,1393,1085,876,389,0
486,1040,1393,1085,873,393,0
486,1040,1393,1085,872,396,0
486,1040,1393,1085,870,398,0
486,1040,1393,1085,869,402,0
486,1040,1393,1085,867,403,0
486,1040,1393,1085,867,405,0
486,1040,1393,1085,866,408,0
486,1040,1393,1085,865,409,0
486,1040,1393,1085,864,410,0
486,1040,1393,1085,862,412,0
486,1040,1393,1085,862,413,0
486,1040,1393,1085,861,416,0
486,1040,1393,1085,860,417,0
486,1040,1393,1085,859,418,0
486,1040,1393,1085,857,420,0
486,1040,1393,1085,856,421,0
486,1040,1393,1085,855,422,0
486,1040,1393,1085,853,424,0
486,1040,1393,1085,852,426,0
486,1040,1393,1085,850,427,0
486,1040,1393,1085,848,430,0
486,1040,1393,1085,846,431,0
486,1040,1393,1085,845,432,0
486,1040,1393,1085,842,435,0
486,1040,1393,1085,839,437,0
486,1040,1393,1085,836,441,0
486,1040,1393,1085,833,445,0
486,1040,1393,1085,831,448,0
486,1040,1393,1085,830,450,0
486,1040,1393,1085,828,453,0
486,1040,1393,1085,825,458,0
486,1040,1393,1085,823,461,0
486,1040,1393,1085,822,464,0
486,1040,1393,1085,819,468,0
486,1040,1393,1085,817,471,0
486,1040,1393,1085,816,473,0
486,1040,1393,1085,812,478,0
486,1040,1393,1085,811,480,0
486,1040,1393,1085,809,483,0
486,1040,1393,1085,806,487,0
486,1040,1393,1085,805,489,0
486,1040,1393,1085,803,492,0
486,1040,1393,1085,802,494,0
486,1040,1393,1085,800,495,0
486,1040,1393,1085,798,498,0
486,1040,1393,1085,797,500,0
486,1040,1393,1085,796,501,0
486,1040,1393,1085,794,504,0
486,1040,1393,1085,793,505,0
486,1040,1393,1085,792,507,0
486,1040,1393,1085,790,510,0
486,1040,1393,1085,789,512,0
486,1040,1393,1085,788,513,0
486,1040,1393,1085,785,517,0
486,1040,1393,1085,783,519,0
486,1040,1393,1085,782,521,0
486,1040,1393,1085,780,526,0
486,1040,1393,1085,779,528,0
486,1040,1393,1085,777,530,0
486,1040,1393,1085,774,535,0
486,1040,1393,1085,773,538,0
486,1040,1393,1085,771,541,0
486,1040,1393,1085,768,547,0
486,1040,1393,1085,766,549,0
486,1040,1393,1085,765,552,0
486,1040,1393,1085,763,557,0
486,1040,1393,1085,761,560,0
486,1040,1393,1085,758,564,0
486,1040,1393,1085,757,566,0
486,1040,1393,1085,756,568,0
486,1040,1393,1085,754,572,0
486,1040,1393,1085,753,574,0
486,1040,1393,1085,753,575,0
486,1040,1393,1085,751,579,0
486,1040,1393,1085,750,581,0
486,1040,1393,1085,749,582,0
486,1040,1393,1085,747,586,0
486,1040,1393,1085,746,588,0
486,1040,1393,1085,746,590,0
486,1040,1393,1085,744,595,0
486,1040,1393,1085,744,597,0
486,1040,1393,1085,743,599,0
486,1040,1393,1085,740,603,0
486,1040,1393,1085,738,606,0
486,1040,1393,1085,737,609,0
486,1040,1393,1085,733,615,0
486,1040,1393,1085,731,618,0
486,1040,1393,1085,727,621,0
486,1040,1393,1085,723,628,0
486,1040,1393,1085,721,631,0
486,1040,1393,1085,718,640,0
486,1040,1393,1085,716,644,0
486,1040,1393,1085,714,647,0
486,1040,1393,1085,709,655,0
486,1040,1393,1085,705,658,0
486,1040,1393,1085,703,661,0
486,1040,1393,1085,697,668,0
486,1040,1393,1085,696,670,0
486,1040,1393,1085,693,673,0
486,1040,1393,1085,693,675,0
486,1040,1393,1085,692,677,0
486,1040,1393,1085,690,679,0
486,1040,1393,1085,689,680,0
486,1040,1393,1085,689,681,0
486,1040,1393,1085,688,681,0
486,1040,1393,1085,687,682,0
486,1040,1393,1085,687,683,0
486,1040,1393,1085,686,683,0
486,1040,1393,1085,685,685,0
486,1040,1393,1085,684,685,0
486,1040,1393,1085,683,686,0
486,1040,1393,1085,680,688,0
486,1040,1393,1085,678,689,0
486,1040,1393,1085,676,690,0
486,1040,1393,1085,675,691,0
486,1040,1393,1085,674,692,0
486,1040,1393,1085,672,693,0
486,1040,1393,1085,671,694,0
486,1040,1393,1085,670,696,0
486,1040,1393,1085,666,699,0
486,1040,1393,1085,665,700,0
486,1040,1393,1085,663,703,0
486,1040,1393,1085,658,708,0
486,1040,1393,1085,657,711,0
486,1040,1393,1085,654,714,0
486,1040,1393,1085,649,721,0
486,1040,1393,1085,647,724,0
486,1040,1393,1085,642,730,0
486,1040,1393,1085,640,734,0
486,1040,1393,1085,638,736,0
486,1040,1393,1085,637,738,0
486,1040,1393,1085,634,742,0
486,1040,1393,1085,633,744,0
486,1040,1393,1085,631,746,0
486,1040,1393,1085,629,750,0
486,1040,1393,1085,626,752,0
486,1040,1393,1085,624,754,0
486,1040,1393,1085,621,758,0
486,1040,1393,1085,620,759,0
486,1040,1393,1085,618,761,0
486,1040,1393,1085,617,762,0
486,1040,1393,1085,617,762,0
486,1040,1393,1085,615,764,0
486,1040,1393,1085,615,765,0
486,1040,1393,1085,614,766,0
486,1040,1393,1085,611,770,0
486,1040,1393,1085,609,772,0
486,1040,1393,1085,607,774,0
486,1040,1393,1085,602,779,0
486,1040,1393,1085,600,782,0
486,1040,1393,1085,598,784,0
486,1040,1393,1085,595,788,0
486,1040,1393,1085,594,789,0
486,1040,1393,1085,593,791,0
486,1040,1393,1085,589,794,0
486,1040,1393,1085,586,797,0
486,1040,1393,1085,579,803,0
486,1040,1393,1085,576,807,0
486,1040,1393,1085,572,811,0
486,1040,1393,1085,569,815,0
486,1040,1393,1085,563,824,0
486,1040,1393,1085,559,829,0
486,1040,1393,1085,556,833,0
486,1040,1393,1085,550,842,0
486,1040,1393,1085,547,847,0
486,1040,1393,1085,541,855,0
486,1040,1393,1085,537,860,0
486,1040,1393,1085,535,866,0
486,1040,1393,1085,529,876,0
486,1040,1393,1085,526,881,0
486,1040,1393,1085,524,885,0
486,1040,1393,1085,518,896,0
486,1040,1393,1085,514,900,0
486,1040,1393,1085,512,905,0
486,1040,1393,1085,504,914,0
486,1040,1393,1085,501,918,0
486,1040,1393,1085,498,922,0
486,1040,1393,1085,494,930,0
486,1040,1393,1085,491,934,0
486,1040,1393,1085,485,941,0
486,1040,1393,1085,482,945,0
486,1040,1393,1085,480,950,0
486,1040,1393,1085,473,958,0
486,1040,1393,1085,470,963,0
486,1040,1393,1085,467,967,0
486,1040,1393,1085,464,972,0
486,1040,1393,1085,459,979,0
486,1040,1393,1085,457,982,0
486,1040,1393,1085,453,989,0
486,1040,1393,1085,451,991,0
486,1040,1393,1085,449,993,0
486,1040,1393,1085,446,999,0
486,1040,1393,1085,443,1001,0
486,1040,1393,1085,442,1003,0
486,1040,1393,1085,439,1008,0
486,1040,1393,1085,437,1011,0
486,1040,1393,1085,436,1013,0
486,1040,1393,1085,433,1017,0
486,1040,1393,1085,432,1018,0
486,1040,1393,1085,429,1022,0
486,1040,1393,1085,428,1023,0
486,1040,1393,1085,427,1025,0
486,1040,1393,1085,425,1028,0
486,1040,1393,1085,424,1029,0
486,1040,1393,1085,424,1030,0
486,1040,1393,1085,422,1032,0
486,1040,1393,1085,421,1033,0
486,1040,1393,1085,419,1035,0
486,1040,1393,1085,419,1035,0
486,1040,1393,1085,419,1037,0
486,1040,1393,1085,418,1038,0
486,1040,1393,1085,416,1040,0
486,1040,1393,1085,415,1041,0
486,1040,1393,1085,414,1043,0
486,1040,1393,1085,411,1047,0
486,1040,1393,1085,409,1049,0
486,1040,1393,1085,408,1051,0
486,1040,1393,1085,404,1056,0
486,1040,1393,1085,402,1059,0
486,1040,1393,1085,400,1061,0
486,1040,1393,1085,395,1067,0
486,1040,1393,1085,393,1069,0
486,1040,1393,1085,390,1073,0
486,1040,1393,1085,389,1075,0
486,1040,1393,1085,387,1076,0
486,1040,1393,1085,385,1079,0
486,1040,1393,1085,384,1080,0
486,1040,1393,1085,383,1082,0
486,1040,1393,1085,383,1084,0
486,1040,1393,1085,382,1084,0
486,1040,1393,1085,382,1085,0
486,1040,1393,1085,382,1085,0
486,1040,1393,1085,381,1086,0
486,1040,1393,1085,381,1086,0
486,1040,1393,1085,381,1088,0
486,1040,1393,1085,380,1088,0
486,1040,1393,1085,379,1089,0
486,1040,1393,1085,378,1091,0
486,1040,1393,1085,377,1092,0
486,1040,1393,1085,376,1094,0
486,1040,1393,1085,375,1096,0
486,1040,1393,1085,374,1097,0
486,1040,1393,1085,373,1099,0
486,1040,1393,1085,370,1103,0
486,1040,1393,1085,368,1105,0
486,1040,1393,1085,365,1109,0
486,1040,1393,1085,363,1111,0
486,1040,1393,1085,361,1113,0
486,1040,1393,1085,359,1115,0
486,1040,1393,1085,359,1116,0
486,1040,1393,1085,358,1117,0
486,1040,1393,1085,357,1119,0
486,1040,1393,1085,356,1120,0
486,1040,1393,1085,355,1122,0
486,1040,1393,1085,355,1122,0
486,1040,1393,1085,355,1122,0
486,1040,1393,1085,355,1123,0
486,1040,1393,1085,353,1124,0
486,1040,1393,1085,353,1125,0
486,1040,1393,1085,352,1127,0
486,1040,1393,1085,351,1128,0
486,1040,1393,1085,350,1129,0
486,1040,1393,1085,349,1130,0
486,1040,1393,1085,347,1133,0
486,1040,1393,1085,346,1134,0
486,1040,1393,1085,345,1135,0
486,1040,1393,1085,343,1138,0
486,1040,1393,1085,341,1140,0
486,1040,1393,1085,340,1143,0
486,1040,1393,1085,339,1143,0
486,1040,1393,1085,338,1144,0
486,1040,1393,1085,337,1145,0
486,1040,1393,1085,337,1146,0
486,1040,1393,1085,336,1147,0
486,1040,1393,1085,335,1148,0
486,1040,1393,1085,335,1149,0
486,1040,1393,1085,333,1151,0
486,1040,1393,1085,333,1152,0
486,1040,1393,1085,332,1153,0
486,1040,1393,1085,332,1153,0
486,1040,1393,1085,332,1153,0
486,1040,1393,1085,332,1153,0
486,1040,1393,1085,332,1153,0
486,1040,1393,1085,332,1153,0
486,1040,1393,1085,332,1154,0
486,1040,1393,1085,331,1154,0
486,1040,1393,1085,331,1155,0
486,1040,1393,1085,330,1155,0
486,1040,1393,1085,330,1156,0
486,1040,1393,1085,330,1156,0
486,1040,1393,1085,330,1156,0
486,1040,1393,1085,330,1157,0
486,1040,1393,1085,329,1157,0
486,1040,1393,1085,329,1158,0
486,1040,1393,1085,328,1159,0
486,1040,1393,1085,327,1161,0
486,1040,1393,1085,327,1162,0
486,1040,1393,1085,325,1165,0
486,1040,1393,1085,323,1166,0
486,1040,1393,1085,322,1167,0
486,1040,1393,1085,321,1168,0
486,1040,1393,1085,320,1169,0
486,1040,1393,1085,320,1169,0
486,1040,1393,1085,319,1170,0
486,1040,1393,1085,319,1170,0
486,1040,1393,1085,319,1171,0
486,1040,1393,1085,319,1171,0
486,1040,1393,1085,319,1171,0
486,1040,1393,1085,319,1170,0
486,1040,1393,1085,319,1170,0
486,1040,1393,1085,319,1170,0
486,1040,1393,1085,319,1170,0
486,1040,1393,1085,319,1171,0
486,1040,1393,1085,319,1171,0
486,1040,1393,1085,319,1171,0
486,1040,1393,1085,318,1171,0
486,1040,1393,1085,318,1171,0
486,1040,1393,1085,318,1171,0
486,1040,1393,1085,318,1171,0
486,1040,1393,1085,317,1171,0
486,1040,1393,1085,317,1171,0
486,1040,1393,1085,315,1172,0
486,1040,1393,1085,314,1173,0
486,1040,1393,1085,313,1174,0
486,1040,1393,1085,309,1175,0
486,1040,1393,1085,308,1176,0
486,1040,1393,1085,306,1177,0
486,1040,1393,1085,305,1177,0
486,1040,1393,1085,305,1178,0
486,1040,1393,1085,305,1177,0
486,1040,1393,1085,305,1177,0
486,1040,1393,1085,305,1177,0
486,1040,1393,1085,305,1177,0
486,1040,1393,1085,305,1178,0
486,1040,1393,1085,305,1178,0
486,1040,1393,1085,305,1178,0
486,1040,1393,1085,303,1178,0
486,1040,1393,1085,302,1179,0
486,1040,1393,1085,300,1180,0
486,1040,1393,1085,299,1180,0
486,1040,1393,1085,299,1180,0
486,1040,1393,1085,298,1181,0
486,1040,1393,1085,298,1181,0
486,1040,1393,1085,298,1181,0
486,1040,1393,1085,298,1181,0
486,1040,1393,1085,298,1181,0
486,1040,1393,1085,298,1181,0
486,1040,1393,1085,298,1181,0
486,1040,1393,1085,298,1181,0
486,1040,1393,1085,298,1181,0
486,1040,1393,1085,298,1181,0
486,1040,1393,1085,298,1181,0
486,1040,1393,1085,298,1181,0
486,1040,1393,1085,298,1181,0
486,1040,1393,1085,298,1182,0
486,1040,1393,1085,298,1183,0
486,1040,1393,1085,299,1183,0
486,1040,1393,1085,299,1184,0
486,1040,1393,1085,299,1184,0
486,1040,1393,1085,300,1185,0
486,1040,1393,1085,301,1185,0
486,1040,1393,1085,301,1185,0
486,1040,1393,1085,302,1185,0
486,1040,1393,1085,303,1185,0
486,1040,1393,1085,304,1185,0
486,1040,1393,1085,305,1185,0
486,1040,1393,1085,306,1185,0
486,1040,1393,1085,306,1185,0
486,1040,1393,1085,306,1185,0
486,1040,1393,1085,306,1185,0
486,1040,1393,1085,306,1185,0
486,1040,1393,1085,306,1185,0
486,1040,1393,1085,306,1185,0
486,1040,1393,1085,306,1185,0
486,1040,1393,1085,306,1185,1
486,1040,1393,1085,306,1185,1
486,1040,1393,1085,306,1185,1
486,1040,1393,1085,306,1185,1
486,1040,1393,1085,306,1185,1
486,1040,1393,1085,306,1185,1
486,1040,1393,1085,306,1185,1
486,1040,1393,1085,306,1185,1
486,1040,1393,1085,306,1185,1
486,1040,1393,1085,306,1185,1
486,1040,1393,1085,306,1185,1
486,1040,1393,1085,306,1185,1
486,1040,1393,1085,306,1185,1
486,1040,1393,1085,306,1185,1
486,1040,1393,1085,306,1185,1
486,1040,1393,1085,306,1184,1
486,1040,1393,1085,307,1184,1
486,1040,1393,1085,307,1184,1
486,1040,1393,1085,307,1184,1
486,1040,1393,1085,307,1184,1
486,1040,1393,1085,307,1184,1
486,1040,1393,1085,307,1184,1
486,1040,1393,1085,307,1184,1
486,1040,1393,1085,308,1183,1
486,1040,1393,1085,309,1183,1
486,1040,1393,1085,313,1183,1
486,1040,1393,1085,315,1182,1
486,1040,1393,1085,322,1181,1
486,1040,1393,1085,326,1180,1
486,1040,1393,1085,329,1180,1
486,1040,1393,1085,335,1180,1
486,1040,1393,1085,337,1180,1
486,1040,1393,1085,339,1180,1
486,1040,1393,1085,341,1180,1
486,1040,1393,1085,341,1180,1
486,1040,1393,1085,341,1180,1
486,1040,1393,1085,341,1180,1
486,1040,1393,1085,341,1180,1
486,1040,1393,1085,343,1179,1
486,1040,1393,1085,346,1177,1
486,1040,1393,1085,348,1176,1
486,1040,1393,1085,349,1175,1
486,1040,1393,1085,352,1173,1
486,1040,1393,1085,354,1173,1
486,1040,1393,1085,356,1172,1
486,1040,1393,1085,357,1172,1
486,1040,1393,1085,358,1171,1
486,1040,1393,1085,364,1169,1
486,1040,1393,1085,367,1168,1
486,1040,1393,1085,370,1167,1
486,1040,1393,1085,378,1165,1
486,1040,1393,1085,382,1163,1
486,1040,1393,1085,386,1162,1
486,1040,1393,1085,392,1160,1
486,1040,1393,1085,396,1159,1
486,1040,1393,1085,399,1158,1
486,1040,1393,1085,404,1156,1
486,1040,1393,1085,406,1155,1
486,1040,1393,1085,410,1153,1
486,1040,1393,1085,412,1153,1
486,1040,1393,1085,413,1152,1
486,1040,1393,1085,416,1151,1
486,1040,1393,1085,420,1148,1
486,1040,1393,1085,422,1147,1
486,1040,1393,1085,423,1147,1
486,1040,1393,1085,426,1145,1
486,1040,1393,1085,426,1144,1
486,1040,1393,1085,427,1143,1
486,1040,1393,1085,429,1142,1
486,1040,1393,1085,430,1142,1
486,1040,1393,1085,432,1141,1
486,1040,1393,1085,438,1138,1
486,1040,1393,1085,441,1137,1
486,1040,1393,1085,449,1134,1
486,1040,1393,1085,453,1133,1
486,1040,1393,1085,457,1131,1
486,1040,1393,1085,465,1129,1
486,1040,1393,1085,469,1127,1
486,1040,1393,1085,471,1126,1
486,1040,1393,1085,476,1124,1
486,1040,1393,1085,478,1123,1
486,1040,1393,1085,481,1122,1
486,1040,1393,1085,487,1120,1
486,1040,1393,1085,490,1119,1
486,1040,1393,1085,493,1119,1
486,1040,1393,1085,501,1116,1
486,1040,1393,1085,506,1114,1
486,1040,1393,1085,510,1112,1
486,1040,1393,1085,519,1108,1
486,1040,1393,1085,523,1107,1
486,1040,1393,1085,526,1106,1
486,1040,1393,1085,530,1104,1
486,1040,1393,1085,533,1103,1
486,1040,1393,1085,535,1102,1
486,1040,1393,1085,539,1100,1
486,1040,1393,1085,542,1099,1
486,1040,1393,1085,545,1099,1
486,1040,1393,1085,551,1098,1
486,1040,1393,1085,555,1097,1
486,1040,1393,1085,558,1096,1
486,1040,1393,1085,564,1093,1
486,1040,1393,1085,567,1092,1
486,1040,1393,1085,573,1089,1
486,1040,1393,1085,576,1088,1
486,1040,1393,1085,580,1087,1
486,1040,1393,1085,587,1086,1
486,1040,1393,1085,591,1086,1
486,1040,1393,1085,594,1085,1
486,1040,1393,1085,601,1084,1
486,1040,1393,1085,605,1084,1
486,1040,1393,1085,613,1082,1
486,1040,1393,1085,613,1082,1
486,1040,1393,1085,620,1080,1
486,1040,1393,1085,623,1079,1
486,1040,1393,1085,631,1078,1
486,1040,1393,1085,635,1077,1
486,1040,1393,1085,639,1076,1
486,1040,1393,1085,646,1074,1
486,1040,1393,1085,649,1074,1
486,1040,1393,1085,653,1073,1
486,1040,1393,1085,661,1072,1
486,1040,1393,1085,665,1070,1
486,1040,1393,1085,669,1070,1
486,1040,1393,1085,678,1068,1
486,1040,1393,1085,682,1067,1
486,1040,1393,1085,686,1066,1
486,1040,1393,1085,695,1064,1
486,1040,1393,1085,697,1062,1
486,1040,1393,1085,704,1059,1
486,1040,1393,1085,707,1059,1
486,1040,1393,1085,710,1058,1
486,1040,1393,1085,718,1056,1
486,1040,1393,1085,722,1055,1
486,1040,1393,1085,726,1054,1
486,1040,1393,1085,735,1052,1
486,1040,1393,1085,739,1050,1
486,1040,1393,1085,744,1049,1
486,1040,1393,1085,752,1047,1
486,1040,1393,1085,756,1046,1
486,1040,1393,1085,760,1045,1
486,1040,1393,1085,768,1042,1
486,1040,1393,1085,772,1041,1
486,1040,1393,1085,776,1040,1
486,1040,1393,1085,785,1039,1
486,1040,1393,1085,790,1038,1
486,1040,1393,1085,796,1037,1
486,1040,1393,1085,799,1036,1
486,1040,1393,1085,802,1036,1
486,1040,1393,1085,805,1034,1
486,1040,1393,1085,806,1034,1
486,1040,1393,1085,808,1034,1
486,1040,1393,1085,812,1032,1
486,1040,1393,1085,815,1032,1
486,1040,1393,1085,818,1031,1
486,1040,1393,1085,826,1029,1
486,1040,1393,1085,829,1028,1
486,1040,1393,1085,836,1027,1
486,1040,1393,1085,839,1026,1
486,1040,1393,1085,843,1025,1
486,1040,1393,1085,850,1023,1
486,1040,1393,1085,854,1022,1
486,1040,1393,1085,858,1021,1
486,1040,1393,1085,867,1020,1
486,1040,1393,1085,873,1019,1
486,1040,1393,1085,878,1019,1
486,1040,1393,1085,888,1016,1
486,1040,1393,1085,893,1015,1
486,1040,1393,1085,902,1013,1
486,1040,1393,1085,906,1013,1
486,1040,1393,1085,912,1012,1
486,1040,1393,1085,922,1010,1
486,1040,1393,1085,928,1008,1
486,1040,1393,1085,933,1007,1
486,1040,1393,1085,943,1004,1
486,1040,1393,1085,949,1004,1
486,1040,1393,1085,954,1002,1
486,1040,1393,1085,965,1001,1
486,1040,1393,1085,968,1000,1
486,1040,1393,1085,973,998,1
486,1040,1393,1085,976,998,1
486,1040,1393,1085,978,997,1
486,1040,1393,1085,983,996,1
486,1040,1393,1085,985,995,1
486,1040,1393,1085,988,994,1
486,1040,1393,1085,993,993,1
486,1040,1393,1085,995,992,1
486,1040,1393,1085,999,989,1
486,1040,1393,1085,1001,988,1
486,1040,1393,1085,1002,986,1
486,1040,1393,1085,1004,984,1
486,1040,1393,1085,1006,983,1
486,1040,1393,1085,1007,982,1
486,1040,1393,1085,1009,980,1
486,1040,1393,1085,1011,978,1
486,1040,1393,1085,1012,977,1
486,1040,1393,1085,1016,975,1
486,1040,1393,1085,1018,973,1
486,1040,1393,1085,1020,972,1
486,1040,1393,1085,1025,971,1
486,1040,1393,1085,1027,970,1
486,1040,1393,1085,1030,969,1
486,1040,1393,1085,1036,967,1
486,1040,1393,1085,1038,965,1
486,1040,1393,1085,1042,965,1
486,1040,1393,1085,1051,963,1
486,1040,1393,1085,1055,963,1
486,1040,1393,1085,1063,961,1
486,1040,1393,1085,1066,961,1
486,1040,1393,1085,1070,961,1
486,1040,1393,1085,1076,960,1
486,1040,1393,1085,1080,960,1
486,1040,1393,1085,1083,960,1
486,1040,1393,1085,1089,960,1
486,1040,1393,1085,1092,959,1
486,1040,1393,1085,1099,958,1
486,1040,1393,1085,1104,958,1
486,1040,1393,1085,1108,957,1
486,1040,1393,1085,1111,957,1
486,1040,1393,1085,1117,956,1
486,1040,1393,1085,1120,956,1
486,1040,1393,1085,1123,955,1
486,1040,1393,1085,1129,956,1
486,1040,1393,1085,1133,956,1
486,1040,1393,1085,1139,956,1
486,1040,1393,1085,1142,956,1
486,1040,1393,1085,1144,955,1
486,1040,1393,1085,1150,955,1
486,1040,1393,1085,1153,955,1
486,1040,1393,1085,1161,954,1
486,1040,1393,1085,1166,954,1
486,1040,1393,1085,1171,954,1
486,1040,1393,1085,1180,954,1
486,1040,1393,1085,1183,953,1
486,1040,1393,1085,1188,952,1
486,1040,1393,1085,1193,952,1
486,1040,1393,1085,1196,951,1
486,1040,1393,1085,1198,951,1
486,1040,1393,1085,1202,951,1
486,1040,1393,1085,1204,950,1
486,1040,1393,1085,1207,950,1
486,1040,1393,1085,1209,950,1
486,1040,1393,1085,1211,949,1
486,1040,1393,1085,1213,948,1
486,1040,1393,1085,1215,947,1
486,1040,1393,1085,1216,947,1
486,1040,1393,1085,1217,946,1
486,1040,1393,1085,1218,946,1
486,1040,1393,1085,1219,945,1
486,1040,1393,1085,1221,945,1
486,1040,1393,1085,1223,945,1
486,1040,1393,1085,1224,945,1
486,1040,1393,1085,1227,944,1
486,1040,1393,1085,1229,943,1
486,1040,1393,1085,1232,942,1
486,1040,1393,1085,1234,942,1
486,1040,1393,1085,1237,941,1
486,1040,1393,1085,1241,940,1
486,1040,1393,1085,1244,940,1
486,1040,1393,1085,1246,939,1
486,1040,1393,1085,1251,938,1
486,1040,1393,1085,1253,938,1
486,1040,1393,1085,1254,937,1
486,1040,1393,1085,1256,936,1
486,1040,1393,1085,1256,935,1
486,1040,1393,1085,1258,934,1
486,1040,1393,1085,1259,933,1
486,1040,1393,1085,1261,933,1
486,1040,1393,1085,1264,931,1
486,1040,1393,1085,1265,931,1
486,1040,1393,1085,1269,930,1
486,1040,1393,1085,1271,929,1
486,1040,1393,1085,1271,929,1
486,1040,1393,1085,1273,928,1
486,1040,1393,1085,1273,927,1
486,1040,1393,1085,1274,927,1
486,1040,1393,1085,1274,927,1
486,1040,1393,1085,1275,926,1
486,1040,1393,1085,1277,926,1
486,1040,1393,1085,1278,925,1
486,1040,1393,1085,1280,925,1
486,1040,1393,1085,1282,925,1
486,1040,1393,1085,1283,924,1
486,1040,1393,1085,1283,924,1
486,1040,1393,1085,1284,924,1
486,1040,1393,1085,1285,923,1
486,1040,1393,1085,1286,923,1
486,1040,1393,1085,1288,923,1
486,1040,1393,1085,1290,923,1
486,1040,1393,1085,1292,923,1
486,1040,1393,1085,1293,923,1
486,1040,1393,1085,1294,923,1
486,1040,1393,1085,1294,923,1
486,1040,1393,1085,1295,923,1
486,1040,1393,1085,1295,923,1
486,1040,1393,1085,1297,923,1
486,1040,1393,1085,1297,923,1
486,1040,1393,1085,1298,923,1
486,1040,1393,1085,1299,923,1
486,1040,1393,1085,1300,923,1
486,1040,1393,1085,1300,923,1
486,1040,1393,1085,1301,923,1
486,1040,1393,1085,1302,923,1
486,1040,1393,1085,1302,923,1
486,1040,1393,1085,1303,923,1
486,1040,1393,1085,1303,923,1
486,1040,1393,1085,1304,923,1
486,1040,1393,1085,1304,923,1
486,1040,1393,1085,1304,923,1
486,1040,1393,1085,1305,923,1
486,1040,1393,1085,1305,923,1
486,1040,1393,1085,1305,923,1
486,1040,1393,1085,1305,923,1
486,1040,1393,1085,1306,923,1
486,1040,1393,1085,1308,923,1
486,1040,1393,1085,1309,923,1
486,1040,1393,1085,1310,923,1
486,1040,1393,1085,1311,923,1
486,1040,1393,1085,1312,923,1
486,1040,1393,1085,1312,923,1
486,1040,1393,1085,1313,922,1
486,1040,1393,1085,1313,922,1
486,1040,1393,1085,1314,922,1
486,1040,1393,1085,1314,922,1
486,1040,1393,1085,1314,922,1
486,1040,1393,1085,1314,922,1
486,1040,1393,1085,1314,922,1
486,1040,1393,1085,1314,922,1
486,1040,1393,1085,1314,922,1
486,1040,1393,1085,1314,922,1
486,1040,1393,1085,1314,922,1
486,1040,1393,1085,1314,922,1
486,1040,1393,1085,1315,922,1
486,1040,1393,1085,1315,922,1
486,1040,1393,1085,1315,922,1
486,1040,1393,1085,1315,922,1
486,1040,1393,1085,1315,922,1
486,1040,1393,1085,1316,922,1
486,1040,1393,1085,1316,921,1
486,1040,1393,1085,1316,921,1
486,1040,1393,1085,1316,921,1
486,1040,1393,1085,1317,921,1
486,1040,1393,1085,1317,921,1
486,1040,1393,1085,1317,921,1
486,1040,1393,1085,1318,921,1
486,1040,1393,1085,1318,921,1
486,1040,1393,1085,1319,921,1
486,1040,1393,1085,1319,921,1
486,1040,1393,1085,1319,921,1
486,1040,1393,1085,1319,921,1
486,1040,1393,1085,1319,921,1
486,1040,1393,1085,1319,921,1
486,1040,1393,1085,1319,921,1
486,1040,1393,1085,1319,921,1
486,1040,1393,1085,1319,921,0
486,1040,1393,1085,1318,921,0
486,1040,1393,1085,1318,921,0
486,1040,1393,1085,1318,921,0
486,1040,1393,1085,1318,921,0
486,1040,1393,1085,1318,921,0
486,1040,1393,1085,1318,921,0
486,1040,1393,1085,1318,921,0
486,1040,1393,1085,1318,921,0
486,1040,1393,1085,1318,921,0
486,1040,1393,1085,1318,921,0
486,1040,1393,1085,1318,921,0
486,1040,1393,1085,1318,921,0
486,1040,1393,1085,1318,921,0
486,1040,1393,1085,1318,921,0
486,1040,1393,1085,1318,921,0
486,1040,1393,1085,1317,921,0
486,1040,1393,1085,1317,921,0
486,1040,1393,1085,1316,919,0
486,1040,1393,1085,1314,918,0
486,1040,1393,1085,1313,917,0
486,1040,1393,1085,1311,914,0
486,1040,1393,1085,1309,912,0
486,1040,1393,1085,1308,909,0
486,1040,1393,1085,1304,903,0
486,1040,1393,1085,1301,899,0
486,1040,1393,1085,1299,895,0
486,1040,1393,1085,1293,886,0
486,1040,1393,1085,1291,882,0
486,1040,1393,1085,1286,875,0
486,1040,1393,1085,1284,872,0
486,1040,1393,1085,1283,869,0
486,1040,1393,1085,1282,865,0
486,1040,1393,1085,1282,863,0
486,1040,1393,1085,1282,861,0
486,1040,1393,1085,1282,858,0
486,1040,1393,1085,1282,856,0
486,1040,1393,1085,1282,854,0
486,1040,1393,1085,1281,853,0
486,1040,1393,1085,1281,852,0
486,1040,1393,1085,1281,851,0
486,1040,1393,1085,1280,847,0
486,1040,1393,1085,1279,846,0
486,1040,1393,1085,1278,844,0
486,1040,1393,1085,1278,841,0
486,1040,1393,1085,1278,839,0
486,1040,1393,1085,1277,837,0
486,1040,1393,1085,1277,835,0
486,1040,1393,1085,1276,833,0
486,1040,1393,1085,1275,829,0
486,1040,1393,1085,1275,827,0
486,1040,1393,1085,1275,825,0
486,1040,1393,1085,1275,821,0
486,1040,1393,1085,1275,818,0
486,1040,1393,1085,1275,813,0
486,1040,1393,1085,1276,811,0
486,1040,1393,1085,1276,809,0
486,1040,1393,1085,1277,805,0
486,1040,1393,1085,1277,803,0
486,1040,1393,1085,1277,801,0
486,1040,1393,1085,1278,798,0
486,1040,1393,1085,1279,796,0
486,1040,1393,1085,1280,792,0
486,1040,1393,1085,1281,789,0
486,1040,1393,1085,1281,786,0
486,1040,1393,1085,1282,784,0
486,1040,1393,1085,1283,778,0
486,1040,1393,1085,1283,775,0
486,1040,1393,1085,1283,772,0
486,1040,1393,1085,1283,766,0
486,1040,1393,1085,1283,763,0
486,1040,1393,1085,1283,757,0
486,1040,1393,1085,1283,754,0
486,1040,1393,1085,1283,751,0
486,1040,1393,1085,1283,745,0
486,1040,1393,1085,1283,742,0
486,1040,1393,1085,1282,739,0
486,1040,1393,1085,1281,733,0
486,1040,1393,1085,1281,729,0
486,1040,1393,1085,1280,722,0
486,1040,1393,1085,1279,720,0
486,1040,1393,1085,1279,717,0
486,1040,1393,1085,1278,710,0
486,1040,1393,1085,1278,707,0
486,1040,1393,1085,1278,703,0
486,1040,1393,1085,1277,695,0
486,1040,1393,1085,1277,691,0
486,1040,1393,1085,1276,687,0
486,1040,1393,1085,1275,681,0
486,1040,1393,1085,1275,678,0
486,1040,1393,1085,1274,674,0
486,1040,1393,1085,1273,672,0
486,1040,1393,1085,1273,671,0
486,1040,1393,1085,1273,669,0
486,1040,1393,1085,1272,667,0
486,1040,1393,1085,1272,667,0
486,1040,1393,1085,1271,664,0
486,1040,1393,1085,1271,663,0
486,1040,1393,1085,1270,662,0
486,1040,1393,1085,1269,659,0
486,1040,1393,1085,1268,658,0
486,1040,1393,1085,1267,656,0
486,1040,1393,1085,1265,653,0
486,1040,1393,1085,1264,651,0
486,1040,1393,1085,1264,649,0
486,1040,1393,1085,1262,647,0
486,1040,1393,1085,1261,645,0
486,1040,1393,1085,1258,642,0
486,1040,1393,1085,1257,640,0
486,1040,1393,1085,1256,638,0
486,1040,1393,1085,1252,634,0
486,1040,1393,1085,1250,632,0
486,1040,1393,1085,1248,629,0
486,1040,1393,1085,1243,625,0
486,1040,1393,1085,1241,622,0
486,1040,1393,1085,1240,619,0
486,1040,1393,1085,1236,616,0
486,1040,1393,1085,1234,614,0
486,1040,1393,1085,1232,612,0
486,1040,1393,1085,1228,609,0
486,1040,1393,1085,1227,607,0
486,1040,1393,1085,1225,606,0
486,1040,1393,1085,1222,602,0
486,1040,1393,1085,1221,600,0
486,1040,1393,1085,1217,596,0
486,1040,1393,1085,1215,595,0
486,1040,1393,1085,1214,593,0
486,1040,1393,1085,1210,589,0
486,1040,1393,1085,1208,587,0
486,1040,1393,1085,1206,585,0
486,1040,1393,1085,1202,582,0
486,1040,1393,1085,1200,580,0
486,1040,1393,1085,1198,578,0
486,1040,1393,1085,1195,576,0
486,1040,1393,1085,1194,575,0
486,1040,1393,1085,1192,573,0
486,1040,1393,1085,1191,573,0
486,1040,1393,1085,1189,571,0
486,1040,1393,1085,1187,570,0
486,1040,1393,1085,1182,566,0
486,1040,1393,1085,1175,561,0
486,1040,1393,1085,1172,559,0
486,1040,1393,1085,1168,557,0
486,1040,1393,1085,1162,554,0
486,1040,1393,1085,1160,552,0
486,1040,1393,1085,1159,550,0
486,1040,1393,1085,1156,548,0
486,1040,1393,1085,1154,546,0
486,1040,1393,1085,1152,545,0
486,1040,1393,1085,1149,542,0
486,1040,1393,1085,1148,540,0
486,1040,1393,1085,1147,538,0
486,1040,1393,1085,1145,535,0
486,1040,1393,1085,1144,534,0
486,1040,1393,1085,1144,533,0
486,1040,1393,1085,1142,531,0
486,1040,1393,1085,1142,529,0
486,1040,1393,1085,1141,527,0
486,1040,1393,1085,1139,523,0
486,1040,1393,1085,1137,520,0
486,1040,1393,1085,1134,515,0
486,1040,1393,1085,1133,513,0
486,1040,1393,1085,1131,511,0
486,1040,1393,1085,1129,508,0
486,1040,1393,1085,1128,506,0
486,1040,1393,1085,1127,503,0
486,1040,1393,1085,1125,499,0
486,1040,1393,1085,1124,496,0
486,1040,1393,1085,1122,492,0
486,1040,1393,1085,1121,489,0
486,1040,1393,1085,1120,487,0
486,1040,1393,1085,1118,482,0
486,1040,1393,1085,1117,480,0
486,1040,1393,1085,1116,477,0
486,1040,1393,1085,1114,472,0
486,1040,1393,1085,1113,469,0
486,1040,1393,1085,1111,467,0
486,1040,1393,1085,1109,462,0
486,1040,1393,1085,1108,460,0
486,1040,1393,1085,1107,458,0
486,1040,1393,1085,1106,454,0
486,1040,1393,1085,1105,452,0
486,1040,1393,1085,1105,450,0
486,1040,1393,1085,1104,445,0
486,1040,1393,1085,1103,443,0
486,1040,1393,1085,1101,439,0
486,1040,1393,1085,1101,437,0
486,1040,1393,1085,1100,435,0
486,1040,1393,1085,1099,431,0
486,1040,1393,1085,1098,429,0
486,1040,1393,1085,1097,427,0
486,1040,1393,1085,1096,423,0
486,1040,1393,1085,1095,421,0
486,1040,1393,1085,1093,418,0
486,1040,1393,1085,1093,416,0
486,1040,1393,1085,1092,415,0
486,1040,1393,1085,1091,412,0
486,1040,1393,1085,1090,411,0
486,1040,1393,1085,1090,410,0
486,1040,1393,1085,1088,406,0
486,1040,1393,1085,1088,405,0
486,1040,1393,1085,1087,403,0
486,1040,1393,1085,1085,400,0
486,1040,1393,1085,1083,398,0
486,1040,1393,1085,1082,396,0
486,1040,1393,1085,1080,393,0
486,1040,1393,1085,1079,391,0
486,1040,1393,1085,1078,389,0
486,1040,1393,1085,1077,388,0
486,1040,1393,1085,1076,386,0
486,1040,1393,1085,1074,384,0
486,1040,1393,1085,1073,382,0
486,1040,1393,1085,1073,381,0
486,1040,1393,1085,1071,378,0
486,1040,1393,1085,1068,375,0
486,1040,1393,1085,1067,374,0
486,1040,1393,1085,1067,373,0
486,1040,1393,1085,1067,373,0
486,1040,1393,1085,1066,372,0
486,1040,1393,1085,1065,372,0
486,1040,1393,1085,1065,372,0
486,1040,1393,1085,1065,371,0
486,1040,1393,1085,1065,371,0
486,1040,1393,1085,1065,371,0
486,1040,1393,1085,1065,371,0
486,1040,1393,1085,1065,371,0
