486,1040,1393,1085,900,380,0
486,1040,1393,1085,900,380,0
486,1040,1393,1085,900,380,0
486,1040,1393,1085,900,380,0
486,1040,1393,1085,900,380,0
486,1040,1393,1085,900,380,0
486,1040,1393,1085,900,380,0
486,1040,1393,1085,900,380,0
486,1040,1393,1085,900,380,0
486,1040,1393,1085,900,380,0
486,1040,1393,1085,900,380,0
486,1040,1393,1085,900,380,0
486,1040,1393,1085,900,380,0
486,1040,1393,1085,900,381,0
486,1040,1393,1085,900,381,0
486,1040,1393,1085,900,381,0
486,1040,1393,1085,900,381,0
486,1040,1393,1085,899,382,0
486,1040,1393,1085,899,384,0
486,1040,1393,1085,899,386,0
486,1040,1393,1085,898,388,0
486,1040,1393,1085,898,391,0
486,1040,1393,1085,898,394,0
486,1040,1393,1085,898,396,0
486,1040,1393,1085,898,402,0
486,1040,1393,1085,898,404,0
486,1040,1393,1085,898,407,0
486,1040,1393,1085,898,411,0
486,1040,1393,1085,899,413,0
486,1040,1393,1085,899,417,0
486,1040,1393,1085,899,418,0
486,1040,1393,1085,900,419,0
486,1040,1393,1085,900,420,0
486,1040,1393,1085,900,421,0
486,1040,1393,1085,900,421,0
486,1040,1393,1085,900,422,0
486,1040,1393,1085,900,423,0
486,1040,1393,1085,899,423,0
486,1040,1393,1085,899,424,0
486,1040,1393,1085,899,425,0
486,1040,1393,1085,899,426,0
486,1040,1393,1085,899,427,0
486,1040,1393,1085,899,428,0
486,1040,1393,1085,899,429,0
486,1040,1393,1085,899,432,0
486,1040,1393,1085,899,433,0
486,1040,1393,1085,899,435,0
486,1040,1393,1085,899,438,0
486,1040,1393,1085,899,439,0
486,1040,1393,1085,899,440,0
486,1040,1393,1085,898,441,0
486,1040,1393,1085,898,443,0
486,1040,1393,1085,897,444,0
486,1040,1393,1085,895,448,0
486,1040,1393,1085,894,450,0
486,1040,1393,1085,892,453,0
486,1040,1393,1085,891,455,0
486,1040,1393,1085,890,456,0
486,1040,1393,1085,888,460,0
486,1040,1393,1085,887,461,0
486,1040,1393,1085,885,463,0
486,1040,1393,1085,885,464,0
486,1040,1393,1085,884,466,0
486,1040,1393,1085,882,467,0
486,1040,1393,1085,880,469,0
486,1040,1393,1085,876,471,0
486,1040,1393,1085,873,473,0
486,1040,1393,1085,870,475,0
486,1040,1393,1085,865,479,0
486,1040,1393,1085,863,480,0
486,1040,1393,1085,862,482,0
486,1040,1393,1085,860,484,0
486,1040,1393,1085,859,485,0
486,1040,1393,1085,859,485,0
486,1040,1393,1085,858,486,0
486,1040,1393,1085,858,487,0
486,1040,1393,1085,858,487,0
486,1040,1393,1085,856,488,0
486,1040,1393,1085,856,489,0
486,1040,1393,1085,855,490,0
486,1040,1393,1085,853,492,0
486,1040,1393,1085,851,494,0
486,1040,1393,1085,849,496,0
486,1040,1393,1085,847,499,0
486,1040,1393,1085,846,500,0
486,1040,1393,1085,845,502,0
486,1040,1393,1085,842,506,0
486,1040,1393,1085,841,508,0
486,1040,1393,1085,838,512,0
486,1040,1393,1085,837,514,0
486,1040,1393,1085,835,516,0
486,1040,1393,1085,832,521,0
486,1040,1393,1085,830,524,0
486,1040,1393,1085,829,526,0
486,1040,1393,1085,827,530,0
486,1040,1393,1085,826,531,0
486,1040,1393,1085,825,532,0
486,1040,1393,1085,824,534,0
486,1040,1393,1085,823,535,0
486,1040,1393,1085,823,536,0
486,1040,1393,1085,821,538,0
486,1040,1393,1085,820,540,0
486,1040,1393,1085,820,541,0
486,1040,1393,1085,818,544,0
486,1040,1393,1085,818,546,0
486,1040,1393,1085,817,547,0
486,1040,1393,1085,815,549,0
486,1040,1393,1085,814,550,0
486,1040,1393,1085,814,551,0
486,1040,1393,1085,813,552,0
486,1040,1393,1085,812,553,0
486,1040,1393,1085,811,554,0
486,1040,1393,1085,810,555,0
486,1040,1393,1085,809,556,0
486,1040,1393,1085,806,560,0
486,1040,1393,1085,805,562,0
486,1040,1393,1085,804,564,0
486,1040,1393,1085,801,568,0
486,1040,1393,1085,800,570,0
486,1040,1393,1085,799,572,0
486,1040,1393,1085,796,576,0
486,1040,1393,1085,794,577,0
486,1040,1393,1085,792,579,0
486,1040,1393,1085,789,583,0
486,1040,1393,1085,788,584,0
486,1040,1393,1085,787,586,0
486,1040,1393,1085,786,588,0
486,1040,1393,1085,785,589,0
486,1040,1393,1085,783,591,0
486,1040,1393,1085,781,594,0
486,1040,1393,1085,780,597,0
486,1040,1393,1085,777,601,0
486,1040,1393,1085,776,603,0
486,1040,1393,1085,774,605,0
486,1040,1393,1085,771,610,0
486,1040,1393,1085,769,612,0
486,1040,1393,1085,768,613,0
486,1040,1393,1085,765,616,0
486,1040,1393,1085,763,619,0
486,1040,1393,1085,761,622,0
486,1040,1393,1085,758,626,0
486,1040,1393,1085,756,628,0
486,1040,1393,1085,755,630,0
486,1040,1393,1085,753,634,0
486,1040,1393,1085,752,636,0
486,1040,1393,1085,748,641,0
486,1040,1393,1085,746,644,0
486,1040,1393,1085,743,648,0
486,1040,1393,1085,741,651,0
486,1040,1393,1085,737,656,0
486,1040,1393,1085,734,659,0
486,1040,1393,1085,732,661,0
486,1040,1393,1085,730,664,0
486,1040,1393,1085,729,666,0
486,1040,1393,1085,726,669,0
486,1040,1393,1085,725,671,0
486,1040,1393,1085,724,674,0
486,1040,1393,1085,722,679,0
486,1040,1393,1085,721,680,0
486,1040,1393,1085,720,682,0
486,1040,1393,1085,719,686,0
486,1040,1393,1085,718,687,0
486,1040,1393,1085,717,689,0
486,1040,1393,1085,716,691,0
486,1040,1393,1085,715,693,0
486,1040,1393,1085,714,696,0
486,1040,1393,1085,713,698,0
486,1040,1393,1085,712,699,0
486,1040,1393,1085,711,703,0
486,1040,1393,1085,710,704,0
486,1040,1393,1085,710,706,0
486,1040,1393,1085,707,711,0
486,1040,1393,1085,706,714,0
486,1040,1393,1085,705,716,0
486,1040,1393,1085,704,718,0
486,1040,1393,1085,702,723,0
486,1040,1393,1085,701,725,0
486,1040,1393,1085,700,729,0
486,1040,1393,1085,699,730,0
486,1040,1393,1085,698,732,0
486,1040,1393,1085,696,735,0
486,1040,1393,1085,695,736,0
486,1040,1393,1085,693,737,0
486,1040,1393,1085,690,739,0
486,1040,1393,1085,689,740,0
486,1040,1393,1085,688,742,0
486,1040,1393,1085,688,743,0
486,1040,1393,1085,688,744,0
486,1040,1393,1085,687,747,0
486,1040,1393,1085,686,748,0
486,1040,1393,1085,686,749,0
486,1040,1393,1085,684,752,0
486,1040,1393,1085,684,754,0
486,1040,1393,1085,683,756,0
486,1040,1393,1085,680,759,0
486,1040,1393,1085,679,761,0
486,1040,1393,1085,678,763,0
486,1040,1393,1085,677,767,0
486,1040,1393,1085,677,770,0
486,1040,1393,1085,676,774,0
486,1040,1393,1085,676,775,0
486,1040,1393,1085,676,777,0
486,1040,1393,1085,676,779,0
486,1040,1393,1085,675,783,0
486,1040,1393,1085,674,785,0
486,1040,1393,1085,672,790,0
486,1040,1393,1085,671,792,0
486,1040,1393,1085,670,794,0
486,1040,1393,1085,669,799,0
486,1040,1393,1085,669,802,0
486,1040,1393,1085,668,805,0
486,1040,1393,1085,667,810,0
486,1040,1393,1085,666,813,0
486,1040,1393,1085,665,816,0
486,1040,1393,1085,664,820,0
486,1040,1393,1085,663,822,0
486,1040,1393,1085,663,824,0
486,1040,1393,1085,660,828,0
486,1040,1393,1085,659,830,0
486,1040,1393,1085,656,834,0
486,1040,1393,1085,655,836,0
486,1040,1393,1085,654,837,0
486,1040,1393,1085,651,841,0
486,1040,1393,1085,651,842,0
486,1040,1393,1085,650,844,0
486,1040,1393,1085,649,847,0
486,1040,1393,1085,648,848,0
486,1040,1393,1085,647,849,0
486,1040,1393,1085,644,852,0
486,1040,1393,1085,642,854,0
486,1040,1393,1085,638,857,0
486,1040,1393,1085,636,859,0
486,1040,1393,1085,634,861,0
486,1040,1393,1085,632,862,0
486,1040,1393,1085,629,866,0
486,1040,1393,1085,628,867,0
486,1040,1393,1085,626,868,0
486,1040,1393,1085,625,871,0
486,1040,1393,1085,624,872,0
486,1040,1393,1085,623,872,0
486,1040,1393,1085,619,875,0
486,1040,1393,1085,618,877,0
486,1040,1393,1085,614,880,0
486,1040,1393,1085,612,882,0
486,1040,1393,1085,611,885,0
486,1040,1393,1085,608,889,0
486,1040,1393,1085,607,891,0
486,1040,1393,1085,605,893,0
486,1040,1393,1085,602,896,0
486,1040,1393,1085,601,898,0
486,1040,1393,1085,600,899,0
486,1040,1393,1085,600,902,0
486,1040,1393,1085,599,903,0
486,1040,1393,1085,599,905,0
486,1040,1393,1085,597,907,0
486,1040,1393,1085,597,908,0
486,1040,1393,1085,597,909,0
486,1040,1393,1085,596,910,0
486,1040,1393,1085,595,911,0
486,1040,1393,1085,594,912,0
486,1040,1393,1085,593,913,0
486,1040,1393,1085,593,914,0
486,1040,1393,1085,592,917,0
486,1040,1393,1085,591,918,0
486,1040,1393,1085,591,920,0
486,1040,1393,1085,592,922,0
486,1040,1393,1085,592,923,0
486,1040,1393,1085,591,924,0
486,1040,1393,1085,591,926,0
486,1040,1393,1085,591,927,0
486,1040,1393,1085,590,929,0
486,1040,1393,1085,590,930,0
486,1040,1393,1085,589,930,0
486,1040,1393,1085,589,932,0
486,1040,1393,1085,589,933,0
486,1040,1393,1085,588,933,0
486,1040,1393,1085,587,935,0
486,1040,1393,1085,586,936,0
486,1040,1393,1085,585,937,0
486,1040,1393,1085,585,938,0
486,1040,1393,1085,585,939,0
486,1040,1393,1085,584,940,0
486,1040,1393,1085,584,940,0
486,1040,1393,1085,584,941,0
486,1040,1393,1085,584,942,0
486,1040,1393,1085,584,944,0
486,1040,1393,1085,583,945,0
486,1040,1393,1085,583,946,0
486,1040,1393,1085,583,948,0
486,1040,1393,1085,583,950,0
486,1040,1393,1085,582,951,0
486,1040,1393,1085,581,953,0
486,1040,1393,1085,581,954,0
486,1040,1393,1085,580,955,0
486,1040,1393,1085,579,956,0
486,1040,1393,1085,580,956,0
486,1040,1393,1085,579,956,0
486,1040,1393,1085,579,956,0
486,1040,1393,1085,579,956,0
486,1040,1393,1085,579,957,0
486,1040,1393,1085,579,957,0
486,1040,1393,1085,579,958,1
486,1040,1393,1085,579,959,1
486,1040,1393,1085,579,959,1
486,1040,1393,1085,579,960,1
486,1040,1393,1085,579,960,1
486,1040,1393,1085,579,961,1
486,1040,1393,1085,579,961,1
486,1040,1393,1085,579,961,1
486,1040,1393,1085,579,961,1
486,1040,1393,1085,579,961,1
486,1040,1393,1085,579,961,1
486,1040,1393,1085,579,961,1
486,1040,1393,1085,579,961,1
486,1040,1393,1085,579,961,1
486,1040,1393,1085,579,961,1
486,1040,1393,1085,578,961,1
486,1040,1393,1085,578,961,1
486,1040,1393,1085,578,961,1
486,1040,1393,1085,578,961,1
486,1040,1393,1085,578,961,1
486,1040,1393,1085,578,961,1
486,1040,1393,1085,578,961,1
486,1040,1393,1085,579,961,1
486,1040,1393,1085,579,961,1
486,1040,1393,1085,579,961,1
486,1040,1393,1085,580,961,1
486,1040,1393,1085,582,961,1
486,1040,1393,1085,585,961,1
486,1040,1393,1085,592,961,1
486,1040,1393,1085,597,962,1
486,1040,1393,1085,607,962,1
486,1040,1393,1085,613,962,1
486,1040,1393,1085,617,963,1
486,1040,1393,1085,627,964,1
486,1040,1393,1085,631,965,1
486,1040,1393,1085,636,965,1
486,1040,1393,1085,644,966,1
486,1040,1393,1085,647,966,1
486,1040,1393,1085,652,966,1
486,1040,1393,1085,659,966,1
486,1040,1393,1085,662,966,1
486,1040,1393,1085,666,966,1
486,1040,1393,1085,668,966,1
486,1040,1393,1085,670,966,1
486,1040,1393,1085,675,966,1
486,1040,1393,1085,678,966,1
486,1040,1393,1085,681,966,1
486,1040,1393,1085,689,966,1
486,1040,1393,1085,694,966,1
486,1040,1393,1085,699,966,1
486,1040,1393,1085,707,966,1
486,1040,1393,1085,710,966,1
486,1040,1393,1085,715,966,1
486,1040,1393,1085,717,966,1
486,1040,1393,1085,720,966,1
486,1040,1393,1085,722,966,1
486,1040,1393,1085,729,965,1
486,1040,1393,1085,733,964,1
486,1040,1393,1085,744,964,1
486,1040,1393,1085,751,963,1
486,1040,1393,1085,755,962,1
486,1040,1393,1085,765,961,1
486,1040,1393,1085,768,960,1
486,1040,1393,1085,771,960,1
486,1040,1393,1085,776,959,1
486,1040,1393,1085,780,959,1
486,1040,1393,1085,783,958,1
486,1040,1393,1085,790,957,1
486,1040,1393,1085,794,955,1
486,1040,1393,1085,805,954,1
486,1040,1393,1085,809,953,1
486,1040,1393,1085,813,952,1
486,1040,1393,1085,819,951,1
486,1040,1393,1085,823,951,1
486,1040,1393,1085,826,950,1
486,1040,1393,1085,832,949,1
486,1040,1393,1085,836,949,1
486,1040,1393,1085,839,948,1
486,1040,1393,1085,847,947,1
486,1040,1393,1085,852,947,1
486,1040,1393,1085,856,946,1
486,1040,1393,1085,864,945,1
486,1040,1393,1085,868,945,1
486,1040,1393,1085,872,944,1
486,1040,1393,1085,878,943,1
486,1040,1393,1085,881,943,1
486,1040,1393,1085,885,943,1
486,1040,1393,1085,893,943,1
486,1040,1393,1085,897,943,1
486,1040,1393,1085,906,943,1
486,1040,1393,1085,913,942,1
486,1040,1393,1085,918,942,1
486,1040,1393,1085,930,941,1
486,1040,1393,1085,933,941,1
486,1040,1393,1085,937,939,1
486,1040,1393,1085,943,938,1
486,1040,1393,1085,945,938,1
486,1040,1393,1085,947,938,1
486,1040,1393,1085,952,937,1
486,1040,1393,1085,953,937,1
486,1040,1393,1085,957,937,1
486,1040,1393,1085,959,936,1
486,1040,1393,1085,962,936,1
486,1040,1393,1085,969,936,1
486,1040,1393,1085,973,936,1
486,1040,1393,1085,977,936,1
486,1040,1393,1085,981,936,1
486,1040,1393,1085,988,936,1
486,1040,1393,1085,991,936,1
486,1040,1393,1085,997,937,1
486,1040,1393,1085,1000,937,1
486,1040,1393,1085,1010,939,1
486,1040,1393,1085,1015,939,1
486,1040,1393,1085,1019,940,1
486,1040,1393,1085,1030,941,1
486,1040,1393,1085,1036,941,1
486,1040,1393,1085,1046,942,1
486,1040,1393,1085,1052,942,1
486,1040,1393,1085,1056,942,1
486,1040,1393,1085,1065,942,1
486,1040,1393,1085,1070,942,1
486,1040,1393,1085,1075,942,1
486,1040,1393,1085,1085,942,1
486,1040,1393,1085,1092,944,1
486,1040,1393,1085,1098,944,1
486,1040,1393,1085,1110,945,1
486,1040,1393,1085,1115,945,1
486,1040,1393,1085,1122,945,1
486,1040,1393,1085,1126,945,1
486,1040,1393,1085,1128,945,1
486,1040,1393,1085,1130,945,1
486,1040,1393,1085,1134,945,1
486,1040,1393,1085,1137,945,1
486,1040,1393,1085,1141,945,1
486,1040,1393,1085,1150,945,1
486,1040,1393,1085,1155,945,1
486,1040,1393,1085,1161,945,1
486,1040,1393,1085,1175,944,1
486,1040,1393,1085,1181,944,1
486,1040,1393,1085,1195,944,1
486,1040,1393,1085,1199,944,1
486,1040,1393,1085,1205,944,1
486,1040,1393,1085,1215,943,1
486,1040,1393,1085,1221,943,1
486,1040,1393,1085,1226,943,1
486,1040,1393,1085,1240,940,1
486,1040,1393,1085,1247,939,1
486,1040,1393,1085,1254,939,1
486,1040,1393,1085,1270,936,1
486,1040,1393,1085,1276,935,1
486,1040,1393,1085,1287,934,1
486,1040,1393,1085,1292,932,1
486,1040,1393,1085,1296,932,1
486,1040,1393,1085,1301,932,1
486,1040,1393,1085,1304,931,1
486,1040,1393,1085,1307,931,1
486,1040,1393,1085,1311,930,1
486,1040,1393,1085,1320,930,1
486,1040,1393,1085,1325,929,1
486,1040,1393,1085,1330,929,1
486,1040,1393,1085,1339,929,1
486,1040,1393,1085,1342,929,1
486,1040,1393,1085,1346,928,1
486,1040,1393,1085,1348,928,1
486,1040,1393,1085,1348,928,1
486,1040,1393,1085,1351,928,1
486,1040,1393,1085,1352,928,1
486,1040,1393,1085,1354,929,1
486,1040,1393,1085,1357,929,1
486,1040,1393,1085,1359,929,1
486,1040,1393,1085,1362,929,1
486,1040,1393,1085,1370,929,1
486,1040,1393,1085,1374,929,1
486,1040,1393,1085,1380,929,1
486,1040,1393,1085,1392,929,1
486,1040,1393,1085,1399,928,1
486,1040,1393,1085,1414,927,1
486,1040,1393,1085,1421,927,1
486,1040,1393,1085,1428,926,1
486,1040,1393,1085,1435,925,1
486,1040,1393,1085,1438,925,1
486,1040,1393,1085,1439,925,1
486,1040,1393,1085,1440,925,1
486,1040,1393,1085,1442,923,1
486,1040,1393,1085,1443,923,1
486,1040,1393,1085,1450,922,1
486,1040,1393,1085,1454,923,1
486,1040,1393,1085,1458,923,1
486,1040,1393,1085,1467,921,1
486,1040,1393,1085,1471,920,1
486,1040,1393,1085,1475,919,1
486,1040,1393,1085,1480,918,1
486,1040,1393,1085,1481,917,1
486,1040,1393,1085,1482,916,1
486,1040,1393,1085,1483,916,1
486,1040,1393,1085,1484,915,1
486,1040,1393,1085,1486,914,1
486,1040,1393,1085,1487,913,1
486,1040,1393,1085,1488,912,1
486,1040,1393,1085,1491,911,1
486,1040,1393,1085,1493,910,1
486,1040,1393,1085,1495,909,1
486,1040,1393,1085,1499,907,1
486,1040,1393,1085,1500,907,1
486,1040,1393,1085,1501,906,1
486,1040,1393,1085,1504,905,1
486,1040,1393,1085,1507,905,1
486,1040,1393,1085,1511,904,1
486,1040,1393,1085,1513,904,1
486,1040,1393,1085,1516,904,1
486,1040,1393,1085,1519,903,1
486,1040,1393,1085,1521,903,1
486,1040,1393,1085,1522,903,1
486,1040,1393,1085,1523,902,1
486,1040,1393,1085,1526,902,1
486,1040,1393,1085,1526,902,1
486,1040,1393,1085,1528,902,1
486,1040,1393,1085,1531,901,1
486,1040,1393,1085,1535,900,1
486,1040,1393,1085,1546,900,1
486,1040,1393,1085,1552,900,1
486,1040,1393,1085,1558,900,1
486,1040,1393,1085,1569,900,1
486,1040,1393,1085,1573,900,1
486,1040,1393,1085,1577,900,1
486,1040,1393,1085,1583,900,1
486,1040,1393,1085,1586,900,1
486,1040,1393,1085,1588,900,1
486,1040,1393,1085,1592,900,1
486,1040,1393,1085,1593,901,1
486,1040,1393,1085,1598,903,1
486,1040,1393,1085,1600,904,1
486,1040,1393,1085,1602,904,1
486,1040,1393,1085,1605,904,1
486,1040,1393,1085,1607,905,1
486,1040,1393,1085,1609,905,1
486,1040,1393,1085,1612,905,1
486,1040,1393,1085,1613,905,1
486,1040,1393,1085,1615,905,1
486,1040,1393,1085,1616,905,1
486,1040,1393,1085,1620,905,1
486,1040,1393,1085,1623,905,1
486,1040,1393,1085,1629,905,1
486,1040,1393,1085,1633,905,1
486,1040,1393,1085,1637,904,1
486,1040,1393,1085,1645,903,1
486,1040,1393,1085,1649,903,1
486,1040,1393,1085,1653,902,1
486,1040,1393,1085,1661,900,1
486,1040,1393,1085,1665,899,1
486,1040,1393,1085,1672,899,1
486,1040,1393,1085,1681,896,1
486,1040,1393,1085,1686,895,1
486,1040,1393,1085,1692,893,1
486,1040,1393,1085,1693,893,1
486,1040,1393,1085,1694,892,1
486,1040,1393,1085,1694,892,1
486,1040,1393,1085,1694,892,1
486,1040,1393,1085,1694,892,1
486,1040,1393,1085,1694,891,1
486,1040,1393,1085,1695,891,1
486,1040,1393,1085,1695,890,1
486,1040,1393,1085,1697,889,1
486,1040,1393,1085,1698,889,1
486,1040,1393,1085,1698,889,1
486,1040,1393,1085,1698,888,1
486,1040,1393,1085,1698,888,1
486,1040,1393,1085,1698,888,1
486,1040,1393,1085,1698,888,1
486,1040,1393,1085,1698,888,1
486,1040,1393,1085,1698,888,1
486,1040,1393,1085,1698,888,1
486,1040,1393,1085,1698,888,1
486,1040,1393,1085,1698,888,1
486,1040,1393,1085,1698,888,1
486,1040,1393,1085,1698,888,1
486,1040,1393,1085,1698,888,1
486,1040,1393,1085,1698,888,1
486,1040,1393,1085,1697,888,0
486,1040,1393,1085,1697,888,0
486,1040,1393,1085,1697,888,0
486,1040,1393,1085,1697,888,0
486,1040,1393,1085,1697,888,0
486,1040,1393,1085,1697,888,0
486,1040,1393,1085,1697,888,0
486,1040,1393,1085,1697,888,0
486,1040,1393,1085,1697,888,0
486,1040,1393,1085,1697,888,0
486,1040,1393,1085,1697,888,0
486,1040,1393,1085,1697,888,0
486,1040,1393,1085,1696,888,0
486,1040,1393,1085,1694,888,0
486,1040,1393,1085,1692,887,0
486,1040,1393,1085,1688,886,0
486,1040,1393,1085,1685,886,0
486,1040,1393,1085,1682,885,0
486,1040,1393,1085,1676,884,0
486,1040,1393,1085,1674,883,0
486,1040,1393,1085,1672,882,0
486,1040,1393,1085,1666,879,0
486,1040,1393,1085,1662,876,0
486,1040,1393,1085,1654,871,0
486,1040,1393,1085,1650,868,0
486,1040,1393,1085,1644,866,0
486,1040,1393,1085,1636,862,0
486,1040,1393,1085,1630,860,0
486,1040,1393,1085,1626,857,0
486,1040,1393,1085,1617,854,0
486,1040,1393,1085,1612,853,0
486,1040,1393,1085,1608,852,0
486,1040,1393,1085,1601,848,0
486,1040,1393,1085,1598,848,0
486,1040,1393,1085,1596,847,0
486,1040,1393,1085,1594,845,0
486,1040,1393,1085,1592,845,0
486,1040,1393,1085,1588,843,0
486,1040,1393,1085,1585,841,0
486,1040,1393,1085,1582,839,0
486,1040,1393,1085,1578,838,0
486,1040,1393,1085,1572,834,0
486,1040,1393,1085,1569,833,0
486,1040,1393,1085,1564,830,0
486,1040,1393,1085,1561,828,0
486,1040,1393,1085,1559,827,0
486,1040,1393,1085,1554,824,0
486,1040,1393,1085,1553,822,0
486,1040,1393,1085,1551,821,0
486,1040,1393,1085,1547,819,0
486,1040,1393,1085,1545,817,0
486,1040,1393,1085,1544,817,0
486,1040,1393,1085,1543,815,0
486,1040,1393,1085,1543,814,0
486,1040,1393,1085,1542,812,0
486,1040,1393,1085,1541,811,0
486,1040,1393,1085,1540,810,0
486,1040,1393,1085,1536,806,0
486,1040,1393,1085,1534,804,0
486,1040,1393,1085,1531,802,0
486,1040,1393,1085,1529,800,0
486,1040,1393,1085,1526,795,0
486,1040,1393,1085,1524,793,0
486,1040,1393,1085,1524,789,0
486,1040,1393,1085,1523,787,0
486,1040,1393,1085,1523,786,0
486,1040,1393,1085,1522,782,0
486,1040,1393,1085,1521,781,0
486,1040,1393,1085,1520,779,0
486,1040,1393,1085,1516,775,0
486,1040,1393,1085,1512,772,0
486,1040,1393,1085,1508,769,0
486,1040,1393,1085,1499,763,0
486,1040,1393,1085,1493,759,0
486,1040,1393,1085,1485,754,0
486,1040,1393,1085,1482,752,0
486,1040,1393,1085,1479,749,0
486,1040,1393,1085,1473,745,0
486,1040,1393,1085,1470,743,0
486,1040,1393,1085,1468,741,0
486,1040,1393,1085,1461,736,0
486,1040,1393,1085,1458,734,0
486,1040,1393,1085,1451,728,0
486,1040,1393,1085,1447,725,0
486,1040,1393,1085,1442,722,0
486,1040,1393,1085,1432,714,0
486,1040,1393,1085,1427,710,0
486,1040,1393,1085,1421,705,0
486,1040,1393,1085,1408,694,0
486,1040,1393,1085,1403,692,0
486,1040,1393,1085,1399,688,0
486,1040,1393,1085,1394,682,0
486,1040,1393,1085,1392,680,0
486,1040,1393,1085,1391,676,0
486,1040,1393,1085,1387,672,0
486,1040,1393,1085,1387,670,0
486,1040,1393,1085,1386,668,0
486,1040,1393,1085,1382,664,0
486,1040,1393,1085,1380,661,0
486,1040,1393,1085,1372,653,0
486,1040,1393,1085,1368,648,0
486,1040,1393,1085,1364,644,0
486,1040,1393,1085,1355,634,0
486,1040,1393,1085,1353,629,0
486,1040,1393,1085,1349,624,0
486,1040,1393,1085,1346,619,0
486,1040,1393,1085,1343,615,0
486,1040,1393,1085,1341,613,0
486,1040,1393,1085,1336,606,0
486,1040,1393,1085,1333,601,0
486,1040,1393,1085,1331,597,0
486,1040,1393,1085,1325,590,0
486,1040,1393,1085,1324,588,0
486,1040,1393,1085,1322,584,0
486,1040,1393,1085,1320,579,0
486,1040,1393,1085,1319,577,0
486,1040,1393,1085,1318,575,0
486,1040,1393,1085,1315,571,0
486,1040,1393,1085,1313,568,0
486,1040,1393,1085,1311,565,0
486,1040,1393,1085,1306,557,0
486,1040,1393,1085,1303,554,0
486,1040,1393,1085,1298,549,0
486,1040,1393,1085,1296,547,0
486,1040,1393,1085,1293,544,0
486,1040,1393,1085,1287,540,0
486,1040,1393,1085,1284,538,0
486,1040,1393,1085,1281,536,0
486,1040,1393,1085,1274,531,0
486,1040,1393,1085,1270,529,0
486,1040,1393,1085,1265,526,0
486,1040,1393,1085,1252,521,0
486,1040,1393,1085,1246,517,0
486,1040,1393,1085,1236,511,0
486,1040,1393,1085,1232,509,0
486,1040,1393,1085,1229,507,0
486,1040,1393,1085,1225,504,0
486,1040,1393,1085,1223,503,0
486,1040,1393,1085,1221,502,0
486,1040,1393,1085,1218,501,0
486,1040,1393,1085,1213,499,0
486,1040,1393,1085,1210,499,0
486,1040,1393,1085,1206,498,0
486,1040,1393,1085,1204,498,0
486,1040,1393,1085,1202,497,0
486,1040,1393,1085,1197,497,0
486,1040,1393,1085,1193,497,0
486,1040,1393,1085,1190,497,0
486,1040,1393,1085,1184,495,0
486,1040,1393,1085,1180,495,0
486,1040,1393,1085,1177,494,0
486,1040,1393,1085,1170,493,0
486,1040,1393,1085,1167,493,0
486,1040,1393,1085,1165,492,0
486,1040,1393,1085,1161,490,0
486,1040,1393,1085,1159,489,0
486,1040,1393,1085,1155,486,0
486,1040,1393,1085,1152,484,0
486,1040,1393,1085,1149,482,0
486,1040,1393,1085,1141,477,0
486,1040,1393,1085,1138,475,0
486,1040,1393,1085,1135,473,0
486,1040,1393,1085,1130,470,0
486,1040,1393,1085,1129,469,0
486,1040,1393,1085,1128,468,0
486,1040,1393,1085,1128,468,0
486,1040,1393,1085,1128,467,0
486,1040,1393,1085,1128,467,0
486,1040,1393,1085,1127,465,0
486,1040,1393,1085,1127,463,0
486,1040,1393,1085,1126,462,0
486,1040,1393,1085,1125,461,0
486,1040,1393,1085,1124,459,0
486,1040,1393,1085,1123,458,0
486,1040,1393,1085,1119,454,0
486,1040,1393,1085,1117,452,0
486,1040,1393,1085,1112,447,0
486,1040,1393,1085,1110,445,0
486,1040,1393,1085,1108,443,0
486,1040,1393,1085,1104,438,0
486,1040,1393,1085,1103,436,0
486,1040,1393,1085,1102,434,0
486,1040,1393,1085,1100,431,0
486,1040,1393,1085,1099,430,0
486,1040,1393,1085,1095,426,0
486,1040,1393,1085,1094,423,0
486,1040,1393,1085,1092,421,0
486,1040,1393,1085,1089,416,0
486,1040,1393,1085,1088,415,0
486,1040,1393,1085,1087,413,0
486,1040,1393,1085,1084,409,0
486,1040,1393,1085,1082,407,0
486,1040,1393,1085,1081,406,0
486,1040,1393,1085,1078,402,0
486,1040,1393,1085,1077,400,0
486,1040,1393,1085,1075,398,0
486,1040,1393,1085,1073,394,0
486,1040,1393,1085,1073,393,0
486,1040,1393,1085,1072,391,0
486,1040,1393,1085,1071,389,0
486,1040,1393,1085,1070,389,0
486,1040,1393,1085,1070,388,0
486,1040,1393,1085,1069,387,0
486,1040,1393,1085,1069,387,0
486,1040,1393,1085,1069,386,0
486,1040,1393,1085,1069,386,0
486,1040,1393,1085,1069,386,0
486,1040,1393,1085,1069,385,0
486,1040,1393,1085,1069,385,0
486,1040,1393,1085,1069,385,0
486,1040,1393,1085,1069,385,0
486,1040,1393,1085,1069,384,0
486,1040,1393,1085,1069,384,0
486,1040,1393,1085,1069,384,0
486,1040,1393,1085,1069,384,0
486,1040,1393,1085,1069,384,0
