486,1040,1393,1085,900,375,0
486,1040,1393,1085,900,375,0
486,1040,1393,1085,900,375,0
486,1040,1393,1085,900,375,0
486,1040,1393,1085,900,375,0
486,1040,1393,1085,900,375,0
486,1040,1393,1085,900,375,0
486,1040,1393,1085,900,375,0
486,1040,1393,1085,900,375,0
486,1040,1393,1085,900,375,0
486,1040,1393,1085,900,375,0
486,1040,1393,1085,900,375,0
486,1040,1393,1085,900,375,0
486,1040,1393,1085,900,375,0
486,1040,1393,1085,900,375,0
486,1040,1393,1085,900,375,0
486,1040,1393,1085,900,375,0
486,1040,1393,1085,900,375,0
486,1040,1393,1085,900,375,0
486,1040,1393,1085,900,376,0
486,1040,1393,1085,900,376,0
486,1040,1393,1085,900,376,0
486,1040,1393,1085,900,376,0
486,1040,1393,1085,900,376,0
486,1040,1393,1085,899,380,0
486,1040,1393,1085,895,387,0
486,1040,1393,1085,894,389,0
486,1040,1393,1085,892,392,0
486,1040,1393,1085,891,397,0
486,1040,1393,1085,890,398,0
486,1040,1393,1085,889,401,0
486,1040,1393,1085,888,402,0
486,1040,1393,1085,887,404,0
486,1040,1393,1085,884,407,0
486,1040,1393,1085,883,409,0
486,1040,1393,1085,881,410,0
486,1040,1393,1085,880,411,0
486,1040,1393,1085,880,411,0
486,1040,1393,1085,880,411,0
486,1040,1393,1085,880,411,0
486,1040,1393,1085,880,411,0
486,1040,1393,1085,880,411,0
486,1040,1393,1085,880,411,0
486,1040,1393,1085,880,411,0
486,1040,1393,1085,880,411,0
486,1040,1393,1085,880,411,0
486,1040,1393,1085,880,411,0
486,1040,1393,1085,879,413,0
486,1040,1393,1085,878,415,0
486,1040,1393,1085,874,420,0
486,1040,1393,1085,873,423,0
486,1040,1393,1085,871,426,0
486,1040,1393,1085,868,432,0
486,1040,1393,1085,867,435,0
486,1040,1393,1085,866,438,0
486,1040,1393,1085,865,439,0
486,1040,1393,1085,865,440,0
486,1040,1393,1085,864,441,0
486,1040,1393,1085,864,442,0
486,1040,1393,1085,863,443,0
486,1040,1393,1085,863,444,0
486,1040,1393,1085,863,444,0
486,1040,1393,1085,862,446,0
486,1040,1393,1085,862,448,0
486,1040,1393,1085,861,450,0
486,1040,1393,1085,859,455,0
486,1040,1393,1085,858,457,0
486,1040,1393,1085,856,460,0
486,1040,1393,1085,852,467,0
486,1040,1393,1085,849,471,0
486,1040,1393,1085,846,475,0
486,1040,1393,1085,840,483,0
486,1040,1393,1085,836,487,0
486,1040,1393,1085,829,496,0
486,1040,1393,1085,825,502,0
486,1040,1393,1085,822,506,0
486,1040,1393,1085,816,513,0
486,1040,1393,1085,814,517,0
486,1040,1393,1085,808,524,0
486,1040,1393,1085,804,529,0
486,1040,1393,1085,802,532,0
486,1040,1393,1085,799,537,0
486,1040,1393,1085,799,538,0
486,1040,1393,1085,798,538,0
486,1040,1393,1085,798,539,0
486,1040,1393,1085,798,539,0
486,1040,1393,1085,798,541,0
486,1040,1393,1085,797,542,0
486,1040,1393,1085,797,543,0
486,1040,1393,1085,795,546,0
486,1040,1393,1085,793,548,0
486,1040,1393,1085,792,550,0
486,1040,1393,1085,790,552,0
486,1040,1393,1085,787,557,0
486,1040,1393,1085,784,563,0
486,1040,1393,1085,783,565,0
486,1040,1393,1085,779,570,0
486,1040,1393,1085,775,577,0
486,1040,1393,1085,772,581,0
486,1040,1393,1085,769,586,0
486,1040,1393,1085,764,595,0
486,1040,1393,1085,761,599,0
486,1040,1393,1085,756,607,0
486,1040,1393,1085,754,611,0
486,1040,1393,1085,753,615,0
486,1040,1393,1085,750,623,0
486,1040,1393,1085,747,628,0
486,1040,1393,1085,744,633,0
486,1040,1393,1085,739,640,0
486,1040,1393,1085,738,643,0
486,1040,1393,1085,737,644,0
486,1040,1393,1085,737,645,0
486,1040,1393,1085,737,645,0
486,1040,1393,1085,737,645,0
486,1040,1393,1085,737,645,0
486,1040,1393,1085,736,645,0
486,1040,1393,1085,736,646,0
486,1040,1393,1085,734,647,0
486,1040,1393,1085,732,649,0
486,1040,1393,1085,725,654,0
486,1040,1393,1085,722,657,0
486,1040,1393,1085,715,665,0
486,1040,1393,1085,712,668,0
486,1040,1393,1085,709,671,0
486,1040,1393,1085,705,678,0
486,1040,1393,1085,704,681,0
486,1040,1393,1085,702,682,0
486,1040,1393,1085,700,685,0
486,1040,1393,1085,699,686,0
486,1040,1393,1085,699,687,0
486,1040,1393,1085,697,689,0
486,1040,1393,1085,696,691,0
486,1040,1393,1085,695,692,0
486,1040,1393,1085,694,694,0
486,1040,1393,1085,693,696,0
486,1040,1393,1085,690,700,0
486,1040,1393,1085,689,702,0
486,1040,1393,1085,686,706,0
486,1040,1393,1085,685,708,0
486,1040,1393,1085,683,710,0
486,1040,1393,1085,680,715,0
486,1040,1393,1085,677,718,0
486,1040,1393,1085,675,721,0
486,1040,1393,1085,670,728,0
486,1040,1393,1085,667,733,0
486,1040,1393,1085,665,737,0
486,1040,1393,1085,659,746,0
486,1040,1393,1085,656,750,0
486,1040,1393,1085,653,754,0
486,1040,1393,1085,648,761,0
486,1040,1393,1085,644,765,0
486,1040,1393,1085,640,771,0
486,1040,1393,1085,636,775,0
486,1040,1393,1085,634,778,0
486,1040,1393,1085,628,785,0
486,1040,1393,1085,625,788,0
486,1040,1393,1085,622,791,0
486,1040,1393,1085,618,797,0
486,1040,1393,1085,616,800,0
486,1040,1393,1085,614,804,0
486,1040,1393,1085,609,810,0
486,1040,1393,1085,606,813,0
486,1040,1393,1085,601,821,0
486,1040,1393,1085,597,824,0
486,1040,1393,1085,593,827,0
486,1040,1393,1085,587,834,0
486,1040,1393,1085,583,836,0
486,1040,1393,1085,580,839,0
486,1040,1393,1085,576,844,0
486,1040,1393,1085,574,846,0
486,1040,1393,1085,574,848,0
486,1040,1393,1085,572,850,0
486,1040,1393,1085,572,851,0
486,1040,1393,1085,571,853,0
486,1040,1393,1085,569,856,0
486,1040,1393,1085,568,857,0
486,1040,1393,1085,566,860,0
486,1040,1393,1085,566,862,0
486,1040,1393,1085,565,863,0
486,1040,1393,1085,563,866,0
486,1040,1393,1085,562,867,0
486,1040,1393,1085,561,868,0
486,1040,1393,1085,559,872,0
486,1040,1393,1085,558,873,0
486,1040,1393,1085,557,875,0
486,1040,1393,1085,556,878,0
486,1040,1393,1085,555,880,0
486,1040,1393,1085,554,882,0
486,1040,1393,1085,553,884,0
486,1040,1393,1085,553,885,0
486,1040,1393,1085,552,887,0
486,1040,1393,1085,551,888,0
486,1040,1393,1085,551,889,0
486,1040,1393,1085,551,891,0
486,1040,1393,1085,551,892,0
486,1040,1393,1085,550,893,0
486,1040,1393,1085,549,897,0
486,1040,1393,1085,548,899,0
486,1040,1393,1085,547,902,0
486,1040,1393,1085,543,908,0
486,1040,1393,1085,541,911,0
486,1040,1393,1085,539,914,0
486,1040,1393,1085,537,918,0
486,1040,1393,1085,535,920,0
486,1040,1393,1085,534,922,0
486,1040,1393,1085,532,927,0
486,1040,1393,1085,530,930,0
486,1040,1393,1085,526,939,0
486,1040,1393,1085,524,943,0
486,1040,1393,1085,520,948,0
486,1040,1393,1085,515,957,0
486,1040,1393,1085,514,959,0
486,1040,1393,1085,513,960,0
486,1040,1393,1085,512,961,0
486,1040,1393,1085,512,961,0
486,1040,1393,1085,512,961,0
486,1040,1393,1085,512,961,0
486,1040,1393,1085,512,961,0
486,1040,1393,1085,512,962,0
486,1040,1393,1085,511,963,0
486,1040,1393,1085,510,964,0
486,1040,1393,1085,509,965,0
486,1040,1393,1085,508,967,0
486,1040,1393,1085,507,968,0
486,1040,1393,1085,506,968,0
486,1040,1393,1085,504,970,0
486,1040,1393,1085,504,970,0
486,1040,1393,1085,504,970,0
486,1040,1393,1085,504,971,0
486,1040,1393,1085,504,971,0
486,1040,1393,1085,504,971,0
486,1040,1393,1085,503,972,0
486,1040,1393,1085,502,972,0
486,1040,1393,1085,500,974,0
486,1040,1393,1085,499,974,0
486,1040,1393,1085,498,975,0
486,1040,1393,1085,496,976,0
486,1040,1393,1085,495,977,0
486,1040,1393,1085,495,977,0
486,1040,1393,1085,494,977,0
486,1040,1393,1085,494,977,0
486,1040,1393,1085,494,977,0
486,1040,1393,1085,494,977,0
486,1040,1393,1085,494,977,0
486,1040,1393,1085,494,977,0
486,1040,1393,1085,494,977,0
486,1040,1393,1085,494,977,0
486,1040,1393,1085,494,977,0
486,1040,1393,1085,494,977,0
486,1040,1393,1085,494,977,0
486,1040,1393,1085,494,977,0
486,1040,1393,1085,494,977,0
486,1040,1393,1085,494,977,0
486,1040,1393,1085,494,977,0
486,1040,1393,1085,494,977,0
486,1040,1393,1085,494,977,0
486,1040,1393,1085,493,978,0
486,1040,1393,1085,492,979,0
486,1040,1393,1085,492,980,0
486,1040,1393,1085,491,981,0
486,1040,1393,1085,489,984,0
486,1040,1393,1085,488,986,0
486,1040,1393,1085,486,987,0
486,1040,1393,1085,485,988,0
486,1040,1393,1085,485,989,0
486,1040,1393,1085,484,990,0
486,1040,1393,1085,484,990,0
486,1040,1393,1085,483,990,0
486,1040,1393,1085,483,990,0
486,1040,1393,1085,483,990,0
486,1040,1393,1085,483,991,0
486,1040,1393,1085,483,991,0
486,1040,1393,1085,481,992,0
486,1040,1393,1085,480,993,0
486,1040,1393,1085,478,994,0
486,1040,1393,1085,476,995,0
486,1040,1393,1085,474,996,0
486,1040,1393,1085,470,999,0
486,1040,1393,1085,469,1000,0
486,1040,1393,1085,468,1000,0
486,1040,1393,1085,467,1001,0
486,1040,1393,1085,467,1001,0
486,1040,1393,1085,467,1001,0
486,1040,1393,1085,467,1001,0
486,1040,1393,1085,467,1000,0
486,1040,1393,1085,466,1000,0
486,1040,1393,1085,466,1000,0
486,1040,1393,1085,466,1000,0
486,1040,1393,1085,466,1000,0
486,1040,1393,1085,466,1000,0
486,1040,1393,1085,466,1000,0
486,1040,1393,1085,466,1000,0
486,1040,1393,1085,466,1000,0
486,1040,1393,1085,466,1000,0
486,1040,1393,1085,466,1000,0
486,1040,1393,1085,466,1000,1
486,1040,1393,1085,466,1000,1
486,1040,1393,1085,466,1000,1
486,1040,1393,1085,466,1000,1
486,1040,1393,1085,466,1000,1
486,1040,1393,1085,466,1000,1
486,1040,1393,1085,466,1000,1
486,1040,1393,1085,466,1000,1
486,1040,1393,1085,466,1000,1
486,1040,1393,1085,466,1000,1
486,1040,1393,1085,466,1000,1
486,1040,1393,1085,466,1000,1
486,1040,1393,1085,466,1000,1
486,1040,1393,1085,466,1000,1
486,1040,1393,1085,466,1000,1
486,1040,1393,1085,466,1000,1
486,1040,1393,1085,466,1000,1
486,1040,1393,1085,466,1000,1
486,1040,1393,1085,467,1000,1
486,1040,1393,1085,469,1000,1
486,1040,1393,1085,472,1000,1
486,1040,1393,1085,473,999,1
486,1040,1393,1085,477,998,1
486,1040,1393,1085,479,997,1
486,1040,1393,1085,481,996,1
486,1040,1393,1085,484,995,1
486,1040,1393,1085,489,994,1
486,1040,1393,1085,491,993,1
486,1040,1393,1085,493,992,1
486,1040,1393,1085,497,991,1
486,1040,1393,1085,498,991,1
486,1040,1393,1085,500,990,1
486,1040,1393,1085,501,990,1
486,1040,1393,1085,502,990,1
486,1040,1393,1085,503,990,1
486,1040,1393,1085,504,990,1
486,1040,1393,1085,505,990,1
486,1040,1393,1085,508,989,1
486,1040,1393,1085,510,989,1
486,1040,1393,1085,512,989,1
486,1040,1393,1085,517,988,1
486,1040,1393,1085,519,987,1
486,1040,1393,1085,520,987,1
486,1040,1393,1085,522,987,1
486,1040,1393,1085,523,987,1
486,1040,1393,1085,525,987,1
486,1040,1393,1085,528,987,1
486,1040,1393,1085,530,986,1
486,1040,1393,1085,535,986,1
486,1040,1393,1085,537,986,1
486,1040,1393,1085,538,985,1
486,1040,1393,1085,540,986,1
486,1040,1393,1085,543,986,1
486,1040,1393,1085,544,986,1
486,1040,1393,1085,546,986,1
486,1040,1393,1085,551,985,1
486,1040,1393,1085,554,985,1
486,1040,1393,1085,562,985,1
486,1040,1393,1085,566,985,1
486,1040,1393,1085,571,985,1
486,1040,1393,1085,581,984,1
486,1040,1393,1085,585,984,1
486,1040,1393,1085,588,984,1
486,1040,1393,1085,597,983,1
486,1040,1393,1085,600,983,1
486,1040,1393,1085,604,982,1
486,1040,1393,1085,609,981,1
486,1040,1393,1085,611,981,1
486,1040,1393,1085,614,980,1
486,1040,1393,1085,622,979,1
486,1040,1393,1085,626,979,1
486,1040,1393,1085,636,978,1
486,1040,1393,1085,641,977,1
486,1040,1393,1085,646,977,1
486,1040,1393,1085,656,976,1
486,1040,1393,1085,660,976,1
486,1040,1393,1085,663,975,1
486,1040,1393,1085,666,975,1
486,1040,1393,1085,673,975,1
486,1040,1393,1085,676,975,1
486,1040,1393,1085,683,974,1
486,1040,1393,1085,685,974,1
486,1040,1393,1085,687,973,1
486,1040,1393,1085,690,973,1
486,1040,1393,1085,692,973,1
486,1040,1393,1085,693,972,1
486,1040,1393,1085,697,972,1
486,1040,1393,1085,699,972,1
486,1040,1393,1085,701,972,1
486,1040,1393,1085,706,972,1
486,1040,1393,1085,709,972,1
486,1040,1393,1085,713,972,1
486,1040,1393,1085,719,972,1
486,1040,1393,1085,723,972,1
486,1040,1393,1085,728,971,1
486,1040,1393,1085,731,970,1
486,1040,1393,1085,733,970,1
486,1040,1393,1085,740,968,1
486,1040,1393,1085,744,967,1
486,1040,1393,1085,750,965,1
486,1040,1393,1085,762,962,1
486,1040,1393,1085,770,960,1
486,1040,1393,1085,787,958,1
486,1040,1393,1085,796,958,1
486,1040,1393,1085,805,956,1
486,1040,1393,1085,811,956,1
486,1040,1393,1085,821,954,1
486,1040,1393,1085,824,954,1
486,1040,1393,1085,826,954,1
486,1040,1393,1085,827,953,1
486,1040,1393,1085,827,953,1
486,1040,1393,1085,827,953,1
486,1040,1393,1085,827,953,1
486,1040,1393,1085,827,953,1
486,1040,1393,1085,827,953,1
486,1040,1393,1085,831,953,1
486,1040,1393,1085,834,952,1
486,1040,1393,1085,837,952,1
486,1040,1393,1085,845,952,1
486,1040,1393,1085,850,951,1
486,1040,1393,1085,860,950,1
486,1040,1393,1085,866,949,1
486,1040,1393,1085,870,949,1
486,1040,1393,1085,879,949,1
486,1040,1393,1085,883,949,1
486,1040,1393,1085,886,949,1
486,1040,1393,1085,891,949,1
486,1040,1393,1085,893,949,1
486,1040,1393,1085,895,949,1
486,1040,1393,1085,899,949,1
486,1040,1393,1085,900,949,1
486,1040,1393,1085,901,949,1
486,1040,1393,1085,904,949,1
486,1040,1393,1085,906,949,1
486,1040,1393,1085,908,949,1
486,1040,1393,1085,911,948,1
486,1040,1393,1085,912,948,1
486,1040,1393,1085,913,948,1
486,1040,1393,1085,915,947,1
486,1040,1393,1085,916,947,1
486,1040,1393,1085,918,947,1
486,1040,1393,1085,922,947,1
486,1040,1393,1085,925,947,1
486,1040,1393,1085,929,947,1
486,1040,1393,1085,931,947,1
486,1040,1393,1085,933,947,1
486,1040,1393,1085,938,947,1
486,1040,1393,1085,941,947,1
486,1040,1393,1085,944,946,1
486,1040,1393,1085,951,946,1
486,1040,1393,1085,955,946,1
486,1040,1393,1085,959,946,1
486,1040,1393,1085,967,946,1
486,1040,1393,1085,970,946,1
486,1040,1393,1085,973,946,1
486,1040,1393,1085,977,946,1
486,1040,1393,1085,978,946,1
486,1040,1393,1085,980,946,1
486,1040,1393,1085,984,946,1
486,1040,1393,1085,987,946,1
486,1040,1393,1085,990,946,1
486,1040,1393,1085,999,946,1
486,1040,1393,1085,1004,946,1
486,1040,1393,1085,1008,946,1
486,1040,1393,1085,1017,945,1
486,1040,1393,1085,1021,945,1
486,1040,1393,1085,1027,944,1
486,1040,1393,1085,1030,944,1
486,1040,1393,1085,1033,944,1
486,1040,1393,1085,1039,943,1
486,1040,1393,1085,1043,943,1
486,1040,1393,1085,1046,943,1
486,1040,1393,1085,1053,942,1
486,1040,1393,1085,1057,942,1
486,1040,1393,1085,1061,942,1
486,1040,1393,1085,1070,942,1
486,1040,1393,1085,1074,942,1
486,1040,1393,1085,1078,942,1
486,1040,1393,1085,1086,941,1
486,1040,1393,1085,1091,941,1
486,1040,1393,1085,1095,941,1
486,1040,1393,1085,1107,941,1
486,1040,1393,1085,1114,941,1
486,1040,1393,1085,1120,941,1
486,1040,1393,1085,1133,941,1
486,1040,1393,1085,1138,941,1
486,1040,1393,1085,1143,941,1
486,1040,1393,1085,1150,941,1
486,1040,1393,1085,1152,941,1
486,1040,1393,1085,1156,941,1
486,1040,1393,1085,1158,941,1
486,1040,1393,1085,1159,941,1
486,1040,1393,1085,1163,941,1
486,1040,1393,1085,1166,941,1
486,1040,1393,1085,1168,941,1
486,1040,1393,1085,1173,941,1
486,1040,1393,1085,1175,941,1
486,1040,1393,1085,1177,942,1
486,1040,1393,1085,1182,943,1
486,1040,1393,1085,1184,943,1
486,1040,1393,1085,1186,943,1
486,1040,1393,1085,1191,943,1
486,1040,1393,1085,1193,943,1
486,1040,1393,1085,1198,944,1
486,1040,1393,1085,1200,944,1
486,1040,1393,1085,1201,944,1
486,1040,1393,1085,1203,944,1
486,1040,1393,1085,1207,944,1
486,1040,1393,1085,1209,944,1
486,1040,1393,1085,1216,944,1
486,1040,1393,1085,1220,944,1
486,1040,1393,1085,1224,944,1
486,1040,1393,1085,1230,944,1
486,1040,1393,1085,1233,943,1
486,1040,1393,1085,1236,943,1
486,1040,1393,1085,1241,941,1
486,1040,1393,1085,1242,941,1
486,1040,1393,1085,1242,941,1
486,1040,1393,1085,1243,941,1
486,1040,1393,1085,1243,941,1
486,1040,1393,1085,1243,941,1
486,1040,1393,1085,1246,940,1
486,1040,1393,1085,1248,940,1
486,1040,1393,1085,1253,940,1
486,1040,1393,1085,1256,940,1
486,1040,1393,1085,1260,940,1
486,1040,1393,1085,1267,940,1
486,1040,1393,1085,1270,940,1
486,1040,1393,1085,1274,940,1
486,1040,1393,1085,1279,940,1
486,1040,1393,1085,1281,940,1
486,1040,1393,1085,1284,940,1
486,1040,1393,1085,1288,940,1
486,1040,1393,1085,1291,940,1
486,1040,1393,1085,1293,940,1
486,1040,1393,1085,1297,940,1
486,1040,1393,1085,1299,940,1
486,1040,1393,1085,1301,940,1
486,1040,1393,1085,1306,939,1
486,1040,1393,1085,1308,939,1
486,1040,1393,1085,1312,939,1
486,1040,1393,1085,1320,938,1
486,1040,1393,1085,1323,938,1
486,1040,1393,1085,1324,937,1
486,1040,1393,1085,1325,937,1
486,1040,1393,1085,1326,937,1
486,1040,1393,1085,1326,937,1
486,1040,1393,1085,1328,937,1
486,1040,1393,1085,1330,937,1
486,1040,1393,1085,1334,937,1
486,1040,1393,1085,1337,937,1
486,1040,1393,1085,1341,937,1
486,1040,1393,1085,1347,936,1
486,1040,1393,1085,1350,936,1
486,1040,1393,1085,1352,935,1
486,1040,1393,1085,1356,934,1
486,1040,1393,1085,1358,934,1
486,1040,1393,1085,1360,933,1
486,1040,1393,1085,1365,932,1
486,1040,1393,1085,1368,932,1
486,1040,1393,1085,1372,931,1
486,1040,1393,1085,1377,929,1
486,1040,1393,1085,1380,928,1
486,1040,1393,1085,1383,928,1
486,1040,1393,1085,1386,926,1
486,1040,1393,1085,1387,926,1
486,1040,1393,1085,1389,925,1
486,1040,1393,1085,1393,923,1
486,1040,1393,1085,1394,923,1
486,1040,1393,1085,1395,922,1
486,1040,1393,1085,1399,921,1
486,1040,1393,1085,1402,920,1
486,1040,1393,1085,1404,919,1
486,1040,1393,1085,1409,918,1
486,1040,1393,1085,1411,917,1
486,1040,1393,1085,1416,915,1
486,1040,1393,1085,1418,914,1
486,1040,1393,1085,1420,913,1
486,1040,1393,1085,1422,911,1
486,1040,1393,1085,1423,911,1
486,1040,1393,1085,1423,910,1
486,1040,1393,1085,1424,910,1
486,1040,1393,1085,1424,909,1
486,1040,1393,1085,1425,909,1
486,1040,1393,1085,1425,909,1
486,1040,1393,1085,1425,909,1
486,1040,1393,1085,1425,908,1
486,1040,1393,1085,1426,908,1
486,1040,1393,1085,1426,908,1
486,1040,1393,1085,1426,908,1
486,1040,1393,1085,1426,908,1
486,1040,1393,1085,1426,908,1
486,1040,1393,1085,1426,908,1
486,1040,1393,1085,1426,908,1
486,1040,1393,1085,1426,908,1
486,1040,1393,1085,1426,908,1
486,1040,1393,1085,1426,908,1
486,1040,1393,1085,1426,908,1
486,1040,1393,1085,1426,908,1
486,1040,1393,1085,1426,908,1
486,1040,1393,1085,1426,908,0
486,1040,1393,1085,1426,908,0
486,1040,1393,1085,1426,908,0
486,1040,1393,1085,1426,908,0
486,1040,1393,1085,1426,908,0
486,1040,1393,1085,1426,908,0
486,1040,1393,1085,1425,908,0
486,1040,1393,1085,1425,908,0
486,1040,1393,1085,1426,908,0
486,1040,1393,1085,1426,908,0
486,1040,1393,1085,1426,908,0
486,1040,1393,1085,1426,908,0
486,1040,1393,1085,1425,908,0
486,1040,1393,1085,1425,908,0
486,1040,1393,1085,1425,908,0
486,1040,1393,1085,1425,908,0
486,1040,1393,1085,1425,908,0
486,1040,1393,1085,1425,908,0
486,1040,1393,1085,1425,908,0
486,1040,1393,1085,1425,908,0
486,1040,1393,1085,1425,908,0
486,1040,1393,1085,1425,908,0
486,1040,1393,1085,1425,908,0
486,1040,1393,1085,1425,908,0
486,1040,1393,1085,1425,908,0
486,1040,1393,1085,1425,908,0
486,1040,1393,1085,1425,907,0
486,1040,1393,1085,1422,903,0
486,1040,1393,1085,1420,900,0
486,1040,1393,1085,1417,897,0
486,1040,1393,1085,1412,891,0
486,1040,1393,1085,1409,888,0
486,1040,1393,1085,1406,885,0
486,1040,1393,1085,1400,880,0
486,1040,1393,1085,1398,878,0
486,1040,1393,1085,1396,876,0
486,1040,1393,1085,1393,873,0
486,1040,1393,1085,1391,871,0
486,1040,1393,1085,1390,870,0
486,1040,1393,1085,1388,868,0
486,1040,1393,1085,1388,868,0
486,1040,1393,1085,1387,866,0
486,1040,1393,1085,1385,864,0
486,1040,1393,1085,1384,863,0
486,1040,1393,1085,1383,861,0
486,1040,1393,1085,1381,857,0
486,1040,1393,1085,1379,855,0
486,1040,1393,1085,1376,851,0
486,1040,1393,1085,1375,849,0
486,1040,1393,1085,1373,847,0
486,1040,1393,1085,1368,842,0
486,1040,1393,1085,1365,839,0
486,1040,1393,1085,1363,836,0
486,1040,1393,1085,1358,832,0
486,1040,1393,1085,1356,829,0
486,1040,1393,1085,1355,827,0
486,1040,1393,1085,1352,823,0
486,1040,1393,1085,1350,820,0
486,1040,1393,1085,1349,817,0
486,1040,1393,1085,1344,810,0
486,1040,1393,1085,1342,806,0
486,1040,1393,1085,1340,803,0
486,1040,1393,1085,1337,796,0
486,1040,1393,1085,1336,793,0
486,1040,1393,1085,1334,790,0
486,1040,1393,1085,1332,784,0
486,1040,1393,1085,1331,780,0
486,1040,1393,1085,1330,776,0
486,1040,1393,1085,1328,771,0
486,1040,1393,1085,1328,769,0
486,1040,1393,1085,1326,766,0
486,1040,1393,1085,1326,764,0
486,1040,1393,1085,1325,762,0
486,1040,1393,1085,1323,756,0
486,1040,1393,1085,1321,753,0
486,1040,1393,1085,1320,750,0
486,1040,1393,1085,1318,745,0
486,1040,1393,1085,1317,742,0
486,1040,1393,1085,1315,739,0
486,1040,1393,1085,1312,733,0
486,1040,1393,1085,1311,731,0
486,1040,1393,1085,1309,728,0
486,1040,1393,1085,1306,722,0
486,1040,1393,1085,1304,720,0
486,1040,1393,1085,1299,713,0
486,1040,1393,1085,1297,709,0
486,1040,1393,1085,1296,706,0
486,1040,1393,1085,1292,701,0
486,1040,1393,1085,1290,698,0
486,1040,1393,1085,1289,695,0
486,1040,1393,1085,1287,692,0
486,1040,1393,1085,1284,688,0
486,1040,1393,1085,1283,686,0
486,1040,1393,1085,1279,681,0
486,1040,1393,1085,1278,679,0
486,1040,1393,1085,1276,677,0
486,1040,1393,1085,1274,673,0
486,1040,1393,1085,1273,671,0
486,1040,1393,1085,1271,668,0
486,1040,1393,1085,1267,663,0
486,1040,1393,1085,1265,660,0
486,1040,1393,1085,1263,657,0
486,1040,1393,1085,1259,651,0
486,1040,1393,1085,1257,647,0
486,1040,1393,1085,1253,641,0
486,1040,1393,1085,1251,637,0
486,1040,1393,1085,1249,632,0
486,1040,1393,1085,1244,624,0
486,1040,1393,1085,1242,620,0
486,1040,1393,1085,1240,615,0
486,1040,1393,1085,1235,607,0
486,1040,1393,1085,1233,603,0
486,1040,1393,1085,1231,600,0
486,1040,1393,1085,1226,593,0
486,1040,1393,1085,1224,588,0
486,1040,1393,1085,1221,585,0
486,1040,1393,1085,1215,576,0
486,1040,1393,1085,1212,571,0
486,1040,1393,1085,1209,567,0
486,1040,1393,1085,1202,558,0
486,1040,1393,1085,1200,553,0
486,1040,1393,1085,1197,548,0
486,1040,1393,1085,1190,540,0
486,1040,1393,1085,1187,536,0
486,1040,1393,1085,1184,531,0
486,1040,1393,1085,1179,525,0
486,1040,1393,1085,1176,521,0
486,1040,1393,1085,1172,516,0
486,1040,1393,1085,1170,513,0
486,1040,1393,1085,1168,511,0
486,1040,1393,1085,1165,508,0
486,1040,1393,1085,1164,507,0
486,1040,1393,1085,1163,505,0
486,1040,1393,1085,1161,503,0
486,1040,1393,1085,1159,501,0
486,1040,1393,1085,1158,500,0
486,1040,1393,1085,1156,496,0
486,1040,1393,1085,1154,494,0
486,1040,1393,1085,1151,492,0
486,1040,1393,1085,1145,486,0
486,1040,1393,1085,1142,483,0
486,1040,1393,1085,1137,479,0
486,1040,1393,1085,1134,476,0
486,1040,1393,1085,1131,474,0
486,1040,1393,1085,1127,471,0
486,1040,1393,1085,1121,466,0
486,1040,1393,1085,1119,464,0
486,1040,1393,1085,1115,461,0
486,1040,1393,1085,1107,455,0
486,1040,1393,1085,1105,453,0
486,1040,1393,1085,1100,449,0
486,1040,1393,1085,1098,446,0
486,1040,1393,1085,1095,445,0
486,1040,1393,1085,1091,441,0
486,1040,1393,1085,1089,439,0
486,1040,1393,1085,1086,437,0
486,1040,1393,1085,1081,433,0
486,1040,1393,1085,1080,432,0
486,1040,1393,1085,1077,429,0
486,1040,1393,1085,1075,428,0
486,1040,1393,1085,1075,427,0
486,1040,1393,1085,1071,425,0
486,1040,1393,1085,1071,424,0
486,1040,1393,1085,1070,423,0
486,1040,1393,1085,1067,420,0
486,1040,1393,1085,1066,418,0
486,1040,1393,1085,1064,417,0
486,1040,1393,1085,1063,415,0
486,1040,1393,1085,1060,412,0
486,1040,1393,1085,1059,410,0
486,1040,1393,1085,1056,406,0
486,1040,1393,1085,1055,403,0
486,1040,1393,1085,1053,402,0
486,1040,1393,1085,1051,399,0
486,1040,1393,1085,1050,397,0
486,1040,1393,1085,1049,396,0
486,1040,1393,1085,1048,394,0
486,1040,1393,1085,1048,393,0
486,1040,1393,1085,1047,391,0
486,1040,1393,1085,1046,390,0
486,1040,1393,1085,1046,389,0
486,1040,1393,1085,1046,389,0
486,1040,1393,1085,1045,387,0
486,1040,1393,1085,1044,387,0
486,1040,1393,1085,1044,386,0
486,1040,1393,1085,1044,386,0
486,1040,1393,1085,1044,386,0
486,1040,1393,1085,1044,386,0
486,1040,1393,1085,1043,385,0
486,1040,1393,1085,1042,383,0
486,1040,1393,1085,1040,382,0
486,1040,1393,1085,1037,379,0
486,1040,1393,1085,1037,378,0
486,1040,1393,1085,1037,378,0
486,1040,1393,1085,1037,378,0
