486,1040,1393,1085,907,387,0
486,1040,1393,1085,907,387,0
486,1040,1393,1085,907,387,0
486,1040,1393,1085,907,387,0
486,1040,1393,1085,907,387,0
486,1040,1393,1085,907,387,0
486,1040,1393,1085,907,387,0
486,1040,1393,1085,907,387,0
486,1040,1393,1085,907,387,0
486,1040,1393,1085,907,387,0
486,1040,1393,1085,907,387,0
486,1040,1393,1085,907,387,0
486,1040,1393,1085,907,387,0
486,1040,1393,1085,907,387,0
486,1040,1393,1085,907,387,0
486,1040,1393,1085,907,387,0
486,1040,1393,1085,907,387,0
486,1040,1393,1085,907,387,0
486,1040,1393,1085,907,387,0
486,1040,1393,1085,907,387,0
486,1040,1393,1085,907,388,0
486,1040,1393,1085,907,389,0
486,1040,1393,1085,906,392,0
486,1040,1393,1085,905,395,0
486,1040,1393,1085,903,400,0
486,1040,1393,1085,902,402,0
486,1040,1393,1085,900,405,0
486,1040,1393,1085,899,408,0
486,1040,1393,1085,895,414,0
486,1040,1393,1085,894,418,0
486,1040,1393,1085,890,423,0
486,1040,1393,1085,888,426,0
486,1040,1393,1085,887,428,0
486,1040,1393,1085,882,434,0
486,1040,1393,1085,881,436,0
486,1040,1393,1085,878,439,0
486,1040,1393,1085,874,444,0
486,1040,1393,1085,873,446,0
486,1040,1393,1085,871,448,0
486,1040,1393,1085,870,449,0
486,1040,1393,1085,869,450,0
486,1040,1393,1085,867,452,0
486,1040,1393,1085,867,452,0
486,1040,1393,1085,866,453,0
486,1040,1393,1085,863,455,0
486,1040,1393,1085,862,456,0
486,1040,1393,1085,858,458,0
486,1040,1393,1085,856,459,0
486,1040,1393,1085,853,461,0
486,1040,1393,1085,851,462,0
486,1040,1393,1085,846,465,0
486,1040,1393,1085,844,467,0
486,1040,1393,1085,840,470,0
486,1040,1393,1085,838,472,0
486,1040,1393,1085,836,473,0
486,1040,1393,1085,833,475,0
486,1040,1393,1085,832,476,0
486,1040,1393,1085,832,477,0
486,1040,1393,1085,830,480,0
486,1040,1393,1085,828,481,0
486,1040,1393,1085,826,484,0
486,1040,1393,1085,824,486,0
486,1040,1393,1085,822,489,0
486,1040,1393,1085,818,494,0
486,1040,1393,1085,816,496,0
486,1040,1393,1085,814,499,0
486,1040,1393,1085,810,505,0
486,1040,1393,1085,808,507,0
486,1040,1393,1085,804,513,0
486,1040,1393,1085,802,516,0
486,1040,1393,1085,800,519,0
486,1040,1393,1085,794,524,0
486,1040,1393,1085,791,526,0
486,1040,1393,1085,789,529,0
486,1040,1393,1085,785,534,0
486,1040,1393,1085,783,536,0
486,1040,1393,1085,782,538,0
486,1040,1393,1085,779,543,0
486,1040,1393,1085,778,546,0
486,1040,1393,1085,776,548,0
486,1040,1393,1085,774,552,0
486,1040,1393,1085,773,554,0
486,1040,1393,1085,771,558,0
486,1040,1393,1085,770,559,0
486,1040,1393,1085,769,560,0
486,1040,1393,1085,766,563,0
486,1040,1393,1085,765,565,0
486,1040,1393,1085,763,567,0
486,1040,1393,1085,760,571,0
486,1040,1393,1085,758,573,0
486,1040,1393,1085,753,578,0
486,1040,1393,1085,751,581,0
486,1040,1393,1085,749,583,0
486,1040,1393,1085,745,588,0
486,1040,1393,1085,743,591,0
486,1040,1393,1085,740,594,0
486,1040,1393,1085,735,602,0
486,1040,1393,1085,731,606,0
486,1040,1393,1085,728,611,0
486,1040,1393,1085,719,622,0
486,1040,1393,1085,714,627,0
486,1040,1393,1085,710,633,0
486,1040,1393,1085,702,644,0
486,1040,1393,1085,697,649,0
486,1040,1393,1085,691,658,0
486,1040,1393,1085,687,663,0
486,1040,1393,1085,685,667,0
486,1040,1393,1085,678,676,0
486,1040,1393,1085,676,679,0
486,1040,1393,1085,673,683,0
486,1040,1393,1085,667,689,0
486,1040,1393,1085,664,693,0
486,1040,1393,1085,660,696,0
486,1040,1393,1085,655,702,0
486,1040,1393,1085,652,705,0
486,1040,1393,1085,647,712,0
486,1040,1393,1085,644,715,0
486,1040,1393,1085,641,717,0
486,1040,1393,1085,637,722,0
486,1040,1393,1085,635,724,0
486,1040,1393,1085,630,727,0
486,1040,1393,1085,627,729,0
486,1040,1393,1085,624,731,0
486,1040,1393,1085,618,736,0
486,1040,1393,1085,613,738,0
486,1040,1393,1085,610,740,0
486,1040,1393,1085,603,746,0
486,1040,1393,1085,600,748,0
486,1040,1393,1085,596,750,0
486,1040,1393,1085,591,755,0
486,1040,1393,1085,587,757,0
486,1040,1393,1085,584,759,0
486,1040,1393,1085,579,763,0
486,1040,1393,1085,577,765,0
486,1040,1393,1085,571,769,0
486,1040,1393,1085,568,771,0
486,1040,1393,1085,566,773,0
486,1040,1393,1085,562,777,0
486,1040,1393,1085,560,779,0
486,1040,1393,1085,559,781,0
486,1040,1393,1085,556,784,0
486,1040,1393,1085,555,786,0
486,1040,1393,1085,552,789,0
486,1040,1393,1085,550,790,0
486,1040,1393,1085,548,792,0
486,1040,1393,1085,544,795,0
486,1040,1393,1085,542,797,0
486,1040,1393,1085,540,798,0
486,1040,1393,1085,535,801,0
486,1040,1393,1085,534,803,0
486,1040,1393,1085,532,805,0
486,1040,1393,1085,530,808,0
486,1040,1393,1085,528,810,0
486,1040,1393,1085,526,811,0
486,1040,1393,1085,523,815,0
486,1040,1393,1085,521,817,0
486,1040,1393,1085,516,821,0
486,1040,1393,1085,514,823,0
486,1040,1393,1085,512,825,0
486,1040,1393,1085,509,828,0
486,1040,1393,1085,508,830,0
486,1040,1393,1085,507,831,0
486,1040,1393,1085,505,834,0
486,1040,1393,1085,505,835,0
486,1040,1393,1085,503,837,0
486,1040,1393,1085,502,839,0
486,1040,1393,1085,500,840,0
486,1040,1393,1085,498,844,0
486,1040,1393,1085,497,845,0
486,1040,1393,1085,495,847,0
486,1040,1393,1085,492,850,0
486,1040,1393,1085,491,852,0
486,1040,1393,1085,490,855,0
486,1040,1393,1085,489,856,0
486,1040,1393,1085,488,858,0
486,1040,1393,1085,486,860,0
486,1040,1393,1085,485,862,0
486,1040,1393,1085,484,863,0
486,1040,1393,1085,482,867,0
486,1040,1393,1085,480,868,0
486,1040,1393,1085,477,872,0
486,1040,1393,1085,475,874,0
486,1040,1393,1085,474,876,0
486,1040,1393,1085,473,877,0
486,1040,1393,1085,470,881,0
486,1040,1393,1085,469,883,0
486,1040,1393,1085,465,886,0
486,1040,1393,1085,462,889,0
486,1040,1393,1085,459,891,0
486,1040,1393,1085,455,898,0
486,1040,1393,1085,452,901,0
486,1040,1393,1085,450,904,0
486,1040,1393,1085,447,910,0
486,1040,1393,1085,445,913,0
486,1040,1393,1085,441,921,0
486,1040,1393,1085,438,925,0
486,1040,1393,1085,437,926,0
486,1040,1393,1085,436,928,0
486,1040,1393,1085,434,931,0
486,1040,1393,1085,433,933,0
486,1040,1393,1085,432,934,0
486,1040,1393,1085,430,937,0
486,1040,1393,1085,429,939,0
486,1040,1393,1085,427,941,0
486,1040,1393,1085,425,944,0
486,1040,1393,1085,423,946,0
486,1040,1393,1085,422,948,0
486,1040,1393,1085,419,952,0
486,1040,1393,1085,417,954,0
486,1040,1393,1085,416,956,0
486,1040,1393,1085,413,959,0
486,1040,1393,1085,410,960,0
486,1040,1393,1085,405,963,0
486,1040,1393,1085,403,965,0
486,1040,1393,1085,401,966,0
486,1040,1393,1085,399,968,0
486,1040,1393,1085,398,969,0
486,1040,1393,1085,396,969,0
486,1040,1393,1085,394,971,0
486,1040,1393,1085,393,972,0
486,1040,1393,1085,391,973,0
486,1040,1393,1085,389,974,0
486,1040,1393,1085,388,974,0
486,1040,1393,1085,385,976,0
486,1040,1393,1085,383,978,0
486,1040,1393,1085,381,979,0
486,1040,1393,1085,377,982,0
486,1040,1393,1085,376,983,0
486,1040,1393,1085,374,984,0
486,1040,1393,1085,373,984,0
486,1040,1393,1085,372,985,0
486,1040,1393,1085,370,986,0
486,1040,1393,1085,368,988,0
486,1040,1393,1085,366,989,0
486,1040,1393,1085,365,990,0
486,1040,1393,1085,364,991,0
486,1040,1393,1085,364,992,0
486,1040,1393,1085,363,993,0
486,1040,1393,1085,362,994,0
486,1040,1393,1085,361,994,0
486,1040,1393,1085,360,995,0
486,1040,1393,1085,360,996,0
486,1040,1393,1085,358,998,0
486,1040,1393,1085,357,999,0
486,1040,1393,1085,356,1001,0
486,1040,1393,1085,355,1003,0
486,1040,1393,1085,355,1004,0
486,1040,1393,1085,354,1005,0
486,1040,1393,1085,354,1007,0
486,1040,1393,1085,353,1007,0
486,1040,1393,1085,353,1008,0
486,1040,1393,1085,352,1009,0
486,1040,1393,1085,352,1010,0
486,1040,1393,1085,352,1010,0
486,1040,1393,1085,352,1011,0
486,1040,1393,1085,351,1012,0
486,1040,1393,1085,351,1012,0
486,1040,1393,1085,349,1014,0
486,1040,1393,1085,348,1016,0
486,1040,1393,1085,346,1018,0
486,1040,1393,1085,345,1019,0
486,1040,1393,1085,345,1020,0
486,1040,1393,1085,344,1022,0
486,1040,1393,1085,344,1022,0
486,1040,1393,1085,344,1022,0
486,1040,1393,1085,343,1022,0
486,1040,1393,1085,343,1022,0
486,1040,1393,1085,343,1022,0
486,1040,1393,1085,343,1022,0
486,1040,1393,1085,343,1022,0
486,1040,1393,1085,343,1022,0
486,1040,1393,1085,343,1022,1
486,1040,1393,1085,343,1022,1
486,1040,1393,1085,344,1023,1
486,1040,1393,1085,344,1023,1
486,1040,1393,1085,344,1023,1
486,1040,1393,1085,344,1023,1
486,1040,1393,1085,344,1023,1
486,1040,1393,1085,344,1023,1
486,1040,1393,1085,344,1023,1
486,1040,1393,1085,344,1023,1
486,1040,1393,1085,344,1023,1
486,1040,1393,1085,344,1023,1
486,1040,1393,1085,344,1023,1
486,1040,1393,1085,344,1023,1
486,1040,1393,1085,344,1023,1
486,1040,1393,1085,344,1023,1
486,1040,1393,1085,344,1023,1
486,1040,1393,1085,345,1023,1
486,1040,1393,1085,346,1023,1
486,1040,1393,1085,351,1023,1
486,1040,1393,1085,354,1024,1
486,1040,1393,1085,357,1024,1
486,1040,1393,1085,364,1024,1
486,1040,1393,1085,366,1024,1
486,1040,1393,1085,371,1024,1
486,1040,1393,1085,373,1024,1
486,1040,1393,1085,375,1024,1
486,1040,1393,1085,381,1024,1
486,1040,1393,1085,384,1024,1
486,1040,1393,1085,388,1024,1
486,1040,1393,1085,394,1024,1
486,1040,1393,1085,397,1024,1
486,1040,1393,1085,399,1024,1
486,1040,1393,1085,401,1024,1
486,1040,1393,1085,401,1024,1
486,1040,1393,1085,401,1024,1
486,1040,1393,1085,402,1024,1
486,1040,1393,1085,404,1024,1
486,1040,1393,1085,408,1024,1
486,1040,1393,1085,410,1024,1
486,1040,1393,1085,413,1024,1
486,1040,1393,1085,417,1024,1
486,1040,1393,1085,419,1024,1
486,1040,1393,1085,421,1024,1
486,1040,1393,1085,426,1024,1
486,1040,1393,1085,428,1024,1
486,1040,1393,1085,430,1024,1
486,1040,1393,1085,434,1025,1
486,1040,1393,1085,436,1025,1
486,1040,1393,1085,440,1026,1
486,1040,1393,1085,442,1026,1
486,1040,1393,1085,444,1026,1
486,1040,1393,1085,450,1027,1
486,1040,1393,1085,453,1028,1
486,1040,1393,1085,457,1028,1
486,1040,1393,1085,464,1030,1
486,1040,1393,1085,468,1031,1
486,1040,1393,1085,476,1033,1
486,1040,1393,1085,480,1033,1
486,1040,1393,1085,483,1034,1
486,1040,1393,1085,489,1037,1
486,1040,1393,1085,493,1038,1
486,1040,1393,1085,496,1039,1
486,1040,1393,1085,501,1041,1
486,1040,1393,1085,504,1042,1
486,1040,1393,1085,506,1043,1
486,1040,1393,1085,511,1045,1
486,1040,1393,1085,514,1046,1
486,1040,1393,1085,521,1047,1
486,1040,1393,1085,524,1048,1
486,1040,1393,1085,527,1048,1
486,1040,1393,1085,534,1050,1
486,1040,1393,1085,537,1051,1
486,1040,1393,1085,540,1051,1
486,1040,1393,1085,546,1053,1
486,1040,1393,1085,550,1053,1
486,1040,1393,1085,557,1054,1
486,1040,1393,1085,561,1055,1
486,1040,1393,1085,565,1057,1
486,1040,1393,1085,576,1058,1
486,1040,1393,1085,580,1058,1
486,1040,1393,1085,585,1059,1
486,1040,1393,1085,598,1061,1
486,1040,1393,1085,603,1061,1
486,1040,1393,1085,608,1062,1
486,1040,1393,1085,618,1063,1
486,1040,1393,1085,623,1063,1
486,1040,1393,1085,626,1064,1
486,1040,1393,1085,636,1064,1
486,1040,1393,1085,640,1064,1
486,1040,1393,1085,646,1064,1
486,1040,1393,1085,656,1064,1
486,1040,1393,1085,659,1064,1
486,1040,1393,1085,667,1064,1
486,1040,1393,1085,670,1065,1
486,1040,1393,1085,672,1065,1
486,1040,1393,1085,678,1067,1
486,1040,1393,1085,681,1068,1
486,1040,1393,1085,684,1068,1
486,1040,1393,1085,691,1068,1
486,1040,1393,1085,695,1068,1
486,1040,1393,1085,704,1069,1
486,1040,1393,1085,709,1069,1
486,1040,1393,1085,713,1069,1
486,1040,1393,1085,721,1069,1
486,1040,1393,1085,725,1069,1
486,1040,1393,1085,728,1069,1
486,1040,1393,1085,733,1069,1
486,1040,1393,1085,735,1069,1
486,1040,1393,1085,738,1069,1
486,1040,1393,1085,745,1069,1
486,1040,1393,1085,748,1069,1
486,1040,1393,1085,752,1069,1
486,1040,1393,1085,759,1069,1
486,1040,1393,1085,762,1069,1
486,1040,1393,1085,767,1069,1
486,1040,1393,1085,770,1069,1
486,1040,1393,1085,773,1069,1
486,1040,1393,1085,782,1070,1
486,1040,1393,1085,788,1071,1
486,1040,1393,1085,794,1071,1
486,1040,1393,1085,806,1071,1
486,1040,1393,1085,814,1072,1
486,1040,1393,1085,828,1073,1
486,1040,1393,1085,835,1072,1
486,1040,1393,1085,841,1072,1
486,1040,1393,1085,853,1072,1
486,1040,1393,1085,858,1073,1
486,1040,1393,1085,863,1074,1
486,1040,1393,1085,875,1074,1
486,1040,1393,1085,882,1076,1
486,1040,1393,1085,889,1076,1
486,1040,1393,1085,901,1077,1
486,1040,1393,1085,908,1077,1
486,1040,1393,1085,920,1078,1
486,1040,1393,1085,926,1079,1
486,1040,1393,1085,932,1079,1
486,1040,1393,1085,937,1079,1
486,1040,1393,1085,948,1082,1
486,1040,1393,1085,953,1082,1
486,1040,1393,1085,961,1084,1
486,1040,1393,1085,965,1084,1
486,1040,1393,1085,969,1085,1
486,1040,1393,1085,977,1088,1
486,1040,1393,1085,982,1089,1
486,1040,1393,1085,991,1091,1
486,1040,1393,1085,995,1092,1
486,1040,1393,1085,1001,1093,1
486,1040,1393,1085,1011,1096,1
486,1040,1393,1085,1016,1098,1
486,1040,1393,1085,1022,1099,1
486,1040,1393,1085,1032,1103,1
486,1040,1393,1085,1038,1104,1
486,1040,1393,1085,1050,1108,1
486,1040,1393,1085,1055,1109,1
486,1040,1393,1085,1061,1112,1
486,1040,1393,1085,1071,1114,1
486,1040,1393,1085,1076,1117,1
486,1040,1393,1085,1085,1119,1
486,1040,1393,1085,1090,1120,1
486,1040,1393,1085,1098,1123,1
486,1040,1393,1085,1102,1125,1
486,1040,1393,1085,1108,1126,1
486,1040,1393,1085,1118,1129,1
486,1040,1393,1085,1124,1131,1
486,1040,1393,1085,1133,1132,1
486,1040,1393,1085,1137,1133,1
486,1040,1393,1085,1142,1133,1
486,1040,1393,1085,1149,1134,1
486,1040,1393,1085,1152,1135,1
486,1040,1393,1085,1155,1135,1
486,1040,1393,1085,1162,1136,1
486,1040,1393,1085,1164,1136,1
486,1040,1393,1085,1169,1136,1
486,1040,1393,1085,1172,1136,1
486,1040,1393,1085,1176,1137,1
486,1040,1393,1085,1184,1137,1
486,1040,1393,1085,1189,1137,1
486,1040,1393,1085,1199,1137,1
486,1040,1393,1085,1204,1137,1
486,1040,1393,1085,1208,1137,1
486,1040,1393,1085,1218,1137,1
486,1040,1393,1085,1223,1137,1
486,1040,1393,1085,1229,1137,1
486,1040,1393,1085,1239,1137,1
486,1040,1393,1085,1245,1137,1
486,1040,1393,1085,1258,1136,1
486,1040,1393,1085,1264,1136,1
486,1040,1393,1085,1270,1136,1
486,1040,1393,1085,1276,1135,1
486,1040,1393,1085,1283,1134,1
486,1040,1393,1085,1284,1134,1
486,1040,1393,1085,1286,1134,1
486,1040,1393,1085,1286,1134,1
486,1040,1393,1085,1286,1134,1
486,1040,1393,1085,1286,1134,1
486,1040,1393,1085,1286,1134,1
486,1040,1393,1085,1287,1134,1
486,1040,1393,1085,1290,1135,1
486,1040,1393,1085,1292,1136,1
486,1040,1393,1085,1297,1137,1
486,1040,1393,1085,1300,1138,1
486,1040,1393,1085,1302,1138,1
486,1040,1393,1085,1308,1139,1
486,1040,1393,1085,1312,1139,1
486,1040,1393,1085,1320,1140,1
486,1040,1393,1085,1324,1140,1
486,1040,1393,1085,1327,1141,1
486,1040,1393,1085,1334,1142,1
486,1040,1393,1085,1337,1143,1
486,1040,1393,1085,1340,1144,1
486,1040,1393,1085,1346,1145,1
486,1040,1393,1085,1349,1145,1
486,1040,1393,1085,1353,1146,1
486,1040,1393,1085,1355,1147,1
486,1040,1393,1085,1357,1147,1
486,1040,1393,1085,1358,1148,1
486,1040,1393,1085,1362,1149,1
486,1040,1393,1085,1364,1150,1
486,1040,1393,1085,1367,1150,1
486,1040,1393,1085,1373,1151,1
486,1040,1393,1085,1377,1152,1
486,1040,1393,1085,1383,1152,1
486,1040,1393,1085,1385,1153,1
486,1040,1393,1085,1387,1153,1
486,1040,1393,1085,1392,1154,1
486,1040,1393,1085,1395,1155,1
486,1040,1393,1085,1397,1155,1
486,1040,1393,1085,1402,1156,1
486,1040,1393,1085,1406,1157,1
486,1040,1393,1085,1410,1157,1
486,1040,1393,1085,1418,1158,1
486,1040,1393,1085,1422,1158,1
486,1040,1393,1085,1426,1158,1
486,1040,1393,1085,1433,1158,1
486,1040,1393,1085,1436,1159,1
486,1040,1393,1085,1438,1159,1
486,1040,1393,1085,1443,1159,1
486,1040,1393,1085,1445,1160,1
486,1040,1393,1085,1447,1160,1
486,1040,1393,1085,1451,1161,1
486,1040,1393,1085,1453,1161,1
486,1040,1393,1085,1455,1161,1
486,1040,1393,1085,1460,1161,1
486,1040,1393,1085,1464,1162,1
486,1040,1393,1085,1472,1162,1
486,1040,1393,1085,1477,1163,1
486,1040,1393,1085,1481,1163,1
486,1040,1393,1085,1488,1163,1
486,1040,1393,1085,1492,1163,1
486,1040,1393,1085,1495,1163,1
486,1040,1393,1085,1503,1163,1
486,1040,1393,1085,1505,1163,1
486,1040,1393,1085,1508,1163,1
486,1040,1393,1085,1512,1163,1
486,1040,1393,1085,1513,1163,1
486,1040,1393,1085,1514,1163,1
486,1040,1393,1085,1515,1163,1
486,1040,1393,1085,1516,1163,1
486,1040,1393,1085,1517,1163,1
486,1040,1393,1085,1518,1163,1
486,1040,1393,1085,1520,1163,1
486,1040,1393,1085,1523,1163,1
486,1040,1393,1085,1525,1163,1
486,1040,1393,1085,1526,1163,1
486,1040,1393,1085,1530,1164,1
486,1040,1393,1085,1532,1165,1
486,1040,1393,1085,1533,1165,1
486,1040,1393,1085,1536,1165,1
486,1040,1393,1085,1536,1165,1
486,1040,1393,1085,1537,1165,1
486,1040,1393,1085,1537,1165,1
486,1040,1393,1085,1538,1165,1
486,1040,1393,1085,1539,1165,1
486,1040,1393,1085,1541,1165,1
486,1040,1393,1085,1542,1165,1
486,1040,1393,1085,1544,1165,1
486,1040,1393,1085,1545,1165,1
486,1040,1393,1085,1546,1165,1
486,1040,1393,1085,1550,1164,1
486,1040,1393,1085,1552,1164,1
486,1040,1393,1085,1554,1164,1
486,1040,1393,1085,1558,1164,1
486,1040,1393,1085,1559,1164,1
486,1040,1393,1085,1559,1164,1
486,1040,1393,1085,1559,1164,1
486,1040,1393,1085,1559,1164,1
486,1040,1393,1085,1559,1164,1
486,1040,1393,1085,1559,1164,1
486,1040,1393,1085,1559,1163,1
486,1040,1393,1085,1559,1163,1
486,1040,1393,1085,1559,1163,1
486,1040,1393,1085,1559,1163,1
486,1040,1393,1085,1559,1163,1
486,1040,1393,1085,1559,1163,1
486,1040,1393,1085,1559,1163,1
486,1040,1393,1085,1559,1163,1
486,1040,1393,1085,1560,1163,1
486,1040,1393,1085,1560,1162,1
486,1040,1393,1085,1561,1162,1
486,1040,1393,1085,1563,1162,1
486,1040,1393,1085,1564,1161,1
486,1040,1393,1085,1566,1161,1
486,1040,1393,1085,1569,1160,1
486,1040,1393,1085,1571,1159,1
486,1040,1393,1085,1572,1158,1
486,1040,1393,1085,1573,1157,1
486,1040,1393,1085,1574,1157,1
486,1040,1393,1085,1574,1157,1
486,1040,1393,1085,1574,1157,1
486,1040,1393,1085,1574,1157,1
486,1040,1393,1085,1574,1157,1
486,1040,1393,1085,1574,1157,1
486,1040,1393,1085,1575,1157,1
486,1040,1393,1085,1575,1157,1
486,1040,1393,1085,1575,1157,1
486,1040,1393,1085,1575,1157,1
486,1040,1393,1085,1575,1157,1
486,1040,1393,1085,1575,1157,1
486,1040,1393,1085,1575,1157,1
486,1040,1393,1085,1575,1157,1
486,1040,1393,1085,1575,1157,0
486,1040,1393,1085,1575,1157,0
486,1040,1393,1085,1575,1156,0
486,1040,1393,1085,1575,1156,0
486,1040,1393,1085,1575,1156,0
486,1040,1393,1085,1575,1156,0
486,1040,1393,1085,1575,1156,0
486,1040,1393,1085,1575,1156,0
486,1040,1393,1085,1575,1156,0
486,1040,1393,1085,1575,1156,0
486,1040,1393,1085,1575,1157,0
486,1040,1393,1085,1575,1157,0
486,1040,1393,1085,1575,1157,0
486,1040,1393,1085,1575,1157,0
486,1040,1393,1085,1575,1157,0
486,1040,1393,1085,1575,1157,0
486,1040,1393,1085,1575,1157,0
486,1040,1393,1085,1575,1157,0
486,1040,1393,1085,1575,1157,0
486,1040,1393,1085,1575,1157,0
486,1040,1393,1085,1575,1157,0
486,1040,1393,1085,1575,1156,0
486,1040,1393,1085,1574,1155,0
486,1040,1393,1085,1571,1151,0
486,1040,1393,1085,1569,1149,0
486,1040,1393,1085,1568,1147,0
486,1040,1393,1085,1565,1142,0
486,1040,1393,1085,1563,1140,0
486,1040,1393,1085,1562,1137,0
486,1040,1393,1085,1559,1133,0
486,1040,1393,1085,1558,1131,0
486,1040,1393,1085,1557,1129,0
486,1040,1393,1085,1556,1127,0
486,1040,1393,1085,1555,1126,0
486,1040,1393,1085,1554,1123,0
486,1040,1393,1085,1554,1122,0
486,1040,1393,1085,1553,1121,0
486,1040,1393,1085,1552,1117,0
486,1040,1393,1085,1551,1115,0
486,1040,1393,1085,1551,1113,0
486,1040,1393,1085,1549,1108,0
486,1040,1393,1085,1548,1105,0
486,1040,1393,1085,1546,1102,0
486,1040,1393,1085,1543,1096,0
486,1040,1393,1085,1542,1093,0
486,1040,1393,1085,1540,1090,0
486,1040,1393,1085,1537,1084,0
486,1040,1393,1085,1536,1082,0
486,1040,1393,1085,1533,1077,0
486,1040,1393,1085,1531,1074,0
486,1040,1393,1085,1529,1071,0
486,1040,1393,1085,1525,1065,0
486,1040,1393,1085,1524,1062,0
486,1040,1393,1085,1523,1059,0
486,1040,1393,1085,1522,1056,0
486,1040,1393,1085,1520,1050,0
486,1040,1393,1085,1519,1047,0
486,1040,1393,1085,1517,1039,0
486,1040,1393,1085,1516,1036,0
486,1040,1393,1085,1512,1028,0
486,1040,1393,1085,1510,1024,0
486,1040,1393,1085,1508,1020,0
486,1040,1393,1085,1503,1010,0
486,1040,1393,1085,1502,1007,0
486,1040,1393,1085,1500,1003,0
486,1040,1393,1085,1496,995,0
486,1040,1393,1085,1494,991,0
486,1040,1393,1085,1489,984,0
486,1040,1393,1085,1487,981,0
486,1040,1393,1085,1485,977,0
486,1040,1393,1085,1480,971,0
486,1040,1393,1085,1478,968,0
486,1040,1393,1085,1476,965,0
486,1040,1393,1085,1474,962,0
486,1040,1393,1085,1469,955,0
486,1040,1393,1085,1467,950,0
486,1040,1393,1085,1463,943,0
486,1040,1393,1085,1460,939,0
486,1040,1393,1085,1458,935,0
486,1040,1393,1085,1453,928,0
486,1040,1393,1085,1452,924,0
486,1040,1393,1085,1448,917,0
486,1040,1393,1085,1446,914,0
486,1040,1393,1085,1443,909,0
486,1040,1393,1085,1438,900,0
486,1040,1393,1085,1436,897,0
486,1040,1393,1085,1433,892,0
486,1040,1393,1085,1430,886,0
486,1040,1393,1085,1429,882,0
486,1040,1393,1085,1427,879,0
486,1040,1393,1085,1423,871,0
486,1040,1393,1085,1421,868,0
486,1040,1393,1085,1417,860,0
486,1040,1393,1085,1415,856,0
486,1040,1393,1085,1414,853,0
486,1040,1393,1085,1414,848,0
486,1040,1393,1085,1413,841,0
486,1040,1393,1085,1413,838,0
486,1040,1393,1085,1413,832,0
486,1040,1393,1085,1413,829,0
486,1040,1393,1085,1413,825,0
486,1040,1393,1085,1410,819,0
486,1040,1393,1085,1407,816,0
486,1040,1393,1085,1404,812,0
486,1040,1393,1085,1398,804,0
486,1040,1393,1085,1395,800,0
486,1040,1393,1085,1394,797,0
486,1040,1393,1085,1391,791,0
486,1040,1393,1085,1387,788,0
486,1040,1393,1085,1383,780,0
486,1040,1393,1085,1381,776,0
486,1040,1393,1085,1377,771,0
486,1040,1393,1085,1372,762,0
486,1040,1393,1085,1368,757,0
486,1040,1393,1085,1366,755,0
486,1040,1393,1085,1361,748,0
486,1040,1393,1085,1358,745,0
486,1040,1393,1085,1354,736,0
486,1040,1393,1085,1350,733,0
486,1040,1393,1085,1348,729,0
486,1040,1393,1085,1342,723,0
486,1040,1393,1085,1340,719,0
486,1040,1393,1085,1337,715,0
486,1040,1393,1085,1333,712,0
486,1040,1393,1085,1328,706,0
486,1040,1393,1085,1325,703,0
486,1040,1393,1085,1320,697,0
486,1040,1393,1085,1318,694,0
486,1040,1393,1085,1316,691,0
486,1040,1393,1085,1312,682,0
486,1040,1393,1085,1308,678,0
486,1040,1393,1085,1305,673,0
486,1040,1393,1085,1300,664,0
486,1040,1393,1085,1296,660,0
486,1040,1393,1085,1289,653,0
486,1040,1393,1085,1287,650,0
486,1040,1393,1085,1286,647,0
486,1040,1393,1085,1284,643,0
486,1040,1393,1085,1283,641,0
486,1040,1393,1085,1280,635,0
486,1040,1393,1085,1278,632,0
486,1040,1393,1085,1276,630,0
486,1040,1393,1085,1273,625,0
486,1040,1393,1085,1270,622,0
486,1040,1393,1085,1268,619,0
486,1040,1393,1085,1262,612,0
486,1040,1393,1085,1259,609,0
486,1040,1393,1085,1258,607,0
486,1040,1393,1085,1255,605,0
486,1040,1393,1085,1255,603,0
486,1040,1393,1085,1254,602,0
486,1040,1393,1085,1251,598,0
486,1040,1393,1085,1250,595,0
486,1040,1393,1085,1248,593,0
486,1040,1393,1085,1242,587,0
486,1040,1393,1085,1238,584,0
486,1040,1393,1085,1232,578,0
486,1040,1393,1085,1229,574,0
486,1040,1393,1085,1227,573,0
486,1040,1393,1085,1221,570,0
486,1040,1393,1085,1220,568,0
486,1040,1393,1085,1219,568,0
486,1040,1393,1085,1218,567,0
486,1040,1393,1085,1217,567,0
486,1040,1393,1085,1217,566,0
486,1040,1393,1085,1214,565,0
486,1040,1393,1085,1211,563,0
486,1040,1393,1085,1206,560,0
486,1040,1393,1085,1204,558,0
486,1040,1393,1085,1200,556,0
486,1040,1393,1085,1193,552,0
486,1040,1393,1085,1189,550,0
486,1040,1393,1085,1186,549,0
486,1040,1393,1085,1180,546,0
486,1040,1393,1085,1177,544,0
486,1040,1393,1085,1174,542,0
486,1040,1393,1085,1166,538,0
486,1040,1393,1085,1163,536,0
486,1040,1393,1085,1158,533,0
486,1040,1393,1085,1153,530,0
486,1040,1393,1085,1149,526,0
486,1040,1393,1085,1141,521,0
486,1040,1393,1085,1138,519,0
486,1040,1393,1085,1136,517,0
486,1040,1393,1085,1131,511,0
486,1040,1393,1085,1127,509,0
486,1040,1393,1085,1125,507,0
486,1040,1393,1085,1120,503,0
486,1040,1393,1085,1119,500,0
486,1040,1393,1085,1116,497,0
486,1040,1393,1085,1115,495,0
486,1040,1393,1085,1113,492,0
486,1040,1393,1085,1108,486,0
486,1040,1393,1085,1106,483,0
486,1040,1393,1085,1104,480,0
486,1040,1393,1085,1100,475,0
486,1040,1393,1085,1098,473,0
486,1040,1393,1085,1094,468,0
486,1040,1393,1085,1092,466,0
486,1040,1393,1085,1090,463,0
486,1040,1393,1085,1087,461,0
486,1040,1393,1085,1083,457,0
486,1040,1393,1085,1081,455,0
486,1040,1393,1085,1079,452,0
486,1040,1393,1085,1078,450,0
486,1040,1393,1085,1077,448,0
486,1040,1393,1085,1075,444,0
486,1040,1393,1085,1075,444,0
486,1040,1393,1085,1074,442,0
486,1040,1393,1085,1071,437,0
486,1040,1393,1085,1069,435,0
486,1040,1393,1085,1066,430,0
486,1040,1393,1085,1066,429,0
486,1040,1393,1085,1065,428,0
486,1040,1393,1085,1064,427,0
486,1040,1393,1085,1064,426,0
486,1040,1393,1085,1063,424,0
486,1040,1393,1085,1063,422,0
486,1040,1393,1085,1062,421,0
486,1040,1393,1085,1061,417,0
486,1040,1393,1085,1060,416,0
486,1040,1393,1085,1059,413,0
486,1040,1393,1085,1059,411,0
486,1040,1393,1085,1059,409,0
486,1040,1393,1085,1059,406,0
486,1040,1393,1085,1059,404,0
486,1040,1393,1085,1059,403,0
486,1040,1393,1085,1059,400,0
486,1040,1393,1085,1059,398,0
486,1040,1393,1085,1059,396,0
486,1040,1393,1085,1059,393,0
486,1040,1393,1085,1059,392,0
486,1040,1393,1085,1058,391,0
486,1040,1393,1085,1058,389,0
486,1040,1393,1085,1057,388,0
486,1040,1393,1085,1057,386,0
486,1040,1393,1085,1057,385,0
486,1040,1393,1085,1057,384,0
486,1040,1393,1085,1056,382,0
486,1040,1393,1085,1056,381,0
486,1040,1393,1085,1056,379,0
486,1040,1393,1085,1056,379,0
486,1040,1393,1085,1056,379,0
486,1040,1393,1085,1056,379,0
486,1040,1393,1085,1056,379,0
486,1040,1393,1085,1056,379,0
486,1040,1393,1085,1056,379,0
486,1040,1393,1085,1055,379,0
