486,1040,1393,1085,873,375,0
486,1040,1393,1085,873,375,0
486,1040,1393,1085,873,375,0
486,1040,1393,1085,873,375,0
486,1040,1393,1085,873,375,0
486,1040,1393,1085,873,375,0
486,1040,1393,1085,873,375,0
486,1040,1393,1085,873,375,0
486,1040,1393,1085,873,375,0
486,1040,1393,1085,873,375,0
486,1040,1393,1085,873,375,0
486,1040,1393,1085,873,375,0
486,1040,1393,1085,873,375,0
486,1040,1393,1085,873,375,0
486,1040,1393,1085,873,375,0
486,1040,1393,1085,873,375,0
486,1040,1393,1085,873,375,0
486,1040,1393,1085,873,375,0
486,1040,1393,1085,872,375,0
486,1040,1393,1085,873,375,0
486,1040,1393,1085,873,375,0
486,1040,1393,1085,873,375,0
486,1040,1393,1085,873,377,0
486,1040,1393,1085,873,379,0
486,1040,1393,1085,872,381,0
486,1040,1393,1085,872,386,0
486,1040,1393,1085,871,388,0
486,1040,1393,1085,870,391,0
486,1040,1393,1085,868,396,0
486,1040,1393,1085,867,399,0
486,1040,1393,1085,866,402,0
486,1040,1393,1085,862,409,0
486,1040,1393,1085,860,412,0
486,1040,1393,1085,856,420,0
486,1040,1393,1085,854,424,0
486,1040,1393,1085,852,428,0
486,1040,1393,1085,848,434,0
486,1040,1393,1085,846,438,0
486,1040,1393,1085,845,441,0
486,1040,1393,1085,840,448,0
486,1040,1393,1085,839,451,0
486,1040,1393,1085,838,453,0
486,1040,1393,1085,836,459,0
486,1040,1393,1085,835,461,0
486,1040,1393,1085,833,466,0
486,1040,1393,1085,832,468,0
486,1040,1393,1085,832,470,0
486,1040,1393,1085,831,474,0
486,1040,1393,1085,830,475,0
486,1040,1393,1085,829,477,0
486,1040,1393,1085,827,481,0
486,1040,1393,1085,825,483,0
486,1040,1393,1085,825,485,0
486,1040,1393,1085,824,488,0
486,1040,1393,1085,824,488,0
486,1040,1393,1085,823,489,0
486,1040,1393,1085,822,490,0
486,1040,1393,1085,821,490,0
486,1040,1393,1085,818,494,0
486,1040,1393,1085,815,495,0
486,1040,1393,1085,813,497,0
486,1040,1393,1085,808,501,0
486,1040,1393,1085,806,503,0
486,1040,1393,1085,803,505,0
486,1040,1393,1085,800,508,0
486,1040,1393,1085,798,509,0
486,1040,1393,1085,797,510,0
486,1040,1393,1085,796,510,0
486,1040,1393,1085,796,511,0
486,1040,1393,1085,792,514,0
486,1040,1393,1085,790,516,0
486,1040,1393,1085,788,517,0
486,1040,1393,1085,784,522,0
486,1040,1393,1085,781,524,0
486,1040,1393,1085,779,526,0
486,1040,1393,1085,777,529,0
486,1040,1393,1085,776,531,0
486,1040,1393,1085,775,532,0
486,1040,1393,1085,773,534,0
486,1040,1393,1085,772,536,0
486,1040,1393,1085,770,538,0
486,1040,1393,1085,765,543,0
486,1040,1393,1085,763,546,0
486,1040,1393,1085,757,554,0
486,1040,1393,1085,755,558,0
486,1040,1393,1085,752,562,0
486,1040,1393,1085,748,569,0
486,1040,1393,1085,747,572,0
486,1040,1393,1085,745,575,0
486,1040,1393,1085,742,579,0
486,1040,1393,1085,742,581,0
486,1040,1393,1085,741,583,0
486,1040,1393,1085,739,587,0
486,1040,1393,1085,738,589,0
486,1040,1393,1085,736,594,0
486,1040,1393,1085,735,597,0
486,1040,1393,1085,735,599,0
486,1040,1393,1085,732,605,0
486,1040,1393,1085,732,607,0
486,1040,1393,1085,731,610,0
486,1040,1393,1085,728,615,0
486,1040,1393,1085,727,618,0
486,1040,1393,1085,726,621,0
486,1040,1393,1085,723,627,0
486,1040,1393,1085,722,630,0
486,1040,1393,1085,720,633,0
486,1040,1393,1085,717,639,0
486,1040,1393,1085,716,642,0
486,1040,1393,1085,715,646,0
486,1040,1393,1085,712,653,0
486,1040,1393,1085,710,657,0
486,1040,1393,1085,708,665,0
486,1040,1393,1085,706,669,0
486,1040,1393,1085,705,672,0
486,1040,1393,1085,701,678,0
486,1040,1393,1085,699,681,0
486,1040,1393,1085,698,685,0
486,1040,1393,1085,696,690,0
486,1040,1393,1085,695,693,0
486,1040,1393,1085,693,698,0
486,1040,1393,1085,692,701,0
486,1040,1393,1085,690,703,0
486,1040,1393,1085,687,709,0
486,1040,1393,1085,685,711,0
486,1040,1393,1085,684,714,0
486,1040,1393,1085,680,719,0
486,1040,1393,1085,678,722,0
486,1040,1393,1085,674,728,0
486,1040,1393,1085,671,731,0
486,1040,1393,1085,669,734,0
486,1040,1393,1085,667,736,0
486,1040,1393,1085,663,741,0
486,1040,1393,1085,661,744,0
486,1040,1393,1085,657,748,0
486,1040,1393,1085,655,750,0
486,1040,1393,1085,654,752,0
486,1040,1393,1085,651,756,0
486,1040,1393,1085,649,758,0
486,1040,1393,1085,647,759,0
486,1040,1393,1085,642,763,0
486,1040,1393,1085,640,764,0
486,1040,1393,1085,638,766,0
486,1040,1393,1085,634,769,0
486,1040,1393,1085,632,770,0
486,1040,1393,1085,625,774,0
486,1040,1393,1085,623,776,0
486,1040,1393,1085,620,778,0
486,1040,1393,1085,615,781,0
486,1040,1393,1085,613,783,0
486,1040,1393,1085,610,784,0
486,1040,1393,1085,606,787,0
486,1040,1393,1085,604,789,0
486,1040,1393,1085,602,790,0
486,1040,1393,1085,597,793,0
486,1040,1393,1085,594,794,0
486,1040,1393,1085,592,795,0
486,1040,1393,1085,589,797,0
486,1040,1393,1085,587,798,0
486,1040,1393,1085,586,799,0
486,1040,1393,1085,583,799,0
486,1040,1393,1085,582,800,0
486,1040,1393,1085,578,800,0
486,1040,1393,1085,576,801,0
486,1040,1393,1085,573,802,0
486,1040,1393,1085,569,803,0
486,1040,1393,1085,568,804,0
486,1040,1393,1085,566,805,0
486,1040,1393,1085,564,808,0
486,1040,1393,1085,563,809,0
486,1040,1393,1085,563,810,0
486,1040,1393,1085,562,813,0
486,1040,1393,1085,561,814,0
486,1040,1393,1085,560,816,0
486,1040,1393,1085,559,818,0
486,1040,1393,1085,558,819,0
486,1040,1393,1085,555,821,0
486,1040,1393,1085,554,822,0
486,1040,1393,1085,553,824,0
486,1040,1393,1085,551,826,0
486,1040,1393,1085,550,827,0
486,1040,1393,1085,549,829,0
486,1040,1393,1085,546,832,0
486,1040,1393,1085,546,833,0
486,1040,1393,1085,545,834,0
486,1040,1393,1085,543,837,0
486,1040,1393,1085,542,838,0
486,1040,1393,1085,539,840,0
486,1040,1393,1085,538,841,0
486,1040,1393,1085,538,842,0
486,1040,1393,1085,537,844,0
486,1040,1393,1085,537,844,0
486,1040,1393,1085,537,844,0
486,1040,1393,1085,537,845,0
486,1040,1393,1085,537,845,0
486,1040,1393,1085,536,845,0
486,1040,1393,1085,535,846,0
486,1040,1393,1085,535,847,0
486,1040,1393,1085,533,848,0
486,1040,1393,1085,533,849,0
486,1040,1393,1085,532,850,0
486,1040,1393,1085,531,852,0
486,1040,1393,1085,530,853,0
486,1040,1393,1085,529,854,0
486,1040,1393,1085,528,856,0
486,1040,1393,1085,528,857,0
486,1040,1393,1085,527,858,0
486,1040,1393,1085,526,859,0
486,1040,1393,1085,525,860,0
486,1040,1393,1085,525,861,0
486,1040,1393,1085,523,862,0
486,1040,1393,1085,523,864,0
486,1040,1393,1085,522,864,0
486,1040,1393,1085,521,866,0
486,1040,1393,1085,520,867,0
486,1040,1393,1085,519,869,0
486,1040,1393,1085,519,870,0
486,1040,1393,1085,519,871,0
486,1040,1393,1085,517,874,0
486,1040,1393,1085,516,876,0
486,1040,1393,1085,516,877,0
486,1040,1393,1085,515,880,0
486,1040,1393,1085,515,881,0
486,1040,1393,1085,514,883,0
486,1040,1393,1085,513,886,0
486,1040,1393,1085,513,887,0
486,1040,1393,1085,512,890,0
486,1040,1393,1085,512,891,0
486,1040,1393,1085,512,893,0
486,1040,1393,1085,511,897,0
486,1040,1393,1085,511,899,0
486,1040,1393,1085,511,901,0
486,1040,1393,1085,511,906,0
486,1040,1393,1085,511,908,0
486,1040,1393,1085,511,910,0
486,1040,1393,1085,511,914,0
486,1040,1393,1085,511,916,0
486,1040,1393,1085,511,918,0
486,1040,1393,1085,511,921,0
486,1040,1393,1085,511,923,0
486,1040,1393,1085,511,925,0
486,1040,1393,1085,511,928,0
486,1040,1393,1085,511,929,0
486,1040,1393,1085,511,932,0
486,1040,1393,1085,511,935,0
486,1040,1393,1085,510,937,0
486,1040,1393,1085,509,942,0
486,1040,1393,1085,509,944,0
486,1040,1393,1085,508,946,0
486,1040,1393,1085,507,950,0
486,1040,1393,1085,506,951,0
486,1040,1393,1085,505,955,0
486,1040,1393,1085,503,957,0
486,1040,1393,1085,502,959,0
486,1040,1393,1085,500,962,0
486,1040,1393,1085,499,963,0
486,1040,1393,1085,499,964,0
486,1040,1393,1085,497,967,0
486,1040,1393,1085,495,968,0
486,1040,1393,1085,493,970,0
486,1040,1393,1085,489,974,0
486,1040,1393,1085,487,975,0
486,1040,1393,1085,485,977,0
486,1040,1393,1085,481,980,0
486,1040,1393,1085,480,981,0
486,1040,1393,1085,478,982,0
486,1040,1393,1085,476,985,0
486,1040,1393,1085,475,987,0
486,1040,1393,1085,473,990,0
486,1040,1393,1085,472,992,0
486,1040,1393,1085,470,994,0
486,1040,1393,1085,468,998,0
486,1040,1393,1085,464,1002,0
486,1040,1393,1085,463,1004,0
486,1040,1393,1085,461,1006,0
486,1040,1393,1085,458,1010,0
486,1040,1393,1085,456,1011,0
486,1040,1393,1085,454,1013,0
486,1040,1393,1085,450,1016,0
486,1040,1393,1085,448,1017,0
486,1040,1393,1085,446,1020,0
486,1040,1393,1085,444,1021,0
486,1040,1393,1085,443,1022,0
486,1040,1393,1085,441,1024,0
486,1040,1393,1085,440,1024,0
486,1040,1393,1085,439,1025,0
486,1040,1393,1085,438,1026,0
486,1040,1393,1085,438,1027,0
486,1040,1393,1085,437,1028,0
486,1040,1393,1085,436,1030,0
486,1040,1393,1085,436,1032,0
486,1040,1393,1085,435,1033,0
486,1040,1393,1085,432,1036,0
486,1040,1393,1085,431,1038,0
486,1040,1393,1085,430,1040,0
486,1040,1393,1085,427,1044,0
486,1040,1393,1085,426,1046,0
486,1040,1393,1085,423,1050,0
486,1040,1393,1085,422,1051,0
486,1040,1393,1085,422,1053,0
486,1040,1393,1085,420,1055,0
486,1040,1393,1085,420,1057,0
486,1040,1393,1085,419,1059,0
486,1040,1393,1085,418,1063,0
486,1040,1393,1085,418,1065,0
486,1040,1393,1085,417,1069,0
486,1040,1393,1085,416,1071,0
486,1040,1393,1085,416,1073,0
486,1040,1393,1085,415,1075,0
486,1040,1393,1085,413,1082,0
486,1040,1393,1085,411,1086,0
486,1040,1393,1085,410,1090,0
486,1040,1393,1085,410,1097,0
486,1040,1393,1085,409,1100,0
486,1040,1393,1085,409,1106,0
486,1040,1393,1085,409,1108,0
486,1040,1393,1085,409,1111,0
486,1040,1393,1085,408,1113,0
486,1040,1393,1085,408,1113,0
486,1040,1393,1085,408,1113,0
486,1040,1393,1085,408,1113,0
486,1040,1393,1085,408,1113,0
486,1040,1393,1085,408,1113,0
486,1040,1393,1085,408,1113,0
486,1040,1393,1085,408,1113,0
486,1040,1393,1085,408,1113,0
486,1040,1393,1085,408,1113,0
486,1040,1393,1085,408,1113,0
486,1040,1393,1085,408,1113,0
486,1040,1393,1085,408,1113,0
486,1040,1393,1085,408,1113,0
486,1040,1393,1085,408,1113,0
486,1040,1393,1085,407,1113,0
486,1040,1393,1085,407,1111,0
486,1040,1393,1085,407,1110,0
486,1040,1393,1085,406,1109,0
486,1040,1393,1085,406,1107,0
486,1040,1393,1085,406,1106,0
486,1040,1393,1085,405,1106,0
486,1040,1393,1085,405,1105,0
486,1040,1393,1085,405,1105,0
486,1040,1393,1085,405,1105,0
486,1040,1393,1085,405,1104,0
486,1040,1393,1085,405,1104,0
486,1040,1393,1085,404,1104,0
486,1040,1393,1085,404,1103,0
486,1040,1393,1085,404,1103,0
486,1040,1393,1085,404,1103,0
486,1040,1393,1085,404,1103,0
486,1040,1393,1085,404,1103,1
486,1040,1393,1085,404,1103,1
486,1040,1393,1085,404,1103,1
486,1040,1393,1085,404,1103,1
486,1040,1393,1085,404,1103,1
486,1040,1393,1085,404,1103,1
486,1040,1393,1085,404,1103,1
486,1040,1393,1085,404,1103,1
486,1040,1393,1085,404,1103,1
486,1040,1393,1085,404,1103,1
486,1040,1393,1085,404,1103,1
486,1040,1393,1085,404,1103,1
486,1040,1393,1085,404,1103,1
486,1040,1393,1085,404,1103,1
486,1040,1393,1085,405,1103,1
486,1040,1393,1085,405,1102,1
486,1040,1393,1085,406,1102,1
486,1040,1393,1085,408,1101,1
486,1040,1393,1085,410,1100,1
486,1040,1393,1085,419,1096,1
486,1040,1393,1085,424,1095,1
486,1040,1393,1085,431,1093,1
486,1040,1393,1085,443,1091,1
486,1040,1393,1085,449,1091,1
486,1040,1393,1085,456,1090,1
486,1040,1393,1085,470,1088,1
486,1040,1393,1085,476,1087,1
486,1040,1393,1085,488,1086,1
486,1040,1393,1085,494,1085,1
486,1040,1393,1085,499,1085,1
486,1040,1393,1085,511,1082,1
486,1040,1393,1085,517,1082,1
486,1040,1393,1085,524,1081,1
486,1040,1393,1085,539,1078,1
486,1040,1393,1085,547,1078,1
486,1040,1393,1085,553,1077,1
486,1040,1393,1085,567,1076,1
486,1040,1393,1085,573,1074,1
486,1040,1393,1085,579,1074,1
486,1040,1393,1085,591,1072,1
486,1040,1393,1085,596,1072,1
486,1040,1393,1085,601,1072,1
486,1040,1393,1085,615,1072,1
486,1040,1393,1085,620,1072,1
486,1040,1393,1085,625,1072,1
486,1040,1393,1085,633,1072,1
486,1040,1393,1085,637,1072,1
486,1040,1393,1085,640,1072,1
486,1040,1393,1085,646,1071,1
486,1040,1393,1085,650,1071,1
486,1040,1393,1085,658,1071,1
486,1040,1393,1085,662,1071,1
486,1040,1393,1085,667,1071,1
486,1040,1393,1085,674,1070,1
486,1040,1393,1085,687,1070,1
486,1040,1393,1085,692,1069,1
486,1040,1393,1085,697,1069,1
486,1040,1393,1085,701,1067,1
486,1040,1393,1085,708,1067,1
486,1040,1393,1085,713,1067,1
486,1040,1393,1085,716,1067,1
486,1040,1393,1085,725,1067,1
486,1040,1393,1085,731,1066,1
486,1040,1393,1085,737,1066,1
486,1040,1393,1085,747,1066,1
486,1040,1393,1085,751,1066,1
486,1040,1393,1085,754,1065,1
486,1040,1393,1085,757,1065,1
486,1040,1393,1085,758,1065,1
486,1040,1393,1085,761,1065,1
486,1040,1393,1085,763,1065,1
486,1040,1393,1085,766,1065,1
486,1040,1393,1085,774,1064,1
486,1040,1393,1085,778,1064,1
486,1040,1393,1085,784,1063,1
486,1040,1393,1085,792,1062,1
486,1040,1393,1085,795,1062,1
486,1040,1393,1085,798,1062,1
486,1040,1393,1085,802,1062,1
486,1040,1393,1085,803,1062,1
486,1040,1393,1085,806,1061,1
486,1040,1393,1085,813,1061,1
486,1040,1393,1085,816,1061,1
486,1040,1393,1085,823,1060,1
486,1040,1393,1085,825,1060,1
486,1040,1393,1085,826,1060,1
486,1040,1393,1085,828,1060,1
486,1040,1393,1085,829,1060,1
486,1040,1393,1085,830,1060,1
486,1040,1393,1085,832,1059,1
486,1040,1393,1085,834,1059,1
486,1040,1393,1085,839,1058,1
486,1040,1393,1085,841,1058,1
486,1040,1393,1085,844,1058,1
486,1040,1393,1085,846,1057,1
486,1040,1393,1085,850,1057,1
486,1040,1393,1085,852,1056,1
486,1040,1393,1085,854,1056,1
486,1040,1393,1085,860,1056,1
486,1040,1393,1085,864,1055,1
486,1040,1393,1085,874,1054,1
486,1040,1393,1085,878,1053,1
486,1040,1393,1085,881,1052,1
486,1040,1393,1085,887,1051,1
486,1040,1393,1085,890,1050,1
486,1040,1393,1085,893,1050,1
486,1040,1393,1085,899,1049,1
486,1040,1393,1085,902,1049,1
486,1040,1393,1085,906,1048,1
486,1040,1393,1085,914,1047,1
486,1040,1393,1085,920,1047,1
486,1040,1393,1085,924,1046,1
486,1040,1393,1085,934,1045,1
486,1040,1393,1085,939,1044,1
486,1040,1393,1085,947,1043,1
486,1040,1393,1085,952,1043,1
486,1040,1393,1085,955,1043,1
486,1040,1393,1085,959,1043,1
486,1040,1393,1085,968,1042,1
486,1040,1393,1085,972,1041,1
486,1040,1393,1085,974,1041,1
486,1040,1393,1085,978,1038,1
486,1040,1393,1085,980,1038,1
486,1040,1393,1085,985,1037,1
486,1040,1393,1085,988,1036,1
486,1040,1393,1085,991,1036,1
486,1040,1393,1085,997,1035,1
486,1040,1393,1085,1000,1034,1
486,1040,1393,1085,1003,1033,1
486,1040,1393,1085,1009,1032,1
486,1040,1393,1085,1012,1032,1
486,1040,1393,1085,1015,1031,1
486,1040,1393,1085,1020,1030,1
486,1040,1393,1085,1022,1030,1
486,1040,1393,1085,1025,1029,1
486,1040,1393,1085,1032,1028,1
486,1040,1393,1085,1036,1027,1
486,1040,1393,1085,1045,1026,1
486,1040,1393,1085,1049,1025,1
486,1040,1393,1085,1055,1024,1
486,1040,1393,1085,1063,1023,1
486,1040,1393,1085,1068,1022,1
486,1040,1393,1085,1075,1022,1
486,1040,1393,1085,1080,1021,1
486,1040,1393,1085,1089,1019,1
486,1040,1393,1085,1093,1018,1
486,1040,1393,1085,1097,1018,1
486,1040,1393,1085,1104,1015,1
486,1040,1393,1085,1108,1014,1
486,1040,1393,1085,1113,1013,1
486,1040,1393,1085,1118,1013,1
486,1040,1393,1085,1121,1013,1
486,1040,1393,1085,1128,1012,1
486,1040,1393,1085,1132,1011,1
486,1040,1393,1085,1136,1011,1
486,1040,1393,1085,1142,1010,1
486,1040,1393,1085,1144,1010,1
486,1040,1393,1085,1150,1009,1
486,1040,1393,1085,1154,1009,1
486,1040,1393,1085,1159,1010,1
486,1040,1393,1085,1169,1010,1
486,1040,1393,1085,1175,1010,1
486,1040,1393,1085,1181,1010,1
486,1040,1393,1085,1190,1010,1
486,1040,1393,1085,1194,1010,1
486,1040,1393,1085,1197,1010,1
486,1040,1393,1085,1204,1010,1
486,1040,1393,1085,1206,1010,1
486,1040,1393,1085,1207,1010,1
486,1040,1393,1085,1211,1010,1
486,1040,1393,1085,1213,1010,1
486,1040,1393,1085,1217,1009,1
486,1040,1393,1085,1224,1009,1
486,1040,1393,1085,1228,1009,1
486,1040,1393,1085,1232,1009,1
486,1040,1393,1085,1242,1010,1
486,1040,1393,1085,1246,1010,1
486,1040,1393,1085,1250,1010,1
486,1040,1393,1085,1255,1011,1
486,1040,1393,1085,1258,1011,1
486,1040,1393,1085,1266,1012,1
486,1040,1393,1085,1270,1013,1
486,1040,1393,1085,1276,1013,1
486,1040,1393,1085,1285,1013,1
486,1040,1393,1085,1290,1014,1
486,1040,1393,1085,1295,1014,1
486,1040,1393,1085,1306,1016,1
486,1040,1393,1085,1310,1016,1
486,1040,1393,1085,1314,1018,1
486,1040,1393,1085,1322,1019,1
486,1040,1393,1085,1326,1019,1
486,1040,1393,1085,1329,1019,1
486,1040,1393,1085,1334,1020,1
486,1040,1393,1085,1336,1021,1
486,1040,1393,1085,1338,1021,1
486,1040,1393,1085,1342,1021,1
486,1040,1393,1085,1344,1021,1
486,1040,1393,1085,1346,1021,1
486,1040,1393,1085,1351,1022,1
486,1040,1393,1085,1354,1022,1
486,1040,1393,1085,1358,1023,1
486,1040,1393,1085,1366,1024,1
486,1040,1393,1085,1370,1025,1
486,1040,1393,1085,1374,1025,1
486,1040,1393,1085,1383,1026,1
486,1040,1393,1085,1388,1026,1
486,1040,1393,1085,1398,1026,1
486,1040,1393,1085,1404,1026,1
486,1040,1393,1085,1409,1026,1
486,1040,1393,1085,1420,1026,1
486,1040,1393,1085,1424,1026,1
486,1040,1393,1085,1430,1026,1
486,1040,1393,1085,1441,1026,1
486,1040,1393,1085,1446,1026,1
486,1040,1393,1085,1452,1026,1
486,1040,1393,1085,1462,1026,1
486,1040,1393,1085,1470,1026,1
486,1040,1393,1085,1482,1025,1
486,1040,1393,1085,1488,1023,1
486,1040,1393,1085,1493,1022,1
486,1040,1393,1085,1497,1022,1
486,1040,1393,1085,1504,1020,1
486,1040,1393,1085,1507,1019,1
486,1040,1393,1085,1509,1019,1
486,1040,1393,1085,1512,1018,1
486,1040,1393,1085,1513,1018,1
486,1040,1393,1085,1516,1018,1
486,1040,1393,1085,1518,1017,1
486,1040,1393,1085,1520,1017,1
486,1040,1393,1085,1523,1017,1
486,1040,1393,1085,1525,1016,1
486,1040,1393,1085,1526,1016,1
486,1040,1393,1085,1530,1016,1
486,1040,1393,1085,1532,1016,1
486,1040,1393,1085,1535,1015,1
486,1040,1393,1085,1540,1015,1
486,1040,1393,1085,1542,1015,1
486,1040,1393,1085,1543,1014,1
486,1040,1393,1085,1544,1014,1
486,1040,1393,1085,1544,1014,1
486,1040,1393,1085,1544,1014,1
486,1040,1393,1085,1544,1014,1
486,1040,1393,1085,1544,1014,1
486,1040,1393,1085,1545,1013,1
486,1040,1393,1085,1545,1012,1
486,1040,1393,1085,1546,1012,1
486,1040,1393,1085,1546,1012,1
486,1040,1393,1085,1546,1011,1
486,1040,1393,1085,1546,1011,1
486,1040,1393,1085,1546,1011,1
486,1040,1393,1085,1546,1011,1
486,1040,1393,1085,1547,1010,1
486,1040,1393,1085,1547,1010,1
486,1040,1393,1085,1547,1010,1
486,1040,1393,1085,1547,1010,1
486,1040,1393,1085,1547,1010,1
486,1040,1393,1085,1548,1010,1
486,1040,1393,1085,1552,1009,1
486,1040,1393,1085,1555,1009,1
486,1040,1393,1085,1557,1008,1
486,1040,1393,1085,1562,1007,1
486,1040,1393,1085,1563,1007,1
486,1040,1393,1085,1565,1006,1
486,1040,1393,1085,1566,1006,1
486,1040,1393,1085,1567,1006,1
486,1040,1393,1085,1571,1006,1
486,1040,1393,1085,1573,1006,1
486,1040,1393,1085,1576,1006,1
486,1040,1393,1085,1579,1006,1
486,1040,1393,1085,1585,1006,1
486,1040,1393,1085,1587,1006,1
486,1040,1393,1085,1590,1005,1
486,1040,1393,1085,1591,1005,1
486,1040,1393,1085,1593,1004,1
486,1040,1393,1085,1595,1004,1
486,1040,1393,1085,1596,1004,1
486,1040,1393,1085,1598,1004,1
486,1040,1393,1085,1599,1004,1
486,1040,1393,1085,1600,1003,1
486,1040,1393,1085,1600,1003,1
486,1040,1393,1085,1600,1003,1
486,1040,1393,1085,1600,1003,1
486,1040,1393,1085,1601,1003,1
486,1040,1393,1085,1602,1002,1
486,1040,1393,1085,1602,1002,1
486,1040,1393,1085,1602,1002,1
486,1040,1393,1085,1602,1002,1
486,1040,1393,1085,1602,1002,1
486,1040,1393,1085,1602,1003,1
486,1040,1393,1085,1605,1003,1
486,1040,1393,1085,1606,1003,1
486,1040,1393,1085,1608,1002,1
486,1040,1393,1085,1609,1002,1
486,1040,1393,1085,1610,1001,1
486,1040,1393,1085,1610,1001,1
486,1040,1393,1085,1610,1001,1
486,1040,1393,1085,1610,1001,1
486,1040,1393,1085,1611,1001,1
486,1040,1393,1085,1612,999,1
486,1040,1393,1085,1613,999,1
486,1040,1393,1085,1614,998,1
486,1040,1393,1085,1614,998,1
486,1040,1393,1085,1614,998,1
486,1040,1393,1085,1614,998,1
486,1040,1393,1085,1614,998,1
486,1040,1393,1085,1614,998,1
486,1040,1393,1085,1615,998,1
486,1040,1393,1085,1616,998,1
486,1040,1393,1085,1618,998,1
486,1040,1393,1085,1618,998,1
486,1040,1393,1085,1618,998,1
486,1040,1393,1085,1619,999,1
486,1040,1393,1085,1620,999,1
486,1040,1393,1085,1620,999,1
486,1040,1393,1085,1622,999,1
486,1040,1393,1085,1623,999,1
486,1040,1393,1085,1624,1000,1
486,1040,1393,1085,1625,1000,1
486,1040,1393,1085,1626,1000,1
486,1040,1393,1085,1628,1000,1
486,1040,1393,1085,1630,1000,1
486,1040,1393,1085,1632,1000,1
486,1040,1393,1085,1633,999,1
486,1040,1393,1085,1634,999,1
486,1040,1393,1085,1635,999,1
486,1040,1393,1085,1636,999,1
486,1040,1393,1085,1636,999,1
486,1040,1393,1085,1637,999,1
486,1040,1393,1085,1639,999,1
486,1040,1393,1085,1640,999,1
486,1040,1393,1085,1641,999,1
486,1040,1393,1085,1643,998,1
486,1040,1393,1085,1644,998,1
486,1040,1393,1085,1644,998,1
486,1040,1393,1085,1644,998,1
486,1040,1393,1085,1644,998,1
486,1040,1393,1085,1644,998,1
486,1040,1393,1085,1644,998,1
486,1040,1393,1085,1644,998,1
486,1040,1393,1085,1644,998,1
486,1040,1393,1085,1644,998,1
486,1040,1393,1085,1644,998,1
486,1040,1393,1085,1644,997,0
486,1040,1393,1085,1644,997,0
486,1040,1393,1085,1644,997,0
486,1040,1393,1085,1644,997,0
486,1040,1393,1085,1644,997,0
486,1040,1393,1085,1644,997,0
486,1040,1393,1085,1644,997,0
486,1040,1393,1085,1644,997,0
486,1040,1393,1085,1644,998,0
486,1040,1393,1085,1644,998,0
486,1040,1393,1085,1644,998,0
486,1040,1393,1085,1644,998,0
486,1040,1393,1085,1644,998,0
486,1040,1393,1085,1644,998,0
486,1040,1393,1085,1644,998,0
486,1040,1393,1085,1644,998,0
486,1040,1393,1085,1644,998,0
486,1040,1393,1085,1644,998,0
486,1040,1393,1085,1644,998,0
486,1040,1393,1085,1644,998,0
486,1040,1393,1085,1644,998,0
486,1040,1393,1085,1644,998,0
486,1040,1393,1085,1643,997,0
486,1040,1393,1085,1642,995,0
486,1040,1393,1085,1637,991,0
486,1040,1393,1085,1635,990,0
486,1040,1393,1085,1633,988,0
486,1040,1393,1085,1628,984,0
486,1040,1393,1085,1625,982,0
486,1040,1393,1085,1622,980,0
486,1040,1393,1085,1619,976,0
486,1040,1393,1085,1617,975,0
486,1040,1393,1085,1616,974,0
486,1040,1393,1085,1612,970,0
486,1040,1393,1085,1610,967,0
486,1040,1393,1085,1603,963,0
486,1040,1393,1085,1600,961,0
486,1040,1393,1085,1598,959,0
486,1040,1393,1085,1595,956,0
486,1040,1393,1085,1594,955,0
486,1040,1393,1085,1593,954,0
486,1040,1393,1085,1591,951,0
486,1040,1393,1085,1589,950,0
486,1040,1393,1085,1588,948,0
486,1040,1393,1085,1584,944,0
486,1040,1393,1085,1581,942,0
486,1040,1393,1085,1574,936,0
486,1040,1393,1085,1571,934,0
486,1040,1393,1085,1568,933,0
486,1040,1393,1085,1564,930,0
486,1040,1393,1085,1563,929,0
486,1040,1393,1085,1561,927,0
486,1040,1393,1085,1558,924,0
486,1040,1393,1085,1556,922,0
486,1040,1393,1085,1550,918,0
486,1040,1393,1085,1547,915,0
486,1040,1393,1085,1542,912,0
486,1040,1393,1085,1538,909,0
486,1040,1393,1085,1531,903,0
486,1040,1393,1085,1527,900,0
486,1040,1393,1085,1524,897,0
486,1040,1393,1085,1517,888,0
486,1040,1393,1085,1514,884,0
486,1040,1393,1085,1511,879,0
486,1040,1393,1085,1505,871,0
486,1040,1393,1085,1501,867,0
486,1040,1393,1085,1496,859,0
486,1040,1393,1085,1495,856,0
486,1040,1393,1085,1494,852,0
486,1040,1393,1085,1494,846,0
486,1040,1393,1085,1494,841,0
486,1040,1393,1085,1494,837,0
486,1040,1393,1085,1494,828,0
486,1040,1393,1085,1494,825,0
486,1040,1393,1085,1494,817,0
486,1040,1393,1085,1493,812,0
486,1040,1393,1085,1492,809,0
486,1040,1393,1085,1491,805,0
486,1040,1393,1085,1488,795,0
486,1040,1393,1085,1485,790,0
486,1040,1393,1085,1482,785,0
486,1040,1393,1085,1474,771,0
486,1040,1393,1085,1470,764,0
486,1040,1393,1085,1457,745,0
486,1040,1393,1085,1449,736,0
486,1040,1393,1085,1443,726,0
486,1040,1393,1085,1435,712,0
486,1040,1393,1085,1431,706,0
486,1040,1393,1085,1428,701,0
486,1040,1393,1085,1422,691,0
486,1040,1393,1085,1419,686,0
486,1040,1393,1085,1412,676,0
486,1040,1393,1085,1409,670,0
486,1040,1393,1085,1405,665,0
486,1040,1393,1085,1399,657,0
486,1040,1393,1085,1396,655,0
486,1040,1393,1085,1394,651,0
486,1040,1393,1085,1391,647,0
486,1040,1393,1085,1388,644,0
486,1040,1393,1085,1387,642,0
486,1040,1393,1085,1385,638,0
486,1040,1393,1085,1383,636,0
486,1040,1393,1085,1378,631,0
486,1040,1393,1085,1374,627,0
486,1040,1393,1085,1370,624,0
486,1040,1393,1085,1367,620,0
486,1040,1393,1085,1361,615,0
486,1040,1393,1085,1358,613,0
486,1040,1393,1085,1356,611,0
486,1040,1393,1085,1353,607,0
486,1040,1393,1085,1351,605,0
486,1040,1393,1085,1349,603,0
486,1040,1393,1085,1344,598,0
486,1040,1393,1085,1340,595,0
486,1040,1393,1085,1334,589,0
486,1040,1393,1085,1330,586,0
486,1040,1393,1085,1327,583,0
486,1040,1393,1085,1319,576,0
486,1040,1393,1085,1314,573,0
486,1040,1393,1085,1311,570,0
486,1040,1393,1085,1303,564,0
486,1040,1393,1085,1300,561,0
486,1040,1393,1085,1297,559,0
486,1040,1393,1085,1292,554,0
486,1040,1393,1085,1288,551,0
486,1040,1393,1085,1279,544,0
486,1040,1393,1085,1273,540,0
486,1040,1393,1085,1267,537,0
486,1040,1393,1085,1257,529,0
486,1040,1393,1085,1251,524,0
486,1040,1393,1085,1246,520,0
486,1040,1393,1085,1235,513,0
486,1040,1393,1085,1230,509,0
486,1040,1393,1085,1225,507,0
486,1040,1393,1085,1217,502,0
486,1040,1393,1085,1214,499,0
486,1040,1393,1085,1212,498,0
486,1040,1393,1085,1208,497,0
486,1040,1393,1085,1208,497,0
486,1040,1393,1085,1207,496,0
486,1040,1393,1085,1206,495,0
486,1040,1393,1085,1205,494,0
486,1040,1393,1085,1203,492,0
486,1040,1393,1085,1197,487,0
486,1040,1393,1085,1193,485,0
486,1040,1393,1085,1187,482,0
486,1040,1393,1085,1185,480,0
486,1040,1393,1085,1184,480,0
486,1040,1393,1085,1182,479,0
486,1040,1393,1085,1180,478,0
486,1040,1393,1085,1178,477,0
486,1040,1393,1085,1175,476,0
486,1040,1393,1085,1172,475,0
486,1040,1393,1085,1169,474,0
486,1040,1393,1085,1163,472,0
486,1040,1393,1085,1159,471,0
486,1040,1393,1085,1152,469,0
486,1040,1393,1085,1148,468,0
486,1040,1393,1085,1145,467,0
486,1040,1393,1085,1143,466,0
486,1040,1393,1085,1141,465,0
486,1040,1393,1085,1139,464,0
486,1040,1393,1085,1136,463,0
486,1040,1393,1085,1128,460,0
486,1040,1393,1085,1123,458,0
486,1040,1393,1085,1112,455,0
486,1040,1393,1085,1106,453,0
486,1040,1393,1085,1101,452,0
486,1040,1393,1085,1092,447,0
486,1040,1393,1085,1088,445,0
486,1040,1393,1085,1086,443,0
486,1040,1393,1085,1079,438,0
486,1040,1393,1085,1076,436,0
486,1040,1393,1085,1072,434,0
486,1040,1393,1085,1065,430,0
486,1040,1393,1085,1063,429,0
486,1040,1393,1085,1059,427,0
486,1040,1393,1085,1059,425,0
486,1040,1393,1085,1058,425,0
486,1040,1393,1085,1057,422,0
486,1040,1393,1085,1057,420,0
486,1040,1393,1085,1056,419,0
486,1040,1393,1085,1054,415,0
486,1040,1393,1085,1053,414,0
486,1040,1393,1085,1053,412,0
486,1040,1393,1085,1053,411,0
486,1040,1393,1085,1053,410,0
486,1040,1393,1085,1052,409,0
486,1040,1393,1085,1052,406,0
486,1040,1393,1085,1052,405,0
486,1040,1393,1085,1052,403,0
486,1040,1393,1085,1052,401,0
486,1040,1393,1085,1051,400,0
486,1040,1393,1085,1051,397,0
486,1040,1393,1085,1051,396,0
486,1040,1393,1085,1051,395,0
486,1040,1393,1085,1051,393,0
486,1040,1393,1085,1051,392,0
486,1040,1393,1085,1051,391,0
486,1040,1393,1085,1051,389,0
486,1040,1393,1085,1051,389,0
486,1040,1393,1085,1051,388,0
486,1040,1393,1085,1051,387,0
486,1040,1393,1085,1051,386,0
486,1040,1393,1085,1051,386,0
486,1040,1393,1085,1051,385,0
486,1040,1393,1085,1051,385,0
486,1040,1393,1085,1051,385,0
486,1040,1393,1085,1051,385,0
486,1040,1393,1085,1051,385,0
486,1040,1393,1085,1051,385,0
486,1040,1393,1085,1051,385,0
