486,1040,1393,1085,889,379,0
486,1040,1393,1085,889,379,0
486,1040,1393,1085,889,379,0
486,1040,1393,1085,889,379,0
486,1040,1393,1085,889,379,0
486,1040,1393,1085,889,379,0
486,1040,1393,1085,889,379,0
486,1040,1393,1085,889,379,0
486,1040,1393,1085,889,379,0
486,1040,1393,1085,889,379,0
486,1040,1393,1085,889,379,0
486,1040,1393,1085,889,379,0
486,1040,1393,1085,889,379,0
486,1040,1393,1085,889,379,0
486,1040,1393,1085,889,379,0
486,1040,1393,1085,889,379,0
486,1040,1393,1085,889,379,0
486,1040,1393,1085,889,379,0
486,1040,1393,1085,889,379,0
486,1040,1393,1085,889,379,0
486,1040,1393,1085,889,379,0
486,1040,1393,1085,889,379,0
486,1040,1393,1085,889,379,0
486,1040,1393,1085,889,380,0
486,1040,1393,1085,889,380,0
486,1040,1393,1085,889,380,0
486,1040,1393,1085,889,380,0
486,1040,1393,1085,889,380,0
486,1040,1393,1085,889,380,0
486,1040,1393,1085,889,380,0
486,1040,1393,1085,889,380,0
486,1040,1393,1085,889,380,0
486,1040,1393,1085,889,380,0
486,1040,1393,1085,889,384,0
486,1040,1393,1085,888,388,0
486,1040,1393,1085,885,392,0
486,1040,1393,1085,885,394,0
486,1040,1393,1085,883,397,0
486,1040,1393,1085,882,398,0
486,1040,1393,1085,882,399,0
486,1040,1393,1085,881,400,0
486,1040,1393,1085,880,402,0
486,1040,1393,1085,880,403,0
486,1040,1393,1085,880,403,0
486,1040,1393,1085,880,403,0
486,1040,1393,1085,879,404,0
486,1040,1393,1085,878,405,0
486,1040,1393,1085,878,405,0
486,1040,1393,1085,878,406,0
486,1040,1393,1085,877,407,0
486,1040,1393,1085,876,408,0
486,1040,1393,1085,876,409,0
486,1040,1393,1085,874,411,0
486,1040,1393,1085,873,412,0
486,1040,1393,1085,872,415,0
486,1040,1393,1085,870,417,0
486,1040,1393,1085,869,418,0
486,1040,1393,1085,867,421,0
486,1040,1393,1085,866,423,0
486,1040,1393,1085,864,426,0
486,1040,1393,1085,863,427,0
486,1040,1393,1085,861,430,0
486,1040,1393,1085,860,432,0
486,1040,1393,1085,857,436,0
486,1040,1393,1085,855,438,0
486,1040,1393,1085,854,440,0
486,1040,1393,1085,851,444,0
486,1040,1393,1085,850,446,0
486,1040,1393,1085,849,448,0
486,1040,1393,1085,846,452,0
486,1040,1393,1085,845,453,0
486,1040,1393,1085,842,457,0
486,1040,1393,1085,841,460,0
486,1040,1393,1085,839,462,0
486,1040,1393,1085,836,467,0
486,1040,1393,1085,834,470,0
486,1040,1393,1085,830,475,0
486,1040,1393,1085,827,478,0
486,1040,1393,1085,826,480,0
486,1040,1393,1085,823,484,0
486,1040,1393,1085,821,486,0
486,1040,1393,1085,818,490,0
486,1040,1393,1085,816,492,0
486,1040,1393,1085,814,493,0
486,1040,1393,1085,811,497,0
486,1040,1393,1085,810,498,0
486,1040,1393,1085,808,500,0
486,1040,1393,1085,805,503,0
486,1040,1393,1085,804,506,0
486,1040,1393,1085,800,510,0
486,1040,1393,1085,799,511,0
486,1040,1393,1085,797,513,0
486,1040,1393,1085,796,514,0
486,1040,1393,1085,794,516,0
486,1040,1393,1085,793,518,0
486,1040,1393,1085,789,522,0
486,1040,1393,1085,788,523,0
486,1040,1393,1085,786,526,0
486,1040,1393,1085,783,530,0
486,1040,1393,1085,781,532,0
486,1040,1393,1085,779,536,0
486,1040,1393,1085,777,538,0
486,1040,1393,1085,776,539,0
486,1040,1393,1085,773,542,0
486,1040,1393,1085,772,544,0
486,1040,1393,1085,769,547,0
486,1040,1393,1085,767,549,0
486,1040,1393,1085,765,552,0
486,1040,1393,1085,764,554,0
486,1040,1393,1085,762,556,0
486,1040,1393,1085,759,558,0
486,1040,1393,1085,758,560,0
486,1040,1393,1085,756,562,0
486,1040,1393,1085,755,563,0
486,1040,1393,1085,754,564,0
486,1040,1393,1085,752,567,0
486,1040,1393,1085,751,568,0
486,1040,1393,1085,750,569,0
486,1040,1393,1085,749,571,0
486,1040,1393,1085,746,574,0
486,1040,1393,1085,745,575,0
486,1040,1393,1085,743,578,0
486,1040,1393,1085,742,579,0
486,1040,1393,1085,741,580,0
486,1040,1393,1085,740,581,0
486,1040,1393,1085,739,583,0
486,1040,1393,1085,738,584,0
486,1040,1393,1085,737,586,0
486,1040,1393,1085,736,587,0
486,1040,1393,1085,734,591,0
486,1040,1393,1085,732,592,0
486,1040,1393,1085,730,596,0
486,1040,1393,1085,730,598,0
486,1040,1393,1085,729,600,0
486,1040,1393,1085,728,603,0
486,1040,1393,1085,726,605,0
486,1040,1393,1085,726,608,0
486,1040,1393,1085,723,613,0
486,1040,1393,1085,722,615,0
486,1040,1393,1085,720,618,0
486,1040,1393,1085,718,623,0
486,1040,1393,1085,717,625,0
486,1040,1393,1085,716,629,0
486,1040,1393,1085,715,632,0
486,1040,1393,1085,715,634,0
486,1040,1393,1085,713,639,0
486,1040,1393,1085,712,642,0
486,1040,1393,1085,709,647,0
486,1040,1393,1085,708,651,0
486,1040,1393,1085,707,656,0
486,1040,1393,1085,706,659,0
486,1040,1393,1085,706,662,0
486,1040,1393,1085,706,664,0
486,1040,1393,1085,706,665,0
486,1040,1393,1085,705,670,0
486,1040,1393,1085,704,673,0
486,1040,1393,1085,702,676,0
486,1040,1393,1085,700,682,0
486,1040,1393,1085,698,685,0
486,1040,1393,1085,696,692,0
486,1040,1393,1085,695,695,0
486,1040,1393,1085,694,698,0
486,1040,1393,1085,692,703,0
486,1040,1393,1085,691,706,0
486,1040,1393,1085,691,708,0
486,1040,1393,1085,688,713,0
486,1040,1393,1085,687,716,0
486,1040,1393,1085,685,722,0
486,1040,1393,1085,684,724,0
486,1040,1393,1085,683,728,0
486,1040,1393,1085,681,730,0
486,1040,1393,1085,680,735,0
486,1040,1393,1085,679,737,0
486,1040,1393,1085,677,742,0
486,1040,1393,1085,677,744,0
486,1040,1393,1085,675,749,0
486,1040,1393,1085,675,751,0
486,1040,1393,1085,674,754,0
486,1040,1393,1085,672,759,0
486,1040,1393,1085,672,761,0
486,1040,1393,1085,672,764,0
486,1040,1393,1085,671,769,0
486,1040,1393,1085,671,771,0
486,1040,1393,1085,670,774,0
486,1040,1393,1085,669,778,0
486,1040,1393,1085,669,781,0
486,1040,1393,1085,667,785,0
486,1040,1393,1085,667,788,0
486,1040,1393,1085,667,791,0
486,1040,1393,1085,666,795,0
486,1040,1393,1085,665,798,0
486,1040,1393,1085,665,800,0
486,1040,1393,1085,663,805,0
486,1040,1393,1085,663,808,0
486,1040,1393,1085,663,811,0
486,1040,1393,1085,661,816,0
486,1040,1393,1085,660,819,0
486,1040,1393,1085,660,821,0
486,1040,1393,1085,658,826,0
486,1040,1393,1085,657,830,0
486,1040,1393,1085,655,836,0
486,1040,1393,1085,653,839,0
486,1040,1393,1085,652,842,0
486,1040,1393,1085,650,847,0
486,1040,1393,1085,649,850,0
486,1040,1393,1085,648,855,0
486,1040,1393,1085,646,857,0
486,1040,1393,1085,645,860,0
486,1040,1393,1085,643,865,0
486,1040,1393,1085,642,868,0
486,1040,1393,1085,640,871,0
486,1040,1393,1085,637,877,0
486,1040,1393,1085,636,880,0
486,1040,1393,1085,633,885,0
486,1040,1393,1085,632,887,0
486,1040,1393,1085,631,889,0
486,1040,1393,1085,631,891,0
486,1040,1393,1085,629,895,0
486,1040,1393,1085,628,896,0
486,1040,1393,1085,626,900,0
486,1040,1393,1085,625,902,0
486,1040,1393,1085,625,903,0
486,1040,1393,1085,623,906,0
486,1040,1393,1085,623,908,0
486,1040,1393,1085,623,909,0
486,1040,1393,1085,622,912,0
486,1040,1393,1085,622,913,0
486,1040,1393,1085,621,916,0
486,1040,1393,1085,620,917,0
486,1040,1393,1085,619,919,0
486,1040,1393,1085,618,922,0
486,1040,1393,1085,617,923,0
486,1040,1393,1085,616,925,0
486,1040,1393,1085,614,927,0
486,1040,1393,1085,613,928,0
486,1040,1393,1085,611,931,0
486,1040,1393,1085,610,933,0
486,1040,1393,1085,608,934,0
486,1040,1393,1085,606,937,0
486,1040,1393,1085,605,939,0
486,1040,1393,1085,602,942,0
486,1040,1393,1085,600,944,0
486,1040,1393,1085,598,946,0
486,1040,1393,1085,594,950,0
486,1040,1393,1085,592,953,0
486,1040,1393,1085,590,955,0
486,1040,1393,1085,587,960,0
486,1040,1393,1085,585,963,0
486,1040,1393,1085,584,965,0
486,1040,1393,1085,581,969,0
486,1040,1393,1085,579,971,0
486,1040,1393,1085,578,973,0
486,1040,1393,1085,576,976,0
486,1040,1393,1085,575,979,0
486,1040,1393,1085,573,983,0
486,1040,1393,1085,572,985,0
486,1040,1393,1085,571,986,0
486,1040,1393,1085,569,989,0
486,1040,1393,1085,569,990,0
486,1040,1393,1085,568,991,0
486,1040,1393,1085,567,993,0
486,1040,1393,1085,567,995,0
486,1040,1393,1085,565,997,0
486,1040,1393,1085,563,998,0
486,1040,1393,1085,561,1002,0
486,1040,1393,1085,559,1004,0
486,1040,1393,1085,557,1005,0
486,1040,1393,1085,555,1008,0
486,1040,1393,1085,555,1009,0
486,1040,1393,1085,554,1011,0
486,1040,1393,1085,552,1013,0
486,1040,1393,1085,551,1014,0
486,1040,1393,1085,551,1015,0
486,1040,1393,1085,549,1018,0
486,1040,1393,1085,548,1019,0
486,1040,1393,1085,547,1020,0
486,1040,1393,1085,545,1022,0
486,1040,1393,1085,544,1023,0
486,1040,1393,1085,544,1024,0
486,1040,1393,1085,542,1026,0
486,1040,1393,1085,542,1026,0
486,1040,1393,1085,541,1027,0
486,1040,1393,1085,540,1029,0
486,1040,1393,1085,540,1030,0
486,1040,1393,1085,539,1032,0
486,1040,1393,1085,538,1032,0
486,1040,1393,1085,538,1033,0
486,1040,1393,1085,537,1035,0
486,1040,1393,1085,536,1036,0
486,1040,1393,1085,536,1037,0
486,1040,1393,1085,535,1038,0
486,1040,1393,1085,534,1039,0
486,1040,1393,1085,533,1040,0
486,1040,1393,1085,533,1040,0
486,1040,1393,1085,533,1040,0
486,1040,1393,1085,533,1040,0
486,1040,1393,1085,533,1040,0
486,1040,1393,1085,532,1040,0
486,1040,1393,1085,529,1043,0
486,1040,1393,1085,527,1044,0
486,1040,1393,1085,526,1045,0
486,1040,1393,1085,523,1047,0
486,1040,1393,1085,522,1048,0
486,1040,1393,1085,520,1049,0
486,1040,1393,1085,519,1050,0
486,1040,1393,1085,518,1050,0
486,1040,1393,1085,517,1051,0
486,1040,1393,1085,514,1052,0
486,1040,1393,1085,513,1052,0
486,1040,1393,1085,512,1053,0
486,1040,1393,1085,512,1053,0
486,1040,1393,1085,512,1053,0
486,1040,1393,1085,512,1053,0
486,1040,1393,1085,512,1053,0
486,1040,1393,1085,512,1053,0
486,1040,1393,1085,512,1053,0
486,1040,1393,1085,512,1053,0
486,1040,1393,1085,512,1053,0
486,1040,1393,1085,512,1053,0
486,1040,1393,1085,512,1053,0
486,1040,1393,1085,512,1053,0
486,1040,1393,1085,512,1053,0
486,1040,1393,1085,512,1053,0
486,1040,1393,1085,512,1053,0
486,1040,1393,1085,512,1053,0
486,1040,1393,1085,512,1053,0
486,1040,1393,1085,512,1053,0
486,1040,1393,1085,512,1053,0
486,1040,1393,1085,512,1053,0
486,1040,1393,1085,510,1054,0
486,1040,1393,1085,509,1055,0
486,1040,1393,1085,508,1055,0
486,1040,1393,1085,507,1056,0
486,1040,1393,1085,507,1056,0
486,1040,1393,1085,506,1057,0
486,1040,1393,1085,505,1057,0
486,1040,1393,1085,505,1057,0
486,1040,1393,1085,505,1058,0
486,1040,1393,1085,505,1058,0
486,1040,1393,1085,505,1058,0
486,1040,1393,1085,505,1058,0
486,1040,1393,1085,505,1058,0
486,1040,1393,1085,505,1058,0
486,1040,1393,1085,505,1058,0
486,1040,1393,1085,505,1058,0
486,1040,1393,1085,505,1058,0
486,1040,1393,1085,505,1058,0
486,1040,1393,1085,505,1058,1
486,1040,1393,1085,505,1058,1
486,1040,1393,1085,505,1058,1
486,1040,1393,1085,505,1058,1
486,1040,1393,1085,505,1058,1
486,1040,1393,1085,505,1058,1
486,1040,1393,1085,505,1058,1
486,1040,1393,1085,505,1058,1
486,1040,1393,1085,505,1058,1
486,1040,1393,1085,505,1058,1
486,1040,1393,1085,505,1058,1
486,1040,1393,1085,505,1058,1
486,1040,1393,1085,505,1058,1
486,1040,1393,1085,505,1058,1
486,1040,1393,1085,505,1058,1
486,1040,1393,1085,505,1058,1
486,1040,1393,1085,505,1058,1
486,1040,1393,1085,505,1057,1
486,1040,1393,1085,506,1057,1
486,1040,1393,1085,508,1057,1
486,1040,1393,1085,511,1057,1
486,1040,1393,1085,520,1056,1
486,1040,1393,1085,524,1056,1
486,1040,1393,1085,530,1056,1
486,1040,1393,1085,538,1056,1
486,1040,1393,1085,543,1056,1
486,1040,1393,1085,546,1056,1
486,1040,1393,1085,551,1056,1
486,1040,1393,1085,552,1056,1
486,1040,1393,1085,556,1056,1
486,1040,1393,1085,558,1056,1
486,1040,1393,1085,563,1055,1
486,1040,1393,1085,566,1054,1
486,1040,1393,1085,568,1054,1
486,1040,1393,1085,573,1053,1
486,1040,1393,1085,574,1053,1
486,1040,1393,1085,577,1052,1
486,1040,1393,1085,579,1052,1
486,1040,1393,1085,579,1052,1
486,1040,1393,1085,580,1052,1
486,1040,1393,1085,580,1052,1
486,1040,1393,1085,581,1052,1
486,1040,1393,1085,583,1051,1
486,1040,1393,1085,585,1051,1
486,1040,1393,1085,587,1051,1
486,1040,1393,1085,592,1050,1
486,1040,1393,1085,595,1049,1
486,1040,1393,1085,597,1049,1
486,1040,1393,1085,602,1048,1
486,1040,1393,1085,603,1048,1
486,1040,1393,1085,606,1047,1
486,1040,1393,1085,611,1046,1
486,1040,1393,1085,613,1046,1
486,1040,1393,1085,617,1045,1
486,1040,1393,1085,618,1045,1
486,1040,1393,1085,621,1044,1
486,1040,1393,1085,623,1044,1
486,1040,1393,1085,625,1044,1
486,1040,1393,1085,629,1043,1
486,1040,1393,1085,632,1042,1
486,1040,1393,1085,638,1040,1
486,1040,1393,1085,641,1039,1
486,1040,1393,1085,645,1039,1
486,1040,1393,1085,650,1037,1
486,1040,1393,1085,652,1036,1
486,1040,1393,1085,655,1036,1
486,1040,1393,1085,660,1035,1
486,1040,1393,1085,663,1034,1
486,1040,1393,1085,666,1033,1
486,1040,1393,1085,672,1031,1
486,1040,1393,1085,676,1031,1
486,1040,1393,1085,681,1029,1
486,1040,1393,1085,683,1028,1
486,1040,1393,1085,685,1028,1
486,1040,1393,1085,687,1027,1
486,1040,1393,1085,691,1026,1
486,1040,1393,1085,693,1026,1
486,1040,1393,1085,698,1024,1
486,1040,1393,1085,701,1023,1
486,1040,1393,1085,704,1023,1
486,1040,1393,1085,711,1021,1
486,1040,1393,1085,715,1020,1
486,1040,1393,1085,723,1019,1
486,1040,1393,1085,726,1019,1
486,1040,1393,1085,729,1018,1
486,1040,1393,1085,733,1017,1
486,1040,1393,1085,735,1017,1
486,1040,1393,1085,738,1017,1
486,1040,1393,1085,744,1016,1
486,1040,1393,1085,747,1016,1
486,1040,1393,1085,753,1015,1
486,1040,1393,1085,756,1014,1
486,1040,1393,1085,759,1014,1
486,1040,1393,1085,767,1014,1
486,1040,1393,1085,772,1014,1
486,1040,1393,1085,777,1014,1
486,1040,1393,1085,790,1014,1
486,1040,1393,1085,795,1013,1
486,1040,1393,1085,806,1013,1
486,1040,1393,1085,812,1013,1
486,1040,1393,1085,817,1012,1
486,1040,1393,1085,823,1012,1
486,1040,1393,1085,826,1012,1
486,1040,1393,1085,834,1012,1
486,1040,1393,1085,838,1012,1
486,1040,1393,1085,844,1012,1
486,1040,1393,1085,857,1012,1
486,1040,1393,1085,861,1012,1
486,1040,1393,1085,867,1012,1
486,1040,1393,1085,878,1013,1
486,1040,1393,1085,883,1013,1
486,1040,1393,1085,888,1013,1
486,1040,1393,1085,900,1013,1
486,1040,1393,1085,906,1013,1
486,1040,1393,1085,928,1014,1
486,1040,1393,1085,935,1014,1
486,1040,1393,1085,941,1016,1
486,1040,1393,1085,955,1016,1
486,1040,1393,1085,964,1017,1
486,1040,1393,1085,979,1017,1
486,1040,1393,1085,987,1017,1
486,1040,1393,1085,994,1017,1
486,1040,1393,1085,1009,1017,1
486,1040,1393,1085,1014,1017,1
486,1040,1393,1085,1019,1017,1
486,1040,1393,1085,1024,1017,1
486,1040,1393,1085,1037,1017,1
486,1040,1393,1085,1043,1018,1
486,1040,1393,1085,1059,1018,1
486,1040,1393,1085,1066,1018,1
486,1040,1393,1085,1074,1018,1
486,1040,1393,1085,1083,1018,1
486,1040,1393,1085,1087,1018,1
486,1040,1393,1085,1090,1018,1
486,1040,1393,1085,1095,1018,1
486,1040,1393,1085,1096,1018,1
486,1040,1393,1085,1103,1017,1
486,1040,1393,1085,1107,1017,1
486,1040,1393,1085,1112,1016,1
486,1040,1393,1085,1123,1015,1
486,1040,1393,1085,1128,1015,1
486,1040,1393,1085,1132,1014,1
486,1040,1393,1085,1137,1013,1
486,1040,1393,1085,1139,1012,1
486,1040,1393,1085,1143,1012,1
486,1040,1393,1085,1146,1011,1
486,1040,1393,1085,1151,1010,1
486,1040,1393,1085,1154,1009,1
486,1040,1393,1085,1157,1008,1
486,1040,1393,1085,1159,1008,1
486,1040,1393,1085,1164,1007,1
486,1040,1393,1085,1165,1007,1
486,1040,1393,1085,1168,1006,1
486,1040,1393,1085,1170,1006,1
486,1040,1393,1085,1172,1005,1
486,1040,1393,1085,1177,1005,1
486,1040,1393,1085,1179,1004,1
486,1040,1393,1085,1181,1004,1
486,1040,1393,1085,1185,1003,1
486,1040,1393,1085,1187,1002,1
486,1040,1393,1085,1189,1002,1
486,1040,1393,1085,1192,1002,1
486,1040,1393,1085,1194,1001,1
486,1040,1393,1085,1200,1000,1
486,1040,1393,1085,1202,1000,1
486,1040,1393,1085,1206,999,1
486,1040,1393,1085,1212,998,1
486,1040,1393,1085,1215,997,1
486,1040,1393,1085,1217,996,1
486,1040,1393,1085,1222,995,1
486,1040,1393,1085,1225,995,1
486,1040,1393,1085,1230,994,1
486,1040,1393,1085,1232,994,1
486,1040,1393,1085,1234,993,1
486,1040,1393,1085,1237,992,1
486,1040,1393,1085,1239,991,1
486,1040,1393,1085,1241,991,1
486,1040,1393,1085,1243,990,1
486,1040,1393,1085,1247,989,1
486,1040,1393,1085,1249,988,1
486,1040,1393,1085,1251,987,1
486,1040,1393,1085,1255,986,1
486,1040,1393,1085,1256,986,1
486,1040,1393,1085,1257,985,1
486,1040,1393,1085,1258,985,1
486,1040,1393,1085,1258,984,1
486,1040,1393,1085,1260,983,1
486,1040,1393,1085,1262,983,1
486,1040,1393,1085,1266,981,1
486,1040,1393,1085,1268,980,1
486,1040,1393,1085,1269,979,1
486,1040,1393,1085,1272,977,1
486,1040,1393,1085,1272,976,1
486,1040,1393,1085,1275,975,1
486,1040,1393,1085,1277,974,1
486,1040,1393,1085,1278,973,1
486,1040,1393,1085,1282,972,1
486,1040,1393,1085,1284,971,1
486,1040,1393,1085,1285,970,1
486,1040,1393,1085,1287,968,1
486,1040,1393,1085,1288,968,1
486,1040,1393,1085,1289,967,1
486,1040,1393,1085,1291,965,1
486,1040,1393,1085,1292,965,1
486,1040,1393,1085,1293,964,1
486,1040,1393,1085,1296,963,1
486,1040,1393,1085,1298,963,1
486,1040,1393,1085,1299,962,1
486,1040,1393,1085,1301,961,1
486,1040,1393,1085,1301,960,1
486,1040,1393,1085,1302,960,1
486,1040,1393,1085,1302,960,1
486,1040,1393,1085,1303,959,1
486,1040,1393,1085,1303,959,1
486,1040,1393,1085,1303,959,1
486,1040,1393,1085,1304,958,1
486,1040,1393,1085,1304,958,1
486,1040,1393,1085,1304,958,1
486,1040,1393,1085,1304,958,1
486,1040,1393,1085,1304,958,1
486,1040,1393,1085,1304,958,1
486,1040,1393,1085,1304,958,1
486,1040,1393,1085,1305,958,1
486,1040,1393,1085,1305,958,1
486,1040,1393,1085,1305,957,1
486,1040,1393,1085,1305,957,1
486,1040,1393,1085,1305,957,1
486,1040,1393,1085,1305,957,1
486,1040,1393,1085,1305,957,1
486,1040,1393,1085,1305,957,1
486,1040,1393,1085,1306,957,1
486,1040,1393,1085,1306,957,1
486,1040,1393,1085,1307,957,1
486,1040,1393,1085,1307,957,1
486,1040,1393,1085,1307,957,1
486,1040,1393,1085,1307,956,1
486,1040,1393,1085,1307,956,1
486,1040,1393,1085,1307,956,1
486,1040,1393,1085,1308,956,1
486,1040,1393,1085,1308,956,1
486,1040,1393,1085,1309,956,1
486,1040,1393,1085,1309,956,1
486,1040,1393,1085,1309,955,1
486,1040,1393,1085,1310,955,1
486,1040,1393,1085,1310,955,1
486,1040,1393,1085,1310,955,1
486,1040,1393,1085,1311,955,1
486,1040,1393,1085,1311,955,1
486,1040,1393,1085,1311,955,1
486,1040,1393,1085,1311,955,1
486,1040,1393,1085,1311,955,1
486,1040,1393,1085,1311,955,1
486,1040,1393,1085,1311,955,1
486,1040,1393,1085,1311,955,0
486,1040,1393,1085,1311,955,0
486,1040,1393,1085,1311,954,0
486,1040,1393,1085,1311,954,0
486,1040,1393,1085,1311,954,0
486,1040,1393,1085,1311,954,0
486,1040,1393,1085,1311,954,0
486,1040,1393,1085,1311,954,0
486,1040,1393,1085,1311,954,0
486,1040,1393,1085,1311,954,0
486,1040,1393,1085,1311,954,0
486,1040,1393,1085,1311,954,0
486,1040,1393,1085,1311,954,0
486,1040,1393,1085,1311,954,0
486,1040,1393,1085,1311,954,0
486,1040,1393,1085,1311,954,0
486,1040,1393,1085,1311,954,0
486,1040,1393,1085,1311,954,0
486,1040,1393,1085,1311,954,0
486,1040,1393,1085,1311,954,0
486,1040,1393,1085,1311,954,0
486,1040,1393,1085,1311,954,0
486,1040,1393,1085,1311,954,0
486,1040,1393,1085,1311,954,0
486,1040,1393,1085,1311,954,0
486,1040,1393,1085,1311,954,0
486,1040,1393,1085,1311,954,0
486,1040,1393,1085,1311,954,0
486,1040,1393,1085,1311,954,0
486,1040,1393,1085,1309,950,0
486,1040,1393,1085,1307,942,0
486,1040,1393,1085,1304,931,0
486,1040,1393,1085,1298,906,0
486,1040,1393,1085,1293,895,0
486,1040,1393,1085,1290,884,0
486,1040,1393,1085,1283,868,0
486,1040,1393,1085,1281,859,0
486,1040,1393,1085,1275,847,0
486,1040,1393,1085,1274,841,0
486,1040,1393,1085,1271,837,0
486,1040,1393,1085,1268,830,0
486,1040,1393,1085,1267,827,0
486,1040,1393,1085,1264,823,0
486,1040,1393,1085,1264,822,0
486,1040,1393,1085,1263,820,0
486,1040,1393,1085,1261,816,0
486,1040,1393,1085,1260,813,0
486,1040,1393,1085,1258,811,0
486,1040,1393,1085,1256,807,0
486,1040,1393,1085,1254,805,0
486,1040,1393,1085,1252,802,0
486,1040,1393,1085,1249,798,0
486,1040,1393,1085,1247,795,0
486,1040,1393,1085,1243,791,0
486,1040,1393,1085,1242,789,0
486,1040,1393,1085,1240,786,0
486,1040,1393,1085,1236,781,0
486,1040,1393,1085,1235,779,0
486,1040,1393,1085,1233,777,0
486,1040,1393,1085,1229,771,0
486,1040,1393,1085,1228,768,0
486,1040,1393,1085,1225,762,0
486,1040,1393,1085,1223,760,0
486,1040,1393,1085,1221,757,0
486,1040,1393,1085,1218,752,0
486,1040,1393,1085,1217,749,0
486,1040,1393,1085,1215,746,0
486,1040,1393,1085,1212,741,0
486,1040,1393,1085,1211,738,0
486,1040,1393,1085,1207,732,0
486,1040,1393,1085,1205,728,0
486,1040,1393,1085,1202,722,0
486,1040,1393,1085,1200,718,0
486,1040,1393,1085,1199,715,0
486,1040,1393,1085,1198,712,0
486,1040,1393,1085,1194,705,0
486,1040,1393,1085,1193,701,0
486,1040,1393,1085,1189,693,0
486,1040,1393,1085,1187,689,0
486,1040,1393,1085,1184,684,0
486,1040,1393,1085,1180,677,0
486,1040,1393,1085,1178,672,0
486,1040,1393,1085,1176,668,0
486,1040,1393,1085,1172,660,0
486,1040,1393,1085,1171,657,0
486,1040,1393,1085,1170,655,0
486,1040,1393,1085,1168,649,0
486,1040,1393,1085,1167,647,0
486,1040,1393,1085,1164,642,0
486,1040,1393,1085,1162,639,0
486,1040,1393,1085,1161,636,0
486,1040,1393,1085,1159,630,0
486,1040,1393,1085,1157,628,0
486,1040,1393,1085,1156,623,0
486,1040,1393,1085,1155,621,0
486,1040,1393,1085,1155,618,0
486,1040,1393,1085,1153,612,0
486,1040,1393,1085,1153,610,0
486,1040,1393,1085,1152,603,0
486,1040,1393,1085,1151,600,0
486,1040,1393,1085,1150,596,0
486,1040,1393,1085,1150,591,0
486,1040,1393,1085,1150,587,0
486,1040,1393,1085,1150,584,0
486,1040,1393,1085,1150,581,0
486,1040,1393,1085,1149,573,0
486,1040,1393,1085,1149,570,0
486,1040,1393,1085,1148,564,0
486,1040,1393,1085,1147,561,0
486,1040,1393,1085,1147,558,0
486,1040,1393,1085,1146,551,0
486,1040,1393,1085,1145,547,0
486,1040,1393,1085,1145,542,0
486,1040,1393,1085,1143,534,0
486,1040,1393,1085,1142,530,0
486,1040,1393,1085,1139,523,0
486,1040,1393,1085,1138,519,0
486,1040,1393,1085,1135,512,0
486,1040,1393,1085,1133,508,0
486,1040,1393,1085,1131,505,0
486,1040,1393,1085,1129,498,0
486,1040,1393,1085,1128,495,0
486,1040,1393,1085,1126,491,0
486,1040,1393,1085,1122,482,0
486,1040,1393,1085,1121,479,0
486,1040,1393,1085,1120,476,0
486,1040,1393,1085,1119,471,0
486,1040,1393,1085,1116,465,0
486,1040,1393,1085,1116,462,0
486,1040,1393,1085,1113,458,0
486,1040,1393,1085,1113,455,0
486,1040,1393,1085,1112,454,0
486,1040,1393,1085,1109,449,0
486,1040,1393,1085,1108,446,0
486,1040,1393,1085,1106,441,0
486,1040,1393,1085,1105,439,0
486,1040,1393,1085,1104,436,0
486,1040,1393,1085,1101,432,0
486,1040,1393,1085,1100,429,0
486,1040,1393,1085,1097,424,0
486,1040,1393,1085,1095,421,0
486,1040,1393,1085,1094,419,0
486,1040,1393,1085,1091,414,0
486,1040,1393,1085,1091,412,0
486,1040,1393,1085,1090,410,0
486,1040,1393,1085,1087,407,0
486,1040,1393,1085,1086,405,0
486,1040,1393,1085,1085,403,0
486,1040,1393,1085,1085,402,0
486,1040,1393,1085,1084,401,0
486,1040,1393,1085,1083,399,0
486,1040,1393,1085,1082,397,0
486,1040,1393,1085,1081,396,0
486,1040,1393,1085,1079,393,0
486,1040,1393,1085,1078,393,0
486,1040,1393,1085,1077,391,0
486,1040,1393,1085,1076,390,0
486,1040,1393,1085,1076,390,0
486,1040,1393,1085,1075,389,0
486,1040,1393,1085,1074,388,0
486,1040,1393,1085,1074,388,0
486,1040,1393,1085,1074,387,0
486,1040,1393,1085,1073,387,0
486,1040,1393,1085,1073,387,0
486,1040,1393,1085,1071,383,0
486,1040,1393,1085,1070,382,0
486,1040,1393,1085,1069,379,0
486,1040,1393,1085,1069,379,0
486,1040,1393,1085,1069,379,0
