486,1040,1393,1085,901,371,0
486,1040,1393,1085,901,371,0
486,1040,1393,1085,901,371,0
486,1040,1393,1085,901,371,0
486,1040,1393,1085,901,371,0
486,1040,1393,1085,901,371,0
486,1040,1393,1085,901,371,0
486,1040,1393,1085,901,371,0
486,1040,1393,1085,901,371,0
486,1040,1393,1085,901,371,0
486,1040,1393,1085,901,371,0
486,1040,1393,1085,901,371,0
486,1040,1393,1085,901,371,0
486,1040,1393,1085,901,371,0
486,1040,1393,1085,900,372,0
486,1040,1393,1085,898,373,0
486,1040,1393,1085,898,374,0
486,1040,1393,1085,897,375,0
486,1040,1393,1085,894,378,0
486,1040,1393,1085,892,380,0
486,1040,1393,1085,887,386,0
486,1040,1393,1085,884,389,0
486,1040,1393,1085,882,392,0
486,1040,1393,1085,877,398,0
486,1040,1393,1085,875,401,0
486,1040,1393,1085,872,404,0
486,1040,1393,1085,868,410,0
486,1040,1393,1085,866,414,0
486,1040,1393,1085,863,419,0
486,1040,1393,1085,857,427,0
486,1040,1393,1085,854,432,0
486,1040,1393,1085,847,442,0
486,1040,1393,1085,845,446,0
486,1040,1393,1085,841,450,0
486,1040,1393,1085,837,455,0
486,1040,1393,1085,834,457,0
486,1040,1393,1085,832,459,0
486,1040,1393,1085,830,464,0
486,1040,1393,1085,829,465,0
486,1040,1393,1085,828,466,0
486,1040,1393,1085,826,469,0
486,1040,1393,1085,825,470,0
486,1040,1393,1085,824,472,0
486,1040,1393,1085,820,475,0
486,1040,1393,1085,817,476,0
486,1040,1393,1085,810,481,0
486,1040,1393,1085,806,484,0
486,1040,1393,1085,802,486,0
486,1040,1393,1085,796,491,0
486,1040,1393,1085,793,493,0
486,1040,1393,1085,791,496,0
486,1040,1393,1085,786,501,0
486,1040,1393,1085,783,503,0
486,1040,1393,1085,775,510,0
486,1040,1393,1085,771,513,0
486,1040,1393,1085,766,516,0
486,1040,1393,1085,757,523,0
486,1040,1393,1085,752,527,0
486,1040,1393,1085,748,531,0
486,1040,1393,1085,738,538,0
486,1040,1393,1085,735,542,0
486,1040,1393,1085,729,546,0
486,1040,1393,1085,727,549,0
486,1040,1393,1085,724,552,0
486,1040,1393,1085,718,558,0
486,1040,1393,1085,715,562,0
486,1040,1393,1085,714,565,0
486,1040,1393,1085,709,569,0
486,1040,1393,1085,707,573,0
486,1040,1393,1085,705,575,0
486,1040,1393,1085,700,579,0
486,1040,1393,1085,698,581,0
486,1040,1393,1085,696,582,0
486,1040,1393,1085,691,586,0
486,1040,1393,1085,689,588,0
486,1040,1393,1085,683,592,0
486,1040,1393,1085,681,594,0
486,1040,1393,1085,678,596,0
486,1040,1393,1085,673,602,0
486,1040,1393,1085,671,605,0
486,1040,1393,1085,669,607,0
486,1040,1393,1085,663,612,0
486,1040,1393,1085,660,614,0
486,1040,1393,1085,654,618,0
486,1040,1393,1085,651,620,0
486,1040,1393,1085,648,622,0
486,1040,1393,1085,642,625,0
486,1040,1393,1085,640,627,0
486,1040,1393,1085,639,629,0
486,1040,1393,1085,636,631,0
486,1040,1393,1085,635,632,0
486,1040,1393,1085,634,633,0
486,1040,1393,1085,631,636,0
486,1040,1393,1085,629,638,0
486,1040,1393,1085,626,640,0
486,1040,1393,1085,620,644,0
486,1040,1393,1085,617,646,0
486,1040,1393,1085,612,651,0
486,1040,1393,1085,608,653,0
486,1040,1393,1085,604,656,0
486,1040,1393,1085,597,661,0
486,1040,1393,1085,593,664,0
486,1040,1393,1085,589,668,0
486,1040,1393,1085,580,675,0
486,1040,1393,1085,577,679,0
486,1040,1393,1085,573,682,0
486,1040,1393,1085,569,688,0
486,1040,1393,1085,566,691,0
486,1040,1393,1085,562,697,0
486,1040,1393,1085,558,699,0
486,1040,1393,1085,555,703,0
486,1040,1393,1085,548,708,0
486,1040,1393,1085,545,712,0
486,1040,1393,1085,540,715,0
486,1040,1393,1085,533,721,0
486,1040,1393,1085,528,723,0
486,1040,1393,1085,520,729,0
486,1040,1393,1085,515,732,0
486,1040,1393,1085,511,735,0
486,1040,1393,1085,506,738,0
486,1040,1393,1085,498,743,0
486,1040,1393,1085,494,747,0
486,1040,1393,1085,489,752,0
486,1040,1393,1085,486,755,0
486,1040,1393,1085,484,757,0
486,1040,1393,1085,481,761,0
486,1040,1393,1085,479,764,0
486,1040,1393,1085,475,768,0
486,1040,1393,1085,473,770,0
486,1040,1393,1085,471,772,0
486,1040,1393,1085,467,776,0
486,1040,1393,1085,465,778,0
486,1040,1393,1085,462,781,0
486,1040,1393,1085,455,786,0
486,1040,1393,1085,451,788,0
486,1040,1393,1085,445,793,0
486,1040,1393,1085,442,795,0
486,1040,1393,1085,440,798,0
486,1040,1393,1085,436,802,0
486,1040,1393,1085,435,803,0
486,1040,1393,1085,433,805,0
486,1040,1393,1085,429,808,0
486,1040,1393,1085,427,810,0
486,1040,1393,1085,425,812,0
486,1040,1393,1085,421,816,0
486,1040,1393,1085,418,818,0
486,1040,1393,1085,416,820,0
486,1040,1393,1085,411,825,0
486,1040,1393,1085,409,827,0
486,1040,1393,1085,405,830,0
486,1040,1393,1085,404,832,0
486,1040,1393,1085,403,834,0
486,1040,1393,1085,401,837,0
486,1040,1393,1085,399,838,0
486,1040,1393,1085,399,840,0
486,1040,1393,1085,397,842,0
486,1040,1393,1085,396,844,0
486,1040,1393,1085,394,846,0
486,1040,1393,1085,393,847,0
486,1040,1393,1085,392,849,0
486,1040,1393,1085,389,853,0
486,1040,1393,1085,387,855,0
486,1040,1393,1085,384,857,0
486,1040,1393,1085,380,860,0
486,1040,1393,1085,378,861,0
486,1040,1393,1085,374,865,0
486,1040,1393,1085,372,866,0
486,1040,1393,1085,370,868,0
486,1040,1393,1085,369,869,0
486,1040,1393,1085,366,872,0
486,1040,1393,1085,365,873,0
486,1040,1393,1085,361,876,0
486,1040,1393,1085,361,876,0
486,1040,1393,1085,359,877,0
486,1040,1393,1085,358,879,0
486,1040,1393,1085,357,879,0
486,1040,1393,1085,356,880,0
486,1040,1393,1085,354,882,0
486,1040,1393,1085,353,883,0
486,1040,1393,1085,353,883,0
486,1040,1393,1085,352,884,0
486,1040,1393,1085,351,885,0
486,1040,1393,1085,349,886,0
486,1040,1393,1085,348,887,0
486,1040,1393,1085,347,888,0
486,1040,1393,1085,345,889,0
486,1040,1393,1085,344,890,0
486,1040,1393,1085,344,890,0
486,1040,1393,1085,344,890,0
486,1040,1393,1085,344,891,0
486,1040,1393,1085,343,891,0
486,1040,1393,1085,342,892,0
486,1040,1393,1085,342,892,0
486,1040,1393,1085,341,893,0
486,1040,1393,1085,341,893,0
486,1040,1393,1085,340,894,0
486,1040,1393,1085,339,895,0
486,1040,1393,1085,338,896,0
486,1040,1393,1085,337,896,0
486,1040,1393,1085,336,897,0
486,1040,1393,1085,336,897,0
486,1040,1393,1085,336,897,0
486,1040,1393,1085,336,897,0
486,1040,1393,1085,336,897,0
486,1040,1393,1085,336,897,0
486,1040,1393,1085,336,897,0
486,1040,1393,1085,336,898,0
486,1040,1393,1085,336,898,1
486,1040,1393,1085,336,898,1
486,1040,1393,1085,336,899,1
486,1040,1393,1085,336,899,1
486,1040,1393,1085,336,899,1
486,1040,1393,1085,336,899,1
486,1040,1393,1085,336,899,1
486,1040,1393,1085,336,899,1
486,1040,1393,1085,336,899,1
486,1040,1393,1085,336,899,1
486,1040,1393,1085,336,899,1
486,1040,1393,1085,336,899,1
486,1040,1393,1085,336,899,1
486,1040,1393,1085,336,899,1
486,1040,1393,1085,336,899,1
486,1040,1393,1085,337,899,1
486,1040,1393,1085,337,899,1
486,1040,1393,1085,339,899,1
486,1040,1393,1085,346,900,1
486,1040,1393,1085,351,900,1
486,1040,1393,1085,363,900,1
486,1040,1393,1085,371,900,1
486,1040,1393,1085,377,900,1
486,1040,1393,1085,388,900,1
486,1040,1393,1085,391,900,1
486,1040,1393,1085,393,900,1
486,1040,1393,1085,395,900,1
486,1040,1393,1085,398,901,1
486,1040,1393,1085,401,902,1
486,1040,1393,1085,403,902,1
486,1040,1393,1085,405,903,1
486,1040,1393,1085,409,904,1
486,1040,1393,1085,410,904,1
486,1040,1393,1085,412,904,1
486,1040,1393,1085,414,904,1
486,1040,1393,1085,416,904,1
486,1040,1393,1085,420,904,1
486,1040,1393,1085,422,904,1
486,1040,1393,1085,425,904,1
486,1040,1393,1085,430,904,1
486,1040,1393,1085,434,903,1
486,1040,1393,1085,437,903,1
486,1040,1393,1085,444,904,1
486,1040,1393,1085,447,904,1
486,1040,1393,1085,450,904,1
486,1040,1393,1085,456,904,1
486,1040,1393,1085,459,904,1
486,1040,1393,1085,463,905,1
486,1040,1393,1085,466,905,1
486,1040,1393,1085,468,906,1
486,1040,1393,1085,474,907,1
486,1040,1393,1085,478,907,1
486,1040,1393,1085,482,907,1
486,1040,1393,1085,490,907,1
486,1040,1393,1085,492,907,1
486,1040,1393,1085,497,908,1
486,1040,1393,1085,499,908,1
486,1040,1393,1085,501,908,1
486,1040,1393,1085,504,909,1
486,1040,1393,1085,505,909,1
486,1040,1393,1085,507,910,1
486,1040,1393,1085,513,910,1
486,1040,1393,1085,516,910,1
486,1040,1393,1085,522,912,1
486,1040,1393,1085,526,912,1
486,1040,1393,1085,530,912,1
486,1040,1393,1085,535,912,1
486,1040,1393,1085,543,913,1
486,1040,1393,1085,548,914,1
486,1040,1393,1085,557,915,1
486,1040,1393,1085,561,916,1
486,1040,1393,1085,566,916,1
486,1040,1393,1085,572,918,1
486,1040,1393,1085,577,920,1
486,1040,1393,1085,579,920,1
486,1040,1393,1085,584,922,1
486,1040,1393,1085,587,922,1
486,1040,1393,1085,593,923,1
486,1040,1393,1085,595,923,1
486,1040,1393,1085,598,924,1
486,1040,1393,1085,604,926,1
486,1040,1393,1085,607,927,1
486,1040,1393,1085,611,928,1
486,1040,1393,1085,619,930,1
486,1040,1393,1085,623,931,1
486,1040,1393,1085,627,933,1
486,1040,1393,1085,635,935,1
486,1040,1393,1085,639,937,1
486,1040,1393,1085,648,940,1
486,1040,1393,1085,651,941,1
486,1040,1393,1085,653,943,1
486,1040,1393,1085,655,944,1
486,1040,1393,1085,660,947,1
486,1040,1393,1085,663,948,1
486,1040,1393,1085,669,951,1
486,1040,1393,1085,673,952,1
486,1040,1393,1085,676,953,1
486,1040,1393,1085,685,957,1
486,1040,1393,1085,690,958,1
486,1040,1393,1085,695,959,1
486,1040,1393,1085,705,962,1
486,1040,1393,1085,709,963,1
486,1040,1393,1085,714,963,1
486,1040,1393,1085,722,964,1
486,1040,1393,1085,726,965,1
486,1040,1393,1085,731,965,1
486,1040,1393,1085,734,966,1
486,1040,1393,1085,736,966,1
486,1040,1393,1085,739,966,1
486,1040,1393,1085,739,967,1
486,1040,1393,1085,740,967,1
486,1040,1393,1085,740,967,1
486,1040,1393,1085,741,967,1
486,1040,1393,1085,742,967,1
486,1040,1393,1085,744,967,1
486,1040,1393,1085,745,968,1
486,1040,1393,1085,747,968,1
486,1040,1393,1085,753,969,1
486,1040,1393,1085,756,969,1
486,1040,1393,1085,762,970,1
486,1040,1393,1085,764,970,1
486,1040,1393,1085,767,971,1
486,1040,1393,1085,773,971,1
486,1040,1393,1085,775,971,1
486,1040,1393,1085,777,971,1
486,1040,1393,1085,780,971,1
486,1040,1393,1085,782,971,1
486,1040,1393,1085,786,972,1
486,1040,1393,1085,789,973,1
486,1040,1393,1085,791,973,1
486,1040,1393,1085,796,974,1
486,1040,1393,1085,799,975,1
486,1040,1393,1085,801,976,1
486,1040,1393,1085,806,976,1
486,1040,1393,1085,809,977,1
486,1040,1393,1085,814,978,1
486,1040,1393,1085,817,979,1
486,1040,1393,1085,819,980,1
486,1040,1393,1085,824,982,1
486,1040,1393,1085,827,983,1
486,1040,1393,1085,829,984,1
486,1040,1393,1085,835,987,1
486,1040,1393,1085,839,988,1
486,1040,1393,1085,844,989,1
486,1040,1393,1085,852,993,1
486,1040,1393,1085,856,994,1
486,1040,1393,1085,860,996,1
486,1040,1393,1085,867,998,1
486,1040,1393,1085,870,999,1
486,1040,1393,1085,874,1000,1
486,1040,1393,1085,880,1001,1
486,1040,1393,1085,883,1002,1
486,1040,1393,1085,891,1005,1
486,1040,1393,1085,894,1006,1
486,1040,1393,1085,897,1007,1
486,1040,1393,1085,904,1009,1
486,1040,1393,1085,908,1010,1
486,1040,1393,1085,914,1011,1
486,1040,1393,1085,925,1014,1
486,1040,1393,1085,932,1016,1
486,1040,1393,1085,942,1018,1
486,1040,1393,1085,947,1018,1
486,1040,1393,1085,950,1019,1
486,1040,1393,1085,959,1020,1
486,1040,1393,1085,964,1022,1
486,1040,1393,1085,974,1025,1
486,1040,1393,1085,979,1027,1
486,1040,1393,1085,984,1028,1
486,1040,1393,1085,989,1030,1
486,1040,1393,1085,999,1033,1
486,1040,1393,1085,1003,1034,1
486,1040,1393,1085,1006,1035,1
486,1040,1393,1085,1013,1036,1
486,1040,1393,1085,1016,1038,1
486,1040,1393,1085,1027,1039,1
486,1040,1393,1085,1032,1040,1
486,1040,1393,1085,1038,1040,1
486,1040,1393,1085,1048,1041,1
486,1040,1393,1085,1053,1041,1
486,1040,1393,1085,1057,1042,1
486,1040,1393,1085,1066,1043,1
486,1040,1393,1085,1068,1044,1
486,1040,1393,1085,1073,1045,1
486,1040,1393,1085,1075,1045,1
486,1040,1393,1085,1076,1045,1
486,1040,1393,1085,1080,1046,1
486,1040,1393,1085,1082,1046,1
486,1040,1393,1085,1083,1046,1
486,1040,1393,1085,1087,1046,1
486,1040,1393,1085,1090,1047,1
486,1040,1393,1085,1096,1048,1
486,1040,1393,1085,1100,1049,1
486,1040,1393,1085,1103,1049,1
486,1040,1393,1085,1108,1049,1
486,1040,1393,1085,1110,1049,1
486,1040,1393,1085,1111,1049,1
486,1040,1393,1085,1113,1049,1
486,1040,1393,1085,1114,1049,1
486,1040,1393,1085,1116,1050,1
486,1040,1393,1085,1119,1050,1
486,1040,1393,1085,1122,1051,1
486,1040,1393,1085,1127,1052,1
486,1040,1393,1085,1128,1052,1
486,1040,1393,1085,1130,1052,1
486,1040,1393,1085,1131,1052,1
486,1040,1393,1085,1133,1052,1
486,1040,1393,1085,1135,1052,1
486,1040,1393,1085,1139,1053,1
486,1040,1393,1085,1143,1053,1
486,1040,1393,1085,1150,1055,1
486,1040,1393,1085,1153,1055,1
486,1040,1393,1085,1156,1055,1
486,1040,1393,1085,1161,1055,1
486,1040,1393,1085,1163,1056,1
486,1040,1393,1085,1165,1056,1
486,1040,1393,1085,1169,1057,1
486,1040,1393,1085,1172,1057,1
486,1040,1393,1085,1174,1058,1
486,1040,1393,1085,1181,1060,1
486,1040,1393,1085,1184,1060,1
486,1040,1393,1085,1188,1060,1
486,1040,1393,1085,1195,1060,1
486,1040,1393,1085,1198,1060,1
486,1040,1393,1085,1205,1060,1
486,1040,1393,1085,1208,1060,1
486,1040,1393,1085,1211,1060,1
486,1040,1393,1085,1218,1060,1
486,1040,1393,1085,1221,1061,1
486,1040,1393,1085,1224,1061,1
486,1040,1393,1085,1232,1061,1
486,1040,1393,1085,1236,1061,1
486,1040,1393,1085,1245,1062,1
486,1040,1393,1085,1249,1062,1
486,1040,1393,1085,1253,1062,1
486,1040,1393,1085,1258,1062,1
486,1040,1393,1085,1260,1062,1
486,1040,1393,1085,1263,1062,1
486,1040,1393,1085,1265,1062,1
486,1040,1393,1085,1266,1062,1
486,1040,1393,1085,1270,1061,1
486,1040,1393,1085,1271,1061,1
486,1040,1393,1085,1271,1061,1
486,1040,1393,1085,1272,1061,1
486,1040,1393,1085,1272,1061,1
486,1040,1393,1085,1272,1061,1
486,1040,1393,1085,1272,1061,1
486,1040,1393,1085,1273,1061,1
486,1040,1393,1085,1275,1062,1
486,1040,1393,1085,1276,1062,1
486,1040,1393,1085,1277,1062,1
486,1040,1393,1085,1280,1062,1
486,1040,1393,1085,1283,1062,1
486,1040,1393,1085,1284,1062,1
486,1040,1393,1085,1287,1063,1
486,1040,1393,1085,1289,1063,1
486,1040,1393,1085,1293,1063,1
486,1040,1393,1085,1297,1063,1
486,1040,1393,1085,1300,1063,1
486,1040,1393,1085,1304,1063,1
486,1040,1393,1085,1305,1063,1
486,1040,1393,1085,1308,1064,1
486,1040,1393,1085,1311,1064,1
486,1040,1393,1085,1313,1064,1
486,1040,1393,1085,1315,1065,1
486,1040,1393,1085,1317,1065,1
486,1040,1393,1085,1317,1065,1
486,1040,1393,1085,1317,1065,1
486,1040,1393,1085,1317,1065,1
486,1040,1393,1085,1317,1065,1
486,1040,1393,1085,1317,1065,1
486,1040,1393,1085,1319,1065,1
486,1040,1393,1085,1320,1065,1
486,1040,1393,1085,1321,1065,1
486,1040,1393,1085,1322,1065,1
486,1040,1393,1085,1323,1065,1
486,1040,1393,1085,1325,1065,1
486,1040,1393,1085,1326,1065,1
486,1040,1393,1085,1328,1065,1
486,1040,1393,1085,1331,1065,1
486,1040,1393,1085,1333,1065,1
486,1040,1393,1085,1335,1065,1
486,1040,1393,1085,1338,1066,1
486,1040,1393,1085,1340,1066,1
486,1040,1393,1085,1343,1066,1
486,1040,1393,1085,1345,1066,1
486,1040,1393,1085,1347,1066,1
486,1040,1393,1085,1353,1067,1
486,1040,1393,1085,1357,1067,1
486,1040,1393,1085,1359,1067,1
486,1040,1393,1085,1360,1067,1
486,1040,1393,1085,1360,1067,1
486,1040,1393,1085,1360,1067,1
486,1040,1393,1085,1360,1067,1
486,1040,1393,1085,1360,1067,1
486,1040,1393,1085,1361,1067,1
486,1040,1393,1085,1361,1067,1
486,1040,1393,1085,1362,1067,1
486,1040,1393,1085,1362,1067,1
486,1040,1393,1085,1363,1067,1
486,1040,1393,1085,1365,1067,1
486,1040,1393,1085,1365,1067,1
486,1040,1393,1085,1365,1067,1
486,1040,1393,1085,1365,1067,1
486,1040,1393,1085,1365,1066,1
486,1040,1393,1085,1365,1066,1
486,1040,1393,1085,1365,1066,1
486,1040,1393,1085,1365,1066,1
486,1040,1393,1085,1365,1066,1
486,1040,1393,1085,1365,1066,1
486,1040,1393,1085,1365,1066,0
486,1040,1393,1085,1365,1066,0
486,1040,1393,1085,1365,1066,0
486,1040,1393,1085,1365,1066,0
486,1040,1393,1085,1365,1066,0
486,1040,1393,1085,1365,1066,0
486,1040,1393,1085,1365,1066,0
486,1040,1393,1085,1365,1066,0
486,1040,1393,1085,1365,1067,0
486,1040,1393,1085,1365,1067,0
486,1040,1393,1085,1365,1067,0
486,1040,1393,1085,1365,1067,0
486,1040,1393,1085,1365,1067,0
486,1040,1393,1085,1365,1067,0
486,1040,1393,1085,1365,1067,0
486,1040,1393,1085,1365,1067,0
486,1040,1393,1085,1365,1067,0
486,1040,1393,1085,1365,1067,0
486,1040,1393,1085,1365,1067,0
486,1040,1393,1085,1365,1066,0
486,1040,1393,1085,1364,1065,0
486,1040,1393,1085,1363,1062,0
486,1040,1393,1085,1361,1060,0
486,1040,1393,1085,1356,1053,0
486,1040,1393,1085,1353,1046,0
486,1040,1393,1085,1349,1040,0
486,1040,1393,1085,1343,1031,0
486,1040,1393,1085,1340,1026,0
486,1040,1393,1085,1339,1021,0
486,1040,1393,1085,1336,1015,0
486,1040,1393,1085,1336,1013,0
486,1040,1393,1085,1335,1012,0
486,1040,1393,1085,1335,1009,0
486,1040,1393,1085,1334,1007,0
486,1040,1393,1085,1333,1003,0
486,1040,1393,1085,1332,1000,0
486,1040,1393,1085,1330,997,0
486,1040,1393,1085,1329,991,0
486,1040,1393,1085,1328,989,0
486,1040,1393,1085,1327,987,0
486,1040,1393,1085,1325,982,0
486,1040,1393,1085,1324,980,0
486,1040,1393,1085,1323,979,0
486,1040,1393,1085,1322,975,0
486,1040,1393,1085,1322,972,0
486,1040,1393,1085,1320,970,0
486,1040,1393,1085,1317,964,0
486,1040,1393,1085,1316,960,0
486,1040,1393,1085,1313,952,0
486,1040,1393,1085,1313,948,0
486,1040,1393,1085,1311,944,0
486,1040,1393,1085,1310,934,0
486,1040,1393,1085,1309,927,0
486,1040,1393,1085,1308,921,0
486,1040,1393,1085,1307,909,0
486,1040,1393,1085,1306,903,0
486,1040,1393,1085,1305,896,0
486,1040,1393,1085,1300,880,0
486,1040,1393,1085,1297,872,0
486,1040,1393,1085,1293,863,0
486,1040,1393,1085,1287,849,0
486,1040,1393,1085,1283,841,0
486,1040,1393,1085,1279,834,0
486,1040,1393,1085,1273,820,0
486,1040,1393,1085,1270,815,0
486,1040,1393,1085,1265,802,0
486,1040,1393,1085,1262,797,0
486,1040,1393,1085,1260,792,0
486,1040,1393,1085,1253,780,0
486,1040,1393,1085,1249,773,0
486,1040,1393,1085,1244,767,0
486,1040,1393,1085,1235,752,0
486,1040,1393,1085,1231,747,0
486,1040,1393,1085,1224,737,0
486,1040,1393,1085,1222,733,0
486,1040,1393,1085,1219,729,0
486,1040,1393,1085,1214,722,0
486,1040,1393,1085,1212,718,0
486,1040,1393,1085,1209,715,0
486,1040,1393,1085,1203,705,0
486,1040,1393,1085,1201,700,0
486,1040,1393,1085,1193,691,0
486,1040,1393,1085,1188,686,0
486,1040,1393,1085,1184,682,0
486,1040,1393,1085,1182,678,0
486,1040,1393,1085,1176,670,0
486,1040,1393,1085,1174,665,0
486,1040,1393,1085,1171,657,0
486,1040,1393,1085,1170,652,0
486,1040,1393,1085,1167,649,0
486,1040,1393,1085,1164,642,0
486,1040,1393,1085,1162,639,0
486,1040,1393,1085,1159,635,0
486,1040,1393,1085,1155,628,0
486,1040,1393,1085,1153,623,0
486,1040,1393,1085,1150,613,0
486,1040,1393,1085,1149,608,0
486,1040,1393,1085,1148,602,0
486,1040,1393,1085,1146,593,0
486,1040,1393,1085,1145,589,0
486,1040,1393,1085,1145,585,0
486,1040,1393,1085,1142,578,0
486,1040,1393,1085,1139,573,0
486,1040,1393,1085,1137,569,0
486,1040,1393,1085,1135,558,0
486,1040,1393,1085,1132,554,0
486,1040,1393,1085,1129,544,0
486,1040,1393,1085,1127,540,0
486,1040,1393,1085,1124,535,0
486,1040,1393,1085,1120,525,0
486,1040,1393,1085,1119,520,0
486,1040,1393,1085,1116,517,0
486,1040,1393,1085,1114,511,0
486,1040,1393,1085,1113,508,0
486,1040,1393,1085,1112,506,0
486,1040,1393,1085,1111,501,0
486,1040,1393,1085,1110,498,0
486,1040,1393,1085,1106,493,0
486,1040,1393,1085,1105,491,0
486,1040,1393,1085,1102,488,0
486,1040,1393,1085,1100,483,0
486,1040,1393,1085,1098,481,0
486,1040,1393,1085,1098,480,0
486,1040,1393,1085,1095,476,0
486,1040,1393,1085,1094,475,0
486,1040,1393,1085,1090,470,0
486,1040,1393,1085,1088,467,0
486,1040,1393,1085,1086,465,0
486,1040,1393,1085,1083,461,0
486,1040,1393,1085,1082,459,0
486,1040,1393,1085,1080,456,0
486,1040,1393,1085,1077,450,0
486,1040,1393,1085,1076,447,0
486,1040,1393,1085,1073,441,0
486,1040,1393,1085,1071,438,0
486,1040,1393,1085,1070,435,0
486,1040,1393,1085,1068,432,0
486,1040,1393,1085,1065,426,0
486,1040,1393,1085,1064,423,0
486,1040,1393,1085,1062,417,0
486,1040,1393,1085,1061,414,0
486,1040,1393,1085,1061,412,0
486,1040,1393,1085,1060,408,0
486,1040,1393,1085,1060,407,0
486,1040,1393,1085,1060,405,0
486,1040,1393,1085,1060,402,0
486,1040,1393,1085,1059,401,0
486,1040,1393,1085,1059,397,0
486,1040,1393,1085,1058,396,0
486,1040,1393,1085,1058,395,0
486,1040,1393,1085,1058,393,0
486,1040,1393,1085,1058,392,0
486,1040,1393,1085,1058,391,0
486,1040,1393,1085,1058,389,0
486,1040,1393,1085,1058,388,0
486,1040,1393,1085,1058,386,0
486,1040,1393,1085,1058,385,0
486,1040,1393,1085,1057,384,0
486,1040,1393,1085,1057,381,0
486,1040,1393,1085,1057,380,0
486,1040,1393,1085,1057,380,0
486,1040,1393,1085,1057,379,0
486,1040,1393,1085,1057,379,0
486,1040,1393,1085,1057,379,0
486,1040,1393,1085,1057,379,0
486,1040,1393,1085,1057,379,0
486,1040,1393,1085,1057,379,0
486,1040,1393,1085,1057,379,0
486,1040,1393,1085,1057,379,0
