486,1040,1393,1085,903,384,0
486,1040,1393,1085,903,384,0
486,1040,1393,1085,903,384,0
486,1040,1393,1085,903,384,0
486,1040,1393,1085,903,384,0
486,1040,1393,1085,903,384,0
486,1040,1393,1085,903,384,0
486,1040,1393,1085,903,384,0
486,1040,1393,1085,903,384,0
486,1040,1393,1085,903,384,0
486,1040,1393,1085,903,384,0
486,1040,1393,1085,903,384,0
486,1040,1393,1085,903,384,0
486,1040,1393,1085,903,384,0
486,1040,1393,1085,903,384,0
486,1040,1393,1085,903,384,0
486,1040,1393,1085,903,384,0
486,1040,1393,1085,903,384,0
486,1040,1393,1085,902,387,0
486,1040,1393,1085,901,388,0
486,1040,1393,1085,900,391,0
486,1040,1393,1085,899,393,0
486,1040,1393,1085,895,398,0
486,1040,1393,1085,893,401,0
486,1040,1393,1085,890,405,0
486,1040,1393,1085,886,413,0
486,1040,1393,1085,885,416,0
486,1040,1393,1085,883,421,0
486,1040,1393,1085,883,422,0
486,1040,1393,1085,883,424,0
486,1040,1393,1085,880,428,0
486,1040,1393,1085,879,430,0
486,1040,1393,1085,876,433,0
486,1040,1393,1085,874,436,0
486,1040,1393,1085,870,441,0
486,1040,1393,1085,868,444,0
486,1040,1393,1085,866,446,0
486,1040,1393,1085,863,450,0
486,1040,1393,1085,862,452,0
486,1040,1393,1085,859,457,0
486,1040,1393,1085,858,458,0
486,1040,1393,1085,857,460,0
486,1040,1393,1085,854,463,0
486,1040,1393,1085,853,465,0
486,1040,1393,1085,850,466,0
486,1040,1393,1085,846,469,0
486,1040,1393,1085,843,471,0
486,1040,1393,1085,838,475,0
486,1040,1393,1085,835,477,0
486,1040,1393,1085,833,479,0
486,1040,1393,1085,830,482,0
486,1040,1393,1085,829,484,0
486,1040,1393,1085,828,485,0
486,1040,1393,1085,825,489,0
486,1040,1393,1085,823,491,0
486,1040,1393,1085,821,493,0
486,1040,1393,1085,816,497,0
486,1040,1393,1085,813,499,0
486,1040,1393,1085,809,504,0
486,1040,1393,1085,808,506,0
486,1040,1393,1085,806,508,0
486,1040,1393,1085,803,513,0
486,1040,1393,1085,802,516,0
486,1040,1393,1085,800,518,0
486,1040,1393,1085,797,523,0
486,1040,1393,1085,795,524,0
486,1040,1393,1085,792,527,0
486,1040,1393,1085,790,529,0
486,1040,1393,1085,788,530,0
486,1040,1393,1085,786,532,0
486,1040,1393,1085,782,536,0
486,1040,1393,1085,780,539,0
486,1040,1393,1085,778,543,0
486,1040,1393,1085,777,545,0
486,1040,1393,1085,776,547,0
486,1040,1393,1085,774,551,0
486,1040,1393,1085,773,554,0
486,1040,1393,1085,771,556,0
486,1040,1393,1085,767,561,0
486,1040,1393,1085,764,564,0
486,1040,1393,1085,762,567,0
486,1040,1393,1085,757,573,0
486,1040,1393,1085,754,577,0
486,1040,1393,1085,751,583,0
486,1040,1393,1085,749,586,0
486,1040,1393,1085,746,588,0
486,1040,1393,1085,744,593,0
486,1040,1393,1085,743,594,0
486,1040,1393,1085,741,598,0
486,1040,1393,1085,741,599,0
486,1040,1393,1085,740,601,0
486,1040,1393,1085,738,604,0
486,1040,1393,1085,737,606,0
486,1040,1393,1085,736,608,0
486,1040,1393,1085,732,614,0
486,1040,1393,1085,729,618,0
486,1040,1393,1085,726,621,0
486,1040,1393,1085,724,624,0
486,1040,1393,1085,720,630,0
486,1040,1393,1085,718,633,0
486,1040,1393,1085,715,638,0
486,1040,1393,1085,714,641,0
486,1040,1393,1085,712,644,0
486,1040,1393,1085,707,650,0
486,1040,1393,1085,704,655,0
486,1040,1393,1085,698,664,0
486,1040,1393,1085,695,667,0
486,1040,1393,1085,692,670,0
486,1040,1393,1085,687,678,0
486,1040,1393,1085,682,682,0
486,1040,1393,1085,679,688,0
486,1040,1393,1085,670,702,0
486,1040,1393,1085,667,710,0
486,1040,1393,1085,660,722,0
486,1040,1393,1085,657,730,0
486,1040,1393,1085,654,735,0
486,1040,1393,1085,649,747,0
486,1040,1393,1085,646,752,0
486,1040,1393,1085,644,758,0
486,1040,1393,1085,640,764,0
486,1040,1393,1085,638,767,0
486,1040,1393,1085,636,769,0
486,1040,1393,1085,634,772,0
486,1040,1393,1085,631,774,0
486,1040,1393,1085,629,776,0
486,1040,1393,1085,626,778,0
486,1040,1393,1085,624,780,0
486,1040,1393,1085,622,781,0
486,1040,1393,1085,619,784,0
486,1040,1393,1085,618,786,0
486,1040,1393,1085,614,789,0
486,1040,1393,1085,611,791,0
486,1040,1393,1085,608,794,0
486,1040,1393,1085,601,800,0
486,1040,1393,1085,598,803,0
486,1040,1393,1085,596,807,0
486,1040,1393,1085,591,813,0
486,1040,1393,1085,589,816,0
486,1040,1393,1085,588,818,0
486,1040,1393,1085,585,823,0
486,1040,1393,1085,584,826,0
486,1040,1393,1085,580,832,0
486,1040,1393,1085,577,836,0
486,1040,1393,1085,574,839,0
486,1040,1393,1085,568,845,0
486,1040,1393,1085,565,848,0
486,1040,1393,1085,560,855,0
486,1040,1393,1085,558,857,0
486,1040,1393,1085,556,860,0
486,1040,1393,1085,553,862,0
486,1040,1393,1085,549,865,0
486,1040,1393,1085,547,867,0
486,1040,1393,1085,544,869,0
486,1040,1393,1085,539,874,0
486,1040,1393,1085,536,876,0
486,1040,1393,1085,529,881,0
486,1040,1393,1085,526,884,0
486,1040,1393,1085,523,887,0
486,1040,1393,1085,515,893,0
486,1040,1393,1085,512,895,0
486,1040,1393,1085,510,897,0
486,1040,1393,1085,506,902,0
486,1040,1393,1085,504,903,0
486,1040,1393,1085,501,908,0
486,1040,1393,1085,499,910,0
486,1040,1393,1085,495,912,0
486,1040,1393,1085,489,917,0
486,1040,1393,1085,486,919,0
486,1040,1393,1085,484,923,0
486,1040,1393,1085,477,929,0
486,1040,1393,1085,475,931,0
486,1040,1393,1085,472,934,0
486,1040,1393,1085,467,941,0
486,1040,1393,1085,464,943,0
486,1040,1393,1085,462,945,0
486,1040,1393,1085,459,949,0
486,1040,1393,1085,457,951,0
486,1040,1393,1085,455,953,0
486,1040,1393,1085,450,957,0
486,1040,1393,1085,447,960,0
486,1040,1393,1085,441,965,0
486,1040,1393,1085,438,967,0
486,1040,1393,1085,436,969,0
486,1040,1393,1085,433,974,0
486,1040,1393,1085,432,975,0
486,1040,1393,1085,431,976,0
486,1040,1393,1085,429,977,0
486,1040,1393,1085,428,978,0
486,1040,1393,1085,426,979,0
486,1040,1393,1085,422,982,0
486,1040,1393,1085,419,983,0
486,1040,1393,1085,414,987,0
486,1040,1393,1085,412,989,0
486,1040,1393,1085,410,991,0
486,1040,1393,1085,407,994,0
486,1040,1393,1085,407,995,0
486,1040,1393,1085,406,996,0
486,1040,1393,1085,405,997,0
486,1040,1393,1085,404,998,0
486,1040,1393,1085,402,999,0
486,1040,1393,1085,401,1000,0
486,1040,1393,1085,399,1002,0
486,1040,1393,1085,395,1005,0
486,1040,1393,1085,393,1007,0
486,1040,1393,1085,390,1009,0
486,1040,1393,1085,387,1012,0
486,1040,1393,1085,384,1014,0
486,1040,1393,1085,383,1015,0
486,1040,1393,1085,382,1016,0
486,1040,1393,1085,382,1016,0
486,1040,1393,1085,382,1016,0
486,1040,1393,1085,381,1017,0
486,1040,1393,1085,380,1018,0
486,1040,1393,1085,379,1019,0
486,1040,1393,1085,375,1023,0
486,1040,1393,1085,374,1024,0
486,1040,1393,1085,372,1026,0
486,1040,1393,1085,371,1027,0
486,1040,1393,1085,370,1028,0
486,1040,1393,1085,368,1030,0
486,1040,1393,1085,366,1031,0
486,1040,1393,1085,364,1033,0
486,1040,1393,1085,359,1037,0
486,1040,1393,1085,358,1039,0
486,1040,1393,1085,357,1040,0
486,1040,1393,1085,356,1041,0
486,1040,1393,1085,356,1041,0
486,1040,1393,1085,355,1041,0
486,1040,1393,1085,354,1042,0
486,1040,1393,1085,353,1043,0
486,1040,1393,1085,351,1045,0
486,1040,1393,1085,348,1047,0
486,1040,1393,1085,346,1049,0
486,1040,1393,1085,345,1049,0
486,1040,1393,1085,344,1050,0
486,1040,1393,1085,344,1050,0
486,1040,1393,1085,343,1050,0
486,1040,1393,1085,342,1051,0
486,1040,1393,1085,341,1052,0
486,1040,1393,1085,337,1054,0
486,1040,1393,1085,335,1055,0
486,1040,1393,1085,333,1056,0
486,1040,1393,1085,330,1056,0
486,1040,1393,1085,328,1056,0
486,1040,1393,1085,328,1057,0
486,1040,1393,1085,326,1057,0
486,1040,1393,1085,326,1057,0
486,1040,1393,1085,326,1057,0
486,1040,1393,1085,326,1057,0
486,1040,1393,1085,326,1057,0
486,1040,1393,1085,326,1058,0
486,1040,1393,1085,325,1058,0
486,1040,1393,1085,324,1059,0
486,1040,1393,1085,323,1060,0
486,1040,1393,1085,320,1062,0
486,1040,1393,1085,318,1062,0
486,1040,1393,1085,316,1064,0
486,1040,1393,1085,314,1065,0
486,1040,1393,1085,313,1066,0
486,1040,1393,1085,311,1067,0
486,1040,1393,1085,310,1068,0
486,1040,1393,1085,309,1068,0
486,1040,1393,1085,309,1068,0
486,1040,1393,1085,309,1068,0
486,1040,1393,1085,309,1068,0
486,1040,1393,1085,309,1068,0
486,1040,1393,1085,309,1068,0
486,1040,1393,1085,309,1068,0
486,1040,1393,1085,309,1069,0
486,1040,1393,1085,309,1069,0
486,1040,1393,1085,309,1069,0
486,1040,1393,1085,309,1070,0
486,1040,1393,1085,309,1070,0
486,1040,1393,1085,308,1070,0
486,1040,1393,1085,308,1070,0
486,1040,1393,1085,308,1070,0
486,1040,1393,1085,308,1070,0
486,1040,1393,1085,308,1071,0
486,1040,1393,1085,308,1071,0
486,1040,1393,1085,308,1071,1
486,1040,1393,1085,308,1071,1
486,1040,1393,1085,308,1071,1
486,1040,1393,1085,308,1071,1
486,1040,1393,1085,308,1071,1
486,1040,1393,1085,308,1071,1
486,1040,1393,1085,308,1072,1
486,1040,1393,1085,308,1072,1
486,1040,1393,1085,308,1072,1
486,1040,1393,1085,308,1072,1
486,1040,1393,1085,308,1072,1
486,1040,1393,1085,308,1072,1
486,1040,1393,1085,308,1072,1
486,1040,1393,1085,308,1072,1
486,1040,1393,1085,308,1072,1
486,1040,1393,1085,308,1072,1
486,1040,1393,1085,308,1072,1
486,1040,1393,1085,314,1073,1
486,1040,1393,1085,318,1073,1
486,1040,1393,1085,325,1073,1
486,1040,1393,1085,336,1073,1
486,1040,1393,1085,343,1073,1
486,1040,1393,1085,349,1073,1
486,1040,1393,1085,361,1071,1
486,1040,1393,1085,366,1071,1
486,1040,1393,1085,372,1070,1
486,1040,1393,1085,375,1070,1
486,1040,1393,1085,378,1070,1
486,1040,1393,1085,382,1069,1
486,1040,1393,1085,384,1070,1
486,1040,1393,1085,387,1070,1
486,1040,1393,1085,396,1072,1
486,1040,1393,1085,400,1073,1
486,1040,1393,1085,410,1074,1
486,1040,1393,1085,414,1074,1
486,1040,1393,1085,418,1074,1
486,1040,1393,1085,424,1074,1
486,1040,1393,1085,426,1074,1
486,1040,1393,1085,426,1074,1
486,1040,1393,1085,426,1074,1
486,1040,1393,1085,426,1074,1
486,1040,1393,1085,427,1073,1
486,1040,1393,1085,431,1073,1
486,1040,1393,1085,434,1072,1
486,1040,1393,1085,438,1072,1
486,1040,1393,1085,446,1071,1
486,1040,1393,1085,450,1070,1
486,1040,1393,1085,454,1070,1
486,1040,1393,1085,462,1070,1
486,1040,1393,1085,466,1070,1
486,1040,1393,1085,475,1067,1
486,1040,1393,1085,479,1065,1
486,1040,1393,1085,482,1064,1
486,1040,1393,1085,489,1062,1
486,1040,1393,1085,491,1062,1
486,1040,1393,1085,494,1061,1
486,1040,1393,1085,499,1061,1
486,1040,1393,1085,503,1061,1
486,1040,1393,1085,506,1060,1
486,1040,1393,1085,512,1059,1
486,1040,1393,1085,515,1059,1
486,1040,1393,1085,522,1059,1
486,1040,1393,1085,526,1059,1
486,1040,1393,1085,531,1059,1
486,1040,1393,1085,538,1058,1
486,1040,1393,1085,541,1058,1
486,1040,1393,1085,544,1058,1
486,1040,1393,1085,552,1058,1
486,1040,1393,1085,556,1058,1
486,1040,1393,1085,560,1058,1
486,1040,1393,1085,569,1057,1
486,1040,1393,1085,572,1056,1
486,1040,1393,1085,576,1055,1
486,1040,1393,1085,582,1054,1
486,1040,1393,1085,586,1053,1
486,1040,1393,1085,589,1052,1
486,1040,1393,1085,596,1051,1
486,1040,1393,1085,600,1051,1
486,1040,1393,1085,605,1051,1
486,1040,1393,1085,614,1051,1
486,1040,1393,1085,618,1051,1
486,1040,1393,1085,629,1051,1
486,1040,1393,1085,633,1051,1
486,1040,1393,1085,638,1051,1
486,1040,1393,1085,647,1051,1
486,1040,1393,1085,650,1051,1
486,1040,1393,1085,653,1051,1
486,1040,1393,1085,659,1051,1
486,1040,1393,1085,662,1050,1
486,1040,1393,1085,666,1050,1
486,1040,1393,1085,669,1051,1
486,1040,1393,1085,673,1051,1
486,1040,1393,1085,683,1051,1
486,1040,1393,1085,687,1051,1
486,1040,1393,1085,693,1051,1
486,1040,1393,1085,706,1051,1
486,1040,1393,1085,712,1051,1
486,1040,1393,1085,719,1051,1
486,1040,1393,1085,730,1051,1
486,1040,1393,1085,735,1051,1
486,1040,1393,1085,738,1052,1
486,1040,1393,1085,747,1052,1
486,1040,1393,1085,752,1052,1
486,1040,1393,1085,760,1053,1
486,1040,1393,1085,765,1053,1
486,1040,1393,1085,769,1053,1
486,1040,1393,1085,778,1055,1
486,1040,1393,1085,782,1055,1
486,1040,1393,1085,786,1056,1
486,1040,1393,1085,796,1060,1
486,1040,1393,1085,801,1061,1
486,1040,1393,1085,807,1062,1
486,1040,1393,1085,816,1062,1
486,1040,1393,1085,827,1063,1
486,1040,1393,1085,829,1064,1
486,1040,1393,1085,835,1065,1
486,1040,1393,1085,838,1065,1
486,1040,1393,1085,842,1066,1
486,1040,1393,1085,850,1068,1
486,1040,1393,1085,853,1069,1
486,1040,1393,1085,860,1071,1
486,1040,1393,1085,863,1072,1
486,1040,1393,1085,866,1072,1
486,1040,1393,1085,868,1073,1
486,1040,1393,1085,872,1074,1
486,1040,1393,1085,875,1075,1
486,1040,1393,1085,879,1076,1
486,1040,1393,1085,886,1078,1
486,1040,1393,1085,889,1079,1
486,1040,1393,1085,896,1080,1
486,1040,1393,1085,900,1081,1
486,1040,1393,1085,904,1082,1
486,1040,1393,1085,915,1084,1
486,1040,1393,1085,920,1086,1
486,1040,1393,1085,929,1087,1
486,1040,1393,1085,934,1088,1
486,1040,1393,1085,938,1089,1
486,1040,1393,1085,948,1090,1
486,1040,1393,1085,953,1091,1
486,1040,1393,1085,959,1092,1
486,1040,1393,1085,971,1093,1
486,1040,1393,1085,977,1095,1
486,1040,1393,1085,987,1097,1
486,1040,1393,1085,993,1098,1
486,1040,1393,1085,999,1099,1
486,1040,1393,1085,1013,1101,1
486,1040,1393,1085,1020,1101,1
486,1040,1393,1085,1027,1101,1
486,1040,1393,1085,1035,1101,1
486,1040,1393,1085,1053,1101,1
486,1040,1393,1085,1061,1102,1
486,1040,1393,1085,1077,1105,1
486,1040,1393,1085,1085,1106,1
486,1040,1393,1085,1093,1107,1
486,1040,1393,1085,1111,1110,1
486,1040,1393,1085,1119,1111,1
486,1040,1393,1085,1127,1113,1
486,1040,1393,1085,1144,1114,1
486,1040,1393,1085,1151,1116,1
486,1040,1393,1085,1160,1117,1
486,1040,1393,1085,1174,1118,1
486,1040,1393,1085,1180,1120,1
486,1040,1393,1085,1193,1121,1
486,1040,1393,1085,1198,1121,1
486,1040,1393,1085,1202,1121,1
486,1040,1393,1085,1209,1121,1
486,1040,1393,1085,1212,1121,1
486,1040,1393,1085,1215,1121,1
486,1040,1393,1085,1221,1122,1
486,1040,1393,1085,1224,1122,1
486,1040,1393,1085,1227,1123,1
486,1040,1393,1085,1233,1123,1
486,1040,1393,1085,1236,1123,1
486,1040,1393,1085,1240,1123,1
486,1040,1393,1085,1250,1124,1
486,1040,1393,1085,1255,1124,1
486,1040,1393,1085,1262,1124,1
486,1040,1393,1085,1272,1124,1
486,1040,1393,1085,1278,1124,1
486,1040,1393,1085,1287,1125,1
486,1040,1393,1085,1291,1125,1
486,1040,1393,1085,1295,1125,1
486,1040,1393,1085,1301,1128,1
486,1040,1393,1085,1305,1128,1
486,1040,1393,1085,1308,1128,1
486,1040,1393,1085,1316,1129,1
486,1040,1393,1085,1319,1129,1
486,1040,1393,1085,1323,1129,1
486,1040,1393,1085,1330,1129,1
486,1040,1393,1085,1334,1129,1
486,1040,1393,1085,1341,1130,1
486,1040,1393,1085,1344,1131,1
486,1040,1393,1085,1347,1131,1
486,1040,1393,1085,1350,1132,1
486,1040,1393,1085,1351,1132,1
486,1040,1393,1085,1353,1133,1
486,1040,1393,1085,1354,1133,1
486,1040,1393,1085,1356,1134,1
486,1040,1393,1085,1358,1134,1
486,1040,1393,1085,1364,1136,1
486,1040,1393,1085,1368,1136,1
486,1040,1393,1085,1372,1136,1
486,1040,1393,1085,1380,1137,1
486,1040,1393,1085,1383,1137,1
486,1040,1393,1085,1388,1137,1
486,1040,1393,1085,1391,1137,1
486,1040,1393,1085,1393,1138,1
486,1040,1393,1085,1399,1138,1
486,1040,1393,1085,1403,1139,1
486,1040,1393,1085,1406,1139,1
486,1040,1393,1085,1412,1140,1
486,1040,1393,1085,1415,1140,1
486,1040,1393,1085,1420,1140,1
486,1040,1393,1085,1422,1140,1
486,1040,1393,1085,1426,1141,1
486,1040,1393,1085,1435,1142,1
486,1040,1393,1085,1440,1143,1
486,1040,1393,1085,1446,1143,1
486,1040,1393,1085,1456,1143,1
486,1040,1393,1085,1459,1142,1
486,1040,1393,1085,1465,1141,1
486,1040,1393,1085,1467,1141,1
486,1040,1393,1085,1467,1141,1
486,1040,1393,1085,1467,1141,1
486,1040,1393,1085,1467,1141,1
486,1040,1393,1085,1467,1141,1
486,1040,1393,1085,1468,1141,1
486,1040,1393,1085,1472,1141,1
486,1040,1393,1085,1476,1141,1
486,1040,1393,1085,1482,1140,1
486,1040,1393,1085,1484,1140,1
486,1040,1393,1085,1486,1139,1
486,1040,1393,1085,1486,1139,1
486,1040,1393,1085,1486,1139,1
486,1040,1393,1085,1486,1139,1
486,1040,1393,1085,1486,1139,1
486,1040,1393,1085,1486,1139,1
486,1040,1393,1085,1486,1139,1
486,1040,1393,1085,1487,1139,1
486,1040,1393,1085,1488,1138,1
486,1040,1393,1085,1489,1138,1
486,1040,1393,1085,1489,1138,1
486,1040,1393,1085,1489,1138,1
486,1040,1393,1085,1489,1138,1
486,1040,1393,1085,1489,1138,1
486,1040,1393,1085,1489,1138,1
486,1040,1393,1085,1490,1138,1
486,1040,1393,1085,1491,1137,1
486,1040,1393,1085,1493,1137,1
486,1040,1393,1085,1493,1136,1
486,1040,1393,1085,1494,1136,1
486,1040,1393,1085,1494,1136,1
486,1040,1393,1085,1495,1136,1
486,1040,1393,1085,1496,1135,1
486,1040,1393,1085,1497,1135,1
486,1040,1393,1085,1498,1134,1
486,1040,1393,1085,1498,1133,1
486,1040,1393,1085,1499,1133,1
486,1040,1393,1085,1499,1132,1
486,1040,1393,1085,1500,1131,1
486,1040,1393,1085,1500,1131,1
486,1040,1393,1085,1501,1130,1
486,1040,1393,1085,1502,1129,1
486,1040,1393,1085,1503,1129,1
486,1040,1393,1085,1503,1129,1
486,1040,1393,1085,1504,1128,1
486,1040,1393,1085,1504,1128,1
486,1040,1393,1085,1504,1128,1
486,1040,1393,1085,1503,1128,1
486,1040,1393,1085,1503,1128,1
486,1040,1393,1085,1503,1128,1
486,1040,1393,1085,1503,1128,1
486,1040,1393,1085,1503,1128,0
486,1040,1393,1085,1503,1128,0
486,1040,1393,1085,1503,1128,0
486,1040,1393,1085,1503,1128,0
486,1040,1393,1085,1503,1128,0
486,1040,1393,1085,1503,1128,0
486,1040,1393,1085,1503,1128,0
486,1040,1393,1085,1503,1128,0
486,1040,1393,1085,1503,1128,0
486,1040,1393,1085,1503,1128,0
486,1040,1393,1085,1503,1128,0
486,1040,1393,1085,1503,1128,0
486,1040,1393,1085,1503,1128,0
486,1040,1393,1085,1503,1128,0
486,1040,1393,1085,1503,1128,0
486,1040,1393,1085,1503,1128,0
486,1040,1393,1085,1503,1128,0
486,1040,1393,1085,1503,1128,0
486,1040,1393,1085,1502,1127,0
486,1040,1393,1085,1501,1127,0
486,1040,1393,1085,1500,1127,0
486,1040,1393,1085,1499,1125,0
486,1040,1393,1085,1498,1124,0
486,1040,1393,1085,1496,1122,0
486,1040,1393,1085,1494,1119,0
486,1040,1393,1085,1491,1117,0
486,1040,1393,1085,1485,1112,0
486,1040,1393,1085,1481,1109,0
486,1040,1393,1085,1478,1107,0
486,1040,1393,1085,1473,1103,0
486,1040,1393,1085,1472,1101,0
486,1040,1393,1085,1471,1100,0
486,1040,1393,1085,1468,1098,0
486,1040,1393,1085,1466,1096,0
486,1040,1393,1085,1464,1094,0
486,1040,1393,1085,1459,1088,0
486,1040,1393,1085,1456,1084,0
486,1040,1393,1085,1452,1078,0
486,1040,1393,1085,1449,1075,0
486,1040,1393,1085,1448,1072,0
486,1040,1393,1085,1444,1067,0
486,1040,1393,1085,1442,1064,0
486,1040,1393,1085,1440,1060,0
486,1040,1393,1085,1436,1054,0
486,1040,1393,1085,1433,1050,0
486,1040,1393,1085,1430,1046,0
486,1040,1393,1085,1425,1035,0
486,1040,1393,1085,1420,1029,0
486,1040,1393,1085,1414,1018,0
486,1040,1393,1085,1412,1012,0
486,1040,1393,1085,1411,1007,0
486,1040,1393,1085,1407,995,0
486,1040,1393,1085,1406,990,0
486,1040,1393,1085,1406,987,0
486,1040,1393,1085,1405,978,0
486,1040,1393,1085,1405,973,0
486,1040,1393,1085,1404,969,0
486,1040,1393,1085,1403,958,0
486,1040,1393,1085,1401,952,0
486,1040,1393,1085,1400,946,0
486,1040,1393,1085,1394,931,0
486,1040,1393,1085,1390,924,0
486,1040,1393,1085,1385,915,0
486,1040,1393,1085,1372,898,0
486,1040,1393,1085,1364,887,0
486,1040,1393,1085,1355,877,0
486,1040,1393,1085,1339,856,0
486,1040,1393,1085,1331,846,0
486,1040,1393,1085,1322,829,0
486,1040,1393,1085,1317,821,0
486,1040,1393,1085,1314,813,0
486,1040,1393,1085,1304,795,0
486,1040,1393,1085,1299,787,0
486,1040,1393,1085,1293,778,0
486,1040,1393,1085,1284,763,0
486,1040,1393,1085,1279,757,0
486,1040,1393,1085,1275,751,0
486,1040,1393,1085,1267,741,0
486,1040,1393,1085,1263,736,0
486,1040,1393,1085,1257,732,0
486,1040,1393,1085,1249,722,0
486,1040,1393,1085,1244,717,0
486,1040,1393,1085,1239,713,0
486,1040,1393,1085,1233,706,0
486,1040,1393,1085,1229,702,0
486,1040,1393,1085,1224,695,0
486,1040,1393,1085,1222,692,0
486,1040,1393,1085,1220,688,0
486,1040,1393,1085,1215,679,0
486,1040,1393,1085,1212,674,0
486,1040,1393,1085,1208,670,0
486,1040,1393,1085,1204,663,0
486,1040,1393,1085,1201,660,0
486,1040,1393,1085,1199,653,0
486,1040,1393,1085,1198,651,0
486,1040,1393,1085,1197,648,0
486,1040,1393,1085,1195,641,0
486,1040,1393,1085,1194,637,0
486,1040,1393,1085,1194,634,0
486,1040,1393,1085,1195,627,0
486,1040,1393,1085,1195,624,0
486,1040,1393,1085,1195,620,0
486,1040,1393,1085,1195,614,0
486,1040,1393,1085,1195,611,0
486,1040,1393,1085,1193,604,0
486,1040,1393,1085,1192,600,0
486,1040,1393,1085,1191,596,0
486,1040,1393,1085,1190,592,0
486,1040,1393,1085,1189,585,0
486,1040,1393,1085,1188,583,0
486,1040,1393,1085,1187,574,0
486,1040,1393,1085,1185,570,0
486,1040,1393,1085,1183,565,0
486,1040,1393,1085,1178,557,0
486,1040,1393,1085,1176,552,0
486,1040,1393,1085,1174,549,0
486,1040,1393,1085,1171,543,0
486,1040,1393,1085,1169,540,0
486,1040,1393,1085,1167,537,0
486,1040,1393,1085,1165,532,0
486,1040,1393,1085,1164,530,0
486,1040,1393,1085,1161,523,0
486,1040,1393,1085,1159,520,0
486,1040,1393,1085,1158,517,0
486,1040,1393,1085,1154,510,0
486,1040,1393,1085,1151,507,0
486,1040,1393,1085,1149,503,0
486,1040,1393,1085,1144,497,0
486,1040,1393,1085,1141,495,0
486,1040,1393,1085,1140,493,0
486,1040,1393,1085,1138,489,0
486,1040,1393,1085,1135,486,0
486,1040,1393,1085,1134,482,0
486,1040,1393,1085,1133,479,0
486,1040,1393,1085,1128,472,0
486,1040,1393,1085,1126,469,0
486,1040,1393,1085,1121,463,0
486,1040,1393,1085,1118,460,0
486,1040,1393,1085,1116,458,0
486,1040,1393,1085,1111,452,0
486,1040,1393,1085,1110,450,0
486,1040,1393,1085,1107,448,0
486,1040,1393,1085,1102,441,0
486,1040,1393,1085,1099,438,0
486,1040,1393,1085,1095,434,0
486,1040,1393,1085,1091,429,0
486,1040,1393,1085,1089,427,0
486,1040,1393,1085,1087,423,0
486,1040,1393,1085,1086,422,0
486,1040,1393,1085,1085,420,0
486,1040,1393,1085,1082,417,0
486,1040,1393,1085,1081,415,0
486,1040,1393,1085,1080,413,0
486,1040,1393,1085,1078,411,0
486,1040,1393,1085,1078,410,0
486,1040,1393,1085,1077,407,0
486,1040,1393,1085,1076,406,0
486,1040,1393,1085,1075,404,0
486,1040,1393,1085,1074,403,0
486,1040,1393,1085,1072,400,0
486,1040,1393,1085,1072,399,0
486,1040,1393,1085,1072,398,0
486,1040,1393,1085,1071,398,0
486,1040,1393,1085,1071,397,0
486,1040,1393,1085,1071,396,0
486,1040,1393,1085,1070,395,0
486,1040,1393,1085,1070,394,0
486,1040,1393,1085,1069,392,0
486,1040,1393,1085,1068,391,0
486,1040,1393,1085,1068,390,0
486,1040,1393,1085,1068,389,0
486,1040,1393,1085,1068,388,0
486,1040,1393,1085,1068,388,0
486,1040,1393,1085,1068,386,0
486,1040,1393,1085,1068,385,0
486,1040,1393,1085,1068,382,0
486,1040,1393,1085,1068,382,0
486,1040,1393,1085,1068,381,0
486,1040,1393,1085,1068,381,0
486,1040,1393,1085,1068,381,0
