486,1040,1393,1085,870,374,0
486,1040,1393,1085,870,374,0
486,1040,1393,1085,870,374,0
486,1040,1393,1085,870,374,0
486,1040,1393,1085,870,374,0
486,1040,1393,1085,870,374,0
486,1040,1393,1085,870,374,0
486,1040,1393,1085,870,374,0
486,1040,1393,1085,870,374,0
486,1040,1393,1085,870,375,0
486,1040,1393,1085,870,375,0
486,1040,1393,1085,870,375,0
486,1040,1393,1085,870,375,0
486,1040,1393,1085,870,375,0
486,1040,1393,1085,870,375,0
486,1040,1393,1085,870,375,0
486,1040,1393,1085,870,375,0
486,1040,1393,1085,870,375,0
486,1040,1393,1085,870,375,0
486,1040,1393,1085,870,375,0
486,1040,1393,1085,870,375,0
486,1040,1393,1085,870,375,0
486,1040,1393,1085,870,375,0
486,1040,1393,1085,870,375,0
486,1040,1393,1085,869,376,0
486,1040,1393,1085,867,377,0
486,1040,1393,1085,864,379,0
486,1040,1393,1085,862,381,0
486,1040,1393,1085,860,382,0
486,1040,1393,1085,857,387,0
486,1040,1393,1085,856,389,0
486,1040,1393,1085,855,390,0
486,1040,1393,1085,853,394,0
486,1040,1393,1085,852,395,0
486,1040,1393,1085,851,397,0
486,1040,1393,1085,849,401,0
486,1040,1393,1085,848,403,0
486,1040,1393,1085,846,407,0
486,1040,1393,1085,845,408,0
486,1040,1393,1085,843,410,0
486,1040,1393,1085,842,413,0
486,1040,1393,1085,841,415,0
486,1040,1393,1085,839,417,0
486,1040,1393,1085,837,420,0
486,1040,1393,1085,837,422,0
486,1040,1393,1085,836,423,0
486,1040,1393,1085,835,425,0
486,1040,1393,1085,835,427,0
486,1040,1393,1085,834,428,0
486,1040,1393,1085,832,431,0
486,1040,1393,1085,831,433,0
486,1040,1393,1085,829,435,0
486,1040,1393,1085,826,439,0
486,1040,1393,1085,824,442,0
486,1040,1393,1085,822,447,0
486,1040,1393,1085,821,449,0
486,1040,1393,1085,820,452,0
486,1040,1393,1085,818,456,0
486,1040,1393,1085,817,458,0
486,1040,1393,1085,816,460,0
486,1040,1393,1085,813,463,0
486,1040,1393,1085,812,465,0
486,1040,1393,1085,808,470,0
486,1040,1393,1085,806,473,0
486,1040,1393,1085,804,476,0
486,1040,1393,1085,800,482,0
486,1040,1393,1085,798,485,0
486,1040,1393,1085,796,488,0
486,1040,1393,1085,794,491,0
486,1040,1393,1085,790,497,0
486,1040,1393,1085,788,500,0
486,1040,1393,1085,785,506,0
486,1040,1393,1085,784,509,0
486,1040,1393,1085,782,511,0
486,1040,1393,1085,780,514,0
486,1040,1393,1085,779,516,0
486,1040,1393,1085,777,520,0
486,1040,1393,1085,775,522,0
486,1040,1393,1085,774,524,0
486,1040,1393,1085,771,528,0
486,1040,1393,1085,770,530,0
486,1040,1393,1085,769,532,0
486,1040,1393,1085,767,536,0
486,1040,1393,1085,766,539,0
486,1040,1393,1085,764,544,0
486,1040,1393,1085,763,546,0
486,1040,1393,1085,763,548,0
486,1040,1393,1085,762,552,0
486,1040,1393,1085,760,554,0
486,1040,1393,1085,759,556,0
486,1040,1393,1085,757,561,0
486,1040,1393,1085,756,564,0
486,1040,1393,1085,755,568,0
486,1040,1393,1085,754,571,0
486,1040,1393,1085,753,574,0
486,1040,1393,1085,753,577,0
486,1040,1393,1085,752,582,0
486,1040,1393,1085,752,584,0
486,1040,1393,1085,751,586,0
486,1040,1393,1085,750,591,0
486,1040,1393,1085,750,593,0
486,1040,1393,1085,750,595,0
486,1040,1393,1085,749,600,0
486,1040,1393,1085,749,602,0
486,1040,1393,1085,749,607,0
486,1040,1393,1085,749,609,0
486,1040,1393,1085,749,611,0
486,1040,1393,1085,748,615,0
486,1040,1393,1085,748,617,0
486,1040,1393,1085,747,619,0
486,1040,1393,1085,746,623,0
486,1040,1393,1085,745,625,0
486,1040,1393,1085,744,628,0
486,1040,1393,1085,742,632,0
486,1040,1393,1085,741,635,0
486,1040,1393,1085,740,638,0
486,1040,1393,1085,740,640,0
486,1040,1393,1085,740,641,0
486,1040,1393,1085,738,645,0
486,1040,1393,1085,736,647,0
486,1040,1393,1085,735,649,0
486,1040,1393,1085,733,651,0
486,1040,1393,1085,731,656,0
486,1040,1393,1085,730,658,0
486,1040,1393,1085,727,663,0
486,1040,1393,1085,726,665,0
486,1040,1393,1085,726,667,0
486,1040,1393,1085,724,671,0
486,1040,1393,1085,724,674,0
486,1040,1393,1085,723,676,0
486,1040,1393,1085,722,679,0
486,1040,1393,1085,722,681,0
486,1040,1393,1085,721,683,0
486,1040,1393,1085,719,687,0
486,1040,1393,1085,719,689,0
486,1040,1393,1085,718,691,0
486,1040,1393,1085,717,695,0
486,1040,1393,1085,717,698,0
486,1040,1393,1085,716,703,0
486,1040,1393,1085,716,705,0
486,1040,1393,1085,715,708,0
486,1040,1393,1085,714,714,0
486,1040,1393,1085,713,717,0
486,1040,1393,1085,712,721,0
486,1040,1393,1085,709,728,0
486,1040,1393,1085,707,732,0
486,1040,1393,1085,705,735,0
486,1040,1393,1085,701,743,0
486,1040,1393,1085,700,747,0
486,1040,1393,1085,698,754,0
486,1040,1393,1085,697,757,0
486,1040,1393,1085,697,760,0
486,1040,1393,1085,696,763,0
486,1040,1393,1085,694,767,0
486,1040,1393,1085,693,770,0
486,1040,1393,1085,692,772,0
486,1040,1393,1085,690,778,0
486,1040,1393,1085,689,782,0
486,1040,1393,1085,687,788,0
486,1040,1393,1085,685,791,0
486,1040,1393,1085,684,793,0
486,1040,1393,1085,683,798,0
486,1040,1393,1085,682,800,0
486,1040,1393,1085,681,802,0
486,1040,1393,1085,680,806,0
486,1040,1393,1085,679,808,0
486,1040,1393,1085,678,812,0
486,1040,1393,1085,677,815,0
486,1040,1393,1085,675,817,0
486,1040,1393,1085,673,821,0
486,1040,1393,1085,672,823,0
486,1040,1393,1085,671,825,0
486,1040,1393,1085,669,828,0
486,1040,1393,1085,668,830,0
486,1040,1393,1085,668,831,0
486,1040,1393,1085,667,834,0
486,1040,1393,1085,666,834,0
486,1040,1393,1085,665,837,0
486,1040,1393,1085,665,839,0
486,1040,1393,1085,664,840,0
486,1040,1393,1085,663,841,0
486,1040,1393,1085,661,844,0
486,1040,1393,1085,661,845,0
486,1040,1393,1085,659,847,0
486,1040,1393,1085,659,848,0
486,1040,1393,1085,659,849,0
486,1040,1393,1085,658,850,0
486,1040,1393,1085,657,851,0
486,1040,1393,1085,657,852,0
486,1040,1393,1085,655,854,0
486,1040,1393,1085,655,856,0
486,1040,1393,1085,655,857,0
486,1040,1393,1085,654,858,0
486,1040,1393,1085,654,859,0
486,1040,1393,1085,654,859,0
486,1040,1393,1085,654,860,0
486,1040,1393,1085,653,860,0
486,1040,1393,1085,652,862,0
486,1040,1393,1085,651,864,0
486,1040,1393,1085,651,865,0
486,1040,1393,1085,649,867,0
486,1040,1393,1085,649,868,0
486,1040,1393,1085,649,869,0
486,1040,1393,1085,649,871,0
486,1040,1393,1085,649,872,0
486,1040,1393,1085,648,873,0
486,1040,1393,1085,648,873,0
486,1040,1393,1085,648,874,0
486,1040,1393,1085,647,874,0
486,1040,1393,1085,647,875,0
486,1040,1393,1085,647,876,0
486,1040,1393,1085,647,876,0
486,1040,1393,1085,646,877,0
486,1040,1393,1085,646,878,0
486,1040,1393,1085,646,878,0
486,1040,1393,1085,646,878,0
486,1040,1393,1085,646,878,0
486,1040,1393,1085,646,879,0
486,1040,1393,1085,646,879,0
486,1040,1393,1085,646,879,0
486,1040,1393,1085,646,879,0
486,1040,1393,1085,646,879,0
486,1040,1393,1085,646,879,0
486,1040,1393,1085,646,879,1
486,1040,1393,1085,646,879,1
486,1040,1393,1085,646,879,1
486,1040,1393,1085,646,880,1
486,1040,1393,1085,646,882,1
486,1040,1393,1085,646,883,1
486,1040,1393,1085,646,883,1
486,1040,1393,1085,646,883,1
486,1040,1393,1085,646,883,1
486,1040,1393,1085,646,883,1
486,1040,1393,1085,646,883,1
486,1040,1393,1085,646,883,1
486,1040,1393,1085,646,883,1
486,1040,1393,1085,646,883,1
486,1040,1393,1085,646,883,1
486,1040,1393,1085,646,883,1
486,1040,1393,1085,646,883,1
486,1040,1393,1085,646,883,1
486,1040,1393,1085,646,883,1
486,1040,1393,1085,646,883,1
486,1040,1393,1085,647,883,1
486,1040,1393,1085,647,883,1
486,1040,1393,1085,648,883,1
486,1040,1393,1085,648,884,1
486,1040,1393,1085,648,884,1
486,1040,1393,1085,648,884,1
486,1040,1393,1085,649,884,1
486,1040,1393,1085,651,884,1
486,1040,1393,1085,652,885,1
486,1040,1393,1085,657,886,1
486,1040,1393,1085,660,886,1
486,1040,1393,1085,663,886,1
486,1040,1393,1085,668,886,1
486,1040,1393,1085,670,886,1
486,1040,1393,1085,671,886,1
486,1040,1393,1085,672,886,1
486,1040,1393,1085,672,886,1
486,1040,1393,1085,672,886,1
486,1040,1393,1085,672,886,1
486,1040,1393,1085,672,886,1
486,1040,1393,1085,672,886,1
486,1040,1393,1085,673,886,1
486,1040,1393,1085,674,886,1
486,1040,1393,1085,677,887,1
486,1040,1393,1085,679,887,1
486,1040,1393,1085,682,887,1
486,1040,1393,1085,687,888,1
486,1040,1393,1085,690,888,1
486,1040,1393,1085,696,888,1
486,1040,1393,1085,698,888,1
486,1040,1393,1085,700,888,1
486,1040,1393,1085,704,889,1
486,1040,1393,1085,706,889,1
486,1040,1393,1085,708,890,1
486,1040,1393,1085,710,890,1
486,1040,1393,1085,714,890,1
486,1040,1393,1085,716,891,1
486,1040,1393,1085,718,891,1
486,1040,1393,1085,723,892,1
486,1040,1393,1085,727,892,1
486,1040,1393,1085,732,893,1
486,1040,1393,1085,735,894,1
486,1040,1393,1085,738,894,1
486,1040,1393,1085,743,895,1
486,1040,1393,1085,745,896,1
486,1040,1393,1085,746,896,1
486,1040,1393,1085,749,897,1
486,1040,1393,1085,750,898,1
486,1040,1393,1085,752,898,1
486,1040,1393,1085,754,899,1
486,1040,1393,1085,755,899,1
486,1040,1393,1085,757,899,1
486,1040,1393,1085,758,900,1
486,1040,1393,1085,760,900,1
486,1040,1393,1085,764,902,1
486,1040,1393,1085,766,903,1
486,1040,1393,1085,769,903,1
486,1040,1393,1085,773,904,1
486,1040,1393,1085,775,905,1
486,1040,1393,1085,777,906,1
486,1040,1393,1085,781,906,1
486,1040,1393,1085,782,907,1
486,1040,1393,1085,783,907,1
486,1040,1393,1085,786,908,1
486,1040,1393,1085,787,908,1
486,1040,1393,1085,789,908,1
486,1040,1393,1085,793,909,1
486,1040,1393,1085,795,910,1
486,1040,1393,1085,801,912,1
486,1040,1393,1085,804,912,1
486,1040,1393,1085,808,913,1
486,1040,1393,1085,815,915,1
486,1040,1393,1085,819,916,1
486,1040,1393,1085,824,918,1
486,1040,1393,1085,833,919,1
486,1040,1393,1085,837,920,1
486,1040,1393,1085,841,921,1
486,1040,1393,1085,850,922,1
486,1040,1393,1085,854,923,1
486,1040,1393,1085,867,924,1
486,1040,1393,1085,870,925,1
486,1040,1393,1085,874,925,1
486,1040,1393,1085,881,926,1
486,1040,1393,1085,884,928,1
486,1040,1393,1085,887,928,1
486,1040,1393,1085,893,929,1
486,1040,1393,1085,896,929,1
486,1040,1393,1085,899,929,1
486,1040,1393,1085,905,930,1
486,1040,1393,1085,907,930,1
486,1040,1393,1085,910,930,1
486,1040,1393,1085,916,930,1
486,1040,1393,1085,918,930,1
486,1040,1393,1085,920,931,1
486,1040,1393,1085,924,931,1
486,1040,1393,1085,927,931,1
486,1040,1393,1085,931,931,1
486,1040,1393,1085,937,932,1
486,1040,1393,1085,939,932,1
486,1040,1393,1085,943,933,1
486,1040,1393,1085,946,934,1
486,1040,1393,1085,948,934,1
486,1040,1393,1085,952,936,1
486,1040,1393,1085,954,936,1
486,1040,1393,1085,957,937,1
486,1040,1393,1085,961,938,1
486,1040,1393,1085,963,939,1
486,1040,1393,1085,967,940,1
486,1040,1393,1085,974,942,1
486,1040,1393,1085,978,942,1
486,1040,1393,1085,982,943,1
486,1040,1393,1085,989,944,1
486,1040,1393,1085,992,944,1
486,1040,1393,1085,995,945,1
486,1040,1393,1085,999,946,1
486,1040,1393,1085,1002,946,1
486,1040,1393,1085,1007,947,1
486,1040,1393,1085,1010,948,1
486,1040,1393,1085,1014,948,1
486,1040,1393,1085,1023,950,1
486,1040,1393,1085,1028,950,1
486,1040,1393,1085,1038,951,1
486,1040,1393,1085,1043,951,1
486,1040,1393,1085,1048,952,1
486,1040,1393,1085,1052,952,1
486,1040,1393,1085,1058,952,1
486,1040,1393,1085,1062,952,1
486,1040,1393,1085,1069,954,1
486,1040,1393,1085,1075,954,1
486,1040,1393,1085,1080,956,1
486,1040,1393,1085,1085,957,1
486,1040,1393,1085,1098,960,1
486,1040,1393,1085,1104,961,1
486,1040,1393,1085,1116,963,1
486,1040,1393,1085,1121,964,1
486,1040,1393,1085,1131,965,1
486,1040,1393,1085,1134,967,1
486,1040,1393,1085,1137,968,1
486,1040,1393,1085,1140,969,1
486,1040,1393,1085,1144,970,1
486,1040,1393,1085,1146,971,1
486,1040,1393,1085,1151,972,1
486,1040,1393,1085,1153,973,1
486,1040,1393,1085,1156,974,1
486,1040,1393,1085,1160,976,1
486,1040,1393,1085,1163,977,1
486,1040,1393,1085,1167,978,1
486,1040,1393,1085,1175,980,1
486,1040,1393,1085,1179,982,1
486,1040,1393,1085,1184,983,1
486,1040,1393,1085,1196,987,1
486,1040,1393,1085,1203,989,1
486,1040,1393,1085,1219,995,1
486,1040,1393,1085,1228,996,1
486,1040,1393,1085,1238,999,1
486,1040,1393,1085,1254,1002,1
486,1040,1393,1085,1264,1003,1
486,1040,1393,1085,1271,1003,1
486,1040,1393,1085,1283,1007,1
486,1040,1393,1085,1288,1007,1
486,1040,1393,1085,1292,1009,1
486,1040,1393,1085,1298,1009,1
486,1040,1393,1085,1301,1009,1
486,1040,1393,1085,1306,1010,1
486,1040,1393,1085,1308,1010,1
486,1040,1393,1085,1311,1011,1
486,1040,1393,1085,1314,1011,1
486,1040,1393,1085,1320,1012,1
486,1040,1393,1085,1324,1013,1
486,1040,1393,1085,1327,1013,1
486,1040,1393,1085,1334,1015,1
486,1040,1393,1085,1337,1015,1
486,1040,1393,1085,1341,1017,1
486,1040,1393,1085,1344,1017,1
486,1040,1393,1085,1348,1018,1
486,1040,1393,1085,1355,1020,1
486,1040,1393,1085,1360,1021,1
486,1040,1393,1085,1365,1021,1
486,1040,1393,1085,1374,1023,1
486,1040,1393,1085,1378,1023,1
486,1040,1393,1085,1382,1023,1
486,1040,1393,1085,1392,1024,1
486,1040,1393,1085,1396,1025,1
486,1040,1393,1085,1400,1025,1
486,1040,1393,1085,1406,1025,1
486,1040,1393,1085,1410,1025,1
486,1040,1393,1085,1413,1025,1
486,1040,1393,1085,1419,1025,1
486,1040,1393,1085,1423,1025,1
486,1040,1393,1085,1426,1025,1
486,1040,1393,1085,1431,1025,1
486,1040,1393,1085,1434,1024,1
486,1040,1393,1085,1438,1024,1
486,1040,1393,1085,1440,1023,1
486,1040,1393,1085,1441,1023,1
486,1040,1393,1085,1446,1023,1
486,1040,1393,1085,1450,1023,1
486,1040,1393,1085,1454,1023,1
486,1040,1393,1085,1462,1023,1
486,1040,1393,1085,1466,1023,1
486,1040,1393,1085,1473,1022,1
486,1040,1393,1085,1476,1022,1
486,1040,1393,1085,1478,1021,1
486,1040,1393,1085,1481,1021,1
486,1040,1393,1085,1482,1020,1
486,1040,1393,1085,1484,1020,1
486,1040,1393,1085,1486,1019,1
486,1040,1393,1085,1487,1019,1
486,1040,1393,1085,1491,1019,1
486,1040,1393,1085,1493,1019,1
486,1040,1393,1085,1495,1019,1
486,1040,1393,1085,1496,1018,1
486,1040,1393,1085,1499,1018,1
486,1040,1393,1085,1500,1017,1
486,1040,1393,1085,1501,1017,1
486,1040,1393,1085,1502,1017,1
486,1040,1393,1085,1502,1016,1
486,1040,1393,1085,1503,1016,1
486,1040,1393,1085,1505,1016,1
486,1040,1393,1085,1505,1015,1
486,1040,1393,1085,1506,1015,1
486,1040,1393,1085,1507,1014,1
486,1040,1393,1085,1508,1014,1
486,1040,1393,1085,1509,1014,1
486,1040,1393,1085,1510,1014,1
486,1040,1393,1085,1511,1013,1
486,1040,1393,1085,1514,1013,1
486,1040,1393,1085,1514,1013,1
486,1040,1393,1085,1516,1012,1
486,1040,1393,1085,1516,1012,1
486,1040,1393,1085,1517,1011,1
486,1040,1393,1085,1519,1010,1
486,1040,1393,1085,1521,1010,1
486,1040,1393,1085,1522,1010,1
486,1040,1393,1085,1526,1009,1
486,1040,1393,1085,1528,1008,1
486,1040,1393,1085,1530,1008,1
486,1040,1393,1085,1533,1007,1
486,1040,1393,1085,1534,1006,1
486,1040,1393,1085,1535,1006,1
486,1040,1393,1085,1535,1005,1
486,1040,1393,1085,1535,1004,1
486,1040,1393,1085,1535,1004,1
486,1040,1393,1085,1536,1003,1
486,1040,1393,1085,1536,1002,1
486,1040,1393,1085,1537,1001,1
486,1040,1393,1085,1538,1000,1
486,1040,1393,1085,1539,999,1
486,1040,1393,1085,1539,998,1
486,1040,1393,1085,1539,996,1
486,1040,1393,1085,1540,996,1
486,1040,1393,1085,1541,994,1
486,1040,1393,1085,1541,993,1
486,1040,1393,1085,1542,993,1
486,1040,1393,1085,1543,991,1
486,1040,1393,1085,1543,991,1
486,1040,1393,1085,1544,990,1
486,1040,1393,1085,1544,988,1
486,1040,1393,1085,1543,987,1
486,1040,1393,1085,1543,986,1
486,1040,1393,1085,1543,983,1
486,1040,1393,1085,1543,982,1
486,1040,1393,1085,1542,982,1
486,1040,1393,1085,1542,981,1
486,1040,1393,1085,1542,981,1
486,1040,1393,1085,1542,981,1
486,1040,1393,1085,1542,981,1
486,1040,1393,1085,1542,981,1
486,1040,1393,1085,1542,981,1
486,1040,1393,1085,1542,981,1
486,1040,1393,1085,1542,981,1
486,1040,1393,1085,1542,981,1
486,1040,1393,1085,1542,981,1
486,1040,1393,1085,1542,981,1
486,1040,1393,1085,1542,980,1
486,1040,1393,1085,1542,980,1
486,1040,1393,1085,1542,980,1
486,1040,1393,1085,1542,980,1
486,1040,1393,1085,1542,980,1
486,1040,1393,1085,1542,980,1
486,1040,1393,1085,1542,980,1
486,1040,1393,1085,1542,980,1
486,1040,1393,1085,1542,980,0
486,1040,1393,1085,1542,980,0
486,1040,1393,1085,1542,980,0
486,1040,1393,1085,1542,980,0
486,1040,1393,1085,1542,980,0
486,1040,1393,1085,1542,980,0
486,1040,1393,1085,1542,980,0
486,1040,1393,1085,1542,980,0
486,1040,1393,1085,1542,980,0
486,1040,1393,1085,1542,980,0
486,1040,1393,1085,1542,980,0
486,1040,1393,1085,1542,980,0
486,1040,1393,1085,1542,980,0
486,1040,1393,1085,1542,980,0
486,1040,1393,1085,1542,980,0
486,1040,1393,1085,1542,980,0
486,1040,1393,1085,1542,980,0
486,1040,1393,1085,1542,980,0
486,1040,1393,1085,1542,980,0
486,1040,1393,1085,1542,980,0
486,1040,1393,1085,1542,980,0
486,1040,1393,1085,1542,980,0
486,1040,1393,1085,1542,980,0
486,1040,1393,1085,1542,980,0
486,1040,1393,1085,1542,980,0
486,1040,1393,1085,1541,979,0
486,1040,1393,1085,1540,977,0
486,1040,1393,1085,1537,975,0
486,1040,1393,1085,1536,973,0
486,1040,1393,1085,1535,971,0
486,1040,1393,1085,1533,966,0
486,1040,1393,1085,1531,964,0
486,1040,1393,1085,1530,961,0
486,1040,1393,1085,1527,955,0
486,1040,1393,1085,1526,952,0
486,1040,1393,1085,1524,950,0
486,1040,1393,1085,1520,945,0
486,1040,1393,1085,1519,943,0
486,1040,1393,1085,1517,940,0
486,1040,1393,1085,1516,939,0
486,1040,1393,1085,1515,937,0
486,1040,1393,1085,1513,934,0
486,1040,1393,1085,1512,932,0
486,1040,1393,1085,1511,931,0
486,1040,1393,1085,1508,928,0
486,1040,1393,1085,1507,926,0
486,1040,1393,1085,1506,925,0
486,1040,1393,1085,1503,923,0
486,1040,1393,1085,1502,921,0
486,1040,1393,1085,1499,917,0
486,1040,1393,1085,1497,915,0
486,1040,1393,1085,1495,913,0
486,1040,1393,1085,1492,909,0
486,1040,1393,1085,1490,907,0
486,1040,1393,1085,1487,904,0
486,1040,1393,1085,1485,902,0
486,1040,1393,1085,1480,896,0
486,1040,1393,1085,1478,893,0
486,1040,1393,1085,1475,887,0
486,1040,1393,1085,1474,884,0
486,1040,1393,1085,1472,880,0
486,1040,1393,1085,1472,878,0
486,1040,1393,1085,1472,876,0
486,1040,1393,1085,1471,874,0
486,1040,1393,1085,1468,868,0
486,1040,1393,1085,1467,866,0
486,1040,1393,1085,1465,862,0
486,1040,1393,1085,1464,860,0
486,1040,1393,1085,1463,859,0
486,1040,1393,1085,1462,856,0
486,1040,1393,1085,1461,854,0
486,1040,1393,1085,1459,852,0
486,1040,1393,1085,1457,846,0
486,1040,1393,1085,1455,843,0
486,1040,1393,1085,1454,840,0
486,1040,1393,1085,1451,834,0
486,1040,1393,1085,1450,832,0
486,1040,1393,1085,1449,830,0
486,1040,1393,1085,1446,824,0
486,1040,1393,1085,1445,821,0
486,1040,1393,1085,1443,815,0
486,1040,1393,1085,1442,812,0
486,1040,1393,1085,1441,809,0
486,1040,1393,1085,1440,806,0
486,1040,1393,1085,1439,801,0
486,1040,1393,1085,1438,798,0
486,1040,1393,1085,1434,791,0
486,1040,1393,1085,1432,787,0
486,1040,1393,1085,1430,783,0
486,1040,1393,1085,1425,775,0
486,1040,1393,1085,1422,771,0
486,1040,1393,1085,1419,767,0
486,1040,1393,1085,1414,759,0
486,1040,1393,1085,1413,756,0
486,1040,1393,1085,1411,753,0
486,1040,1393,1085,1409,747,0
486,1040,1393,1085,1408,744,0
486,1040,1393,1085,1406,741,0
486,1040,1393,1085,1400,734,0
486,1040,1393,1085,1396,729,0
486,1040,1393,1085,1388,721,0
486,1040,1393,1085,1385,718,0
486,1040,1393,1085,1381,715,0
486,1040,1393,1085,1378,711,0
486,1040,1393,1085,1377,709,0
486,1040,1393,1085,1374,706,0
486,1040,1393,1085,1372,705,0
486,1040,1393,1085,1369,702,0
486,1040,1393,1085,1367,700,0
486,1040,1393,1085,1363,698,0
486,1040,1393,1085,1361,696,0
486,1040,1393,1085,1359,694,0
486,1040,1393,1085,1356,691,0
486,1040,1393,1085,1354,689,0
486,1040,1393,1085,1352,688,0
486,1040,1393,1085,1348,685,0
486,1040,1393,1085,1347,684,0
486,1040,1393,1085,1344,682,0
486,1040,1393,1085,1343,681,0
486,1040,1393,1085,1342,680,0
486,1040,1393,1085,1340,678,0
486,1040,1393,1085,1338,677,0
486,1040,1393,1085,1336,675,0
486,1040,1393,1085,1331,671,0
486,1040,1393,1085,1327,668,0
486,1040,1393,1085,1318,663,0
486,1040,1393,1085,1315,660,0
486,1040,1393,1085,1312,658,0
486,1040,1393,1085,1306,654,0
486,1040,1393,1085,1304,652,0
486,1040,1393,1085,1301,650,0
486,1040,1393,1085,1295,645,0
486,1040,1393,1085,1292,643,0
486,1040,1393,1085,1289,641,0
486,1040,1393,1085,1283,635,0
486,1040,1393,1085,1281,633,0
486,1040,1393,1085,1279,631,0
486,1040,1393,1085,1275,627,0
486,1040,1393,1085,1274,625,0
486,1040,1393,1085,1272,622,0
486,1040,1393,1085,1267,617,0
486,1040,1393,1085,1265,614,0
486,1040,1393,1085,1259,608,0
486,1040,1393,1085,1257,606,0
486,1040,1393,1085,1255,603,0
486,1040,1393,1085,1252,599,0
486,1040,1393,1085,1251,597,0
486,1040,1393,1085,1249,595,0
486,1040,1393,1085,1247,590,0
486,1040,1393,1085,1246,588,0
486,1040,1393,1085,1245,586,0
486,1040,1393,1085,1241,580,0
486,1040,1393,1085,1239,577,0
486,1040,1393,1085,1236,572,0
486,1040,1393,1085,1235,569,0
486,1040,1393,1085,1234,567,0
486,1040,1393,1085,1231,561,0
486,1040,1393,1085,1228,558,0
486,1040,1393,1085,1226,554,0
486,1040,1393,1085,1220,547,0
486,1040,1393,1085,1218,543,0
486,1040,1393,1085,1216,539,0
486,1040,1393,1085,1211,532,0
486,1040,1393,1085,1209,528,0
486,1040,1393,1085,1202,520,0
486,1040,1393,1085,1200,516,0
486,1040,1393,1085,1198,512,0
486,1040,1393,1085,1196,509,0
486,1040,1393,1085,1192,503,0
486,1040,1393,1085,1191,501,0
486,1040,1393,1085,1188,497,0
486,1040,1393,1085,1187,495,0
486,1040,1393,1085,1186,494,0
486,1040,1393,1085,1185,491,0
486,1040,1393,1085,1184,489,0
486,1040,1393,1085,1183,487,0
486,1040,1393,1085,1180,483,0
486,1040,1393,1085,1178,481,0
486,1040,1393,1085,1176,478,0
486,1040,1393,1085,1173,472,0
486,1040,1393,1085,1171,469,0
486,1040,1393,1085,1169,467,0
486,1040,1393,1085,1164,461,0
486,1040,1393,1085,1162,458,0
486,1040,1393,1085,1157,453,0
486,1040,1393,1085,1154,450,0
486,1040,1393,1085,1152,448,0
486,1040,1393,1085,1147,443,0
486,1040,1393,1085,1144,440,0
486,1040,1393,1085,1141,437,0
486,1040,1393,1085,1137,434,0
486,1040,1393,1085,1131,429,0
486,1040,1393,1085,1128,426,0
486,1040,1393,1085,1121,420,0
486,1040,1393,1085,1118,418,0
486,1040,1393,1085,1116,416,0
486,1040,1393,1085,1113,414,0
486,1040,1393,1085,1111,413,0
486,1040,1393,1085,1110,413,0
486,1040,1393,1085,1109,411,0
486,1040,1393,1085,1108,411,0
486,1040,1393,1085,1107,410,0
486,1040,1393,1085,1103,407,0
486,1040,1393,1085,1101,406,0
486,1040,1393,1085,1098,403,0
486,1040,1393,1085,1096,403,0
486,1040,1393,1085,1096,402,0
486,1040,1393,1085,1095,401,0
486,1040,1393,1085,1094,401,0
486,1040,1393,1085,1094,401,0
486,1040,1393,1085,1091,399,0
486,1040,1393,1085,1091,398,0
486,1040,1393,1085,1089,397,0
486,1040,1393,1085,1087,395,0
486,1040,1393,1085,1086,394,0
486,1040,1393,1085,1086,393,0
486,1040,1393,1085,1085,393,0
486,1040,1393,1085,1085,392,0
486,1040,1393,1085,1085,392,0
486,1040,1393,1085,1084,391,0
486,1040,1393,1085,1084,391,0
486,1040,1393,1085,1084,390,0
486,1040,1393,1085,1083,389,0
486,1040,1393,1085,1083,389,0
486,1040,1393,1085,1083,389,0
486,1040,1393,1085,1083,389,0
486,1040,1393,1085,1083,389,0
486,1040,1393,1085,1083,389,0
486,1040,1393,1085,1083,389,0
486,1040,1393,1085,1083,389,0
