486,1040,1393,1085,917,379,0
486,1040,1393,1085,917,379,0
486,1040,1393,1085,917,379,0
486,1040,1393,1085,917,379,0
486,1040,1393,1085,917,379,0
486,1040,1393,1085,917,379,0
486,1040,1393,1085,917,379,0
486,1040,1393,1085,917,379,0
486,1040,1393,1085,917,379,0
486,1040,1393,1085,917,379,0
486,1040,1393,1085,917,379,0
486,1040,1393,1085,917,379,0
486,1040,1393,1085,917,379,0
486,1040,1393,1085,916,379,0
486,1040,1393,1085,916,379,0
486,1040,1393,1085,916,379,0
486,1040,1393,1085,915,379,0
486,1040,1393,1085,914,379,0
486,1040,1393,1085,913,379,0
486,1040,1393,1085,910,380,0
486,1040,1393,1085,909,380,0
486,1040,1393,1085,908,381,0
486,1040,1393,1085,905,382,0
486,1040,1393,1085,904,383,0
486,1040,1393,1085,903,384,0
486,1040,1393,1085,900,386,0
486,1040,1393,1085,898,386,0
486,1040,1393,1085,896,387,0
486,1040,1393,1085,893,388,0
486,1040,1393,1085,891,389,0
486,1040,1393,1085,886,392,0
486,1040,1393,1085,884,393,0
486,1040,1393,1085,882,394,0
486,1040,1393,1085,879,396,0
486,1040,1393,1085,878,396,0
486,1040,1393,1085,878,397,0
486,1040,1393,1085,877,398,0
486,1040,1393,1085,877,399,0
486,1040,1393,1085,876,400,0
486,1040,1393,1085,873,402,0
486,1040,1393,1085,871,403,0
486,1040,1393,1085,868,405,0
486,1040,1393,1085,862,409,0
486,1040,1393,1085,859,410,0
486,1040,1393,1085,856,412,0
486,1040,1393,1085,848,416,0
486,1040,1393,1085,844,418,0
486,1040,1393,1085,839,421,0
486,1040,1393,1085,837,422,0
486,1040,1393,1085,835,424,0
486,1040,1393,1085,833,425,0
486,1040,1393,1085,829,428,0
486,1040,1393,1085,826,430,0
486,1040,1393,1085,822,432,0
486,1040,1393,1085,813,436,0
486,1040,1393,1085,808,438,0
486,1040,1393,1085,801,442,0
486,1040,1393,1085,798,444,0
486,1040,1393,1085,796,446,0
486,1040,1393,1085,793,449,0
486,1040,1393,1085,793,450,0
486,1040,1393,1085,792,451,0
486,1040,1393,1085,789,454,0
486,1040,1393,1085,787,456,0
486,1040,1393,1085,785,457,0
486,1040,1393,1085,781,461,0
486,1040,1393,1085,779,463,0
486,1040,1393,1085,777,465,0
486,1040,1393,1085,775,468,0
486,1040,1393,1085,774,470,0
486,1040,1393,1085,773,472,0
486,1040,1393,1085,769,475,0
486,1040,1393,1085,767,477,0
486,1040,1393,1085,764,479,0
486,1040,1393,1085,759,484,0
486,1040,1393,1085,756,487,0
486,1040,1393,1085,754,489,0
486,1040,1393,1085,751,492,0
486,1040,1393,1085,750,494,0
486,1040,1393,1085,747,497,0
486,1040,1393,1085,746,498,0
486,1040,1393,1085,744,500,0
486,1040,1393,1085,740,504,0
486,1040,1393,1085,738,506,0
486,1040,1393,1085,733,512,0
486,1040,1393,1085,731,516,0
486,1040,1393,1085,729,518,0
486,1040,1393,1085,728,520,0
486,1040,1393,1085,725,525,0
486,1040,1393,1085,723,527,0
486,1040,1393,1085,721,529,0
486,1040,1393,1085,717,536,0
486,1040,1393,1085,715,539,0
486,1040,1393,1085,714,542,0
486,1040,1393,1085,711,548,0
486,1040,1393,1085,711,550,0
486,1040,1393,1085,710,552,0
486,1040,1393,1085,708,555,0
486,1040,1393,1085,705,560,0
486,1040,1393,1085,703,562,0
486,1040,1393,1085,700,567,0
486,1040,1393,1085,698,570,0
486,1040,1393,1085,697,573,0
486,1040,1393,1085,694,579,0
486,1040,1393,1085,693,582,0
486,1040,1393,1085,692,584,0
486,1040,1393,1085,689,589,0
486,1040,1393,1085,687,591,0
486,1040,1393,1085,685,594,0
486,1040,1393,1085,681,599,0
486,1040,1393,1085,679,601,0
486,1040,1393,1085,677,606,0
486,1040,1393,1085,676,608,0
486,1040,1393,1085,675,610,0
486,1040,1393,1085,673,613,0
486,1040,1393,1085,673,615,0
486,1040,1393,1085,671,616,0
486,1040,1393,1085,669,619,0
486,1040,1393,1085,669,620,0
486,1040,1393,1085,667,622,0
486,1040,1393,1085,666,625,0
486,1040,1393,1085,666,626,0
486,1040,1393,1085,664,629,0
486,1040,1393,1085,664,631,0
486,1040,1393,1085,662,632,0
486,1040,1393,1085,661,634,0
486,1040,1393,1085,659,637,0
486,1040,1393,1085,658,639,0
486,1040,1393,1085,657,641,0
486,1040,1393,1085,656,645,0
486,1040,1393,1085,655,647,0
486,1040,1393,1085,653,650,0
486,1040,1393,1085,652,652,0
486,1040,1393,1085,652,654,0
486,1040,1393,1085,649,658,0
486,1040,1393,1085,648,660,0
486,1040,1393,1085,646,663,0
486,1040,1393,1085,643,669,0
486,1040,1393,1085,641,672,0
486,1040,1393,1085,639,675,0
486,1040,1393,1085,636,681,0
486,1040,1393,1085,634,684,0
486,1040,1393,1085,632,689,0
486,1040,1393,1085,631,692,0
486,1040,1393,1085,630,697,0
486,1040,1393,1085,629,699,0
486,1040,1393,1085,627,704,0
486,1040,1393,1085,626,707,0
486,1040,1393,1085,625,710,0
486,1040,1393,1085,623,716,0
486,1040,1393,1085,622,718,0
486,1040,1393,1085,622,720,0
486,1040,1393,1085,620,725,0
486,1040,1393,1085,620,728,0
486,1040,1393,1085,619,731,0
486,1040,1393,1085,618,736,0
486,1040,1393,1085,617,739,0
486,1040,1393,1085,616,743,0
486,1040,1393,1085,616,745,0
486,1040,1393,1085,615,747,0
486,1040,1393,1085,615,750,0
486,1040,1393,1085,614,752,0
486,1040,1393,1085,614,754,0
486,1040,1393,1085,612,761,0
486,1040,1393,1085,612,765,0
486,1040,1393,1085,611,769,0
486,1040,1393,1085,610,777,0
486,1040,1393,1085,609,781,0
486,1040,1393,1085,608,786,0
486,1040,1393,1085,605,793,0
486,1040,1393,1085,604,797,0
486,1040,1393,1085,602,803,0
486,1040,1393,1085,601,807,0
486,1040,1393,1085,601,810,0
486,1040,1393,1085,600,813,0
486,1040,1393,1085,600,818,0
486,1040,1393,1085,600,820,0
486,1040,1393,1085,600,823,0
486,1040,1393,1085,600,823,0
486,1040,1393,1085,600,824,0
486,1040,1393,1085,599,827,0
486,1040,1393,1085,598,828,0
486,1040,1393,1085,597,830,0
486,1040,1393,1085,597,833,0
486,1040,1393,1085,597,834,0
486,1040,1393,1085,596,836,0
486,1040,1393,1085,595,839,0
486,1040,1393,1085,595,841,0
486,1040,1393,1085,594,842,0
486,1040,1393,1085,593,845,0
486,1040,1393,1085,593,846,0
486,1040,1393,1085,593,848,0
486,1040,1393,1085,592,850,0
486,1040,1393,1085,592,852,0
486,1040,1393,1085,592,853,0
486,1040,1393,1085,592,856,0
486,1040,1393,1085,592,857,0
486,1040,1393,1085,592,860,0
486,1040,1393,1085,592,861,0
486,1040,1393,1085,592,862,0
486,1040,1393,1085,592,865,0
486,1040,1393,1085,592,866,0
486,1040,1393,1085,592,867,0
486,1040,1393,1085,591,870,0
486,1040,1393,1085,590,871,0
486,1040,1393,1085,590,873,0
486,1040,1393,1085,590,877,0
486,1040,1393,1085,590,878,0
486,1040,1393,1085,590,880,0
486,1040,1393,1085,590,883,0
486,1040,1393,1085,591,884,0
486,1040,1393,1085,592,887,0
486,1040,1393,1085,592,889,0
486,1040,1393,1085,593,890,0
486,1040,1393,1085,593,892,0
486,1040,1393,1085,594,894,0
486,1040,1393,1085,594,895,0
486,1040,1393,1085,594,899,0
486,1040,1393,1085,595,901,0
486,1040,1393,1085,595,902,0
486,1040,1393,1085,597,905,0
486,1040,1393,1085,597,907,0
486,1040,1393,1085,598,908,0
486,1040,1393,1085,599,910,0
486,1040,1393,1085,599,911,0
486,1040,1393,1085,599,912,0
486,1040,1393,1085,599,914,0
486,1040,1393,1085,599,915,0
486,1040,1393,1085,600,917,0
486,1040,1393,1085,601,919,0
486,1040,1393,1085,602,921,0
486,1040,1393,1085,603,922,0
486,1040,1393,1085,603,924,0
486,1040,1393,1085,603,925,0
486,1040,1393,1085,603,926,0
486,1040,1393,1085,604,929,0
486,1040,1393,1085,604,931,0
486,1040,1393,1085,604,932,0
486,1040,1393,1085,605,934,0
486,1040,1393,1085,605,936,0
486,1040,1393,1085,606,941,0
486,1040,1393,1085,607,943,0
486,1040,1393,1085,607,946,0
486,1040,1393,1085,608,950,0
486,1040,1393,1085,608,953,0
486,1040,1393,1085,608,955,0
486,1040,1393,1085,609,959,0
486,1040,1393,1085,610,961,0
486,1040,1393,1085,611,963,0
486,1040,1393,1085,613,967,0
486,1040,1393,1085,613,969,0
486,1040,1393,1085,614,972,0
486,1040,1393,1085,615,979,0
486,1040,1393,1085,615,982,0
486,1040,1393,1085,615,986,0
486,1040,1393,1085,615,991,0
486,1040,1393,1085,615,994,0
486,1040,1393,1085,615,996,0
486,1040,1393,1085,616,999,0
486,1040,1393,1085,616,1000,0
486,1040,1393,1085,617,1002,0
486,1040,1393,1085,617,1004,0
486,1040,1393,1085,618,1006,0
486,1040,1393,1085,618,1007,0
486,1040,1393,1085,618,1009,0
486,1040,1393,1085,618,1010,0
486,1040,1393,1085,619,1013,0
486,1040,1393,1085,620,1015,0
486,1040,1393,1085,620,1016,0
486,1040,1393,1085,621,1019,0
486,1040,1393,1085,622,1020,0
486,1040,1393,1085,622,1021,0
486,1040,1393,1085,623,1024,0
486,1040,1393,1085,623,1025,0
486,1040,1393,1085,623,1026,0
486,1040,1393,1085,623,1029,0
486,1040,1393,1085,623,1030,0
486,1040,1393,1085,623,1031,0
486,1040,1393,1085,624,1034,0
486,1040,1393,1085,625,1035,0
486,1040,1393,1085,626,1037,0
486,1040,1393,1085,627,1039,0
486,1040,1393,1085,627,1040,0
486,1040,1393,1085,627,1041,0
486,1040,1393,1085,627,1044,0
486,1040,1393,1085,627,1045,0
486,1040,1393,1085,627,1047,0
486,1040,1393,1085,629,1049,0
486,1040,1393,1085,629,1050,0
486,1040,1393,1085,629,1051,0
486,1040,1393,1085,629,1052,0
486,1040,1393,1085,629,1054,0
486,1040,1393,1085,629,1057,0
486,1040,1393,1085,629,1058,0
486,1040,1393,1085,629,1059,0
486,1040,1393,1085,630,1061,0
486,1040,1393,1085,631,1062,0
486,1040,1393,1085,632,1062,0
486,1040,1393,1085,634,1064,0
486,1040,1393,1085,635,1065,0
486,1040,1393,1085,637,1068,0
486,1040,1393,1085,638,1069,0
486,1040,1393,1085,639,1070,0
486,1040,1393,1085,640,1071,0
486,1040,1393,1085,640,1072,0
486,1040,1393,1085,641,1073,0
486,1040,1393,1085,642,1074,0
486,1040,1393,1085,643,1075,0
486,1040,1393,1085,643,1076,0
486,1040,1393,1085,644,1076,0
486,1040,1393,1085,645,1078,0
486,1040,1393,1085,645,1079,0
486,1040,1393,1085,646,1080,0
486,1040,1393,1085,646,1081,0
486,1040,1393,1085,646,1082,0
486,1040,1393,1085,647,1084,0
486,1040,1393,1085,648,1085,0
486,1040,1393,1085,649,1086,0
486,1040,1393,1085,649,1087,0
486,1040,1393,1085,650,1088,0
486,1040,1393,1085,652,1090,0
486,1040,1393,1085,653,1091,0
486,1040,1393,1085,653,1091,0
486,1040,1393,1085,653,1091,0
486,1040,1393,1085,653,1091,0
486,1040,1393,1085,653,1091,0
486,1040,1393,1085,653,1091,0
486,1040,1393,1085,653,1091,0
486,1040,1393,1085,653,1091,0
486,1040,1393,1085,654,1091,0
486,1040,1393,1085,654,1091,0
486,1040,1393,1085,654,1092,0
486,1040,1393,1085,654,1092,0
486,1040,1393,1085,655,1092,0
486,1040,1393,1085,655,1094,0
486,1040,1393,1085,656,1095,0
486,1040,1393,1085,657,1096,0
486,1040,1393,1085,658,1097,0
486,1040,1393,1085,658,1098,0
486,1040,1393,1085,659,1099,0
486,1040,1393,1085,660,1101,0
486,1040,1393,1085,660,1102,0
486,1040,1393,1085,660,1103,0
486,1040,1393,1085,661,1106,0
486,1040,1393,1085,662,1108,0
486,1040,1393,1085,662,1108,0
486,1040,1393,1085,664,1110,0
486,1040,1393,1085,664,1110,0
486,1040,1393,1085,664,1111,0
486,1040,1393,1085,664,1111,0
486,1040,1393,1085,664,1111,0
486,1040,1393,1085,664,1111,0
486,1040,1393,1085,664,1112,0
486,1040,1393,1085,665,1113,0
486,1040,1393,1085,666,1114,0
486,1040,1393,1085,666,1115,0
486,1040,1393,1085,666,1115,0
486,1040,1393,1085,668,1116,0
486,1040,1393,1085,668,1117,0
486,1040,1393,1085,668,1117,0
486,1040,1393,1085,668,1118,0
486,1040,1393,1085,670,1119,0
486,1040,1393,1085,670,1120,0
486,1040,1393,1085,670,1120,0
486,1040,1393,1085,671,1121,0
486,1040,1393,1085,671,1121,0
486,1040,1393,1085,671,1121,0
486,1040,1393,1085,671,1121,0
486,1040,1393,1085,671,1121,0
486,1040,1393,1085,671,1121,0
486,1040,1393,1085,672,1121,0
486,1040,1393,1085,672,1122,0
486,1040,1393,1085,673,1122,0
486,1040,1393,1085,673,1123,0
486,1040,1393,1085,673,1123,0
486,1040,1393,1085,673,1123,0
486,1040,1393,1085,673,1123,0
486,1040,1393,1085,673,1124,0
486,1040,1393,1085,673,1124,0
486,1040,1393,1085,673,1124,0
486,1040,1393,1085,674,1124,0
486,1040,1393,1085,674,1124,0
486,1040,1393,1085,674,1124,0
486,1040,1393,1085,674,1124,0
486,1040,1393,1085,674,1124,0
486,1040,1393,1085,674,1124,0
486,1040,1393,1085,674,1124,0
486,1040,1393,1085,674,1124,0
486,1040,1393,1085,674,1124,0
486,1040,1393,1085,674,1124,0
486,1040,1393,1085,674,1124,0
486,1040,1393,1085,674,1124,0
486,1040,1393,1085,674,1124,0
486,1040,1393,1085,674,1124,0
486,1040,1393,1085,674,1124,1
486,1040,1393,1085,674,1125,1
486,1040,1393,1085,675,1125,1
486,1040,1393,1085,675,1126,1
486,1040,1393,1085,675,1126,1
486,1040,1393,1085,675,1126,1
486,1040,1393,1085,675,1126,1
486,1040,1393,1085,676,1127,1
486,1040,1393,1085,676,1127,1
486,1040,1393,1085,676,1127,1
486,1040,1393,1085,676,1127,1
486,1040,1393,1085,676,1127,1
486,1040,1393,1085,676,1127,1
486,1040,1393,1085,676,1127,1
486,1040,1393,1085,676,1127,1
486,1040,1393,1085,676,1127,1
486,1040,1393,1085,676,1127,1
486,1040,1393,1085,676,1127,1
486,1040,1393,1085,676,1127,1
486,1040,1393,1085,676,1127,1
486,1040,1393,1085,676,1127,1
486,1040,1393,1085,676,1127,1
486,1040,1393,1085,676,1127,1
486,1040,1393,1085,676,1127,1
486,1040,1393,1085,676,1127,1
486,1040,1393,1085,676,1127,1
486,1040,1393,1085,676,1127,1
486,1040,1393,1085,676,1127,1
486,1040,1393,1085,676,1127,1
486,1040,1393,1085,676,1127,1
486,1040,1393,1085,677,1127,1
486,1040,1393,1085,678,1127,1
486,1040,1393,1085,680,1127,1
486,1040,1393,1085,683,1128,1
486,1040,1393,1085,685,1128,1
486,1040,1393,1085,692,1129,1
486,1040,1393,1085,696,1129,1
486,1040,1393,1085,700,1129,1
486,1040,1393,1085,707,1129,1
486,1040,1393,1085,709,1129,1
486,1040,1393,1085,711,1129,1
486,1040,1393,1085,711,1129,1
486,1040,1393,1085,711,1129,1
486,1040,1393,1085,711,1129,1
486,1040,1393,1085,712,1129,1
486,1040,1393,1085,712,1129,1
486,1040,1393,1085,712,1129,1
486,1040,1393,1085,715,1129,1
486,1040,1393,1085,717,1130,1
486,1040,1393,1085,722,1129,1
486,1040,1393,1085,724,1129,1
486,1040,1393,1085,726,1129,1
486,1040,1393,1085,729,1129,1
486,1040,1393,1085,731,1129,1
486,1040,1393,1085,733,1129,1
486,1040,1393,1085,736,1129,1
486,1040,1393,1085,738,1129,1
486,1040,1393,1085,740,1129,1
486,1040,1393,1085,745,1130,1
486,1040,1393,1085,747,1130,1
486,1040,1393,1085,750,1130,1
486,1040,1393,1085,755,1130,1
486,1040,1393,1085,757,1130,1
486,1040,1393,1085,759,1130,1
486,1040,1393,1085,760,1130,1
486,1040,1393,1085,761,1130,1
486,1040,1393,1085,763,1130,1
486,1040,1393,1085,767,1130,1
486,1040,1393,1085,769,1130,1
486,1040,1393,1085,771,1130,1
486,1040,1393,1085,777,1130,1
486,1040,1393,1085,779,1130,1
486,1040,1393,1085,781,1130,1
486,1040,1393,1085,786,1130,1
486,1040,1393,1085,789,1130,1
486,1040,1393,1085,796,1130,1
486,1040,1393,1085,799,1130,1
486,1040,1393,1085,803,1130,1
486,1040,1393,1085,809,1129,1
486,1040,1393,1085,811,1129,1
486,1040,1393,1085,813,1129,1
486,1040,1393,1085,816,1129,1
486,1040,1393,1085,818,1130,1
486,1040,1393,1085,819,1130,1
486,1040,1393,1085,823,1131,1
486,1040,1393,1085,826,1131,1
486,1040,1393,1085,830,1132,1
486,1040,1393,1085,831,1132,1
486,1040,1393,1085,833,1132,1
486,1040,1393,1085,834,1133,1
486,1040,1393,1085,837,1133,1
486,1040,1393,1085,839,1134,1
486,1040,1393,1085,842,1134,1
486,1040,1393,1085,847,1135,1
486,1040,1393,1085,849,1136,1
486,1040,1393,1085,854,1136,1
486,1040,1393,1085,856,1137,1
486,1040,1393,1085,858,1137,1
486,1040,1393,1085,862,1138,1
486,1040,1393,1085,864,1139,1
486,1040,1393,1085,866,1140,1
486,1040,1393,1085,871,1141,1
486,1040,1393,1085,873,1141,1
486,1040,1393,1085,878,1142,1
486,1040,1393,1085,882,1143,1
486,1040,1393,1085,886,1144,1
486,1040,1393,1085,895,1145,1
486,1040,1393,1085,899,1145,1
486,1040,1393,1085,902,1145,1
486,1040,1393,1085,907,1146,1
486,1040,1393,1085,909,1146,1
486,1040,1393,1085,911,1146,1
486,1040,1393,1085,914,1147,1
486,1040,1393,1085,915,1147,1
486,1040,1393,1085,917,1147,1
486,1040,1393,1085,922,1148,1
486,1040,1393,1085,926,1149,1
486,1040,1393,1085,930,1149,1
486,1040,1393,1085,939,1150,1
486,1040,1393,1085,944,1150,1
486,1040,1393,1085,948,1150,1
486,1040,1393,1085,956,1151,1
486,1040,1393,1085,958,1151,1
486,1040,1393,1085,961,1151,1
486,1040,1393,1085,962,1152,1
486,1040,1393,1085,963,1152,1
486,1040,1393,1085,966,1152,1
486,1040,1393,1085,968,1153,1
486,1040,1393,1085,970,1153,1
486,1040,1393,1085,977,1154,1
486,1040,1393,1085,979,1154,1
486,1040,1393,1085,983,1154,1
486,1040,1393,1085,989,1154,1
486,1040,1393,1085,992,1154,1
486,1040,1393,1085,995,1155,1
486,1040,1393,1085,1000,1156,1
486,1040,1393,1085,1002,1156,1
486,1040,1393,1085,1007,1157,1
486,1040,1393,1085,1010,1158,1
486,1040,1393,1085,1014,1159,1
486,1040,1393,1085,1016,1159,1
486,1040,1393,1085,1023,1160,1
486,1040,1393,1085,1026,1161,1
486,1040,1393,1085,1030,1161,1
486,1040,1393,1085,1039,1163,1
486,1040,1393,1085,1044,1164,1
486,1040,1393,1085,1051,1165,1
486,1040,1393,1085,1053,1165,1
486,1040,1393,1085,1060,1166,1
486,1040,1393,1085,1062,1167,1
486,1040,1393,1085,1064,1167,1
486,1040,1393,1085,1069,1168,1
486,1040,1393,1085,1071,1168,1
486,1040,1393,1085,1074,1169,1
486,1040,1393,1085,1078,1169,1
486,1040,1393,1085,1079,1169,1
486,1040,1393,1085,1080,1169,1
486,1040,1393,1085,1083,1169,1
486,1040,1393,1085,1084,1170,1
486,1040,1393,1085,1088,1170,1
486,1040,1393,1085,1090,1171,1
486,1040,1393,1085,1092,1171,1
486,1040,1393,1085,1096,1171,1
486,1040,1393,1085,1098,1171,1
486,1040,1393,1085,1100,1171,1
486,1040,1393,1085,1105,1171,1
486,1040,1393,1085,1108,1171,1
486,1040,1393,1085,1112,1172,1
486,1040,1393,1085,1119,1173,1
486,1040,1393,1085,1123,1173,1
486,1040,1393,1085,1127,1173,1
486,1040,1393,1085,1135,1174,1
486,1040,1393,1085,1139,1174,1
486,1040,1393,1085,1142,1174,1
486,1040,1393,1085,1148,1174,1
486,1040,1393,1085,1152,1174,1
486,1040,1393,1085,1159,1175,1
486,1040,1393,1085,1163,1176,1
486,1040,1393,1085,1168,1176,1
486,1040,1393,1085,1176,1176,1
486,1040,1393,1085,1178,1176,1
486,1040,1393,1085,1181,1176,1
486,1040,1393,1085,1183,1176,1
486,1040,1393,1085,1184,1176,1
486,1040,1393,1085,1185,1176,1
486,1040,1393,1085,1187,1177,1
486,1040,1393,1085,1189,1178,1
486,1040,1393,1085,1196,1179,1
486,1040,1393,1085,1199,1179,1
486,1040,1393,1085,1203,1179,1
486,1040,1393,1085,1206,1179,1
486,1040,1393,1085,1211,1180,1
486,1040,1393,1085,1213,1180,1
486,1040,1393,1085,1214,1180,1
486,1040,1393,1085,1217,1180,1
486,1040,1393,1085,1217,1181,1
486,1040,1393,1085,1218,1181,1
486,1040,1393,1085,1220,1181,1
486,1040,1393,1085,1223,1181,1
486,1040,1393,1085,1228,1182,1
486,1040,1393,1085,1232,1182,1
486,1040,1393,1085,1236,1182,1
486,1040,1393,1085,1242,1182,1
486,1040,1393,1085,1245,1182,1
486,1040,1393,1085,1248,1182,1
486,1040,1393,1085,1252,1183,1
486,1040,1393,1085,1253,1183,1
486,1040,1393,1085,1257,1183,1
486,1040,1393,1085,1259,1183,1
486,1040,1393,1085,1262,1184,1
486,1040,1393,1085,1269,1184,1
486,1040,1393,1085,1273,1183,1
486,1040,1393,1085,1276,1183,1
486,1040,1393,1085,1281,1183,1
486,1040,1393,1085,1282,1183,1
486,1040,1393,1085,1282,1183,1
486,1040,1393,1085,1282,1183,1
486,1040,1393,1085,1283,1183,1
486,1040,1393,1085,1284,1183,1
486,1040,1393,1085,1287,1183,1
486,1040,1393,1085,1291,1183,1
486,1040,1393,1085,1294,1184,1
486,1040,1393,1085,1298,1184,1
486,1040,1393,1085,1307,1185,1
486,1040,1393,1085,1310,1185,1
486,1040,1393,1085,1312,1185,1
486,1040,1393,1085,1314,1185,1
486,1040,1393,1085,1314,1185,1
486,1040,1393,1085,1315,1185,1
486,1040,1393,1085,1315,1185,1
486,1040,1393,1085,1315,1185,1
486,1040,1393,1085,1319,1186,1
486,1040,1393,1085,1322,1186,1
486,1040,1393,1085,1326,1187,1
486,1040,1393,1085,1331,1187,1
486,1040,1393,1085,1334,1187,1
486,1040,1393,1085,1336,1187,1
486,1040,1393,1085,1339,1187,1
486,1040,1393,1085,1341,1187,1
486,1040,1393,1085,1343,1187,1
486,1040,1393,1085,1348,1187,1
486,1040,1393,1085,1351,1187,1
486,1040,1393,1085,1354,1187,1
486,1040,1393,1085,1363,1187,1
486,1040,1393,1085,1367,1187,1
486,1040,1393,1085,1371,1187,1
486,1040,1393,1085,1378,1187,1
486,1040,1393,1085,1380,1187,1
486,1040,1393,1085,1383,1187,1
486,1040,1393,1085,1387,1187,1
486,1040,1393,1085,1389,1187,1
486,1040,1393,1085,1391,1187,1
486,1040,1393,1085,1394,1187,1
486,1040,1393,1085,1397,1187,1
486,1040,1393,1085,1400,1187,1
486,1040,1393,1085,1405,1187,1
486,1040,1393,1085,1408,1187,1
486,1040,1393,1085,1412,1187,1
486,1040,1393,1085,1414,1187,1
486,1040,1393,1085,1417,1187,1
486,1040,1393,1085,1423,1187,1
486,1040,1393,1085,1427,1187,1
486,1040,1393,1085,1431,1187,1
486,1040,1393,1085,1441,1187,1
486,1040,1393,1085,1446,1187,1
486,1040,1393,1085,1450,1187,1
486,1040,1393,1085,1456,1187,1
486,1040,1393,1085,1458,1187,1
486,1040,1393,1085,1459,1187,1
486,1040,1393,1085,1461,1187,1
486,1040,1393,1085,1463,1187,1
486,1040,1393,1085,1464,1187,1
486,1040,1393,1085,1469,1187,1
486,1040,1393,1085,1472,1187,1
486,1040,1393,1085,1474,1186,1
486,1040,1393,1085,1475,1186,1
486,1040,1393,1085,1476,1185,1
486,1040,1393,1085,1476,1185,1
486,1040,1393,1085,1476,1185,1
486,1040,1393,1085,1476,1185,1
486,1040,1393,1085,1481,1185,1
486,1040,1393,1085,1484,1185,1
486,1040,1393,1085,1488,1185,1
486,1040,1393,1085,1493,1184,1
486,1040,1393,1085,1496,1184,1
486,1040,1393,1085,1498,1183,1
486,1040,1393,1085,1500,1182,1
486,1040,1393,1085,1500,1182,1
486,1040,1393,1085,1500,1181,1
486,1040,1393,1085,1500,1181,1
486,1040,1393,1085,1500,1181,1
486,1040,1393,1085,1500,1180,1
486,1040,1393,1085,1500,1179,1
486,1040,1393,1085,1501,1179,1
486,1040,1393,1085,1502,1179,1
486,1040,1393,1085,1506,1178,1
486,1040,1393,1085,1508,1178,1
486,1040,1393,1085,1513,1177,1
486,1040,1393,1085,1516,1176,1
486,1040,1393,1085,1520,1176,1
486,1040,1393,1085,1527,1175,1
486,1040,1393,1085,1530,1175,1
486,1040,1393,1085,1533,1174,1
486,1040,1393,1085,1541,1173,1
486,1040,1393,1085,1545,1173,1
486,1040,1393,1085,1553,1173,1
486,1040,1393,1085,1557,1172,1
486,1040,1393,1085,1561,1172,1
486,1040,1393,1085,1566,1170,1
486,1040,1393,1085,1567,1169,1
486,1040,1393,1085,1568,1169,1
486,1040,1393,1085,1569,1169,1
486,1040,1393,1085,1569,1169,1
486,1040,1393,1085,1570,1169,1
486,1040,1393,1085,1574,1168,1
486,1040,1393,1085,1577,1168,1
486,1040,1393,1085,1585,1168,1
486,1040,1393,1085,1590,1168,1
486,1040,1393,1085,1595,1168,1
486,1040,1393,1085,1598,1168,1
486,1040,1393,1085,1603,1167,1
486,1040,1393,1085,1604,1166,1
486,1040,1393,1085,1604,1166,1
486,1040,1393,1085,1603,1165,1
486,1040,1393,1085,1603,1165,1
486,1040,1393,1085,1604,1165,1
486,1040,1393,1085,1605,1164,1
486,1040,1393,1085,1606,1163,1
486,1040,1393,1085,1608,1161,1
486,1040,1393,1085,1609,1161,1
486,1040,1393,1085,1610,1159,1
486,1040,1393,1085,1612,1158,1
486,1040,1393,1085,1613,1157,1
486,1040,1393,1085,1614,1156,1
486,1040,1393,1085,1619,1155,1
486,1040,1393,1085,1622,1154,1
486,1040,1393,1085,1626,1152,1
486,1040,1393,1085,1633,1149,1
486,1040,1393,1085,1636,1148,1
486,1040,1393,1085,1639,1146,1
486,1040,1393,1085,1639,1145,1
486,1040,1393,1085,1639,1145,1
486,1040,1393,1085,1640,1144,1
486,1040,1393,1085,1640,1143,1
486,1040,1393,1085,1641,1142,1
486,1040,1393,1085,1642,1141,1
486,1040,1393,1085,1644,1139,1
486,1040,1393,1085,1646,1137,1
486,1040,1393,1085,1650,1135,1
486,1040,1393,1085,1651,1135,1
486,1040,1393,1085,1652,1135,1
486,1040,1393,1085,1654,1134,1
486,1040,1393,1085,1655,1134,1
486,1040,1393,1085,1655,1134,1
486,1040,1393,1085,1658,1133,1
486,1040,1393,1085,1658,1133,1
486,1040,1393,1085,1659,1132,1
486,1040,1393,1085,1660,1131,1
486,1040,1393,1085,1660,1130,1
486,1040,1393,1085,1661,1130,1
486,1040,1393,1085,1662,1129,1
486,1040,1393,1085,1664,1128,1
486,1040,1393,1085,1666,1126,1
486,1040,1393,1085,1668,1125,1
486,1040,1393,1085,1670,1124,1
486,1040,1393,1085,1674,1122,1
486,1040,1393,1085,1677,1121,1
486,1040,1393,1085,1679,1120,1
486,1040,1393,1085,1681,1118,1
486,1040,1393,1085,1682,1117,1
486,1040,1393,1085,1682,1117,1
486,1040,1393,1085,1682,1116,1
486,1040,1393,1085,1682,1115,1
486,1040,1393,1085,1682,1114,1
486,1040,1393,1085,1684,1112,1
486,1040,1393,1085,1685,1110,1
486,1040,1393,1085,1686,1109,1
486,1040,1393,1085,1689,1106,1
486,1040,1393,1085,1690,1105,1
486,1040,1393,1085,1691,1103,1
486,1040,1393,1085,1690,1101,1
486,1040,1393,1085,1690,1099,1
486,1040,1393,1085,1689,1098,1
486,1040,1393,1085,1688,1095,1
486,1040,1393,1085,1688,1094,1
486,1040,1393,1085,1687,1092,1
486,1040,1393,1085,1687,1091,1
486,1040,1393,1085,1687,1090,1
486,1040,1393,1085,1688,1088,1
486,1040,1393,1085,1688,1087,1
486,1040,1393,1085,1688,1086,1
486,1040,1393,1085,1688,1085,1
486,1040,1393,1085,1688,1084,1
486,1040,1393,1085,1688,1084,1
486,1040,1393,1085,1688,1083,1
486,1040,1393,1085,1689,1083,1
486,1040,1393,1085,1689,1083,1
486,1040,1393,1085,1689,1082,1
486,1040,1393,1085,1689,1082,1
486,1040,1393,1085,1689,1082,1
486,1040,1393,1085,1689,1082,1
486,1040,1393,1085,1690,1082,1
486,1040,1393,1085,1690,1082,1
486,1040,1393,1085,1691,1081,1
486,1040,1393,1085,1692,1080,1
486,1040,1393,1085,1695,1079,1
486,1040,1393,1085,1697,1079,1
486,1040,1393,1085,1698,1078,1
486,1040,1393,1085,1699,1078,1
486,1040,1393,1085,1699,1078,1
486,1040,1393,1085,1699,1078,1
486,1040,1393,1085,1699,1078,1
486,1040,1393,1085,1699,1078,1
486,1040,1393,1085,1699,1078,1
486,1040,1393,1085,1699,1078,1
486,1040,1393,1085,1699,1078,1
486,1040,1393,1085,1699,1078,1
486,1040,1393,1085,1699,1078,1
486,1040,1393,1085,1699,1078,1
486,1040,1393,1085,1700,1078,1
486,1040,1393,1085,1700,1078,1
486,1040,1393,1085,1700,1078,1
486,1040,1393,1085,1700,1078,1
486,1040,1393,1085,1700,1078,1
486,1040,1393,1085,1700,1078,0
486,1040,1393,1085,1700,1078,0
486,1040,1393,1085,1700,1078,0
486,1040,1393,1085,1700,1078,0
486,1040,1393,1085,1700,1078,0
486,1040,1393,1085,1700,1078,0
486,1040,1393,1085,1700,1078,0
486,1040,1393,1085,1700,1078,0
486,1040,1393,1085,1700,1078,0
486,1040,1393,1085,1700,1078,0
486,1040,1393,1085,1700,1078,0
486,1040,1393,1085,1700,1078,0
486,1040,1393,1085,1700,1077,0
486,1040,1393,1085,1700,1077,0
486,1040,1393,1085,1700,1077,0
486,1040,1393,1085,1700,1077,0
486,1040,1393,1085,1699,1074,0
486,1040,1393,1085,1698,1074,0
486,1040,1393,1085,1698,1073,0
486,1040,1393,1085,1696,1070,0
486,1040,1393,1085,1696,1069,0
486,1040,1393,1085,1694,1067,0
486,1040,1393,1085,1694,1066,0
486,1040,1393,1085,1692,1065,0
486,1040,1393,1085,1690,1062,0
486,1040,1393,1085,1689,1060,0
486,1040,1393,1085,1688,1058,0
486,1040,1393,1085,1687,1057,0
486,1040,1393,1085,1685,1055,0
486,1040,1393,1085,1684,1054,0
486,1040,1393,1085,1681,1051,0
486,1040,1393,1085,1679,1050,0
486,1040,1393,1085,1677,1048,0
486,1040,1393,1085,1673,1043,0
486,1040,1393,1085,1671,1041,0
486,1040,1393,1085,1669,1038,0
486,1040,1393,1085,1665,1034,0
486,1040,1393,1085,1665,1032,0
486,1040,1393,1085,1664,1031,0
486,1040,1393,1085,1663,1030,0
486,1040,1393,1085,1662,1029,0
486,1040,1393,1085,1662,1026,0
486,1040,1393,1085,1661,1025,0
486,1040,1393,1085,1659,1022,0
486,1040,1393,1085,1656,1018,0
486,1040,1393,1085,1654,1015,0
486,1040,1393,1085,1653,1013,0
486,1040,1393,1085,1651,1010,0
486,1040,1393,1085,1650,1009,0
486,1040,1393,1085,1649,1008,0
486,1040,1393,1085,1648,1006,0
486,1040,1393,1085,1646,1002,0
486,1040,1393,1085,1645,1000,0
486,1040,1393,1085,1643,996,0
486,1040,1393,1085,1642,994,0
486,1040,1393,1085,1641,991,0
486,1040,1393,1085,1637,984,0
486,1040,1393,1085,1635,981,0
486,1040,1393,1085,1633,977,0
486,1040,1393,1085,1630,972,0
486,1040,1393,1085,1629,970,0
486,1040,1393,1085,1628,968,0
486,1040,1393,1085,1627,965,0
486,1040,1393,1085,1626,963,0
486,1040,1393,1085,1625,961,0
486,1040,1393,1085,1623,955,0
486,1040,1393,1085,1621,951,0
486,1040,1393,1085,1618,942,0
486,1040,1393,1085,1616,938,0
486,1040,1393,1085,1614,935,0
486,1040,1393,1085,1611,929,0
486,1040,1393,1085,1610,926,0
486,1040,1393,1085,1609,924,0
486,1040,1393,1085,1607,921,0
486,1040,1393,1085,1606,916,0
486,1040,1393,1085,1604,914,0
486,1040,1393,1085,1600,909,0
486,1040,1393,1085,1599,906,0
486,1040,1393,1085,1597,904,0
486,1040,1393,1085,1595,899,0
486,1040,1393,1085,1593,897,0
486,1040,1393,1085,1593,895,0
486,1040,1393,1085,1591,891,0
486,1040,1393,1085,1590,889,0
486,1040,1393,1085,1590,886,0
486,1040,1393,1085,1587,881,0
486,1040,1393,1085,1585,877,0
486,1040,1393,1085,1582,872,0
486,1040,1393,1085,1578,863,0
486,1040,1393,1085,1575,860,0
486,1040,1393,1085,1572,855,0
486,1040,1393,1085,1568,850,0
486,1040,1393,1085,1567,847,0
486,1040,1393,1085,1562,842,0
486,1040,1393,1085,1561,838,0
486,1040,1393,1085,1559,836,0
486,1040,1393,1085,1555,829,0
486,1040,1393,1085,1553,825,0
486,1040,1393,1085,1551,822,0
486,1040,1393,1085,1546,815,0
486,1040,1393,1085,1543,811,0
486,1040,1393,1085,1541,807,0
486,1040,1393,1085,1536,801,0
486,1040,1393,1085,1534,797,0
486,1040,1393,1085,1531,791,0
486,1040,1393,1085,1528,788,0
486,1040,1393,1085,1526,785,0
486,1040,1393,1085,1524,782,0
486,1040,1393,1085,1520,775,0
486,1040,1393,1085,1518,772,0
486,1040,1393,1085,1516,769,0
486,1040,1393,1085,1509,760,0
486,1040,1393,1085,1506,757,0
486,1040,1393,1085,1504,753,0
486,1040,1393,1085,1498,745,0
486,1040,1393,1085,1496,742,0
486,1040,1393,1085,1490,734,0
486,1040,1393,1085,1486,730,0
486,1040,1393,1085,1482,725,0
486,1040,1393,1085,1472,716,0
486,1040,1393,1085,1466,711,0
486,1040,1393,1085,1461,705,0
486,1040,1393,1085,1451,697,0
486,1040,1393,1085,1448,693,0
486,1040,1393,1085,1445,691,0
486,1040,1393,1085,1441,686,0
486,1040,1393,1085,1439,682,0
486,1040,1393,1085,1435,680,0
486,1040,1393,1085,1428,673,0
486,1040,1393,1085,1425,668,0
486,1040,1393,1085,1420,664,0
486,1040,1393,1085,1410,656,0
486,1040,1393,1085,1406,653,0
486,1040,1393,1085,1404,651,0
486,1040,1393,1085,1401,648,0
486,1040,1393,1085,1400,647,0
486,1040,1393,1085,1399,646,0
486,1040,1393,1085,1396,643,0
486,1040,1393,1085,1394,641,0
486,1040,1393,1085,1388,635,0
486,1040,1393,1085,1384,633,0
486,1040,1393,1085,1381,631,0
486,1040,1393,1085,1376,628,0
486,1040,1393,1085,1374,627,0
486,1040,1393,1085,1372,626,0
486,1040,1393,1085,1368,624,0
486,1040,1393,1085,1367,622,0
486,1040,1393,1085,1364,620,0
486,1040,1393,1085,1357,615,0
486,1040,1393,1085,1353,612,0
486,1040,1393,1085,1346,608,0
486,1040,1393,1085,1343,606,0
486,1040,1393,1085,1341,605,0
486,1040,1393,1085,1337,603,0
486,1040,1393,1085,1336,602,0
486,1040,1393,1085,1334,601,0
486,1040,1393,1085,1333,600,0
486,1040,1393,1085,1328,597,0
486,1040,1393,1085,1326,596,0
486,1040,1393,1085,1323,594,0
486,1040,1393,1085,1319,592,0
486,1040,1393,1085,1317,590,0
486,1040,1393,1085,1312,587,0
486,1040,1393,1085,1310,586,0
486,1040,1393,1085,1308,584,0
486,1040,1393,1085,1305,581,0
486,1040,1393,1085,1302,579,0
486,1040,1393,1085,1298,576,0
486,1040,1393,1085,1295,574,0
486,1040,1393,1085,1293,572,0
486,1040,1393,1085,1288,568,0
486,1040,1393,1085,1286,566,0
486,1040,1393,1085,1284,564,0
486,1040,1393,1085,1280,560,0
486,1040,1393,1085,1277,558,0
486,1040,1393,1085,1275,556,0
486,1040,1393,1085,1270,550,0
486,1040,1393,1085,1267,547,0
486,1040,1393,1085,1264,544,0
486,1040,1393,1085,1260,539,0
486,1040,1393,1085,1257,536,0
486,1040,1393,1085,1254,533,0
486,1040,1393,1085,1250,528,0
486,1040,1393,1085,1246,523,0
486,1040,1393,1085,1241,518,0
486,1040,1393,1085,1239,515,0
486,1040,1393,1085,1235,511,0
486,1040,1393,1085,1229,504,0
486,1040,1393,1085,1225,501,0
486,1040,1393,1085,1221,496,0
486,1040,1393,1085,1213,489,0
486,1040,1393,1085,1209,486,0
486,1040,1393,1085,1206,482,0
486,1040,1393,1085,1198,475,0
486,1040,1393,1085,1194,472,0
486,1040,1393,1085,1190,466,0
486,1040,1393,1085,1188,465,0
486,1040,1393,1085,1184,462,0
486,1040,1393,1085,1180,458,0
486,1040,1393,1085,1177,456,0
486,1040,1393,1085,1175,453,0
486,1040,1393,1085,1169,448,0
486,1040,1393,1085,1166,446,0
486,1040,1393,1085,1164,445,0
486,1040,1393,1085,1159,442,0
486,1040,1393,1085,1156,440,0
486,1040,1393,1085,1154,438,0
486,1040,1393,1085,1150,435,0
486,1040,1393,1085,1148,434,0
486,1040,1393,1085,1147,433,0
486,1040,1393,1085,1143,431,0
486,1040,1393,1085,1141,430,0
486,1040,1393,1085,1137,427,0
486,1040,1393,1085,1135,426,0
486,1040,1393,1085,1132,426,0
486,1040,1393,1085,1128,424,0
486,1040,1393,1085,1126,423,0
486,1040,1393,1085,1125,422,0
486,1040,1393,1085,1122,421,0
486,1040,1393,1085,1121,421,0
486,1040,1393,1085,1120,420,0
486,1040,1393,1085,1118,419,0
486,1040,1393,1085,1117,418,0
486,1040,1393,1085,1115,418,0
486,1040,1393,1085,1110,415,0
486,1040,1393,1085,1107,414,0
486,1040,1393,1085,1099,411,0
486,1040,1393,1085,1096,410,0
486,1040,1393,1085,1093,409,0
486,1040,1393,1085,1087,407,0
486,1040,1393,1085,1085,407,0
486,1040,1393,1085,1083,406,0
486,1040,1393,1085,1080,405,0
486,1040,1393,1085,1078,403,0
486,1040,1393,1085,1076,403,0
486,1040,1393,1085,1072,400,0
486,1040,1393,1085,1070,398,0
486,1040,1393,1085,1068,397,0
486,1040,1393,1085,1065,395,0
486,1040,1393,1085,1063,394,0
486,1040,1393,1085,1062,394,0
486,1040,1393,1085,1060,393,0
486,1040,1393,1085,1060,393,0
486,1040,1393,1085,1060,393,0
486,1040,1393,1085,1059,393,0
486,1040,1393,1085,1059,392,0
486,1040,1393,1085,1058,392,0
486,1040,1393,1085,1057,391,0
486,1040,1393,1085,1057,391,0
486,1040,1393,1085,1056,390,0
486,1040,1393,1085,1055,390,0
486,1040,1393,1085,1055,390,0
486,1040,1393,1085,1054,389,0
486,1040,1393,1085,1054,389,0
486,1040,1393,1085,1054,389,0
486,1040,1393,1085,1054,389,0
486,1040,1393,1085,1054,389,0
486,1040,1393,1085,1054,389,0
