486,1040,1393,1085,865,383,0
486,1040,1393,1085,865,383,0
486,1040,1393,1085,865,383,0
486,1040,1393,1085,865,383,0
486,1040,1393,1085,865,383,0
486,1040,1393,1085,865,383,0
486,1040,1393,1085,865,383,0
486,1040,1393,1085,865,383,0
486,1040,1393,1085,865,383,0
486,1040,1393,1085,865,383,0
486,1040,1393,1085,865,383,0
486,1040,1393,1085,864,383,0
486,1040,1393,1085,864,383,0
486,1040,1393,1085,864,383,0
486,1040,1393,1085,863,383,0
486,1040,1393,1085,862,383,0
486,1040,1393,1085,861,383,0
486,1040,1393,1085,861,383,0
486,1040,1393,1085,860,383,0
486,1040,1393,1085,860,384,0
486,1040,1393,1085,858,383,0
486,1040,1393,1085,856,383,0
486,1040,1393,1085,851,383,0
486,1040,1393,1085,848,383,0
486,1040,1393,1085,846,383,0
486,1040,1393,1085,841,383,0
486,1040,1393,1085,839,383,0
486,1040,1393,1085,838,384,0
486,1040,1393,1085,836,384,0
486,1040,1393,1085,836,384,0
486,1040,1393,1085,836,384,0
486,1040,1393,1085,834,384,0
486,1040,1393,1085,833,384,0
486,1040,1393,1085,831,384,0
486,1040,1393,1085,826,384,0
486,1040,1393,1085,823,384,0
486,1040,1393,1085,820,384,0
486,1040,1393,1085,814,384,0
486,1040,1393,1085,813,385,0
486,1040,1393,1085,812,385,0
486,1040,1393,1085,812,385,0
486,1040,1393,1085,812,385,0
486,1040,1393,1085,812,385,0
486,1040,1393,1085,812,385,0
486,1040,1393,1085,811,385,0
486,1040,1393,1085,808,385,0
486,1040,1393,1085,806,386,0
486,1040,1393,1085,801,387,0
486,1040,1393,1085,799,388,0
486,1040,1393,1085,797,388,0
486,1040,1393,1085,791,391,0
486,1040,1393,1085,788,392,0
486,1040,1393,1085,785,393,0
486,1040,1393,1085,780,394,0
486,1040,1393,1085,777,395,0
486,1040,1393,1085,771,398,0
486,1040,1393,1085,768,399,0
486,1040,1393,1085,765,399,0
486,1040,1393,1085,756,402,0
486,1040,1393,1085,752,403,0
486,1040,1393,1085,749,405,0
486,1040,1393,1085,743,408,0
486,1040,1393,1085,741,409,0
486,1040,1393,1085,738,410,0
486,1040,1393,1085,734,412,0
486,1040,1393,1085,732,413,0
486,1040,1393,1085,729,414,0
486,1040,1393,1085,723,415,0
486,1040,1393,1085,720,416,0
486,1040,1393,1085,717,417,0
486,1040,1393,1085,712,419,0
486,1040,1393,1085,709,420,0
486,1040,1393,1085,704,421,0
486,1040,1393,1085,702,422,0
486,1040,1393,1085,699,423,0
486,1040,1393,1085,692,424,0
486,1040,1393,1085,688,426,0
486,1040,1393,1085,684,427,0
486,1040,1393,1085,675,431,0
486,1040,1393,1085,671,432,0
486,1040,1393,1085,664,434,0
486,1040,1393,1085,660,435,0
486,1040,1393,1085,658,435,0
486,1040,1393,1085,656,436,0
486,1040,1393,1085,651,438,0
486,1040,1393,1085,647,439,0
486,1040,1393,1085,642,440,0
486,1040,1393,1085,631,444,0
486,1040,1393,1085,627,446,0
486,1040,1393,1085,621,450,0
486,1040,1393,1085,619,451,0
486,1040,1393,1085,617,452,0
486,1040,1393,1085,614,455,0
486,1040,1393,1085,612,456,0
486,1040,1393,1085,610,458,0
486,1040,1393,1085,604,462,0
486,1040,1393,1085,600,465,0
486,1040,1393,1085,595,469,0
486,1040,1393,1085,593,471,0
486,1040,1393,1085,590,472,0
486,1040,1393,1085,587,475,0
486,1040,1393,1085,585,477,0
486,1040,1393,1085,583,481,0
486,1040,1393,1085,576,490,0
486,1040,1393,1085,571,494,0
486,1040,1393,1085,568,499,0
486,1040,1393,1085,563,507,0
486,1040,1393,1085,559,511,0
486,1040,1393,1085,555,517,0
486,1040,1393,1085,553,519,0
486,1040,1393,1085,552,522,0
486,1040,1393,1085,551,523,0
486,1040,1393,1085,551,524,0
486,1040,1393,1085,550,524,0
486,1040,1393,1085,550,524,0
486,1040,1393,1085,548,525,0
486,1040,1393,1085,547,526,0
486,1040,1393,1085,541,529,0
486,1040,1393,1085,539,531,0
486,1040,1393,1085,536,532,0
486,1040,1393,1085,532,535,0
486,1040,1393,1085,529,536,0
486,1040,1393,1085,525,539,0
486,1040,1393,1085,522,540,0
486,1040,1393,1085,520,542,0
486,1040,1393,1085,516,544,0
486,1040,1393,1085,514,545,0
486,1040,1393,1085,512,547,0
486,1040,1393,1085,508,549,0
486,1040,1393,1085,506,551,0
486,1040,1393,1085,502,554,0
486,1040,1393,1085,501,555,0
486,1040,1393,1085,499,557,0
486,1040,1393,1085,496,560,0
486,1040,1393,1085,494,562,0
486,1040,1393,1085,492,564,0
486,1040,1393,1085,486,569,0
486,1040,1393,1085,483,571,0
486,1040,1393,1085,479,574,0
486,1040,1393,1085,473,580,0
486,1040,1393,1085,471,583,0
486,1040,1393,1085,469,585,0
486,1040,1393,1085,465,590,0
486,1040,1393,1085,463,592,0
486,1040,1393,1085,460,596,0
486,1040,1393,1085,458,598,0
486,1040,1393,1085,458,599,0
486,1040,1393,1085,456,601,0
486,1040,1393,1085,454,603,0
486,1040,1393,1085,452,604,0
486,1040,1393,1085,448,608,0
486,1040,1393,1085,446,610,0
486,1040,1393,1085,441,614,0
486,1040,1393,1085,439,616,0
486,1040,1393,1085,438,617,0
486,1040,1393,1085,435,621,0
486,1040,1393,1085,434,622,0
486,1040,1393,1085,432,624,0
486,1040,1393,1085,430,628,0
486,1040,1393,1085,428,630,0
486,1040,1393,1085,426,634,0
486,1040,1393,1085,425,636,0
486,1040,1393,1085,424,638,0
486,1040,1393,1085,421,642,0
486,1040,1393,1085,419,645,0
486,1040,1393,1085,417,647,0
486,1040,1393,1085,414,652,0
486,1040,1393,1085,413,654,0
486,1040,1393,1085,412,656,0
486,1040,1393,1085,408,663,0
486,1040,1393,1085,406,667,0
486,1040,1393,1085,402,675,0
486,1040,1393,1085,400,679,0
486,1040,1393,1085,398,683,0
486,1040,1393,1085,398,688,0
486,1040,1393,1085,398,689,0
486,1040,1393,1085,397,690,0
486,1040,1393,1085,397,691,0
486,1040,1393,1085,397,691,0
486,1040,1393,1085,397,692,0
486,1040,1393,1085,397,693,0
486,1040,1393,1085,397,694,0
486,1040,1393,1085,396,696,0
486,1040,1393,1085,395,698,0
486,1040,1393,1085,394,699,0
486,1040,1393,1085,392,703,0
486,1040,1393,1085,391,704,0
486,1040,1393,1085,390,705,0
486,1040,1393,1085,389,708,0
486,1040,1393,1085,388,709,0
486,1040,1393,1085,387,711,0
486,1040,1393,1085,385,714,0
486,1040,1393,1085,384,716,0
486,1040,1393,1085,383,717,0
486,1040,1393,1085,380,721,0
486,1040,1393,1085,379,723,0
486,1040,1393,1085,378,727,0
486,1040,1393,1085,377,729,0
486,1040,1393,1085,376,731,0
486,1040,1393,1085,373,737,0
486,1040,1393,1085,373,739,0
486,1040,1393,1085,370,745,0
486,1040,1393,1085,369,747,0
486,1040,1393,1085,368,750,0
486,1040,1393,1085,366,754,0
486,1040,1393,1085,365,756,0
486,1040,1393,1085,364,759,0
486,1040,1393,1085,363,763,0
486,1040,1393,1085,362,766,0
486,1040,1393,1085,361,770,0
486,1040,1393,1085,360,772,0
486,1040,1393,1085,359,774,0
486,1040,1393,1085,357,776,0
486,1040,1393,1085,352,782,0
486,1040,1393,1085,349,785,0
486,1040,1393,1085,347,788,0
486,1040,1393,1085,344,794,0
486,1040,1393,1085,342,798,0
486,1040,1393,1085,340,806,0
486,1040,1393,1085,339,809,0
486,1040,1393,1085,339,811,0
486,1040,1393,1085,339,814,0
486,1040,1393,1085,339,816,0
486,1040,1393,1085,339,817,0
486,1040,1393,1085,340,818,0
486,1040,1393,1085,340,818,0
486,1040,1393,1085,340,819,0
486,1040,1393,1085,340,819,0
486,1040,1393,1085,340,820,0
486,1040,1393,1085,340,822,0
486,1040,1393,1085,340,823,0
486,1040,1393,1085,340,825,0
486,1040,1393,1085,340,827,0
486,1040,1393,1085,340,829,0
486,1040,1393,1085,340,832,0
486,1040,1393,1085,340,833,0
486,1040,1393,1085,340,835,0
486,1040,1393,1085,340,837,0
486,1040,1393,1085,340,838,0
486,1040,1393,1085,340,840,0
486,1040,1393,1085,339,842,0
486,1040,1393,1085,339,846,0
486,1040,1393,1085,338,849,0
486,1040,1393,1085,337,854,0
486,1040,1393,1085,336,857,0
486,1040,1393,1085,336,859,0
486,1040,1393,1085,334,864,0
486,1040,1393,1085,334,866,0
486,1040,1393,1085,333,871,0
486,1040,1393,1085,332,874,0
486,1040,1393,1085,331,877,0
486,1040,1393,1085,330,885,0
486,1040,1393,1085,329,889,0
486,1040,1393,1085,329,893,0
486,1040,1393,1085,328,899,0
486,1040,1393,1085,327,901,0
486,1040,1393,1085,327,902,0
486,1040,1393,1085,327,903,0
486,1040,1393,1085,327,904,0
486,1040,1393,1085,327,905,0
486,1040,1393,1085,327,906,0
486,1040,1393,1085,327,907,0
486,1040,1393,1085,327,909,0
486,1040,1393,1085,327,910,0
486,1040,1393,1085,327,911,0
486,1040,1393,1085,327,914,0
486,1040,1393,1085,327,915,0
486,1040,1393,1085,327,916,0
486,1040,1393,1085,326,919,0
486,1040,1393,1085,326,920,0
486,1040,1393,1085,325,922,0
486,1040,1393,1085,325,925,0
486,1040,1393,1085,324,926,0
486,1040,1393,1085,324,929,0
486,1040,1393,1085,324,930,0
486,1040,1393,1085,323,933,0
486,1040,1393,1085,323,935,0
486,1040,1393,1085,321,939,0
486,1040,1393,1085,321,941,0
486,1040,1393,1085,321,943,0
486,1040,1393,1085,320,946,0
486,1040,1393,1085,320,947,0
486,1040,1393,1085,319,949,0
486,1040,1393,1085,319,950,0
486,1040,1393,1085,319,950,0
486,1040,1393,1085,319,952,0
486,1040,1393,1085,319,953,0
486,1040,1393,1085,319,955,0
486,1040,1393,1085,319,960,0
486,1040,1393,1085,319,962,0
486,1040,1393,1085,319,964,0
486,1040,1393,1085,319,967,0
486,1040,1393,1085,319,969,0
486,1040,1393,1085,319,971,0
486,1040,1393,1085,319,975,0
486,1040,1393,1085,318,977,0
486,1040,1393,1085,318,982,0
486,1040,1393,1085,317,984,0
486,1040,1393,1085,316,985,0
486,1040,1393,1085,316,987,0
486,1040,1393,1085,316,988,0
486,1040,1393,1085,316,988,0
486,1040,1393,1085,315,990,0
486,1040,1393,1085,315,991,0
486,1040,1393,1085,314,993,0
486,1040,1393,1085,314,994,0
486,1040,1393,1085,314,994,0
486,1040,1393,1085,313,995,0
486,1040,1393,1085,313,995,0
486,1040,1393,1085,313,995,0
486,1040,1393,1085,313,996,0
486,1040,1393,1085,313,996,0
486,1040,1393,1085,313,996,0
486,1040,1393,1085,313,997,0
486,1040,1393,1085,312,997,0
486,1040,1393,1085,312,998,0
486,1040,1393,1085,310,1000,0
486,1040,1393,1085,310,1001,0
486,1040,1393,1085,310,1001,0
486,1040,1393,1085,309,1002,0
486,1040,1393,1085,309,1002,0
486,1040,1393,1085,309,1002,0
486,1040,1393,1085,309,1003,0
486,1040,1393,1085,308,1004,0
486,1040,1393,1085,308,1005,0
486,1040,1393,1085,308,1006,0
486,1040,1393,1085,308,1006,0
486,1040,1393,1085,308,1007,0
486,1040,1393,1085,308,1007,0
486,1040,1393,1085,308,1007,0
486,1040,1393,1085,308,1007,0
486,1040,1393,1085,308,1007,0
486,1040,1393,1085,308,1008,0
486,1040,1393,1085,308,1008,0
486,1040,1393,1085,308,1008,0
486,1040,1393,1085,308,1008,0
486,1040,1393,1085,308,1008,0
486,1040,1393,1085,308,1008,0
486,1040,1393,1085,308,1008,1
486,1040,1393,1085,308,1009,1
486,1040,1393,1085,309,1012,1
486,1040,1393,1085,310,1013,1
486,1040,1393,1085,311,1015,1
486,1040,1393,1085,312,1017,1
486,1040,1393,1085,312,1017,1
486,1040,1393,1085,312,1017,1
486,1040,1393,1085,312,1017,1
486,1040,1393,1085,312,1018,1
486,1040,1393,1085,312,1018,1
486,1040,1393,1085,312,1018,1
486,1040,1393,1085,312,1018,1
486,1040,1393,1085,312,1018,1
486,1040,1393,1085,312,1018,1
486,1040,1393,1085,312,1018,1
486,1040,1393,1085,312,1018,1
486,1040,1393,1085,312,1018,1
486,1040,1393,1085,312,1017,1
486,1040,1393,1085,312,1017,1
486,1040,1393,1085,312,1017,1
486,1040,1393,1085,312,1017,1
486,1040,1393,1085,312,1017,1
486,1040,1393,1085,312,1017,1
486,1040,1393,1085,312,1018,1
486,1040,1393,1085,312,1018,1
486,1040,1393,1085,312,1018,1
486,1040,1393,1085,312,1018,1
486,1040,1393,1085,312,1019,1
486,1040,1393,1085,312,1020,1
486,1040,1393,1085,313,1021,1
486,1040,1393,1085,313,1022,1
486,1040,1393,1085,314,1024,1
486,1040,1393,1085,315,1025,1
486,1040,1393,1085,316,1025,1
486,1040,1393,1085,317,1027,1
486,1040,1393,1085,318,1029,1
486,1040,1393,1085,319,1034,1
486,1040,1393,1085,320,1037,1
486,1040,1393,1085,321,1039,1
486,1040,1393,1085,323,1042,1
486,1040,1393,1085,324,1044,1
486,1040,1393,1085,325,1045,1
486,1040,1393,1085,327,1047,1
486,1040,1393,1085,328,1047,1
486,1040,1393,1085,329,1048,1
486,1040,1393,1085,329,1048,1
486,1040,1393,1085,329,1048,1
486,1040,1393,1085,329,1048,1
486,1040,1393,1085,329,1048,1
486,1040,1393,1085,330,1048,1
486,1040,1393,1085,330,1048,1
486,1040,1393,1085,331,1048,1
486,1040,1393,1085,331,1049,1
486,1040,1393,1085,333,1049,1
486,1040,1393,1085,334,1049,1
486,1040,1393,1085,336,1050,1
486,1040,1393,1085,340,1051,1
486,1040,1393,1085,341,1052,1
486,1040,1393,1085,343,1053,1
486,1040,1393,1085,346,1054,1
486,1040,1393,1085,348,1055,1
486,1040,1393,1085,349,1055,1
486,1040,1393,1085,352,1056,1
486,1040,1393,1085,353,1056,1
486,1040,1393,1085,355,1057,1
486,1040,1393,1085,355,1057,1
486,1040,1393,1085,356,1057,1
486,1040,1393,1085,357,1058,1
486,1040,1393,1085,358,1059,1
486,1040,1393,1085,361,1059,1
486,1040,1393,1085,363,1060,1
486,1040,1393,1085,365,1061,1
486,1040,1393,1085,368,1062,1
486,1040,1393,1085,373,1064,1
486,1040,1393,1085,375,1064,1
486,1040,1393,1085,377,1065,1
486,1040,1393,1085,378,1065,1
486,1040,1393,1085,378,1065,1
486,1040,1393,1085,379,1065,1
486,1040,1393,1085,379,1065,1
486,1040,1393,1085,379,1065,1
486,1040,1393,1085,380,1065,1
486,1040,1393,1085,380,1065,1
486,1040,1393,1085,381,1066,1
486,1040,1393,1085,384,1067,1
486,1040,1393,1085,385,1067,1
486,1040,1393,1085,387,1069,1
486,1040,1393,1085,389,1070,1
486,1040,1393,1085,391,1071,1
486,1040,1393,1085,395,1075,1
486,1040,1393,1085,397,1077,1
486,1040,1393,1085,398,1081,1
486,1040,1393,1085,403,1090,1
486,1040,1393,1085,406,1095,1
486,1040,1393,1085,408,1100,1
486,1040,1393,1085,413,1109,1
486,1040,1393,1085,416,1114,1
486,1040,1393,1085,419,1118,1
486,1040,1393,1085,423,1126,1
486,1040,1393,1085,424,1130,1
486,1040,1393,1085,426,1132,1
486,1040,1393,1085,427,1135,1
486,1040,1393,1085,428,1135,1
486,1040,1393,1085,428,1135,1
486,1040,1393,1085,428,1135,1
486,1040,1393,1085,428,1135,1
486,1040,1393,1085,428,1135,1
486,1040,1393,1085,428,1135,1
486,1040,1393,1085,428,1135,1
486,1040,1393,1085,429,1135,1
486,1040,1393,1085,429,1135,1
486,1040,1393,1085,431,1135,1
486,1040,1393,1085,431,1135,1
486,1040,1393,1085,432,1135,1
486,1040,1393,1085,434,1135,1
486,1040,1393,1085,434,1135,1
486,1040,1393,1085,435,1135,1
486,1040,1393,1085,437,1135,1
486,1040,1393,1085,437,1135,1
486,1040,1393,1085,439,1135,1
486,1040,1393,1085,443,1136,1
486,1040,1393,1085,446,1137,1
486,1040,1393,1085,450,1139,1
486,1040,1393,1085,452,1139,1
486,1040,1393,1085,455,1140,1
486,1040,1393,1085,459,1141,1
486,1040,1393,1085,461,1141,1
486,1040,1393,1085,465,1142,1
486,1040,1393,1085,467,1142,1
486,1040,1393,1085,468,1142,1
486,1040,1393,1085,469,1142,1
486,1040,1393,1085,471,1143,1
486,1040,1393,1085,473,1143,1
486,1040,1393,1085,477,1143,1
486,1040,1393,1085,479,1144,1
486,1040,1393,1085,483,1144,1
486,1040,1393,1085,490,1146,1
486,1040,1393,1085,495,1146,1
486,1040,1393,1085,500,1147,1
486,1040,1393,1085,507,1148,1
486,1040,1393,1085,510,1148,1
486,1040,1393,1085,513,1149,1
486,1040,1393,1085,517,1150,1
486,1040,1393,1085,520,1150,1
486,1040,1393,1085,526,1150,1
486,1040,1393,1085,531,1151,1
486,1040,1393,1085,536,1152,1
486,1040,1393,1085,547,1153,1
486,1040,1393,1085,554,1153,1
486,1040,1393,1085,560,1154,1
486,1040,1393,1085,570,1154,1
486,1040,1393,1085,573,1154,1
486,1040,1393,1085,579,1156,1
486,1040,1393,1085,582,1156,1
486,1040,1393,1085,585,1157,1
486,1040,1393,1085,593,1157,1
486,1040,1393,1085,598,1157,1
486,1040,1393,1085,602,1158,1
486,1040,1393,1085,615,1159,1
486,1040,1393,1085,622,1160,1
486,1040,1393,1085,636,1161,1
486,1040,1393,1085,644,1162,1
486,1040,1393,1085,652,1162,1
486,1040,1393,1085,667,1163,1
486,1040,1393,1085,675,1165,1
486,1040,1393,1085,681,1166,1
486,1040,1393,1085,693,1169,1
486,1040,1393,1085,699,1170,1
486,1040,1393,1085,705,1170,1
486,1040,1393,1085,708,1170,1
486,1040,1393,1085,710,1170,1
486,1040,1393,1085,715,1170,1
486,1040,1393,1085,717,1170,1
486,1040,1393,1085,723,1170,1
486,1040,1393,1085,726,1170,1
486,1040,1393,1085,729,1170,1
486,1040,1393,1085,731,1170,1
486,1040,1393,1085,736,1171,1
486,1040,1393,1085,739,1171,1
486,1040,1393,1085,746,1172,1
486,1040,1393,1085,750,1173,1
486,1040,1393,1085,754,1173,1
486,1040,1393,1085,761,1174,1
486,1040,1393,1085,764,1174,1
486,1040,1393,1085,766,1174,1
486,1040,1393,1085,770,1175,1
486,1040,1393,1085,771,1176,1
486,1040,1393,1085,773,1176,1
486,1040,1393,1085,776,1177,1
486,1040,1393,1085,779,1178,1
486,1040,1393,1085,786,1178,1
486,1040,1393,1085,789,1179,1
486,1040,1393,1085,792,1179,1
486,1040,1393,1085,798,1181,1
486,1040,1393,1085,802,1182,1
486,1040,1393,1085,811,1184,1
486,1040,1393,1085,815,1185,1
486,1040,1393,1085,819,1186,1
486,1040,1393,1085,826,1188,1
486,1040,1393,1085,830,1188,1
486,1040,1393,1085,833,1189,1
486,1040,1393,1085,839,1190,1
486,1040,1393,1085,841,1190,1
486,1040,1393,1085,842,1190,1
486,1040,1393,1085,845,1191,1
486,1040,1393,1085,848,1191,1
486,1040,1393,1085,852,1192,1
486,1040,1393,1085,861,1193,1
486,1040,1393,1085,867,1194,1
486,1040,1393,1085,871,1194,1
486,1040,1393,1085,880,1195,1
486,1040,1393,1085,884,1195,1
486,1040,1393,1085,892,1196,1
486,1040,1393,1085,896,1197,1
486,1040,1393,1085,902,1200,1
486,1040,1393,1085,911,1201,1
486,1040,1393,1085,917,1202,1
486,1040,1393,1085,927,1203,1
486,1040,1393,1085,931,1203,1
486,1040,1393,1085,934,1204,1
486,1040,1393,1085,939,1205,1
486,1040,1393,1085,942,1205,1
486,1040,1393,1085,946,1206,1
486,1040,1393,1085,955,1207,1
486,1040,1393,1085,959,1208,1
486,1040,1393,1085,962,1208,1
486,1040,1393,1085,969,1210,1
486,1040,1393,1085,972,1210,1
486,1040,1393,1085,975,1211,1
486,1040,1393,1085,982,1212,1
486,1040,1393,1085,986,1214,1
486,1040,1393,1085,994,1215,1
486,1040,1393,1085,997,1216,1
486,1040,1393,1085,1000,1216,1
486,1040,1393,1085,1006,1217,1
486,1040,1393,1085,1009,1218,1
486,1040,1393,1085,1014,1218,1
486,1040,1393,1085,1023,1218,1
486,1040,1393,1085,1028,1218,1
486,1040,1393,1085,1037,1219,1
486,1040,1393,1085,1041,1219,1
486,1040,1393,1085,1045,1219,1
486,1040,1393,1085,1053,1220,1
486,1040,1393,1085,1057,1220,1
486,1040,1393,1085,1061,1220,1
486,1040,1393,1085,1068,1220,1
486,1040,1393,1085,1073,1220,1
486,1040,1393,1085,1079,1221,1
486,1040,1393,1085,1082,1221,1
486,1040,1393,1085,1085,1221,1
486,1040,1393,1085,1092,1221,1
486,1040,1393,1085,1095,1221,1
486,1040,1393,1085,1098,1221,1
486,1040,1393,1085,1106,1221,1
486,1040,1393,1085,1110,1221,1
486,1040,1393,1085,1114,1221,1
486,1040,1393,1085,1122,1221,1
486,1040,1393,1085,1127,1221,1
486,1040,1393,1085,1137,1221,1
486,1040,1393,1085,1142,1221,1
486,1040,1393,1085,1146,1221,1
486,1040,1393,1085,1155,1221,1
486,1040,1393,1085,1159,1221,1
486,1040,1393,1085,1161,1221,1
486,1040,1393,1085,1163,1221,1
486,1040,1393,1085,1165,1221,1
486,1040,1393,1085,1168,1221,1
486,1040,1393,1085,1170,1222,1
486,1040,1393,1085,1174,1222,1
486,1040,1393,1085,1184,1222,1
486,1040,1393,1085,1190,1222,1
486,1040,1393,1085,1196,1222,1
486,1040,1393,1085,1206,1222,1
486,1040,1393,1085,1210,1222,1
486,1040,1393,1085,1217,1222,1
486,1040,1393,1085,1220,1222,1
486,1040,1393,1085,1223,1222,1
486,1040,1393,1085,1227,1222,1
486,1040,1393,1085,1236,1222,1
486,1040,1393,1085,1241,1222,1
486,1040,1393,1085,1249,1222,1
486,1040,1393,1085,1253,1222,1
486,1040,1393,1085,1256,1222,1
486,1040,1393,1085,1262,1222,1
486,1040,1393,1085,1265,1221,1
486,1040,1393,1085,1271,1220,1
486,1040,1393,1085,1275,1220,1
486,1040,1393,1085,1281,1219,1
486,1040,1393,1085,1294,1217,1
486,1040,1393,1085,1299,1217,1
486,1040,1393,1085,1304,1216,1
486,1040,1393,1085,1309,1215,1
486,1040,1393,1085,1310,1213,1
486,1040,1393,1085,1311,1213,1
486,1040,1393,1085,1311,1213,1
486,1040,1393,1085,1311,1212,1
486,1040,1393,1085,1314,1212,1
486,1040,1393,1085,1315,1211,1
486,1040,1393,1085,1319,1208,1
486,1040,1393,1085,1320,1207,1
486,1040,1393,1085,1321,1206,1
486,1040,1393,1085,1321,1206,1
486,1040,1393,1085,1322,1205,1
486,1040,1393,1085,1322,1205,1
486,1040,1393,1085,1323,1205,1
486,1040,1393,1085,1324,1204,1
486,1040,1393,1085,1325,1204,1
486,1040,1393,1085,1328,1202,1
486,1040,1393,1085,1330,1201,1
486,1040,1393,1085,1331,1200,1
486,1040,1393,1085,1333,1198,1
486,1040,1393,1085,1335,1198,1
486,1040,1393,1085,1337,1196,1
486,1040,1393,1085,1339,1195,1
486,1040,1393,1085,1341,1195,1
486,1040,1393,1085,1345,1192,1
486,1040,1393,1085,1347,1191,1
486,1040,1393,1085,1350,1189,1
486,1040,1393,1085,1352,1188,1
486,1040,1393,1085,1353,1187,1
486,1040,1393,1085,1355,1185,1
486,1040,1393,1085,1357,1184,1
486,1040,1393,1085,1358,1183,1
486,1040,1393,1085,1360,1181,1
486,1040,1393,1085,1362,1180,1
486,1040,1393,1085,1363,1178,1
486,1040,1393,1085,1367,1176,1
486,1040,1393,1085,1369,1174,1
486,1040,1393,1085,1371,1173,1
486,1040,1393,1085,1374,1170,1
486,1040,1393,1085,1376,1169,1
486,1040,1393,1085,1380,1166,1
486,1040,1393,1085,1382,1165,1
486,1040,1393,1085,1384,1164,1
486,1040,1393,1085,1386,1162,1
486,1040,1393,1085,1387,1161,1
486,1040,1393,1085,1389,1160,1
486,1040,1393,1085,1392,1158,1
486,1040,1393,1085,1394,1157,1
486,1040,1393,1085,1396,1156,1
486,1040,1393,1085,1398,1152,1
486,1040,1393,1085,1400,1151,1
486,1040,1393,1085,1402,1147,1
486,1040,1393,1085,1404,1146,1
486,1040,1393,1085,1405,1145,1
486,1040,1393,1085,1407,1144,1
486,1040,1393,1085,1409,1143,1
486,1040,1393,1085,1411,1142,1
486,1040,1393,1085,1412,1141,1
486,1040,1393,1085,1413,1141,1
486,1040,1393,1085,1415,1139,1
486,1040,1393,1085,1417,1138,1
486,1040,1393,1085,1418,1137,1
486,1040,1393,1085,1421,1135,1
486,1040,1393,1085,1422,1134,1
486,1040,1393,1085,1423,1133,1
486,1040,1393,1085,1424,1131,1
486,1040,1393,1085,1424,1131,1
486,1040,1393,1085,1424,1131,1
486,1040,1393,1085,1424,1129,1
486,1040,1393,1085,1425,1128,1
486,1040,1393,1085,1426,1127,1
486,1040,1393,1085,1427,1126,1
486,1040,1393,1085,1428,1125,1
486,1040,1393,1085,1429,1124,1
486,1040,1393,1085,1429,1124,1
486,1040,1393,1085,1429,1124,1
486,1040,1393,1085,1430,1122,1
486,1040,1393,1085,1430,1122,1
486,1040,1393,1085,1433,1120,1
486,1040,1393,1085,1434,1119,1
486,1040,1393,1085,1435,1118,1
486,1040,1393,1085,1437,1116,1
486,1040,1393,1085,1437,1115,1
486,1040,1393,1085,1438,1114,1
486,1040,1393,1085,1438,1113,1
486,1040,1393,1085,1438,1111,1
486,1040,1393,1085,1439,1110,1
486,1040,1393,1085,1439,1109,1
486,1040,1393,1085,1440,1108,1
486,1040,1393,1085,1440,1107,1
486,1040,1393,1085,1441,1107,1
486,1040,1393,1085,1441,1106,1
486,1040,1393,1085,1441,1106,1
486,1040,1393,1085,1441,1105,1
486,1040,1393,1085,1441,1105,1
486,1040,1393,1085,1441,1105,1
486,1040,1393,1085,1441,1105,1
486,1040,1393,1085,1441,1105,1
486,1040,1393,1085,1441,1105,1
486,1040,1393,1085,1441,1105,1
486,1040,1393,1085,1441,1105,0
486,1040,1393,1085,1441,1105,0
486,1040,1393,1085,1441,1105,0
486,1040,1393,1085,1441,1105,0
486,1040,1393,1085,1441,1105,0
486,1040,1393,1085,1441,1104,0
486,1040,1393,1085,1441,1104,0
486,1040,1393,1085,1441,1104,0
486,1040,1393,1085,1441,1104,0
486,1040,1393,1085,1441,1104,0
486,1040,1393,1085,1441,1104,0
486,1040,1393,1085,1441,1104,0
486,1040,1393,1085,1441,1104,0
486,1040,1393,1085,1441,1104,0
486,1040,1393,1085,1441,1104,0
486,1040,1393,1085,1441,1104,0
486,1040,1393,1085,1441,1104,0
486,1040,1393,1085,1441,1104,0
486,1040,1393,1085,1441,1104,0
486,1040,1393,1085,1441,1104,0
486,1040,1393,1085,1441,1104,0
486,1040,1393,1085,1441,1104,0
486,1040,1393,1085,1441,1104,0
486,1040,1393,1085,1441,1103,0
486,1040,1393,1085,1440,1101,0
486,1040,1393,1085,1439,1099,0
486,1040,1393,1085,1439,1097,0
486,1040,1393,1085,1438,1092,0
486,1040,1393,1085,1437,1089,0
486,1040,1393,1085,1436,1082,0
486,1040,1393,1085,1435,1078,0
486,1040,1393,1085,1435,1073,0
486,1040,1393,1085,1433,1063,0
486,1040,1393,1085,1432,1057,0
486,1040,1393,1085,1431,1052,0
486,1040,1393,1085,1429,1043,0
486,1040,1393,1085,1429,1038,0
486,1040,1393,1085,1427,1033,0
486,1040,1393,1085,1427,1030,0
486,1040,1393,1085,1427,1029,0
486,1040,1393,1085,1425,1027,0
486,1040,1393,1085,1424,1023,0
486,1040,1393,1085,1423,1020,0
486,1040,1393,1085,1422,1017,0
486,1040,1393,1085,1421,1014,0
486,1040,1393,1085,1420,1012,0
486,1040,1393,1085,1419,1008,0
486,1040,1393,1085,1419,1005,0
486,1040,1393,1085,1418,1003,0
486,1040,1393,1085,1418,998,0
486,1040,1393,1085,1417,995,0
486,1040,1393,1085,1416,987,0
486,1040,1393,1085,1416,984,0
486,1040,1393,1085,1415,980,0
486,1040,1393,1085,1414,974,0
486,1040,1393,1085,1414,971,0
486,1040,1393,1085,1413,967,0
486,1040,1393,1085,1413,960,0
486,1040,1393,1085,1413,956,0
486,1040,1393,1085,1413,947,0
486,1040,1393,1085,1414,943,0
486,1040,1393,1085,1414,939,0
486,1040,1393,1085,1414,932,0
486,1040,1393,1085,1413,928,0
486,1040,1393,1085,1413,924,0
486,1040,1393,1085,1411,916,0
486,1040,1393,1085,1410,912,0
486,1040,1393,1085,1409,906,0
486,1040,1393,1085,1407,896,0
486,1040,1393,1085,1406,891,0
486,1040,1393,1085,1405,886,0
486,1040,1393,1085,1402,878,0
486,1040,1393,1085,1401,874,0
486,1040,1393,1085,1397,864,0
486,1040,1393,1085,1393,858,0
486,1040,1393,1085,1391,851,0
486,1040,1393,1085,1386,839,0
486,1040,1393,1085,1384,834,0
486,1040,1393,1085,1381,830,0
486,1040,1393,1085,1378,823,0
486,1040,1393,1085,1377,820,0
486,1040,1393,1085,1375,816,0
486,1040,1393,1085,1371,809,0
486,1040,1393,1085,1370,807,0
486,1040,1393,1085,1364,799,0
486,1040,1393,1085,1359,795,0
486,1040,1393,1085,1356,789,0
486,1040,1393,1085,1348,777,0
486,1040,1393,1085,1345,771,0
486,1040,1393,1085,1340,762,0
486,1040,1393,1085,1338,758,0
486,1040,1393,1085,1337,755,0
486,1040,1393,1085,1333,748,0
486,1040,1393,1085,1332,743,0
486,1040,1393,1085,1330,740,0
486,1040,1393,1085,1324,730,0
486,1040,1393,1085,1321,727,0
486,1040,1393,1085,1317,722,0
486,1040,1393,1085,1310,713,0
486,1040,1393,1085,1306,708,0
486,1040,1393,1085,1299,699,0
486,1040,1393,1085,1297,694,0
486,1040,1393,1085,1295,691,0
486,1040,1393,1085,1291,685,0
486,1040,1393,1085,1289,683,0
486,1040,1393,1085,1287,679,0
486,1040,1393,1085,1283,674,0
486,1040,1393,1085,1280,670,0
486,1040,1393,1085,1273,664,0
486,1040,1393,1085,1270,660,0
486,1040,1393,1085,1267,657,0
486,1040,1393,1085,1263,654,0
486,1040,1393,1085,1260,651,0
486,1040,1393,1085,1259,649,0
486,1040,1393,1085,1256,645,0
486,1040,1393,1085,1254,643,0
486,1040,1393,1085,1252,640,0
486,1040,1393,1085,1248,635,0
486,1040,1393,1085,1245,632,0
486,1040,1393,1085,1237,624,0
486,1040,1393,1085,1233,619,0
486,1040,1393,1085,1230,616,0
486,1040,1393,1085,1224,609,0
486,1040,1393,1085,1220,604,0
486,1040,1393,1085,1218,601,0
486,1040,1393,1085,1214,593,0
486,1040,1393,1085,1210,589,0
486,1040,1393,1085,1203,579,0
486,1040,1393,1085,1198,573,0
486,1040,1393,1085,1195,567,0
486,1040,1393,1085,1182,553,0
486,1040,1393,1085,1177,547,0
486,1040,1393,1085,1172,540,0
486,1040,1393,1085,1163,527,0
486,1040,1393,1085,1157,521,0
486,1040,1393,1085,1150,508,0
486,1040,1393,1085,1146,503,0
486,1040,1393,1085,1144,498,0
486,1040,1393,1085,1141,491,0
486,1040,1393,1085,1133,477,0
486,1040,1393,1085,1127,470,0
486,1040,1393,1085,1116,454,0
486,1040,1393,1085,1112,447,0
486,1040,1393,1085,1108,442,0
486,1040,1393,1085,1102,431,0
486,1040,1393,1085,1099,426,0
486,1040,1393,1085,1096,421,0
486,1040,1393,1085,1094,412,0
486,1040,1393,1085,1093,408,0
486,1040,1393,1085,1090,401,0
486,1040,1393,1085,1089,398,0
486,1040,1393,1085,1088,396,0
486,1040,1393,1085,1087,392,0
486,1040,1393,1085,1087,391,0
486,1040,1393,1085,1085,389,0
486,1040,1393,1085,1085,388,0
486,1040,1393,1085,1084,387,0
486,1040,1393,1085,1083,385,0
486,1040,1393,1085,1083,384,0
486,1040,1393,1085,1082,383,0
486,1040,1393,1085,1081,382,0
486,1040,1393,1085,1081,381,0
486,1040,1393,1085,1080,379,0
486,1040,1393,1085,1080,379,0
486,1040,1393,1085,1080,378,0
486,1040,1393,1085,1079,378,0
486,1040,1393,1085,1079,378,0
486,1040,1393,1085,1079,378,0
486,1040,1393,1085,1079,378,0
486,1040,1393,1085,1079,378,0
486,1040,1393,1085,1079,378,0
