486,1040,1393,1085,878,376,0
486,1040,1393,1085,878,376,0
486,1040,1393,1085,878,376,0
486,1040,1393,1085,878,376,0
486,1040,1393,1085,878,376,0
486,1040,1393,1085,878,376,0
486,1040,1393,1085,878,376,0
486,1040,1393,1085,878,376,0
486,1040,1393,1085,878,376,0
486,1040,1393,1085,877,377,0
486,1040,1393,1085,877,377,0
486,1040,1393,1085,877,377,0
486,1040,1393,1085,877,377,0
486,1040,1393,1085,877,377,0
486,1040,1393,1085,877,377,0
486,1040,1393,1085,877,377,0
486,1040,1393,1085,877,377,0
486,1040,1393,1085,877,377,0
486,1040,1393,1085,877,377,0
486,1040,1393,1085,877,377,0
486,1040,1393,1085,877,377,0
486,1040,1393,1085,877,377,0
486,1040,1393,1085,877,377,0
486,1040,1393,1085,877,377,0
486,1040,1393,1085,877,377,0
486,1040,1393,1085,876,377,0
486,1040,1393,1085,876,377,0
486,1040,1393,1085,875,378,0
486,1040,1393,1085,874,378,0
486,1040,1393,1085,874,378,0
486,1040,1393,1085,874,378,0
486,1040,1393,1085,874,378,0
486,1040,1393,1085,874,378,0
486,1040,1393,1085,874,379,0
486,1040,1393,1085,874,379,0
486,1040,1393,1085,872,380,0
486,1040,1393,1085,872,380,0
486,1040,1393,1085,871,381,0
486,1040,1393,1085,870,381,0
486,1040,1393,1085,869,382,0
486,1040,1393,1085,868,383,0
486,1040,1393,1085,867,384,0
486,1040,1393,1085,866,385,0
486,1040,1393,1085,863,387,0
486,1040,1393,1085,860,388,0
486,1040,1393,1085,857,390,0
486,1040,1393,1085,850,393,0
486,1040,1393,1085,846,394,0
486,1040,1393,1085,843,396,0
486,1040,1393,1085,837,399,0
486,1040,1393,1085,835,400,0
486,1040,1393,1085,834,401,0
486,1040,1393,1085,829,404,0
486,1040,1393,1085,828,405,0
486,1040,1393,1085,824,408,0
486,1040,1393,1085,822,410,0
486,1040,1393,1085,819,412,0
486,1040,1393,1085,814,416,0
486,1040,1393,1085,812,418,0
486,1040,1393,1085,810,420,0
486,1040,1393,1085,806,423,0
486,1040,1393,1085,803,425,0
486,1040,1393,1085,796,429,0
486,1040,1393,1085,793,431,0
486,1040,1393,1085,789,433,0
486,1040,1393,1085,784,437,0
486,1040,1393,1085,781,439,0
486,1040,1393,1085,779,441,0
486,1040,1393,1085,774,444,0
486,1040,1393,1085,772,446,0
486,1040,1393,1085,767,449,0
486,1040,1393,1085,764,450,0
486,1040,1393,1085,761,452,0
486,1040,1393,1085,756,456,0
486,1040,1393,1085,754,457,0
486,1040,1393,1085,752,458,0
486,1040,1393,1085,748,461,0
486,1040,1393,1085,746,461,0
486,1040,1393,1085,745,462,0
486,1040,1393,1085,743,464,0
486,1040,1393,1085,742,465,0
486,1040,1393,1085,740,466,0
486,1040,1393,1085,738,468,0
486,1040,1393,1085,736,470,0
486,1040,1393,1085,734,471,0
486,1040,1393,1085,731,473,0
486,1040,1393,1085,730,475,0
486,1040,1393,1085,726,478,0
486,1040,1393,1085,723,480,0
486,1040,1393,1085,721,481,0
486,1040,1393,1085,717,485,0
486,1040,1393,1085,715,486,0
486,1040,1393,1085,713,488,0
486,1040,1393,1085,708,492,0
486,1040,1393,1085,705,494,0
486,1040,1393,1085,700,497,0
486,1040,1393,1085,697,499,0
486,1040,1393,1085,695,500,0
486,1040,1393,1085,692,504,0
486,1040,1393,1085,690,505,0
486,1040,1393,1085,689,507,0
486,1040,1393,1085,687,509,0
486,1040,1393,1085,686,511,0
486,1040,1393,1085,685,512,0
486,1040,1393,1085,682,515,0
486,1040,1393,1085,680,517,0
486,1040,1393,1085,678,520,0
486,1040,1393,1085,674,524,0
486,1040,1393,1085,672,526,0
486,1040,1393,1085,667,531,0
486,1040,1393,1085,665,533,0
486,1040,1393,1085,662,535,0
486,1040,1393,1085,657,539,0
486,1040,1393,1085,656,541,0
486,1040,1393,1085,655,543,0
486,1040,1393,1085,652,547,0
486,1040,1393,1085,651,549,0
486,1040,1393,1085,649,550,0
486,1040,1393,1085,646,554,0
486,1040,1393,1085,645,556,0
486,1040,1393,1085,641,559,0
486,1040,1393,1085,640,561,0
486,1040,1393,1085,639,563,0
486,1040,1393,1085,636,567,0
486,1040,1393,1085,634,569,0
486,1040,1393,1085,632,572,0
486,1040,1393,1085,630,574,0
486,1040,1393,1085,627,578,0
486,1040,1393,1085,626,580,0
486,1040,1393,1085,623,584,0
486,1040,1393,1085,622,586,0
486,1040,1393,1085,621,588,0
486,1040,1393,1085,620,592,0
486,1040,1393,1085,619,594,0
486,1040,1393,1085,618,595,0
486,1040,1393,1085,616,600,0
486,1040,1393,1085,614,602,0
486,1040,1393,1085,612,606,0
486,1040,1393,1085,609,612,0
486,1040,1393,1085,609,615,0
486,1040,1393,1085,608,617,0
486,1040,1393,1085,606,621,0
486,1040,1393,1085,605,622,0
486,1040,1393,1085,603,625,0
486,1040,1393,1085,603,626,0
486,1040,1393,1085,602,627,0
486,1040,1393,1085,601,630,0
486,1040,1393,1085,601,631,0
486,1040,1393,1085,601,632,0
486,1040,1393,1085,600,635,0
486,1040,1393,1085,599,637,0
486,1040,1393,1085,597,640,0
486,1040,1393,1085,596,642,0
486,1040,1393,1085,595,644,0
486,1040,1393,1085,593,647,0
486,1040,1393,1085,591,649,0
486,1040,1393,1085,590,651,0
486,1040,1393,1085,588,654,0
486,1040,1393,1085,587,655,0
486,1040,1393,1085,586,656,0
486,1040,1393,1085,585,659,0
486,1040,1393,1085,585,660,0
486,1040,1393,1085,584,662,0
486,1040,1393,1085,581,666,0
486,1040,1393,1085,580,668,0
486,1040,1393,1085,578,670,0
486,1040,1393,1085,575,675,0
486,1040,1393,1085,573,677,0
486,1040,1393,1085,570,680,0
486,1040,1393,1085,569,682,0
486,1040,1393,1085,568,684,0
486,1040,1393,1085,567,687,0
486,1040,1393,1085,566,688,0
486,1040,1393,1085,565,690,0
486,1040,1393,1085,563,695,0
486,1040,1393,1085,561,698,0
486,1040,1393,1085,559,700,0
486,1040,1393,1085,557,705,0
486,1040,1393,1085,556,708,0
486,1040,1393,1085,555,711,0
486,1040,1393,1085,552,717,0
486,1040,1393,1085,550,720,0
486,1040,1393,1085,549,723,0
486,1040,1393,1085,546,730,0
486,1040,1393,1085,546,732,0
486,1040,1393,1085,545,735,0
486,1040,1393,1085,542,740,0
486,1040,1393,1085,540,743,0
486,1040,1393,1085,537,750,0
486,1040,1393,1085,534,753,0
486,1040,1393,1085,532,755,0
486,1040,1393,1085,528,761,0
486,1040,1393,1085,526,764,0
486,1040,1393,1085,525,766,0
486,1040,1393,1085,523,770,0
486,1040,1393,1085,522,772,0
486,1040,1393,1085,520,776,0
486,1040,1393,1085,519,778,0
486,1040,1393,1085,519,779,0
486,1040,1393,1085,518,783,0
486,1040,1393,1085,517,785,0
486,1040,1393,1085,517,786,0
486,1040,1393,1085,517,790,0
486,1040,1393,1085,517,792,0
486,1040,1393,1085,517,795,0
486,1040,1393,1085,516,799,0
486,1040,1393,1085,515,801,0
486,1040,1393,1085,514,803,0
486,1040,1393,1085,512,806,0
486,1040,1393,1085,512,808,0
486,1040,1393,1085,511,812,0
486,1040,1393,1085,511,813,0
486,1040,1393,1085,509,815,0
486,1040,1393,1085,506,820,0
486,1040,1393,1085,505,823,0
486,1040,1393,1085,504,826,0
486,1040,1393,1085,502,834,0
486,1040,1393,1085,501,839,0
486,1040,1393,1085,501,845,0
486,1040,1393,1085,501,855,0
486,1040,1393,1085,501,860,0
486,1040,1393,1085,500,867,0
486,1040,1393,1085,499,869,0
486,1040,1393,1085,498,872,0
486,1040,1393,1085,497,876,0
486,1040,1393,1085,496,877,0
486,1040,1393,1085,496,879,0
486,1040,1393,1085,496,881,0
486,1040,1393,1085,495,882,0
486,1040,1393,1085,495,884,0
486,1040,1393,1085,494,886,0
486,1040,1393,1085,493,887,0
486,1040,1393,1085,493,889,0
486,1040,1393,1085,493,891,0
486,1040,1393,1085,492,893,0
486,1040,1393,1085,492,894,0
486,1040,1393,1085,491,897,0
486,1040,1393,1085,490,899,0
486,1040,1393,1085,488,901,0
486,1040,1393,1085,487,903,0
486,1040,1393,1085,487,904,0
486,1040,1393,1085,485,908,0
486,1040,1393,1085,484,910,0
486,1040,1393,1085,483,912,0
486,1040,1393,1085,481,916,0
486,1040,1393,1085,480,918,0
486,1040,1393,1085,479,921,0
486,1040,1393,1085,479,925,0
486,1040,1393,1085,479,927,0
486,1040,1393,1085,478,929,0
486,1040,1393,1085,478,932,0
486,1040,1393,1085,477,933,0
486,1040,1393,1085,477,937,0
486,1040,1393,1085,476,939,0
486,1040,1393,1085,476,941,0
486,1040,1393,1085,475,945,0
486,1040,1393,1085,475,947,0
486,1040,1393,1085,474,949,0
486,1040,1393,1085,473,952,0
486,1040,1393,1085,473,954,0
486,1040,1393,1085,472,955,0
486,1040,1393,1085,472,958,0
486,1040,1393,1085,472,960,0
486,1040,1393,1085,471,961,0
486,1040,1393,1085,471,963,0
486,1040,1393,1085,471,964,0
486,1040,1393,1085,470,966,0
486,1040,1393,1085,469,968,0
486,1040,1393,1085,468,970,0
486,1040,1393,1085,467,973,0
486,1040,1393,1085,467,974,0
486,1040,1393,1085,466,975,0
486,1040,1393,1085,465,977,0
486,1040,1393,1085,464,978,0
486,1040,1393,1085,464,979,0
486,1040,1393,1085,462,981,0
486,1040,1393,1085,462,982,0
486,1040,1393,1085,462,982,0
486,1040,1393,1085,461,983,0
486,1040,1393,1085,461,984,0
486,1040,1393,1085,461,985,0
486,1040,1393,1085,461,986,0
486,1040,1393,1085,460,987,0
486,1040,1393,1085,460,987,0
486,1040,1393,1085,460,988,0
486,1040,1393,1085,460,989,0
486,1040,1393,1085,459,990,0
486,1040,1393,1085,459,991,0
486,1040,1393,1085,459,992,0
486,1040,1393,1085,458,993,0
486,1040,1393,1085,458,994,0
486,1040,1393,1085,458,994,0
486,1040,1393,1085,458,995,0
486,1040,1393,1085,458,996,0
486,1040,1393,1085,458,996,0
486,1040,1393,1085,458,996,0
486,1040,1393,1085,458,996,0
486,1040,1393,1085,458,996,0
486,1040,1393,1085,458,996,0
486,1040,1393,1085,458,996,0
486,1040,1393,1085,458,996,0
486,1040,1393,1085,458,996,0
486,1040,1393,1085,458,996,1
486,1040,1393,1085,458,997,1
486,1040,1393,1085,458,997,1
486,1040,1393,1085,459,998,1
486,1040,1393,1085,459,1000,1
486,1040,1393,1085,460,1000,1
486,1040,1393,1085,460,1001,1
486,1040,1393,1085,462,1002,1
486,1040,1393,1085,462,1002,1
486,1040,1393,1085,462,1002,1
486,1040,1393,1085,463,1002,1
486,1040,1393,1085,463,1002,1
486,1040,1393,1085,463,1002,1
486,1040,1393,1085,463,1002,1
486,1040,1393,1085,463,1003,1
486,1040,1393,1085,463,1003,1
486,1040,1393,1085,464,1003,1
486,1040,1393,1085,465,1003,1
486,1040,1393,1085,465,1003,1
486,1040,1393,1085,467,1005,1
486,1040,1393,1085,468,1006,1
486,1040,1393,1085,469,1006,1
486,1040,1393,1085,472,1008,1
486,1040,1393,1085,474,1009,1
486,1040,1393,1085,478,1012,1
486,1040,1393,1085,479,1013,1
486,1040,1393,1085,481,1014,1
486,1040,1393,1085,483,1016,1
486,1040,1393,1085,485,1017,1
486,1040,1393,1085,486,1018,1
486,1040,1393,1085,489,1020,1
486,1040,1393,1085,491,1021,1
486,1040,1393,1085,492,1023,1
486,1040,1393,1085,497,1026,1
486,1040,1393,1085,499,1028,1
486,1040,1393,1085,501,1029,1
486,1040,1393,1085,506,1032,1
486,1040,1393,1085,508,1033,1
486,1040,1393,1085,509,1034,1
486,1040,1393,1085,512,1036,1
486,1040,1393,1085,513,1037,1
486,1040,1393,1085,515,1038,1
486,1040,1393,1085,517,1039,1
486,1040,1393,1085,518,1040,1
486,1040,1393,1085,522,1042,1
486,1040,1393,1085,525,1043,1
486,1040,1393,1085,527,1045,1
486,1040,1393,1085,533,1048,1
486,1040,1393,1085,535,1049,1
486,1040,1393,1085,537,1051,1
486,1040,1393,1085,541,1053,1
486,1040,1393,1085,543,1055,1
486,1040,1393,1085,545,1056,1
486,1040,1393,1085,551,1060,1
486,1040,1393,1085,554,1062,1
486,1040,1393,1085,559,1065,1
486,1040,1393,1085,562,1066,1
486,1040,1393,1085,564,1068,1
486,1040,1393,1085,567,1070,1
486,1040,1393,1085,573,1074,1
486,1040,1393,1085,576,1076,1
486,1040,1393,1085,581,1079,1
486,1040,1393,1085,588,1083,1
486,1040,1393,1085,593,1085,1
486,1040,1393,1085,601,1090,1
486,1040,1393,1085,603,1092,1
486,1040,1393,1085,608,1094,1
486,1040,1393,1085,614,1098,1
486,1040,1393,1085,617,1099,1
486,1040,1393,1085,620,1100,1
486,1040,1393,1085,626,1105,1
486,1040,1393,1085,632,1108,1
486,1040,1393,1085,636,1110,1
486,1040,1393,1085,648,1116,1
486,1040,1393,1085,654,1118,1
486,1040,1393,1085,665,1123,1
486,1040,1393,1085,670,1125,1
486,1040,1393,1085,675,1127,1
486,1040,1393,1085,682,1130,1
486,1040,1393,1085,685,1130,1
486,1040,1393,1085,689,1132,1
486,1040,1393,1085,695,1133,1
486,1040,1393,1085,697,1134,1
486,1040,1393,1085,699,1136,1
486,1040,1393,1085,703,1137,1
486,1040,1393,1085,705,1138,1
486,1040,1393,1085,708,1138,1
486,1040,1393,1085,714,1141,1
486,1040,1393,1085,717,1142,1
486,1040,1393,1085,719,1143,1
486,1040,1393,1085,723,1144,1
486,1040,1393,1085,726,1145,1
486,1040,1393,1085,728,1146,1
486,1040,1393,1085,734,1147,1
486,1040,1393,1085,736,1148,1
486,1040,1393,1085,739,1149,1
486,1040,1393,1085,741,1150,1
486,1040,1393,1085,743,1151,1
486,1040,1393,1085,747,1152,1
486,1040,1393,1085,749,1153,1
486,1040,1393,1085,751,1154,1
486,1040,1393,1085,754,1156,1
486,1040,1393,1085,755,1156,1
486,1040,1393,1085,756,1157,1
486,1040,1393,1085,756,1158,1
486,1040,1393,1085,757,1158,1
486,1040,1393,1085,760,1159,1
486,1040,1393,1085,762,1160,1
486,1040,1393,1085,764,1161,1
486,1040,1393,1085,770,1164,1
486,1040,1393,1085,773,1165,1
486,1040,1393,1085,776,1167,1
486,1040,1393,1085,778,1168,1
486,1040,1393,1085,781,1170,1
486,1040,1393,1085,782,1171,1
486,1040,1393,1085,784,1172,1
486,1040,1393,1085,785,1173,1
486,1040,1393,1085,786,1174,1
486,1040,1393,1085,788,1175,1
486,1040,1393,1085,789,1175,1
486,1040,1393,1085,791,1176,1
486,1040,1393,1085,792,1177,1
486,1040,1393,1085,794,1178,1
486,1040,1393,1085,798,1179,1
486,1040,1393,1085,800,1180,1
486,1040,1393,1085,805,1183,1
486,1040,1393,1085,808,1184,1
486,1040,1393,1085,811,1185,1
486,1040,1393,1085,818,1188,1
486,1040,1393,1085,822,1189,1
486,1040,1393,1085,826,1190,1
486,1040,1393,1085,836,1192,1
486,1040,1393,1085,840,1192,1
486,1040,1393,1085,846,1193,1
486,1040,1393,1085,856,1195,1
486,1040,1393,1085,859,1195,1
486,1040,1393,1085,863,1196,1
486,1040,1393,1085,867,1197,1
486,1040,1393,1085,871,1199,1
486,1040,1393,1085,874,1200,1
486,1040,1393,1085,882,1202,1
486,1040,1393,1085,886,1204,1
486,1040,1393,1085,890,1205,1
486,1040,1393,1085,895,1208,1
486,1040,1393,1085,898,1209,1
486,1040,1393,1085,904,1211,1
486,1040,1393,1085,906,1212,1
486,1040,1393,1085,908,1213,1
486,1040,1393,1085,915,1216,1
486,1040,1393,1085,918,1217,1
486,1040,1393,1085,923,1219,1
486,1040,1393,1085,926,1221,1
486,1040,1393,1085,929,1222,1
486,1040,1393,1085,934,1223,1
486,1040,1393,1085,936,1224,1
486,1040,1393,1085,937,1224,1
486,1040,1393,1085,942,1227,1
486,1040,1393,1085,945,1228,1
486,1040,1393,1085,948,1230,1
486,1040,1393,1085,955,1232,1
486,1040,1393,1085,959,1233,1
486,1040,1393,1085,962,1235,1
486,1040,1393,1085,968,1236,1
486,1040,1393,1085,970,1237,1
486,1040,1393,1085,973,1238,1
486,1040,1393,1085,977,1240,1
486,1040,1393,1085,978,1241,1
486,1040,1393,1085,981,1242,1
486,1040,1393,1085,987,1244,1
486,1040,1393,1085,990,1245,1
486,1040,1393,1085,996,1247,1
486,1040,1393,1085,998,1248,1
486,1040,1393,1085,1000,1248,1
486,1040,1393,1085,1005,1250,1
486,1040,1393,1085,1008,1251,1
486,1040,1393,1085,1011,1252,1
486,1040,1393,1085,1015,1253,1
486,1040,1393,1085,1017,1254,1
486,1040,1393,1085,1018,1254,1
486,1040,1393,1085,1021,1255,1
486,1040,1393,1085,1023,1255,1
486,1040,1393,1085,1029,1257,1
486,1040,1393,1085,1032,1259,1
486,1040,1393,1085,1036,1260,1
486,1040,1393,1085,1043,1262,1
486,1040,1393,1085,1046,1263,1
486,1040,1393,1085,1049,1264,1
486,1040,1393,1085,1055,1266,1
486,1040,1393,1085,1057,1267,1
486,1040,1393,1085,1059,1267,1
486,1040,1393,1085,1063,1269,1
486,1040,1393,1085,1066,1269,1
486,1040,1393,1085,1068,1269,1
486,1040,1393,1085,1074,1270,1
486,1040,1393,1085,1076,1271,1
486,1040,1393,1085,1078,1271,1
486,1040,1393,1085,1083,1273,1
486,1040,1393,1085,1086,1273,1
486,1040,1393,1085,1090,1274,1
486,1040,1393,1085,1097,1277,1
486,1040,1393,1085,1102,1278,1
486,1040,1393,1085,1117,1282,1
486,1040,1393,1085,1119,1282,1
486,1040,1393,1085,1122,1284,1
486,1040,1393,1085,1132,1285,1
486,1040,1393,1085,1136,1286,1
486,1040,1393,1085,1143,1288,1
486,1040,1393,1085,1157,1291,1
486,1040,1393,1085,1164,1292,1
486,1040,1393,1085,1175,1294,1
486,1040,1393,1085,1179,1294,1
486,1040,1393,1085,1183,1295,1
486,1040,1393,1085,1186,1295,1
486,1040,1393,1085,1194,1295,1
486,1040,1393,1085,1198,1295,1
486,1040,1393,1085,1208,1296,1
486,1040,1393,1085,1213,1297,1
486,1040,1393,1085,1221,1297,1
486,1040,1393,1085,1229,1299,1
486,1040,1393,1085,1232,1300,1
486,1040,1393,1085,1235,1300,1
486,1040,1393,1085,1241,1300,1
486,1040,1393,1085,1245,1302,1
486,1040,1393,1085,1250,1303,1
486,1040,1393,1085,1261,1306,1
486,1040,1393,1085,1267,1306,1
486,1040,1393,1085,1277,1307,1
486,1040,1393,1085,1282,1308,1
486,1040,1393,1085,1287,1309,1
486,1040,1393,1085,1295,1310,1
486,1040,1393,1085,1299,1310,1
486,1040,1393,1085,1303,1312,1
486,1040,1393,1085,1308,1312,1
486,1040,1393,1085,1310,1312,1
486,1040,1393,1085,1313,1312,1
486,1040,1393,1085,1317,1312,1
486,1040,1393,1085,1319,1312,1
486,1040,1393,1085,1323,1312,1
486,1040,1393,1085,1325,1312,1
486,1040,1393,1085,1327,1312,1
486,1040,1393,1085,1332,1312,1
486,1040,1393,1085,1334,1312,1
486,1040,1393,1085,1337,1312,1
486,1040,1393,1085,1343,1312,1
486,1040,1393,1085,1346,1312,1
486,1040,1393,1085,1349,1312,1
486,1040,1393,1085,1353,1312,1
486,1040,1393,1085,1356,1312,1
486,1040,1393,1085,1358,1312,1
486,1040,1393,1085,1364,1312,1
486,1040,1393,1085,1367,1312,1
486,1040,1393,1085,1370,1312,1
486,1040,1393,1085,1376,1312,1
486,1040,1393,1085,1378,1312,1
486,1040,1393,1085,1383,1311,1
486,1040,1393,1085,1385,1311,1
486,1040,1393,1085,1386,1310,1
486,1040,1393,1085,1390,1309,1
486,1040,1393,1085,1392,1308,1
486,1040,1393,1085,1395,1308,1
486,1040,1393,1085,1399,1306,1
486,1040,1393,1085,1400,1305,1
486,1040,1393,1085,1401,1305,1
486,1040,1393,1085,1402,1304,1
486,1040,1393,1085,1403,1303,1
486,1040,1393,1085,1405,1302,1
486,1040,1393,1085,1408,1300,1
486,1040,1393,1085,1410,1298,1
486,1040,1393,1085,1413,1294,1
486,1040,1393,1085,1414,1292,1
486,1040,1393,1085,1415,1291,1
486,1040,1393,1085,1416,1289,1
486,1040,1393,1085,1418,1286,1
486,1040,1393,1085,1419,1285,1
486,1040,1393,1085,1421,1283,1
486,1040,1393,1085,1422,1281,1
486,1040,1393,1085,1422,1280,1
486,1040,1393,1085,1424,1279,1
486,1040,1393,1085,1425,1278,1
486,1040,1393,1085,1426,1278,1
486,1040,1393,1085,1428,1277,1
486,1040,1393,1085,1430,1276,1
486,1040,1393,1085,1431,1276,1
486,1040,1393,1085,1434,1274,1
486,1040,1393,1085,1435,1273,1
486,1040,1393,1085,1438,1270,1
486,1040,1393,1085,1439,1269,1
486,1040,1393,1085,1440,1268,1
486,1040,1393,1085,1442,1266,1
486,1040,1393,1085,1443,1265,1
486,1040,1393,1085,1444,1264,1
486,1040,1393,1085,1446,1262,1
486,1040,1393,1085,1448,1261,1
486,1040,1393,1085,1448,1260,1
486,1040,1393,1085,1450,1258,1
486,1040,1393,1085,1451,1257,1
486,1040,1393,1085,1451,1256,1
486,1040,1393,1085,1453,1254,1
486,1040,1393,1085,1454,1253,1
486,1040,1393,1085,1455,1251,1
486,1040,1393,1085,1457,1248,1
486,1040,1393,1085,1457,1247,1
486,1040,1393,1085,1458,1244,1
486,1040,1393,1085,1459,1243,1
486,1040,1393,1085,1460,1241,1
486,1040,1393,1085,1462,1238,1
486,1040,1393,1085,1463,1237,1
486,1040,1393,1085,1464,1235,1
486,1040,1393,1085,1467,1233,1
486,1040,1393,1085,1467,1231,1
486,1040,1393,1085,1468,1230,1
486,1040,1393,1085,1468,1227,1
486,1040,1393,1085,1469,1226,1
486,1040,1393,1085,1469,1223,1
486,1040,1393,1085,1470,1221,1
486,1040,1393,1085,1471,1220,1
486,1040,1393,1085,1472,1219,1
486,1040,1393,1085,1474,1216,1
486,1040,1393,1085,1475,1214,1
486,1040,1393,1085,1475,1213,1
486,1040,1393,1085,1476,1211,1
486,1040,1393,1085,1477,1209,1
486,1040,1393,1085,1477,1208,1
486,1040,1393,1085,1478,1207,1
486,1040,1393,1085,1478,1206,1
486,1040,1393,1085,1479,1205,1
486,1040,1393,1085,1479,1205,1
486,1040,1393,1085,1479,1205,1
486,1040,1393,1085,1479,1204,1
486,1040,1393,1085,1480,1203,1
486,1040,1393,1085,1480,1202,1
486,1040,1393,1085,1480,1202,1
486,1040,1393,1085,1481,1201,1
486,1040,1393,1085,1481,1200,1
486,1040,1393,1085,1481,1200,1
486,1040,1393,1085,1482,1199,1
486,1040,1393,1085,1482,1198,1
486,1040,1393,1085,1481,1197,1
486,1040,1393,1085,1482,1197,1
486,1040,1393,1085,1482,1196,1
486,1040,1393,1085,1482,1195,1
486,1040,1393,1085,1482,1194,1
486,1040,1393,1085,1482,1193,1
486,1040,1393,1085,1482,1192,1
486,1040,1393,1085,1480,1190,1
486,1040,1393,1085,1479,1189,1
486,1040,1393,1085,1478,1188,1
486,1040,1393,1085,1478,1188,1
486,1040,1393,1085,1478,1188,1
486,1040,1393,1085,1478,1188,1
486,1040,1393,1085,1478,1188,1
486,1040,1393,1085,1478,1188,1
486,1040,1393,1085,1478,1188,1
486,1040,1393,1085,1478,1188,1
486,1040,1393,1085,1478,1188,1
486,1040,1393,1085,1478,1188,1
486,1040,1393,1085,1478,1188,0
486,1040,1393,1085,1478,1188,0
486,1040,1393,1085,1478,1187,0
486,1040,1393,1085,1478,1187,0
486,1040,1393,1085,1478,1187,0
486,1040,1393,1085,1478,1187,0
486,1040,1393,1085,1478,1187,0
486,1040,1393,1085,1478,1187,0
486,1040,1393,1085,1478,1187,0
486,1040,1393,1085,1478,1187,0
486,1040,1393,1085,1478,1187,0
486,1040,1393,1085,1478,1187,0
486,1040,1393,1085,1478,1187,0
486,1040,1393,1085,1478,1187,0
486,1040,1393,1085,1478,1187,0
486,1040,1393,1085,1478,1187,0
486,1040,1393,1085,1478,1187,0
486,1040,1393,1085,1478,1187,0
486,1040,1393,1085,1478,1187,0
486,1040,1393,1085,1478,1187,0
486,1040,1393,1085,1478,1187,0
486,1040,1393,1085,1478,1187,0
486,1040,1393,1085,1477,1185,0
486,1040,1393,1085,1477,1183,0
486,1040,1393,1085,1476,1181,0
486,1040,1393,1085,1476,1178,0
486,1040,1393,1085,1476,1176,0
486,1040,1393,1085,1476,1171,0
486,1040,1393,1085,1475,1169,0
486,1040,1393,1085,1475,1167,0
486,1040,1393,1085,1474,1163,0
486,1040,1393,1085,1474,1161,0
486,1040,1393,1085,1474,1158,0
486,1040,1393,1085,1474,1154,0
486,1040,1393,1085,1473,1151,0
486,1040,1393,1085,1473,1149,0
486,1040,1393,1085,1473,1145,0
486,1040,1393,1085,1472,1143,0
486,1040,1393,1085,1472,1141,0
486,1040,1393,1085,1472,1137,0
486,1040,1393,1085,1472,1135,0
486,1040,1393,1085,1472,1133,0
486,1040,1393,1085,1472,1128,0
486,1040,1393,1085,1472,1126,0
486,1040,1393,1085,1472,1123,0
486,1040,1393,1085,1472,1118,0
486,1040,1393,1085,1472,1115,0
486,1040,1393,1085,1472,1110,0
486,1040,1393,1085,1472,1107,0
486,1040,1393,1085,1472,1105,0
486,1040,1393,1085,1472,1101,0
486,1040,1393,1085,1471,1098,0
486,1040,1393,1085,1470,1096,0
486,1040,1393,1085,1470,1089,0
486,1040,1393,1085,1469,1086,0
486,1040,1393,1085,1469,1083,0
486,1040,1393,1085,1469,1076,0
486,1040,1393,1085,1468,1072,0
486,1040,1393,1085,1466,1064,0
486,1040,1393,1085,1465,1061,0
486,1040,1393,1085,1465,1058,0
486,1040,1393,1085,1464,1052,0
486,1040,1393,1085,1464,1049,0
486,1040,1393,1085,1463,1045,0
486,1040,1393,1085,1462,1042,0
486,1040,1393,1085,1462,1036,0
486,1040,1393,1085,1462,1033,0
486,1040,1393,1085,1461,1027,0
486,1040,1393,1085,1461,1024,0
486,1040,1393,1085,1460,1020,0
486,1040,1393,1085,1460,1017,0
486,1040,1393,1085,1459,1015,0
486,1040,1393,1085,1458,1010,0
486,1040,1393,1085,1458,1008,0
486,1040,1393,1085,1457,1002,0
486,1040,1393,1085,1456,999,0
486,1040,1393,1085,1453,993,0
486,1040,1393,1085,1452,990,0
486,1040,1393,1085,1451,988,0
486,1040,1393,1085,1450,982,0
486,1040,1393,1085,1449,980,0
486,1040,1393,1085,1449,978,0
486,1040,1393,1085,1448,974,0
486,1040,1393,1085,1448,972,0
486,1040,1393,1085,1448,970,0
486,1040,1393,1085,1446,965,0
486,1040,1393,1085,1445,963,0
486,1040,1393,1085,1443,958,0
486,1040,1393,1085,1441,955,0
486,1040,1393,1085,1440,950,0
486,1040,1393,1085,1439,948,0
486,1040,1393,1085,1437,942,0
486,1040,1393,1085,1436,939,0
486,1040,1393,1085,1434,933,0
486,1040,1393,1085,1433,931,0
486,1040,1393,1085,1430,925,0
486,1040,1393,1085,1427,919,0
486,1040,1393,1085,1425,916,0
486,1040,1393,1085,1424,913,0
486,1040,1393,1085,1423,907,0
486,1040,1393,1085,1422,904,0
486,1040,1393,1085,1420,899,0
486,1040,1393,1085,1419,894,0
486,1040,1393,1085,1418,891,0
486,1040,1393,1085,1416,885,0
486,1040,1393,1085,1415,881,0
486,1040,1393,1085,1414,878,0
486,1040,1393,1085,1412,874,0
486,1040,1393,1085,1408,867,0
486,1040,1393,1085,1405,863,0
486,1040,1393,1085,1400,854,0
486,1040,1393,1085,1396,850,0
486,1040,1393,1085,1392,842,0
486,1040,1393,1085,1390,839,0
486,1040,1393,1085,1388,836,0
486,1040,1393,1085,1384,830,0
486,1040,1393,1085,1383,828,0
486,1040,1393,1085,1381,826,0
486,1040,1393,1085,1379,823,0
486,1040,1393,1085,1378,821,0
486,1040,1393,1085,1377,820,0
486,1040,1393,1085,1375,816,0
486,1040,1393,1085,1374,814,0
486,1040,1393,1085,1372,811,0
486,1040,1393,1085,1368,805,0
486,1040,1393,1085,1366,801,0
486,1040,1393,1085,1362,794,0
486,1040,1393,1085,1360,792,0
486,1040,1393,1085,1359,789,0
486,1040,1393,1085,1356,784,0
486,1040,1393,1085,1354,782,0
486,1040,1393,1085,1351,777,0
486,1040,1393,1085,1349,774,0
486,1040,1393,1085,1343,767,0
486,1040,1393,1085,1339,761,0
486,1040,1393,1085,1338,758,0
486,1040,1393,1085,1337,755,0
486,1040,1393,1085,1334,750,0
486,1040,1393,1085,1332,747,0
486,1040,1393,1085,1330,743,0
486,1040,1393,1085,1326,735,0
486,1040,1393,1085,1323,731,0
486,1040,1393,1085,1316,722,0
486,1040,1393,1085,1314,718,0
486,1040,1393,1085,1311,714,0
486,1040,1393,1085,1305,707,0
486,1040,1393,1085,1303,703,0
486,1040,1393,1085,1300,699,0
486,1040,1393,1085,1294,691,0
486,1040,1393,1085,1292,688,0
486,1040,1393,1085,1288,681,0
486,1040,1393,1085,1287,679,0
486,1040,1393,1085,1286,675,0
486,1040,1393,1085,1283,670,0
486,1040,1393,1085,1282,666,0
486,1040,1393,1085,1279,660,0
486,1040,1393,1085,1275,653,0
486,1040,1393,1085,1272,650,0
486,1040,1393,1085,1270,644,0
486,1040,1393,1085,1268,641,0
486,1040,1393,1085,1266,635,0
486,1040,1393,1085,1265,633,0
486,1040,1393,1085,1262,627,0
486,1040,1393,1085,1261,621,0
486,1040,1393,1085,1259,617,0
486,1040,1393,1085,1258,614,0
486,1040,1393,1085,1255,606,0
486,1040,1393,1085,1253,603,0
486,1040,1393,1085,1251,600,0
486,1040,1393,1085,1248,595,0
486,1040,1393,1085,1244,590,0
486,1040,1393,1085,1243,588,0
486,1040,1393,1085,1240,583,0
486,1040,1393,1085,1237,578,0
486,1040,1393,1085,1235,576,0
486,1040,1393,1085,1232,571,0
486,1040,1393,1085,1230,569,0
486,1040,1393,1085,1227,563,0
486,1040,1393,1085,1226,561,0
486,1040,1393,1085,1223,557,0
486,1040,1393,1085,1221,554,0
486,1040,1393,1085,1220,553,0
486,1040,1393,1085,1218,551,0
486,1040,1393,1085,1215,547,0
486,1040,1393,1085,1213,543,0
486,1040,1393,1085,1211,540,0
486,1040,1393,1085,1208,534,0
486,1040,1393,1085,1206,531,0
486,1040,1393,1085,1200,523,0
486,1040,1393,1085,1194,515,0
486,1040,1393,1085,1191,511,0
486,1040,1393,1085,1188,505,0
486,1040,1393,1085,1186,503,0
486,1040,1393,1085,1184,498,0
486,1040,1393,1085,1182,492,0
486,1040,1393,1085,1180,489,0
486,1040,1393,1085,1178,486,0
486,1040,1393,1085,1174,480,0
486,1040,1393,1085,1171,475,0
486,1040,1393,1085,1167,469,0
486,1040,1393,1085,1164,464,0
486,1040,1393,1085,1162,461,0
486,1040,1393,1085,1160,458,0
486,1040,1393,1085,1156,452,0
486,1040,1393,1085,1149,446,0
486,1040,1393,1085,1147,442,0
486,1040,1393,1085,1144,439,0
486,1040,1393,1085,1139,435,0
486,1040,1393,1085,1137,433,0
486,1040,1393,1085,1134,430,0
486,1040,1393,1085,1133,429,0
486,1040,1393,1085,1130,427,0
486,1040,1393,1085,1129,426,0
486,1040,1393,1085,1127,425,0
486,1040,1393,1085,1126,423,0
486,1040,1393,1085,1125,423,0
486,1040,1393,1085,1124,422,0
486,1040,1393,1085,1122,420,0
486,1040,1393,1085,1121,420,0
486,1040,1393,1085,1118,418,0
486,1040,1393,1085,1113,414,0
486,1040,1393,1085,1110,412,0
486,1040,1393,1085,1104,409,0
486,1040,1393,1085,1102,407,0
486,1040,1393,1085,1100,406,0
486,1040,1393,1085,1096,403,0
486,1040,1393,1085,1094,401,0
486,1040,1393,1085,1089,398,0
486,1040,1393,1085,1086,396,0
486,1040,1393,1085,1084,394,0
486,1040,1393,1085,1079,391,0
486,1040,1393,1085,1076,389,0
486,1040,1393,1085,1074,388,0
486,1040,1393,1085,1071,386,0
486,1040,1393,1085,1070,385,0
486,1040,1393,1085,1069,384,0
486,1040,1393,1085,1066,382,0
486,1040,1393,1085,1065,381,0
486,1040,1393,1085,1064,380,0
486,1040,1393,1085,1063,379,0
486,1040,1393,1085,1062,379,0
486,1040,1393,1085,1062,378,0
486,1040,1393,1085,1061,378,0
486,1040,1393,1085,1061,378,0
486,1040,1393,1085,1061,377,0
486,1040,1393,1085,1061,377,0
486,1040,1393,1085,1061,377,0
486,1040,1393,1085,1061,377,0
486,1040,1393,1085,1061,377,0
486,1040,1393,1085,1061,377,0
486,1040,1393,1085,1062,377,0
486,1040,1393,1085,1062,377,0
486,1040,1393,1085,1062,377,0
486,1040,1393,1085,1062,377,0
486,1040,1393,1085,1062,377,0
486,1040,1393,1085,1062,377,0
486,1040,1393,1085,1062,377,0
486,1040,1393,1085,1062,376,0
486,1040,1393,1085,1062,376,0
486,1040,1393,1085,1062,376,0
486,1040,1393,1085,1062,376,0
486,1040,1393,1085,1062,376,0
486,1040,1393,1085,1062,376,0
486,1040,1393,1085,1062,376,0
486,1040,1393,1085,1062,376,0
486,1040,1393,1085,1062,376,0
486,1040,1393,1085,1062,376,0
486,1040,1393,1085,1062,376,0
486,1040,1393,1085,1062,376,0
486,1040,1393,1085,1062,376,0
486,1040,1393,1085,1062,376,0
486,1040,1393,1085,1062,376,0
486,1040,1393,1085,1062,376,0
486,1040,1393,1085,1062,376,0
486,1040,1393,1085,1062,376,0
