486,1040,1393,1085,933,376,0
486,1040,1393,1085,933,376,0
486,1040,1393,1085,933,376,0
486,1040,1393,1085,933,376,0
486,1040,1393,1085,933,376,0
486,1040,1393,1085,933,376,0
486,1040,1393,1085,933,376,0
486,1040,1393,1085,933,376,0
486,1040,1393,1085,933,376,0
486,1040,1393,1085,933,376,0
486,1040,1393,1085,933,376,0
486,1040,1393,1085,933,376,0
486,1040,1393,1085,933,376,0
486,1040,1393,1085,933,376,0
486,1040,1393,1085,933,376,0
486,1040,1393,1085,932,376,0
486,1040,1393,1085,932,376,0
486,1040,1393,1085,932,376,0
486,1040,1393,1085,931,376,0
486,1040,1393,1085,931,376,0
486,1040,1393,1085,931,377,0
486,1040,1393,1085,930,379,0
486,1040,1393,1085,928,385,0
486,1040,1393,1085,927,389,0
486,1040,1393,1085,926,393,0
486,1040,1393,1085,923,399,0
486,1040,1393,1085,921,402,0
486,1040,1393,1085,917,408,0
486,1040,1393,1085,915,412,0
486,1040,1393,1085,911,417,0
486,1040,1393,1085,902,426,0
486,1040,1393,1085,898,430,0
486,1040,1393,1085,894,435,0
486,1040,1393,1085,887,443,0
486,1040,1393,1085,885,446,0
486,1040,1393,1085,880,453,0
486,1040,1393,1085,878,456,0
486,1040,1393,1085,877,458,0
486,1040,1393,1085,875,460,0
486,1040,1393,1085,871,466,0
486,1040,1393,1085,865,472,0
486,1040,1393,1085,863,475,0
486,1040,1393,1085,858,478,0
486,1040,1393,1085,855,481,0
486,1040,1393,1085,849,487,0
486,1040,1393,1085,847,490,0
486,1040,1393,1085,845,493,0
486,1040,1393,1085,845,494,0
486,1040,1393,1085,844,496,0
486,1040,1393,1085,842,498,0
486,1040,1393,1085,841,500,0
486,1040,1393,1085,838,504,0
486,1040,1393,1085,836,507,0
486,1040,1393,1085,834,510,0
486,1040,1393,1085,831,516,0
486,1040,1393,1085,830,518,0
486,1040,1393,1085,829,521,0
486,1040,1393,1085,827,526,0
486,1040,1393,1085,826,529,0
486,1040,1393,1085,823,534,0
486,1040,1393,1085,822,537,0
486,1040,1393,1085,821,540,0
486,1040,1393,1085,818,546,0
486,1040,1393,1085,816,549,0
486,1040,1393,1085,815,552,0
486,1040,1393,1085,813,555,0
486,1040,1393,1085,810,560,0
486,1040,1393,1085,804,570,0
486,1040,1393,1085,803,572,0
486,1040,1393,1085,801,577,0
486,1040,1393,1085,800,579,0
486,1040,1393,1085,799,583,0
486,1040,1393,1085,799,585,0
486,1040,1393,1085,798,587,0
486,1040,1393,1085,796,591,0
486,1040,1393,1085,795,593,0
486,1040,1393,1085,793,596,0
486,1040,1393,1085,791,601,0
486,1040,1393,1085,791,604,0
486,1040,1393,1085,790,610,0
486,1040,1393,1085,790,614,0
486,1040,1393,1085,789,617,0
486,1040,1393,1085,786,624,0
486,1040,1393,1085,784,628,0
486,1040,1393,1085,782,632,0
486,1040,1393,1085,777,641,0
486,1040,1393,1085,775,645,0
486,1040,1393,1085,772,649,0
486,1040,1393,1085,768,658,0
486,1040,1393,1085,767,661,0
486,1040,1393,1085,766,664,0
486,1040,1393,1085,763,671,0
486,1040,1393,1085,760,675,0
486,1040,1393,1085,756,683,0
486,1040,1393,1085,753,688,0
486,1040,1393,1085,748,697,0
486,1040,1393,1085,746,701,0
486,1040,1393,1085,744,705,0
486,1040,1393,1085,743,714,0
486,1040,1393,1085,741,718,0
486,1040,1393,1085,741,721,0
486,1040,1393,1085,739,728,0
486,1040,1393,1085,738,731,0
486,1040,1393,1085,735,738,0
486,1040,1393,1085,733,742,0
486,1040,1393,1085,731,745,0
486,1040,1393,1085,728,751,0
486,1040,1393,1085,727,753,0
486,1040,1393,1085,727,755,0
486,1040,1393,1085,726,759,0
486,1040,1393,1085,725,762,0
486,1040,1393,1085,724,765,0
486,1040,1393,1085,722,770,0
486,1040,1393,1085,721,772,0
486,1040,1393,1085,719,775,0
486,1040,1393,1085,716,782,0
486,1040,1393,1085,713,787,0
486,1040,1393,1085,712,789,0
486,1040,1393,1085,710,794,0
486,1040,1393,1085,709,796,0
486,1040,1393,1085,707,799,0
486,1040,1393,1085,703,804,0
486,1040,1393,1085,701,807,0
486,1040,1393,1085,697,813,0
486,1040,1393,1085,694,815,0
486,1040,1393,1085,693,818,0
486,1040,1393,1085,690,823,0
486,1040,1393,1085,689,825,0
486,1040,1393,1085,688,827,0
486,1040,1393,1085,685,831,0
486,1040,1393,1085,684,834,0
486,1040,1393,1085,682,836,0
486,1040,1393,1085,680,840,0
486,1040,1393,1085,678,842,0
486,1040,1393,1085,676,847,0
486,1040,1393,1085,675,848,0
486,1040,1393,1085,673,851,0
486,1040,1393,1085,670,855,0
486,1040,1393,1085,668,858,0
486,1040,1393,1085,666,861,0
486,1040,1393,1085,663,865,0
486,1040,1393,1085,661,867,0
486,1040,1393,1085,658,872,0
486,1040,1393,1085,657,874,0
486,1040,1393,1085,656,875,0
486,1040,1393,1085,655,877,0
486,1040,1393,1085,652,881,0
486,1040,1393,1085,651,882,0
486,1040,1393,1085,647,887,0
486,1040,1393,1085,646,888,0
486,1040,1393,1085,644,890,0
486,1040,1393,1085,640,894,0
486,1040,1393,1085,638,895,0
486,1040,1393,1085,637,897,0
486,1040,1393,1085,634,899,0
486,1040,1393,1085,633,900,0
486,1040,1393,1085,632,902,0
486,1040,1393,1085,629,904,0
486,1040,1393,1085,628,905,0
486,1040,1393,1085,624,907,0
486,1040,1393,1085,622,908,0
486,1040,1393,1085,617,911,0
486,1040,1393,1085,615,913,0
486,1040,1393,1085,612,914,0
486,1040,1393,1085,609,916,0
486,1040,1393,1085,608,917,0
486,1040,1393,1085,608,917,0
486,1040,1393,1085,606,917,0
486,1040,1393,1085,605,918,0
486,1040,1393,1085,604,918,0
486,1040,1393,1085,602,919,0
486,1040,1393,1085,601,920,0
486,1040,1393,1085,600,920,0
486,1040,1393,1085,597,922,0
486,1040,1393,1085,595,922,0
486,1040,1393,1085,593,924,0
486,1040,1393,1085,591,924,0
486,1040,1393,1085,590,925,0
486,1040,1393,1085,589,926,0
486,1040,1393,1085,588,926,0
486,1040,1393,1085,588,926,0
486,1040,1393,1085,587,927,0
486,1040,1393,1085,587,927,0
486,1040,1393,1085,586,928,0
486,1040,1393,1085,584,930,0
486,1040,1393,1085,581,932,0
486,1040,1393,1085,579,934,0
486,1040,1393,1085,577,935,0
486,1040,1393,1085,572,938,0
486,1040,1393,1085,570,940,0
486,1040,1393,1085,568,941,0
486,1040,1393,1085,564,944,0
486,1040,1393,1085,562,946,0
486,1040,1393,1085,560,946,0
486,1040,1393,1085,558,948,0
486,1040,1393,1085,557,948,0
486,1040,1393,1085,556,949,0
486,1040,1393,1085,552,952,0
486,1040,1393,1085,549,953,0
486,1040,1393,1085,546,955,0
486,1040,1393,1085,539,959,0
486,1040,1393,1085,536,961,0
486,1040,1393,1085,529,965,0
486,1040,1393,1085,526,966,0
486,1040,1393,1085,523,968,0
486,1040,1393,1085,521,969,0
486,1040,1393,1085,520,970,0
486,1040,1393,1085,517,971,0
486,1040,1393,1085,515,973,0
486,1040,1393,1085,513,973,0
486,1040,1393,1085,509,975,0
486,1040,1393,1085,507,976,0
486,1040,1393,1085,506,977,0
486,1040,1393,1085,503,978,0
486,1040,1393,1085,502,979,0
486,1040,1393,1085,500,979,0
486,1040,1393,1085,500,980,0
486,1040,1393,1085,499,980,0
486,1040,1393,1085,497,981,0
486,1040,1393,1085,496,982,0
486,1040,1393,1085,495,982,0
486,1040,1393,1085,494,983,0
486,1040,1393,1085,491,984,0
486,1040,1393,1085,489,985,0
486,1040,1393,1085,486,986,0
486,1040,1393,1085,480,989,0
486,1040,1393,1085,477,990,0
486,1040,1393,1085,472,992,0
486,1040,1393,1085,469,993,0
486,1040,1393,1085,466,995,0
486,1040,1393,1085,464,996,0
486,1040,1393,1085,463,997,0
486,1040,1393,1085,458,998,0
486,1040,1393,1085,455,999,0
486,1040,1393,1085,452,1000,0
486,1040,1393,1085,447,1002,0
486,1040,1393,1085,444,1004,0
486,1040,1393,1085,441,1005,0
486,1040,1393,1085,436,1006,0
486,1040,1393,1085,435,1007,0
486,1040,1393,1085,431,1008,0
486,1040,1393,1085,430,1009,0
486,1040,1393,1085,429,1010,0
486,1040,1393,1085,425,1011,0
486,1040,1393,1085,424,1012,0
486,1040,1393,1085,422,1013,0
486,1040,1393,1085,419,1014,0
486,1040,1393,1085,417,1014,0
486,1040,1393,1085,416,1015,0
486,1040,1393,1085,414,1016,0
486,1040,1393,1085,413,1016,0
486,1040,1393,1085,412,1017,0
486,1040,1393,1085,410,1018,0
486,1040,1393,1085,409,1018,0
486,1040,1393,1085,407,1019,0
486,1040,1393,1085,404,1020,0
486,1040,1393,1085,402,1021,0
486,1040,1393,1085,398,1022,0
486,1040,1393,1085,397,1023,0
486,1040,1393,1085,396,1024,0
486,1040,1393,1085,392,1025,0
486,1040,1393,1085,390,1025,0
486,1040,1393,1085,388,1026,0
486,1040,1393,1085,384,1027,0
486,1040,1393,1085,383,1028,0
486,1040,1393,1085,381,1028,0
486,1040,1393,1085,380,1029,0
486,1040,1393,1085,379,1029,0
486,1040,1393,1085,378,1030,0
486,1040,1393,1085,376,1030,0
486,1040,1393,1085,374,1031,0
486,1040,1393,1085,372,1031,0
486,1040,1393,1085,368,1033,0
486,1040,1393,1085,365,1033,0
486,1040,1393,1085,363,1034,0
486,1040,1393,1085,363,1034,0
486,1040,1393,1085,362,1034,0
486,1040,1393,1085,361,1035,0
486,1040,1393,1085,361,1035,0
486,1040,1393,1085,358,1036,0
486,1040,1393,1085,356,1036,0
486,1040,1393,1085,354,1036,0
486,1040,1393,1085,350,1036,0
486,1040,1393,1085,349,1037,0
486,1040,1393,1085,348,1037,0
486,1040,1393,1085,348,1037,0
486,1040,1393,1085,347,1037,0
486,1040,1393,1085,346,1037,0
486,1040,1393,1085,346,1037,0
486,1040,1393,1085,345,1038,0
486,1040,1393,1085,344,1038,0
486,1040,1393,1085,344,1038,0
486,1040,1393,1085,343,1039,0
486,1040,1393,1085,342,1039,0
486,1040,1393,1085,342,1039,0
486,1040,1393,1085,341,1039,0
486,1040,1393,1085,339,1040,0
486,1040,1393,1085,338,1040,0
486,1040,1393,1085,335,1040,0
486,1040,1393,1085,333,1041,0
486,1040,1393,1085,332,1041,0
486,1040,1393,1085,330,1041,0
486,1040,1393,1085,330,1041,0
486,1040,1393,1085,330,1041,0
486,1040,1393,1085,328,1042,0
486,1040,1393,1085,328,1042,0
486,1040,1393,1085,328,1042,0
486,1040,1393,1085,328,1042,0
486,1040,1393,1085,328,1042,0
486,1040,1393,1085,328,1042,0
486,1040,1393,1085,328,1042,0
486,1040,1393,1085,326,1043,0
486,1040,1393,1085,324,1044,0
486,1040,1393,1085,323,1045,0
486,1040,1393,1085,323,1045,0
486,1040,1393,1085,322,1046,0
486,1040,1393,1085,322,1046,0
486,1040,1393,1085,322,1046,0
486,1040,1393,1085,322,1046,0
486,1040,1393,1085,322,1046,0
486,1040,1393,1085,322,1046,0
486,1040,1393,1085,322,1046,0
486,1040,1393,1085,322,1046,0
486,1040,1393,1085,321,1046,0
486,1040,1393,1085,320,1047,0
486,1040,1393,1085,319,1048,0
486,1040,1393,1085,319,1049,0
486,1040,1393,1085,319,1049,0
486,1040,1393,1085,319,1049,0
486,1040,1393,1085,319,1049,0
486,1040,1393,1085,319,1049,0
486,1040,1393,1085,319,1049,0
486,1040,1393,1085,319,1049,0
486,1040,1393,1085,319,1049,0
486,1040,1393,1085,319,1049,0
486,1040,1393,1085,319,1049,0
486,1040,1393,1085,319,1049,0
486,1040,1393,1085,319,1049,0
486,1040,1393,1085,319,1049,0
486,1040,1393,1085,319,1049,1
486,1040,1393,1085,319,1049,1
486,1040,1393,1085,319,1049,1
486,1040,1393,1085,319,1049,1
486,1040,1393,1085,319,1049,1
486,1040,1393,1085,319,1049,1
486,1040,1393,1085,319,1049,1
486,1040,1393,1085,319,1050,1
486,1040,1393,1085,319,1050,1
486,1040,1393,1085,319,1050,1
486,1040,1393,1085,319,1050,1
486,1040,1393,1085,319,1050,1
486,1040,1393,1085,319,1050,1
486,1040,1393,1085,320,1050,1
486,1040,1393,1085,320,1050,1
486,1040,1393,1085,320,1050,1
486,1040,1393,1085,320,1050,1
486,1040,1393,1085,321,1050,1
486,1040,1393,1085,322,1050,1
486,1040,1393,1085,324,1050,1
486,1040,1393,1085,326,1050,1
486,1040,1393,1085,330,1049,1
486,1040,1393,1085,331,1049,1
486,1040,1393,1085,334,1049,1
486,1040,1393,1085,334,1049,1
486,1040,1393,1085,334,1049,1
486,1040,1393,1085,334,1049,1
486,1040,1393,1085,334,1049,1
486,1040,1393,1085,334,1049,1
486,1040,1393,1085,334,1049,1
486,1040,1393,1085,335,1049,1
486,1040,1393,1085,337,1049,1
486,1040,1393,1085,337,1049,1
486,1040,1393,1085,338,1049,1
486,1040,1393,1085,338,1049,1
486,1040,1393,1085,338,1049,1
486,1040,1393,1085,338,1049,1
486,1040,1393,1085,341,1049,1
486,1040,1393,1085,343,1049,1
486,1040,1393,1085,351,1049,1
486,1040,1393,1085,354,1049,1
486,1040,1393,1085,357,1049,1
486,1040,1393,1085,362,1048,1
486,1040,1393,1085,365,1048,1
486,1040,1393,1085,367,1048,1
486,1040,1393,1085,371,1047,1
486,1040,1393,1085,373,1047,1
486,1040,1393,1085,374,1046,1
486,1040,1393,1085,378,1045,1
486,1040,1393,1085,381,1045,1
486,1040,1393,1085,385,1044,1
486,1040,1393,1085,388,1044,1
486,1040,1393,1085,390,1043,1
486,1040,1393,1085,396,1042,1
486,1040,1393,1085,399,1042,1
486,1040,1393,1085,403,1042,1
486,1040,1393,1085,411,1041,1
486,1040,1393,1085,414,1040,1
486,1040,1393,1085,418,1040,1
486,1040,1393,1085,426,1039,1
486,1040,1393,1085,430,1039,1
486,1040,1393,1085,434,1039,1
486,1040,1393,1085,444,1039,1
486,1040,1393,1085,448,1039,1
486,1040,1393,1085,457,1039,1
486,1040,1393,1085,461,1038,1
486,1040,1393,1085,465,1038,1
486,1040,1393,1085,471,1037,1
486,1040,1393,1085,473,1037,1
486,1040,1393,1085,477,1037,1
486,1040,1393,1085,479,1036,1
486,1040,1393,1085,481,1036,1
486,1040,1393,1085,485,1035,1
486,1040,1393,1085,487,1035,1
486,1040,1393,1085,494,1034,1
486,1040,1393,1085,497,1033,1
486,1040,1393,1085,500,1033,1
486,1040,1393,1085,505,1032,1
486,1040,1393,1085,507,1032,1
486,1040,1393,1085,509,1031,1
486,1040,1393,1085,513,1031,1
486,1040,1393,1085,515,1030,1
486,1040,1393,1085,518,1030,1
486,1040,1393,1085,524,1029,1
486,1040,1393,1085,528,1029,1
486,1040,1393,1085,533,1027,1
486,1040,1393,1085,535,1027,1
486,1040,1393,1085,537,1027,1
486,1040,1393,1085,541,1026,1
486,1040,1393,1085,544,1026,1
486,1040,1393,1085,546,1025,1
486,1040,1393,1085,552,1025,1
486,1040,1393,1085,555,1025,1
486,1040,1393,1085,561,1024,1
486,1040,1393,1085,564,1024,1
486,1040,1393,1085,568,1023,1
486,1040,1393,1085,575,1023,1
486,1040,1393,1085,579,1023,1
486,1040,1393,1085,583,1023,1
486,1040,1393,1085,590,1022,1
486,1040,1393,1085,593,1022,1
486,1040,1393,1085,595,1022,1
486,1040,1393,1085,599,1021,1
486,1040,1393,1085,601,1021,1
486,1040,1393,1085,604,1021,1
486,1040,1393,1085,611,1021,1
486,1040,1393,1085,615,1020,1
486,1040,1393,1085,620,1020,1
486,1040,1393,1085,630,1020,1
486,1040,1393,1085,634,1020,1
486,1040,1393,1085,638,1020,1
486,1040,1393,1085,645,1020,1
486,1040,1393,1085,649,1020,1
486,1040,1393,1085,655,1020,1
486,1040,1393,1085,658,1020,1
486,1040,1393,1085,662,1020,1
486,1040,1393,1085,668,1020,1
486,1040,1393,1085,671,1020,1
486,1040,1393,1085,675,1020,1
486,1040,1393,1085,684,1020,1
486,1040,1393,1085,687,1020,1
486,1040,1393,1085,691,1020,1
486,1040,1393,1085,699,1020,1
486,1040,1393,1085,702,1020,1
486,1040,1393,1085,709,1020,1
486,1040,1393,1085,714,1020,1
486,1040,1393,1085,718,1020,1
486,1040,1393,1085,725,1019,1
486,1040,1393,1085,728,1019,1
486,1040,1393,1085,733,1019,1
486,1040,1393,1085,741,1019,1
486,1040,1393,1085,745,1019,1
486,1040,1393,1085,750,1019,1
486,1040,1393,1085,757,1019,1
486,1040,1393,1085,760,1019,1
486,1040,1393,1085,764,1019,1
486,1040,1393,1085,771,1019,1
486,1040,1393,1085,774,1018,1
486,1040,1393,1085,784,1018,1
486,1040,1393,1085,790,1017,1
486,1040,1393,1085,796,1017,1
486,1040,1393,1085,807,1015,1
486,1040,1393,1085,812,1013,1
486,1040,1393,1085,821,1013,1
486,1040,1393,1085,823,1013,1
486,1040,1393,1085,829,1013,1
486,1040,1393,1085,832,1013,1
486,1040,1393,1085,839,1013,1
486,1040,1393,1085,842,1013,1
486,1040,1393,1085,850,1013,1
486,1040,1393,1085,853,1013,1
486,1040,1393,1085,857,1013,1
486,1040,1393,1085,862,1013,1
486,1040,1393,1085,864,1012,1
486,1040,1393,1085,867,1012,1
486,1040,1393,1085,869,1012,1
486,1040,1393,1085,873,1012,1
486,1040,1393,1085,876,1012,1
486,1040,1393,1085,885,1011,1
486,1040,1393,1085,889,1011,1
486,1040,1393,1085,900,1010,1
486,1040,1393,1085,906,1010,1
486,1040,1393,1085,911,1010,1
486,1040,1393,1085,916,1009,1
486,1040,1393,1085,923,1008,1
486,1040,1393,1085,927,1008,1
486,1040,1393,1085,933,1008,1
486,1040,1393,1085,937,1008,1
486,1040,1393,1085,940,1008,1
486,1040,1393,1085,949,1007,1
486,1040,1393,1085,954,1007,1
486,1040,1393,1085,960,1007,1
486,1040,1393,1085,962,1006,1
486,1040,1393,1085,964,1006,1
486,1040,1393,1085,968,1006,1
486,1040,1393,1085,971,1006,1
486,1040,1393,1085,973,1006,1
486,1040,1393,1085,981,1006,1
486,1040,1393,1085,986,1006,1
486,1040,1393,1085,991,1006,1
486,1040,1393,1085,1007,1006,1
486,1040,1393,1085,1011,1006,1
486,1040,1393,1085,1017,1006,1
486,1040,1393,1085,1020,1005,1
486,1040,1393,1085,1022,1005,1
486,1040,1393,1085,1030,1005,1
486,1040,1393,1085,1035,1005,1
486,1040,1393,1085,1041,1005,1
486,1040,1393,1085,1051,1005,1
486,1040,1393,1085,1055,1005,1
486,1040,1393,1085,1063,1005,1
486,1040,1393,1085,1065,1005,1
486,1040,1393,1085,1067,1005,1
486,1040,1393,1085,1069,1005,1
486,1040,1393,1085,1069,1005,1
486,1040,1393,1085,1070,1005,1
486,1040,1393,1085,1074,1005,1
486,1040,1393,1085,1077,1005,1
486,1040,1393,1085,1079,1005,1
486,1040,1393,1085,1086,1005,1
486,1040,1393,1085,1089,1005,1
486,1040,1393,1085,1095,1005,1
486,1040,1393,1085,1098,1005,1
486,1040,1393,1085,1101,1005,1
486,1040,1393,1085,1106,1005,1
486,1040,1393,1085,1109,1005,1
486,1040,1393,1085,1115,1004,1
486,1040,1393,1085,1118,1004,1
486,1040,1393,1085,1122,1004,1
486,1040,1393,1085,1127,1004,1
486,1040,1393,1085,1138,1003,1
486,1040,1393,1085,1144,1003,1
486,1040,1393,1085,1156,1003,1
486,1040,1393,1085,1163,1004,1
486,1040,1393,1085,1169,1004,1
486,1040,1393,1085,1177,1005,1
486,1040,1393,1085,1180,1004,1
486,1040,1393,1085,1183,1004,1
486,1040,1393,1085,1185,1004,1
486,1040,1393,1085,1186,1004,1
486,1040,1393,1085,1187,1003,1
486,1040,1393,1085,1188,1003,1
486,1040,1393,1085,1190,1003,1
486,1040,1393,1085,1194,1003,1
486,1040,1393,1085,1196,1003,1
486,1040,1393,1085,1203,1003,1
486,1040,1393,1085,1206,1003,1
486,1040,1393,1085,1209,1003,1
486,1040,1393,1085,1217,1003,1
486,1040,1393,1085,1220,1003,1
486,1040,1393,1085,1225,1003,1
486,1040,1393,1085,1227,1003,1
486,1040,1393,1085,1229,1003,1
486,1040,1393,1085,1234,1003,1
486,1040,1393,1085,1237,1003,1
486,1040,1393,1085,1240,1003,1
486,1040,1393,1085,1246,1003,1
486,1040,1393,1085,1249,1003,1
486,1040,1393,1085,1252,1003,1
486,1040,1393,1085,1255,1002,1
486,1040,1393,1085,1256,1002,1
486,1040,1393,1085,1257,1002,1
486,1040,1393,1085,1259,1001,1
486,1040,1393,1085,1261,1001,1
486,1040,1393,1085,1265,999,1
486,1040,1393,1085,1267,998,1
486,1040,1393,1085,1268,997,1
486,1040,1393,1085,1271,996,1
486,1040,1393,1085,1272,995,1
486,1040,1393,1085,1272,994,1
486,1040,1393,1085,1274,993,1
486,1040,1393,1085,1274,992,1
486,1040,1393,1085,1276,990,1
486,1040,1393,1085,1278,988,1
486,1040,1393,1085,1280,986,1
486,1040,1393,1085,1286,983,1
486,1040,1393,1085,1289,981,1
486,1040,1393,1085,1295,979,1
486,1040,1393,1085,1297,978,1
486,1040,1393,1085,1299,977,1
486,1040,1393,1085,1301,976,1
486,1040,1393,1085,1302,975,1
486,1040,1393,1085,1303,974,1
486,1040,1393,1085,1305,974,1
486,1040,1393,1085,1307,974,1
486,1040,1393,1085,1308,974,1
486,1040,1393,1085,1311,974,1
486,1040,1393,1085,1312,975,1
486,1040,1393,1085,1313,975,1
486,1040,1393,1085,1315,976,1
486,1040,1393,1085,1316,976,1
486,1040,1393,1085,1319,977,1
486,1040,1393,1085,1322,978,1
486,1040,1393,1085,1324,979,1
486,1040,1393,1085,1329,982,1
486,1040,1393,1085,1331,983,1
486,1040,1393,1085,1332,984,1
486,1040,1393,1085,1335,985,1
486,1040,1393,1085,1336,986,1
486,1040,1393,1085,1337,987,1
486,1040,1393,1085,1338,988,1
486,1040,1393,1085,1338,988,1
486,1040,1393,1085,1338,988,1
486,1040,1393,1085,1338,988,1
486,1040,1393,1085,1339,989,1
486,1040,1393,1085,1340,989,1
486,1040,1393,1085,1341,990,1
486,1040,1393,1085,1341,990,1
486,1040,1393,1085,1343,991,1
486,1040,1393,1085,1343,991,1
486,1040,1393,1085,1343,991,1
486,1040,1393,1085,1343,991,1
486,1040,1393,1085,1343,991,1
486,1040,1393,1085,1343,991,1
486,1040,1393,1085,1343,991,1
486,1040,1393,1085,1343,991,1
486,1040,1393,1085,1343,991,1
486,1040,1393,1085,1343,991,1
486,1040,1393,1085,1343,991,1
486,1040,1393,1085,1343,991,1
486,1040,1393,1085,1343,991,1
486,1040,1393,1085,1343,991,1
486,1040,1393,1085,1343,991,1
486,1040,1393,1085,1342,990,1
486,1040,1393,1085,1341,990,0
486,1040,1393,1085,1341,990,0
486,1040,1393,1085,1341,990,0
486,1040,1393,1085,1341,990,0
486,1040,1393,1085,1341,990,0
486,1040,1393,1085,1341,990,0
486,1040,1393,1085,1341,990,0
486,1040,1393,1085,1341,990,0
486,1040,1393,1085,1341,991,0
486,1040,1393,1085,1341,991,0
486,1040,1393,1085,1341,991,0
486,1040,1393,1085,1341,991,0
486,1040,1393,1085,1341,991,0
486,1040,1393,1085,1341,991,0
486,1040,1393,1085,1341,991,0
486,1040,1393,1085,1341,991,0
486,1040,1393,1085,1341,991,0
486,1040,1393,1085,1341,991,0
486,1040,1393,1085,1341,991,0
486,1040,1393,1085,1341,991,0
486,1040,1393,1085,1341,991,0
486,1040,1393,1085,1341,991,0
486,1040,1393,1085,1340,989,0
486,1040,1393,1085,1338,986,0
486,1040,1393,1085,1337,983,0
486,1040,1393,1085,1333,976,0
486,1040,1393,1085,1331,973,0
486,1040,1393,1085,1329,971,0
486,1040,1393,1085,1326,967,0
486,1040,1393,1085,1324,965,0
486,1040,1393,1085,1322,961,0
486,1040,1393,1085,1321,958,0
486,1040,1393,1085,1320,956,0
486,1040,1393,1085,1318,953,0
486,1040,1393,1085,1314,946,0
486,1040,1393,1085,1312,943,0
486,1040,1393,1085,1308,939,0
486,1040,1393,1085,1306,937,0
486,1040,1393,1085,1305,936,0
486,1040,1393,1085,1303,933,0
486,1040,1393,1085,1301,931,0
486,1040,1393,1085,1301,931,0
486,1040,1393,1085,1298,928,0
486,1040,1393,1085,1296,927,0
486,1040,1393,1085,1291,923,0
486,1040,1393,1085,1289,921,0
486,1040,1393,1085,1287,919,0
486,1040,1393,1085,1284,916,0
486,1040,1393,1085,1282,914,0
486,1040,1393,1085,1278,911,0
486,1040,1393,1085,1277,909,0
486,1040,1393,1085,1275,907,0
486,1040,1393,1085,1272,904,0
486,1040,1393,1085,1270,902,0
486,1040,1393,1085,1268,900,0
486,1040,1393,1085,1263,896,0
486,1040,1393,1085,1262,894,0
486,1040,1393,1085,1259,891,0
486,1040,1393,1085,1258,889,0
486,1040,1393,1085,1257,888,0
486,1040,1393,1085,1254,885,0
486,1040,1393,1085,1252,883,0
486,1040,1393,1085,1251,881,0
486,1040,1393,1085,1247,876,0
486,1040,1393,1085,1244,873,0
486,1040,1393,1085,1241,870,0
486,1040,1393,1085,1237,865,0
486,1040,1393,1085,1235,863,0
486,1040,1393,1085,1234,862,0
486,1040,1393,1085,1230,858,0
486,1040,1393,1085,1229,856,0
486,1040,1393,1085,1226,851,0
486,1040,1393,1085,1223,849,0
486,1040,1393,1085,1221,846,0
486,1040,1393,1085,1217,840,0
486,1040,1393,1085,1216,838,0
486,1040,1393,1085,1214,837,0
486,1040,1393,1085,1212,832,0
486,1040,1393,1085,1210,830,0
486,1040,1393,1085,1207,824,0
486,1040,1393,1085,1205,821,0
486,1040,1393,1085,1202,818,0
486,1040,1393,1085,1198,811,0
486,1040,1393,1085,1195,807,0
486,1040,1393,1085,1191,799,0
486,1040,1393,1085,1188,795,0
486,1040,1393,1085,1185,791,0
486,1040,1393,1085,1183,787,0
486,1040,1393,1085,1180,780,0
486,1040,1393,1085,1178,777,0
486,1040,1393,1085,1176,773,0
486,1040,1393,1085,1175,772,0
486,1040,1393,1085,1174,770,0
486,1040,1393,1085,1170,765,0
486,1040,1393,1085,1169,763,0
486,1040,1393,1085,1168,760,0
486,1040,1393,1085,1166,756,0
486,1040,1393,1085,1164,755,0
486,1040,1393,1085,1162,751,0
486,1040,1393,1085,1161,750,0
486,1040,1393,1085,1161,748,0
486,1040,1393,1085,1159,743,0
486,1040,1393,1085,1157,741,0
486,1040,1393,1085,1154,736,0
486,1040,1393,1085,1152,733,0
486,1040,1393,1085,1150,730,0
486,1040,1393,1085,1146,723,0
486,1040,1393,1085,1144,721,0
486,1040,1393,1085,1143,718,0
486,1040,1393,1085,1142,716,0
486,1040,1393,1085,1141,712,0
486,1040,1393,1085,1141,709,0
486,1040,1393,1085,1140,702,0
486,1040,1393,1085,1139,699,0
486,1040,1393,1085,1138,695,0
486,1040,1393,1085,1135,687,0
486,1040,1393,1085,1133,683,0
486,1040,1393,1085,1130,674,0
486,1040,1393,1085,1129,670,0
486,1040,1393,1085,1128,666,0
486,1040,1393,1085,1126,658,0
486,1040,1393,1085,1124,654,0
486,1040,1393,1085,1123,650,0
486,1040,1393,1085,1121,642,0
486,1040,1393,1085,1120,638,0
486,1040,1393,1085,1119,630,0
486,1040,1393,1085,1118,625,0
486,1040,1393,1085,1118,621,0
486,1040,1393,1085,1117,615,0
486,1040,1393,1085,1116,611,0
486,1040,1393,1085,1116,608,0
486,1040,1393,1085,1115,601,0
486,1040,1393,1085,1114,597,0
486,1040,1393,1085,1114,592,0
486,1040,1393,1085,1110,583,0
486,1040,1393,1085,1108,577,0
486,1040,1393,1085,1106,570,0
486,1040,1393,1085,1105,566,0
486,1040,1393,1085,1104,561,0
486,1040,1393,1085,1102,555,0
486,1040,1393,1085,1102,551,0
486,1040,1393,1085,1101,548,0
486,1040,1393,1085,1100,542,0
486,1040,1393,1085,1100,539,0
486,1040,1393,1085,1097,532,0
486,1040,1393,1085,1095,529,0
486,1040,1393,1085,1094,525,0
486,1040,1393,1085,1090,518,0
486,1040,1393,1085,1088,514,0
486,1040,1393,1085,1088,512,0
486,1040,1393,1085,1087,506,0
486,1040,1393,1085,1087,502,0
486,1040,1393,1085,1087,499,0
486,1040,1393,1085,1086,493,0
486,1040,1393,1085,1085,488,0
486,1040,1393,1085,1083,482,0
486,1040,1393,1085,1082,479,0
486,1040,1393,1085,1081,475,0
486,1040,1393,1085,1080,470,0
486,1040,1393,1085,1080,467,0
486,1040,1393,1085,1079,461,0
486,1040,1393,1085,1079,459,0
486,1040,1393,1085,1079,457,0
486,1040,1393,1085,1079,455,0
486,1040,1393,1085,1078,451,0
486,1040,1393,1085,1078,449,0
486,1040,1393,1085,1076,444,0
486,1040,1393,1085,1076,441,0
486,1040,1393,1085,1075,439,0
486,1040,1393,1085,1074,434,0
486,1040,1393,1085,1074,432,0
486,1040,1393,1085,1072,427,0
486,1040,1393,1085,1072,424,0
486,1040,1393,1085,1071,422,0
486,1040,1393,1085,1070,418,0
486,1040,1393,1085,1070,416,0
486,1040,1393,1085,1068,413,0
486,1040,1393,1085,1068,411,0
486,1040,1393,1085,1067,409,0
486,1040,1393,1085,1064,406,0
486,1040,1393,1085,1063,404,0
486,1040,1393,1085,1062,402,0
486,1040,1393,1085,1060,398,0
486,1040,1393,1085,1059,396,0
486,1040,1393,1085,1058,393,0
486,1040,1393,1085,1057,391,0
486,1040,1393,1085,1056,390,0
486,1040,1393,1085,1055,388,0
486,1040,1393,1085,1054,387,0
486,1040,1393,1085,1054,386,0
486,1040,1393,1085,1054,385,0
486,1040,1393,1085,1054,385,0
486,1040,1393,1085,1054,385,0
486,1040,1393,1085,1054,385,0
486,1040,1393,1085,1054,385,0
486,1040,1393,1085,1054,385,0
486,1040,1393,1085,1054,385,0
486,1040,1393,1085,1054,384,0
486,1040,1393,1085,1054,384,0
486,1040,1393,1085,1053,384,0
486,1040,1393,1085,1053,383,0
486,1040,1393,1085,1053,383,0
486,1040,1393,1085,1053,383,0
486,1040,1393,1085,1053,383,0
486,1040,1393,1085,1053,383,0
