486,1040,1393,1085,906,378,0
486,1040,1393,1085,906,378,0
486,1040,1393,1085,906,378,0
486,1040,1393,1085,906,378,0
486,1040,1393,1085,906,378,0
486,1040,1393,1085,906,378,0
486,1040,1393,1085,906,378,0
486,1040,1393,1085,906,378,0
486,1040,1393,1085,906,378,0
486,1040,1393,1085,906,378,0
486,1040,1393,1085,906,378,0
486,1040,1393,1085,906,378,0
486,1040,1393,1085,906,378,0
486,1040,1393,1085,906,378,0
486,1040,1393,1085,906,378,0
486,1040,1393,1085,906,378,0
486,1040,1393,1085,906,378,0
486,1040,1393,1085,906,378,0
486,1040,1393,1085,906,378,0
486,1040,1393,1085,906,378,0
486,1040,1393,1085,906,378,0
486,1040,1393,1085,906,378,0
486,1040,1393,1085,906,378,0
486,1040,1393,1085,906,378,0
486,1040,1393,1085,907,378,0
486,1040,1393,1085,907,378,0
486,1040,1393,1085,907,378,0
486,1040,1393,1085,907,378,0
486,1040,1393,1085,907,378,0
486,1040,1393,1085,907,378,0
486,1040,1393,1085,907,378,0
486,1040,1393,1085,907,378,0
486,1040,1393,1085,907,378,0
486,1040,1393,1085,907,378,0
486,1040,1393,1085,907,378,0
486,1040,1393,1085,907,378,0
486,1040,1393,1085,906,379,0
486,1040,1393,1085,906,379,0
486,1040,1393,1085,906,379,0
486,1040,1393,1085,906,379,0
486,1040,1393,1085,906,379,0
486,1040,1393,1085,906,379,0
486,1040,1393,1085,906,380,0
486,1040,1393,1085,906,382,0
486,1040,1393,1085,906,383,0
486,1040,1393,1085,906,384,0
486,1040,1393,1085,906,385,0
486,1040,1393,1085,906,385,0
486,1040,1393,1085,906,385,0
486,1040,1393,1085,906,386,0
486,1040,1393,1085,906,386,0
486,1040,1393,1085,906,387,0
486,1040,1393,1085,907,388,0
486,1040,1393,1085,907,388,0
486,1040,1393,1085,908,389,0
486,1040,1393,1085,908,389,0
486,1040,1393,1085,908,390,0
486,1040,1393,1085,908,390,0
486,1040,1393,1085,908,391,0
486,1040,1393,1085,908,391,0
486,1040,1393,1085,908,393,0
486,1040,1393,1085,907,394,0
486,1040,1393,1085,907,395,0
486,1040,1393,1085,906,398,0
486,1040,1393,1085,906,399,0
486,1040,1393,1085,905,402,0
486,1040,1393,1085,905,403,0
486,1040,1393,1085,905,404,0
486,1040,1393,1085,905,405,0
486,1040,1393,1085,906,406,0
486,1040,1393,1085,906,406,0
486,1040,1393,1085,905,407,0
486,1040,1393,1085,905,408,0
486,1040,1393,1085,904,409,0
486,1040,1393,1085,903,411,0
486,1040,1393,1085,902,413,0
486,1040,1393,1085,901,415,0
486,1040,1393,1085,899,418,0
486,1040,1393,1085,899,419,0
486,1040,1393,1085,898,421,0
486,1040,1393,1085,898,421,0
486,1040,1393,1085,898,422,0
486,1040,1393,1085,896,424,0
486,1040,1393,1085,895,425,0
486,1040,1393,1085,894,427,0
486,1040,1393,1085,893,429,0
486,1040,1393,1085,892,430,0
486,1040,1393,1085,890,433,0
486,1040,1393,1085,890,435,0
486,1040,1393,1085,890,436,0
486,1040,1393,1085,889,438,0
486,1040,1393,1085,889,439,0
486,1040,1393,1085,889,440,0
486,1040,1393,1085,888,442,0
486,1040,1393,1085,887,443,0
486,1040,1393,1085,887,444,0
486,1040,1393,1085,886,447,0
486,1040,1393,1085,885,448,0
486,1040,1393,1085,885,449,0
486,1040,1393,1085,884,452,0
486,1040,1393,1085,884,453,0
486,1040,1393,1085,883,457,0
486,1040,1393,1085,883,459,0
486,1040,1393,1085,882,460,0
486,1040,1393,1085,882,464,0
486,1040,1393,1085,882,466,0
486,1040,1393,1085,881,468,0
486,1040,1393,1085,881,472,0
486,1040,1393,1085,880,474,0
486,1040,1393,1085,880,478,0
486,1040,1393,1085,879,480,0
486,1040,1393,1085,879,482,0
486,1040,1393,1085,879,485,0
486,1040,1393,1085,878,487,0
486,1040,1393,1085,877,490,0
486,1040,1393,1085,877,492,0
486,1040,1393,1085,876,495,0
486,1040,1393,1085,875,499,0
486,1040,1393,1085,875,502,0
486,1040,1393,1085,875,505,0
486,1040,1393,1085,873,510,0
486,1040,1393,1085,871,512,0
486,1040,1393,1085,870,515,0
486,1040,1393,1085,868,521,0
486,1040,1393,1085,867,523,0
486,1040,1393,1085,865,528,0
486,1040,1393,1085,865,530,0
486,1040,1393,1085,864,532,0
486,1040,1393,1085,863,535,0
486,1040,1393,1085,863,537,0
486,1040,1393,1085,861,539,0
486,1040,1393,1085,859,544,0
486,1040,1393,1085,858,546,0
486,1040,1393,1085,857,549,0
486,1040,1393,1085,856,554,0
486,1040,1393,1085,855,556,0
486,1040,1393,1085,855,561,0
486,1040,1393,1085,854,563,0
486,1040,1393,1085,854,565,0
486,1040,1393,1085,854,568,0
486,1040,1393,1085,854,570,0
486,1040,1393,1085,854,576,0
486,1040,1393,1085,854,579,0
486,1040,1393,1085,854,584,0
486,1040,1393,1085,853,586,0
486,1040,1393,1085,852,592,0
486,1040,1393,1085,852,595,0
486,1040,1393,1085,851,598,0
486,1040,1393,1085,849,603,0
486,1040,1393,1085,849,606,0
486,1040,1393,1085,849,608,0
486,1040,1393,1085,848,612,0
486,1040,1393,1085,848,615,0
486,1040,1393,1085,848,617,0
486,1040,1393,1085,846,622,0
486,1040,1393,1085,844,625,0
486,1040,1393,1085,840,632,0
486,1040,1393,1085,839,636,0
486,1040,1393,1085,837,639,0
486,1040,1393,1085,835,646,0
486,1040,1393,1085,834,649,0
486,1040,1393,1085,833,655,0
486,1040,1393,1085,832,656,0
486,1040,1393,1085,831,658,0
486,1040,1393,1085,829,663,0
486,1040,1393,1085,828,666,0
486,1040,1393,1085,823,674,0
486,1040,1393,1085,821,678,0
486,1040,1393,1085,818,682,0
486,1040,1393,1085,813,691,0
486,1040,1393,1085,810,695,0
486,1040,1393,1085,808,699,0
486,1040,1393,1085,806,704,0
486,1040,1393,1085,805,707,0
486,1040,1393,1085,805,711,0
486,1040,1393,1085,803,713,0
486,1040,1393,1085,801,715,0
486,1040,1393,1085,798,721,0
486,1040,1393,1085,795,725,0
486,1040,1393,1085,791,734,0
486,1040,1393,1085,788,737,0
486,1040,1393,1085,785,744,0
486,1040,1393,1085,782,747,0
486,1040,1393,1085,781,750,0
486,1040,1393,1085,778,755,0
486,1040,1393,1085,776,760,0
486,1040,1393,1085,774,763,0
486,1040,1393,1085,772,765,0
486,1040,1393,1085,768,770,0
486,1040,1393,1085,766,773,0
486,1040,1393,1085,764,776,0
486,1040,1393,1085,759,781,0
486,1040,1393,1085,757,784,0
486,1040,1393,1085,755,786,0
486,1040,1393,1085,751,791,0
486,1040,1393,1085,748,794,0
486,1040,1393,1085,747,797,0
486,1040,1393,1085,743,801,0
486,1040,1393,1085,741,803,0
486,1040,1393,1085,735,807,0
486,1040,1393,1085,733,809,0
486,1040,1393,1085,731,811,0
486,1040,1393,1085,726,815,0
486,1040,1393,1085,724,816,0
486,1040,1393,1085,720,820,0
486,1040,1393,1085,718,822,0
486,1040,1393,1085,716,824,0
486,1040,1393,1085,710,826,0
486,1040,1393,1085,708,828,0
486,1040,1393,1085,704,832,0
486,1040,1393,1085,703,833,0
486,1040,1393,1085,701,834,0
486,1040,1393,1085,698,837,0
486,1040,1393,1085,697,838,0
486,1040,1393,1085,694,840,0
486,1040,1393,1085,692,842,0
486,1040,1393,1085,688,845,0
486,1040,1393,1085,686,847,0
486,1040,1393,1085,684,848,0
486,1040,1393,1085,679,852,0
486,1040,1393,1085,677,855,0
486,1040,1393,1085,674,860,0
486,1040,1393,1085,672,862,0
486,1040,1393,1085,671,864,0
486,1040,1393,1085,670,866,0
486,1040,1393,1085,667,870,0
486,1040,1393,1085,666,872,0
486,1040,1393,1085,661,877,0
486,1040,1393,1085,658,880,0
486,1040,1393,1085,655,882,0
486,1040,1393,1085,650,888,0
486,1040,1393,1085,648,891,0
486,1040,1393,1085,646,895,0
486,1040,1393,1085,645,896,0
486,1040,1393,1085,644,897,0
486,1040,1393,1085,643,899,0
486,1040,1393,1085,643,900,0
486,1040,1393,1085,643,901,0
486,1040,1393,1085,641,904,0
486,1040,1393,1085,640,906,0
486,1040,1393,1085,637,909,0
486,1040,1393,1085,636,911,0
486,1040,1393,1085,635,913,0
486,1040,1393,1085,633,916,0
486,1040,1393,1085,633,917,0
486,1040,1393,1085,633,917,0
486,1040,1393,1085,631,919,0
486,1040,1393,1085,631,920,0
486,1040,1393,1085,630,921,0
486,1040,1393,1085,628,923,0
486,1040,1393,1085,627,924,0
486,1040,1393,1085,625,927,0
486,1040,1393,1085,624,928,0
486,1040,1393,1085,622,929,0
486,1040,1393,1085,619,932,0
486,1040,1393,1085,618,934,0
486,1040,1393,1085,617,935,0
486,1040,1393,1085,615,939,0
486,1040,1393,1085,615,940,0
486,1040,1393,1085,613,943,0
486,1040,1393,1085,613,945,0
486,1040,1393,1085,612,946,0
486,1040,1393,1085,608,951,0
486,1040,1393,1085,606,954,0
486,1040,1393,1085,601,958,0
486,1040,1393,1085,599,961,0
486,1040,1393,1085,597,964,0
486,1040,1393,1085,594,967,0
486,1040,1393,1085,593,968,0
486,1040,1393,1085,592,969,0
486,1040,1393,1085,591,971,0
486,1040,1393,1085,590,974,0
486,1040,1393,1085,589,976,0
486,1040,1393,1085,584,981,0
486,1040,1393,1085,582,983,0
486,1040,1393,1085,579,986,0
486,1040,1393,1085,573,990,0
486,1040,1393,1085,571,993,0
486,1040,1393,1085,564,998,0
486,1040,1393,1085,561,1000,0
486,1040,1393,1085,559,1003,0
486,1040,1393,1085,554,1007,0
486,1040,1393,1085,553,1009,0
486,1040,1393,1085,549,1013,0
486,1040,1393,1085,547,1015,0
486,1040,1393,1085,546,1017,0
486,1040,1393,1085,543,1020,0
486,1040,1393,1085,541,1022,0
486,1040,1393,1085,540,1023,0
486,1040,1393,1085,536,1027,0
486,1040,1393,1085,535,1028,0
486,1040,1393,1085,532,1031,0
486,1040,1393,1085,531,1033,0
486,1040,1393,1085,529,1035,0
486,1040,1393,1085,526,1039,0
486,1040,1393,1085,524,1042,0
486,1040,1393,1085,522,1044,0
486,1040,1393,1085,518,1051,0
486,1040,1393,1085,517,1055,0
486,1040,1393,1085,516,1059,0
486,1040,1393,1085,514,1065,0
486,1040,1393,1085,514,1067,0
486,1040,1393,1085,514,1069,0
486,1040,1393,1085,513,1071,0
486,1040,1393,1085,512,1072,0
486,1040,1393,1085,509,1076,0
486,1040,1393,1085,507,1078,0
486,1040,1393,1085,506,1079,0
486,1040,1393,1085,504,1082,0
486,1040,1393,1085,502,1084,0
486,1040,1393,1085,501,1088,0
486,1040,1393,1085,500,1090,0
486,1040,1393,1085,499,1091,0
486,1040,1393,1085,498,1094,0
486,1040,1393,1085,497,1096,0
486,1040,1393,1085,495,1098,0
486,1040,1393,1085,493,1099,0
486,1040,1393,1085,492,1100,0
486,1040,1393,1085,489,1101,0
486,1040,1393,1085,489,1102,0
486,1040,1393,1085,488,1102,0
486,1040,1393,1085,486,1103,0
486,1040,1393,1085,485,1103,0
486,1040,1393,1085,483,1104,0
486,1040,1393,1085,478,1106,0
486,1040,1393,1085,476,1107,0
486,1040,1393,1085,474,1107,0
486,1040,1393,1085,471,1109,0
486,1040,1393,1085,469,1110,0
486,1040,1393,1085,466,1112,0
486,1040,1393,1085,464,1113,0
486,1040,1393,1085,463,1114,0
486,1040,1393,1085,458,1118,0
486,1040,1393,1085,456,1120,0
486,1040,1393,1085,454,1121,0
486,1040,1393,1085,450,1125,0
486,1040,1393,1085,448,1126,0
486,1040,1393,1085,443,1129,0
486,1040,1393,1085,441,1131,0
486,1040,1393,1085,439,1133,0
486,1040,1393,1085,435,1135,0
486,1040,1393,1085,434,1136,0
486,1040,1393,1085,432,1137,0
486,1040,1393,1085,430,1138,0
486,1040,1393,1085,429,1139,0
486,1040,1393,1085,428,1139,0
486,1040,1393,1085,427,1139,0
486,1040,1393,1085,426,1140,0
486,1040,1393,1085,425,1140,0
486,1040,1393,1085,420,1142,0
486,1040,1393,1085,418,1143,0
486,1040,1393,1085,414,1145,0
486,1040,1393,1085,414,1146,0
486,1040,1393,1085,413,1146,0
486,1040,1393,1085,412,1147,0
486,1040,1393,1085,411,1148,0
486,1040,1393,1085,409,1149,0
486,1040,1393,1085,407,1152,0
486,1040,1393,1085,405,1154,0
486,1040,1393,1085,403,1157,0
486,1040,1393,1085,402,1158,0
486,1040,1393,1085,401,1159,0
486,1040,1393,1085,398,1161,0
486,1040,1393,1085,397,1162,0
486,1040,1393,1085,396,1163,0
486,1040,1393,1085,395,1164,0
486,1040,1393,1085,394,1165,0
486,1040,1393,1085,393,1166,0
486,1040,1393,1085,391,1167,0
486,1040,1393,1085,391,1168,0
486,1040,1393,1085,390,1169,0
486,1040,1393,1085,389,1169,0
486,1040,1393,1085,388,1170,0
486,1040,1393,1085,388,1171,0
486,1040,1393,1085,387,1172,0
486,1040,1393,1085,386,1172,0
486,1040,1393,1085,386,1173,0
486,1040,1393,1085,386,1174,0
486,1040,1393,1085,385,1174,0
486,1040,1393,1085,385,1175,0
486,1040,1393,1085,384,1176,0
486,1040,1393,1085,384,1176,0
486,1040,1393,1085,382,1178,0
486,1040,1393,1085,382,1178,0
486,1040,1393,1085,382,1178,0
486,1040,1393,1085,382,1179,0
486,1040,1393,1085,382,1179,0
486,1040,1393,1085,382,1180,0
486,1040,1393,1085,382,1180,0
486,1040,1393,1085,382,1180,0
486,1040,1393,1085,382,1180,0
486,1040,1393,1085,382,1180,0
486,1040,1393,1085,382,1180,0
486,1040,1393,1085,382,1180,0
486,1040,1393,1085,382,1180,0
486,1040,1393,1085,382,1180,0
486,1040,1393,1085,382,1180,0
486,1040,1393,1085,382,1181,0
486,1040,1393,1085,383,1182,0
486,1040,1393,1085,383,1182,1
486,1040,1393,1085,383,1183,1
486,1040,1393,1085,384,1184,1
486,1040,1393,1085,384,1186,1
486,1040,1393,1085,385,1187,1
486,1040,1393,1085,385,1188,1
486,1040,1393,1085,385,1188,1
486,1040,1393,1085,385,1188,1
486,1040,1393,1085,385,1188,1
486,1040,1393,1085,386,1188,1
486,1040,1393,1085,386,1188,1
486,1040,1393,1085,388,1188,1
486,1040,1393,1085,388,1188,1
486,1040,1393,1085,388,1189,1
486,1040,1393,1085,388,1189,1
486,1040,1393,1085,388,1189,1
486,1040,1393,1085,388,1189,1
486,1040,1393,1085,388,1189,1
486,1040,1393,1085,388,1189,1
486,1040,1393,1085,389,1189,1
486,1040,1393,1085,389,1189,1
486,1040,1393,1085,389,1189,1
486,1040,1393,1085,390,1189,1
486,1040,1393,1085,391,1189,1
486,1040,1393,1085,391,1189,1
486,1040,1393,1085,392,1189,1
486,1040,1393,1085,395,1189,1
486,1040,1393,1085,397,1188,1
486,1040,1393,1085,401,1188,1
486,1040,1393,1085,410,1185,1
486,1040,1393,1085,414,1185,1
486,1040,1393,1085,418,1184,1
486,1040,1393,1085,428,1181,1
486,1040,1393,1085,432,1181,1
486,1040,1393,1085,439,1179,1
486,1040,1393,1085,442,1179,1
486,1040,1393,1085,444,1179,1
486,1040,1393,1085,450,1178,1
486,1040,1393,1085,455,1177,1
486,1040,1393,1085,463,1175,1
486,1040,1393,1085,468,1174,1
486,1040,1393,1085,471,1173,1
486,1040,1393,1085,477,1171,1
486,1040,1393,1085,479,1170,1
486,1040,1393,1085,480,1170,1
486,1040,1393,1085,482,1168,1
486,1040,1393,1085,482,1168,1
486,1040,1393,1085,483,1167,1
486,1040,1393,1085,487,1166,1
486,1040,1393,1085,489,1164,1
486,1040,1393,1085,497,1161,1
486,1040,1393,1085,500,1159,1
486,1040,1393,1085,503,1158,1
486,1040,1393,1085,508,1155,1
486,1040,1393,1085,510,1155,1
486,1040,1393,1085,511,1154,1
486,1040,1393,1085,514,1153,1
486,1040,1393,1085,515,1152,1
486,1040,1393,1085,519,1151,1
486,1040,1393,1085,521,1151,1
486,1040,1393,1085,524,1150,1
486,1040,1393,1085,531,1147,1
486,1040,1393,1085,534,1146,1
486,1040,1393,1085,538,1145,1
486,1040,1393,1085,545,1143,1
486,1040,1393,1085,548,1141,1
486,1040,1393,1085,555,1139,1
486,1040,1393,1085,558,1138,1
486,1040,1393,1085,561,1136,1
486,1040,1393,1085,565,1134,1
486,1040,1393,1085,568,1132,1
486,1040,1393,1085,573,1129,1
486,1040,1393,1085,575,1128,1
486,1040,1393,1085,577,1126,1
486,1040,1393,1085,580,1125,1
486,1040,1393,1085,586,1121,1
486,1040,1393,1085,588,1120,1
486,1040,1393,1085,594,1116,1
486,1040,1393,1085,597,1114,1
486,1040,1393,1085,602,1112,1
486,1040,1393,1085,611,1107,1
486,1040,1393,1085,617,1105,1
486,1040,1393,1085,625,1101,1
486,1040,1393,1085,630,1099,1
486,1040,1393,1085,634,1096,1
486,1040,1393,1085,641,1094,1
486,1040,1393,1085,643,1093,1
486,1040,1393,1085,650,1092,1
486,1040,1393,1085,653,1091,1
486,1040,1393,1085,658,1090,1
486,1040,1393,1085,668,1086,1
486,1040,1393,1085,674,1085,1
486,1040,1393,1085,681,1084,1
486,1040,1393,1085,693,1081,1
486,1040,1393,1085,700,1081,1
486,1040,1393,1085,713,1079,1
486,1040,1393,1085,720,1079,1
486,1040,1393,1085,726,1078,1
486,1040,1393,1085,734,1076,1
486,1040,1393,1085,748,1074,1
486,1040,1393,1085,756,1074,1
486,1040,1393,1085,772,1072,1
486,1040,1393,1085,780,1070,1
486,1040,1393,1085,788,1069,1
486,1040,1393,1085,800,1068,1
486,1040,1393,1085,807,1066,1
486,1040,1393,1085,812,1065,1
486,1040,1393,1085,821,1063,1
486,1040,1393,1085,825,1061,1
486,1040,1393,1085,832,1059,1
486,1040,1393,1085,836,1058,1
486,1040,1393,1085,839,1058,1
486,1040,1393,1085,849,1056,1
486,1040,1393,1085,854,1054,1
486,1040,1393,1085,860,1053,1
486,1040,1393,1085,872,1050,1
486,1040,1393,1085,877,1048,1
486,1040,1393,1085,888,1044,1
486,1040,1393,1085,892,1042,1
486,1040,1393,1085,896,1039,1
486,1040,1393,1085,903,1036,1
486,1040,1393,1085,908,1035,1
486,1040,1393,1085,912,1034,1
486,1040,1393,1085,922,1029,1
486,1040,1393,1085,926,1028,1
486,1040,1393,1085,932,1025,1
486,1040,1393,1085,942,1022,1
486,1040,1393,1085,947,1020,1
486,1040,1393,1085,955,1016,1
486,1040,1393,1085,958,1014,1
486,1040,1393,1085,960,1013,1
486,1040,1393,1085,965,1011,1
486,1040,1393,1085,967,1010,1
486,1040,1393,1085,969,1009,1
486,1040,1393,1085,975,1005,1
486,1040,1393,1085,978,1004,1
486,1040,1393,1085,983,1002,1
486,1040,1393,1085,986,1001,1
486,1040,1393,1085,988,1000,1
486,1040,1393,1085,991,998,1
486,1040,1393,1085,992,997,1
486,1040,1393,1085,993,996,1
486,1040,1393,1085,997,995,1
486,1040,1393,1085,999,994,1
486,1040,1393,1085,1005,991,1
486,1040,1393,1085,1008,989,1
486,1040,1393,1085,1012,988,1
486,1040,1393,1085,1017,985,1
486,1040,1393,1085,1019,984,1
486,1040,1393,1085,1022,981,1
486,1040,1393,1085,1024,981,1
486,1040,1393,1085,1027,979,1
486,1040,1393,1085,1032,976,1
486,1040,1393,1085,1036,975,1
486,1040,1393,1085,1041,973,1
486,1040,1393,1085,1053,970,1
486,1040,1393,1085,1060,969,1
486,1040,1393,1085,1067,966,1
486,1040,1393,1085,1078,965,1
486,1040,1393,1085,1084,963,1
486,1040,1393,1085,1092,960,1
486,1040,1393,1085,1094,960,1
486,1040,1393,1085,1098,959,1
486,1040,1393,1085,1100,958,1
486,1040,1393,1085,1103,958,1
486,1040,1393,1085,1109,957,1
486,1040,1393,1085,1112,956,1
486,1040,1393,1085,1119,955,1
486,1040,1393,1085,1123,955,1
486,1040,1393,1085,1126,955,1
486,1040,1393,1085,1132,955,1
486,1040,1393,1085,1135,955,1
486,1040,1393,1085,1138,955,1
486,1040,1393,1085,1145,955,1
486,1040,1393,1085,1148,955,1
486,1040,1393,1085,1151,954,1
486,1040,1393,1085,1159,954,1
486,1040,1393,1085,1163,953,1
486,1040,1393,1085,1165,953,1
486,1040,1393,1085,1170,953,1
486,1040,1393,1085,1172,953,1
486,1040,1393,1085,1177,952,1
486,1040,1393,1085,1180,952,1
486,1040,1393,1085,1182,952,1
486,1040,1393,1085,1187,951,1
486,1040,1393,1085,1190,950,1
486,1040,1393,1085,1192,950,1
486,1040,1393,1085,1196,949,1
486,1040,1393,1085,1202,949,1
486,1040,1393,1085,1204,949,1
486,1040,1393,1085,1208,949,1
486,1040,1393,1085,1210,948,1
486,1040,1393,1085,1212,948,1
486,1040,1393,1085,1216,947,1
486,1040,1393,1085,1218,947,1
486,1040,1393,1085,1219,947,1
486,1040,1393,1085,1223,946,1
486,1040,1393,1085,1225,946,1
486,1040,1393,1085,1227,946,1
486,1040,1393,1085,1231,946,1
486,1040,1393,1085,1232,946,1
486,1040,1393,1085,1236,946,1
486,1040,1393,1085,1239,946,1
486,1040,1393,1085,1242,946,1
486,1040,1393,1085,1249,946,1
486,1040,1393,1085,1252,946,1
486,1040,1393,1085,1254,946,1
486,1040,1393,1085,1258,946,1
486,1040,1393,1085,1259,946,1
486,1040,1393,1085,1260,946,1
486,1040,1393,1085,1264,946,1
486,1040,1393,1085,1266,946,1
486,1040,1393,1085,1271,945,1
486,1040,1393,1085,1274,945,1
486,1040,1393,1085,1278,945,1
486,1040,1393,1085,1285,945,1
486,1040,1393,1085,1289,945,1
486,1040,1393,1085,1291,945,1
486,1040,1393,1085,1296,945,1
486,1040,1393,1085,1299,945,1
486,1040,1393,1085,1303,945,1
486,1040,1393,1085,1306,945,1
486,1040,1393,1085,1308,945,1
486,1040,1393,1085,1313,945,1
486,1040,1393,1085,1315,945,1
486,1040,1393,1085,1317,945,1
486,1040,1393,1085,1320,945,1
486,1040,1393,1085,1322,945,1
486,1040,1393,1085,1323,945,1
486,1040,1393,1085,1325,945,1
486,1040,1393,1085,1327,945,1
486,1040,1393,1085,1329,945,1
486,1040,1393,1085,1330,945,1
486,1040,1393,1085,1331,945,1
486,1040,1393,1085,1332,945,1
486,1040,1393,1085,1332,945,1
486,1040,1393,1085,1333,945,1
486,1040,1393,1085,1334,945,1
486,1040,1393,1085,1334,945,1
486,1040,1393,1085,1337,944,1
486,1040,1393,1085,1339,943,1
486,1040,1393,1085,1342,943,1
486,1040,1393,1085,1347,943,1
486,1040,1393,1085,1350,943,1
486,1040,1393,1085,1355,942,1
486,1040,1393,1085,1357,942,1
486,1040,1393,1085,1358,942,1
486,1040,1393,1085,1358,942,1
486,1040,1393,1085,1358,942,1
486,1040,1393,1085,1358,942,1
486,1040,1393,1085,1358,942,1
486,1040,1393,1085,1359,942,1
486,1040,1393,1085,1360,942,1
486,1040,1393,1085,1361,942,1
486,1040,1393,1085,1361,942,1
486,1040,1393,1085,1362,942,1
486,1040,1393,1085,1362,942,1
486,1040,1393,1085,1363,943,1
486,1040,1393,1085,1364,943,1
486,1040,1393,1085,1364,943,1
486,1040,1393,1085,1365,943,1
486,1040,1393,1085,1365,943,1
486,1040,1393,1085,1365,943,1
486,1040,1393,1085,1365,943,1
486,1040,1393,1085,1364,943,1
486,1040,1393,1085,1364,943,1
486,1040,1393,1085,1363,943,1
486,1040,1393,1085,1363,943,1
486,1040,1393,1085,1363,943,1
486,1040,1393,1085,1363,943,1
486,1040,1393,1085,1363,943,1
486,1040,1393,1085,1363,943,1
486,1040,1393,1085,1363,943,1
486,1040,1393,1085,1363,943,1
486,1040,1393,1085,1363,943,1
486,1040,1393,1085,1364,942,1
486,1040,1393,1085,1366,941,1
486,1040,1393,1085,1367,940,1
486,1040,1393,1085,1368,939,1
486,1040,1393,1085,1369,938,1
486,1040,1393,1085,1370,938,1
486,1040,1393,1085,1370,938,1
486,1040,1393,1085,1370,937,1
486,1040,1393,1085,1370,937,1
486,1040,1393,1085,1371,937,1
486,1040,1393,1085,1371,937,1
486,1040,1393,1085,1371,937,1
486,1040,1393,1085,1371,937,1
486,1040,1393,1085,1371,937,1
486,1040,1393,1085,1371,937,1
486,1040,1393,1085,1371,936,1
486,1040,1393,1085,1371,936,1
486,1040,1393,1085,1371,936,1
486,1040,1393,1085,1371,936,0
486,1040,1393,1085,1370,936,0
486,1040,1393,1085,1370,936,0
486,1040,1393,1085,1370,936,0
486,1040,1393,1085,1370,936,0
486,1040,1393,1085,1370,936,0
486,1040,1393,1085,1370,936,0
486,1040,1393,1085,1370,936,0
486,1040,1393,1085,1369,937,0
486,1040,1393,1085,1368,937,0
486,1040,1393,1085,1368,937,0
486,1040,1393,1085,1368,937,0
486,1040,1393,1085,1367,937,0
486,1040,1393,1085,1366,938,0
486,1040,1393,1085,1366,938,0
486,1040,1393,1085,1366,938,0
486,1040,1393,1085,1366,938,0
486,1040,1393,1085,1366,938,0
486,1040,1393,1085,1365,938,0
486,1040,1393,1085,1365,938,0
486,1040,1393,1085,1365,938,0
486,1040,1393,1085,1365,938,0
486,1040,1393,1085,1365,938,0
486,1040,1393,1085,1365,938,0
486,1040,1393,1085,1365,938,0
486,1040,1393,1085,1365,938,0
486,1040,1393,1085,1365,938,0
486,1040,1393,1085,1364,938,0
486,1040,1393,1085,1364,937,0
486,1040,1393,1085,1364,937,0
486,1040,1393,1085,1363,936,0
486,1040,1393,1085,1361,936,0
486,1040,1393,1085,1358,935,0
486,1040,1393,1085,1356,934,0
486,1040,1393,1085,1354,933,0
486,1040,1393,1085,1350,931,0
486,1040,1393,1085,1347,930,0
486,1040,1393,1085,1340,927,0
486,1040,1393,1085,1335,925,0
486,1040,1393,1085,1331,923,0
486,1040,1393,1085,1325,921,0
486,1040,1393,1085,1322,920,0
486,1040,1393,1085,1320,919,0
486,1040,1393,1085,1317,918,0
486,1040,1393,1085,1315,917,0
486,1040,1393,1085,1310,916,0
486,1040,1393,1085,1307,915,0
486,1040,1393,1085,1303,914,0
486,1040,1393,1085,1296,911,0
486,1040,1393,1085,1293,908,0
486,1040,1393,1085,1286,903,0
486,1040,1393,1085,1283,901,0
486,1040,1393,1085,1281,898,0
486,1040,1393,1085,1277,892,0
486,1040,1393,1085,1275,890,0
486,1040,1393,1085,1273,888,0
486,1040,1393,1085,1269,885,0
486,1040,1393,1085,1267,883,0
486,1040,1393,1085,1265,881,0
486,1040,1393,1085,1261,878,0
486,1040,1393,1085,1260,877,0
486,1040,1393,1085,1257,873,0
486,1040,1393,1085,1256,871,0
486,1040,1393,1085,1254,869,0
486,1040,1393,1085,1252,864,0
486,1040,1393,1085,1250,862,0
486,1040,1393,1085,1249,860,0
486,1040,1393,1085,1245,855,0
486,1040,1393,1085,1243,852,0
486,1040,1393,1085,1240,847,0
486,1040,1393,1085,1238,845,0
486,1040,1393,1085,1237,843,0
486,1040,1393,1085,1235,840,0
486,1040,1393,1085,1235,838,0
486,1040,1393,1085,1233,835,0
486,1040,1393,1085,1232,834,0
486,1040,1393,1085,1231,832,0
486,1040,1393,1085,1229,829,0
486,1040,1393,1085,1228,827,0
486,1040,1393,1085,1227,825,0
486,1040,1393,1085,1226,820,0
486,1040,1393,1085,1225,817,0
486,1040,1393,1085,1224,815,0
486,1040,1393,1085,1222,809,0
486,1040,1393,1085,1222,806,0
486,1040,1393,1085,1220,801,0
486,1040,1393,1085,1219,799,0
486,1040,1393,1085,1218,796,0
486,1040,1393,1085,1216,791,0
486,1040,1393,1085,1216,789,0
486,1040,1393,1085,1215,786,0
486,1040,1393,1085,1214,781,0
486,1040,1393,1085,1213,778,0
486,1040,1393,1085,1209,772,0
486,1040,1393,1085,1207,769,0
486,1040,1393,1085,1205,766,0
486,1040,1393,1085,1200,760,0
486,1040,1393,1085,1198,757,0
486,1040,1393,1085,1194,753,0
486,1040,1393,1085,1192,751,0
486,1040,1393,1085,1191,749,0
486,1040,1393,1085,1189,746,0
486,1040,1393,1085,1188,744,0
486,1040,1393,1085,1187,742,0
486,1040,1393,1085,1184,737,0
486,1040,1393,1085,1181,734,0
486,1040,1393,1085,1179,729,0
486,1040,1393,1085,1173,722,0
486,1040,1393,1085,1170,718,0
486,1040,1393,1085,1165,710,0
486,1040,1393,1085,1163,707,0
486,1040,1393,1085,1161,704,0
486,1040,1393,1085,1158,699,0
486,1040,1393,1085,1157,696,0
486,1040,1393,1085,1156,694,0
486,1040,1393,1085,1152,689,0
486,1040,1393,1085,1151,685,0
486,1040,1393,1085,1146,678,0
486,1040,1393,1085,1145,674,0
486,1040,1393,1085,1143,669,0
486,1040,1393,1085,1139,660,0
486,1040,1393,1085,1138,656,0
486,1040,1393,1085,1137,651,0
486,1040,1393,1085,1134,643,0
486,1040,1393,1085,1132,638,0
486,1040,1393,1085,1128,630,0
486,1040,1393,1085,1126,625,0
486,1040,1393,1085,1122,619,0
486,1040,1393,1085,1116,607,0
486,1040,1393,1085,1113,601,0
486,1040,1393,1085,1109,594,0
486,1040,1393,1085,1103,580,0
486,1040,1393,1085,1098,574,0
486,1040,1393,1085,1095,568,0
486,1040,1393,1085,1090,556,0
486,1040,1393,1085,1088,551,0
486,1040,1393,1085,1084,541,0
486,1040,1393,1085,1083,536,0
486,1040,1393,1085,1080,529,0
486,1040,1393,1085,1075,519,0
486,1040,1393,1085,1072,513,0
486,1040,1393,1085,1069,503,0
486,1040,1393,1085,1066,497,0
486,1040,1393,1085,1065,491,0
486,1040,1393,1085,1060,480,0
486,1040,1393,1085,1059,475,0
486,1040,1393,1085,1057,470,0
486,1040,1393,1085,1054,462,0
486,1040,1393,1085,1053,457,0
486,1040,1393,1085,1054,453,0
486,1040,1393,1085,1055,449,0
486,1040,1393,1085,1055,446,0
486,1040,1393,1085,1055,438,0
486,1040,1393,1085,1055,434,0
486,1040,1393,1085,1055,430,0
486,1040,1393,1085,1055,423,0
486,1040,1393,1085,1055,419,0
486,1040,1393,1085,1056,416,0
486,1040,1393,1085,1058,412,0
486,1040,1393,1085,1059,409,0
486,1040,1393,1085,1060,407,0
486,1040,1393,1085,1062,403,0
486,1040,1393,1085,1062,401,0
486,1040,1393,1085,1062,400,0
486,1040,1393,1085,1062,400,0
486,1040,1393,1085,1062,400,0
486,1040,1393,1085,1062,400,0
486,1040,1393,1085,1062,400,0
486,1040,1393,1085,1062,400,0
486,1040,1393,1085,1062,400,0
486,1040,1393,1085,1062,400,0
486,1040,1393,1085,1062,400,0
486,1040,1393,1085,1062,398,0
486,1040,1393,1085,1063,398,0
486,1040,1393,1085,1063,397,0
486,1040,1393,1085,1064,397,0
486,1040,1393,1085,1064,396,0
486,1040,1393,1085,1064,395,0
486,1040,1393,1085,1064,394,0
486,1040,1393,1085,1065,394,0
486,1040,1393,1085,1065,393,0
486,1040,1393,1085,1065,393,0
486,1040,1393,1085,1065,392,0
486,1040,1393,1085,1065,391,0
486,1040,1393,1085,1066,391,0
486,1040,1393,1085,1067,390,0
486,1040,1393,1085,1067,389,0
486,1040,1393,1085,1068,389,0
486,1040,1393,1085,1069,388,0
486,1040,1393,1085,1069,387,0
486,1040,1393,1085,1069,387,0
486,1040,1393,1085,1069,387,0
486,1040,1393,1085,1069,387,0
