660,934,1542,968,921,373,0
660,934,1542,968,921,373,0
660,934,1542,968,922,373,0
660,934,1542,968,922,373,0
660,934,1542,968,922,373,0
660,934,1542,968,922,373,0
660,934,1542,968,922,373,0
660,934,1542,968,922,373,0
660,934,1542,968,922,373,0
660,934,1542,968,922,373,0
660,934,1542,968,922,373,0
660,934,1542,968,922,373,0
660,934,1542,968,922,373,0
660,934,1542,968,922,373,0
660,934,1542,968,922,373,0
660,934,1542,968,922,373,0
660,934,1542,968,922,373,0
660,934,1542,968,922,373,0
660,934,1542,968,921,373,0
660,934,1542,968,921,373,0
660,934,1542,968,921,375,0
660,934,1542,968,919,379,0
660,934,1542,968,919,381,0
660,934,1542,968,917,384,0
660,934,1542,968,915,389,0
660,934,1542,968,914,391,0
660,934,1542,968,912,393,0
660,934,1542,968,911,396,0
660,934,1542,968,908,399,0
660,934,1542,968,907,401,0
660,934,1542,968,907,403,0
660,934,1542,968,906,403,0
660,934,1542,968,906,404,0
660,934,1542,968,906,405,0
660,934,1542,968,905,406,0
660,934,1542,968,905,407,0
660,934,1542,968,904,409,0
660,934,1542,968,903,410,0
660,934,1542,968,902,411,0
660,934,1542,968,900,414,0
660,934,1542,968,899,416,0
660,934,1542,968,899,416,0
660,934,1542,968,898,417,0
660,934,1542,968,898,418,0
660,934,1542,968,897,419,0
660,934,1542,968,896,420,0
660,934,1542,968,896,422,0
660,934,1542,968,895,422,0
660,934,1542,968,894,425,0
660,934,1542,968,893,426,0
660,934,1542,968,892,427,0
660,934,1542,968,892,428,0
660,934,1542,968,890,431,0
660,934,1542,968,890,432,0
660,934,1542,968,889,434,0
660,934,1542,968,888,436,0
660,934,1542,968,886,440,0
660,934,1542,968,885,442,0
660,934,1542,968,884,444,0
660,934,1542,968,883,447,0
660,934,1542,968,882,449,0
660,934,1542,968,881,451,0
660,934,1542,968,879,455,0
660,934,1542,968,878,457,0
660,934,1542,968,877,459,0
660,934,1542,968,874,463,0
660,934,1542,968,873,465,0
660,934,1542,968,872,466,0
660,934,1542,968,871,469,0
660,934,1542,968,870,470,0
660,934,1542,968,870,471,0
660,934,1542,968,869,473,0
660,934,1542,968,869,474,0
660,934,1542,968,868,475,0
660,934,1542,968,866,478,0
660,934,1542,968,865,480,0
660,934,1542,968,864,482,0
660,934,1542,968,861,487,0
660,934,1542,968,860,489,0
660,934,1542,968,859,492,0
660,934,1542,968,857,496,0
660,934,1542,968,856,498,0
660,934,1542,968,855,500,0
660,934,1542,968,853,503,0
660,934,1542,968,852,505,0
660,934,1542,968,851,508,0
660,934,1542,968,849,510,0
660,934,1542,968,847,515,0
660,934,1542,968,845,517,0
660,934,1542,968,843,520,0
660,934,1542,968,840,525,0
660,934,1542,968,838,528,0
660,934,1542,968,837,531,0
660,934,1542,968,834,537,0
660,934,1542,968,832,540,0
660,934,1542,968,831,542,0
660,934,1542,968,827,547,0
660,934,1542,968,825,550,0
660,934,1542,968,823,553,0
660,934,1542,968,820,559,0
660,934,1542,968,818,562,0
660,934,1542,968,816,565,0
660,934,1542,968,812,571,0
660,934,1542,968,810,574,0
660,934,1542,968,808,576,0
660,934,1542,968,805,581,0
660,934,1542,968,804,584,0
660,934,1542,968,802,586,0
660,934,1542,968,800,591,0
660,934,1542,968,799,593,0
660,934,1542,968,798,595,0
660,934,1542,968,796,599,0
660,934,1542,968,795,601,0
660,934,1542,968,794,603,0
660,934,1542,968,793,605,0
660,934,1542,968,790,610,0
660,934,1542,968,790,612,0
660,934,1542,968,789,614,0
660,934,1542,968,789,619,0
660,934,1542,968,789,621,0
660,934,1542,968,788,623,0
660,934,1542,968,787,628,0
660,934,1542,968,787,630,0
660,934,1542,968,787,633,0
660,934,1542,968,785,639,0
660,934,1542,968,785,641,0
660,934,1542,968,784,644,0
660,934,1542,968,783,649,0
660,934,1542,968,782,652,0
660,934,1542,968,781,655,0
660,934,1542,968,780,661,0
660,934,1542,968,779,664,0
660,934,1542,968,778,667,0
660,934,1542,968,776,673,0
660,934,1542,968,775,677,0
660,934,1542,968,773,680,0
660,934,1542,968,772,684,0
660,934,1542,968,769,691,0
660,934,1542,968,769,696,0
660,934,1542,968,768,700,0
660,934,1542,968,768,708,0
660,934,1542,968,768,712,0
660,934,1542,968,768,716,0
660,934,1542,968,768,724,0
660,934,1542,968,768,726,0
660,934,1542,968,768,729,0
660,934,1542,968,767,734,0
660,934,1542,968,767,736,0
660,934,1542,968,767,739,0
660,934,1542,968,767,743,0
660,934,1542,968,766,744,0
660,934,1542,968,766,746,0
660,934,1542,968,765,749,0
660,934,1542,968,765,751,0
660,934,1542,968,765,753,0
660,934,1542,968,764,756,0
660,934,1542,968,764,758,0
660,934,1542,968,763,760,0
660,934,1542,968,762,763,0
660,934,1542,968,761,765,0
660,934,1542,968,760,767,0
660,934,1542,968,757,771,0
660,934,1542,968,757,772,0
660,934,1542,968,755,775,0
660,934,1542,968,753,779,0
660,934,1542,968,752,781,0
660,934,1542,968,751,783,0
660,934,1542,968,751,784,0
660,934,1542,968,749,788,0
660,934,1542,968,747,790,0
660,934,1542,968,746,792,0
660,934,1542,968,743,797,0
660,934,1542,968,741,799,0
660,934,1542,968,740,802,0
660,934,1542,968,736,808,0
660,934,1542,968,734,811,0
660,934,1542,968,733,814,0
660,934,1542,968,729,820,0
660,934,1542,968,727,823,0
660,934,1542,968,724,828,0
660,934,1542,968,723,831,0
660,934,1542,968,721,834,0
660,934,1542,968,718,839,0
660,934,1542,968,717,842,0
660,934,1542,968,716,845,0
660,934,1542,968,713,852,0
660,934,1542,968,712,854,0
660,934,1542,968,711,856,0
660,934,1542,968,710,859,0
660,934,1542,968,708,863,0
660,934,1542,968,707,865,0
660,934,1542,968,706,867,0
660,934,1542,968,704,872,0
660,934,1542,968,703,875,0
660,934,1542,968,702,877,0
660,934,1542,968,698,883,0
660,934,1542,968,697,886,0
660,934,1542,968,696,888,0
660,934,1542,968,693,893,0
660,934,1542,968,692,895,0
660,934,1542,968,691,897,0
660,934,1542,968,689,901,0
660,934,1542,968,688,902,0
660,934,1542,968,687,904,0
660,934,1542,968,684,908,0
660,934,1542,968,684,909,0
660,934,1542,968,683,911,0
660,934,1542,968,681,913,0
660,934,1542,968,681,915,0
660,934,1542,968,680,916,0
660,934,1542,968,679,918,0
660,934,1542,968,679,919,0
660,934,1542,968,678,920,0
660,934,1542,968,677,922,0
660,934,1542,968,676,924,0
660,934,1542,968,675,925,0
660,934,1542,968,673,928,0
660,934,1542,968,672,929,0
660,934,1542,968,672,930,0
660,934,1542,968,672,930,0
660,934,1542,968,672,930,0
660,934,1542,968,671,931,0
660,934,1542,968,671,931,0
660,934,1542,968,670,931,0
660,934,1542,968,670,932,0
660,934,1542,968,669,933,0
660,934,1542,968,668,934,0
660,934,1542,968,668,934,0
660,934,1542,968,668,935,0
660,934,1542,968,667,935,0
660,934,1542,968,667,936,0
660,934,1542,968,666,936,0
660,934,1542,968,665,937,0
660,934,1542,968,665,938,0
660,934,1542,968,664,939,0
660,934,1542,968,663,939,0
660,934,1542,968,663,939,0
660,934,1542,968,663,939,0
660,934,1542,968,663,939,0
660,934,1542,968,663,939,0
660,934,1542,968,663,939,0
660,934,1542,968,663,939,0
660,934,1542,968,663,939,0
660,934,1542,968,663,939,0
660,934,1542,968,663,939,0
660,934,1542,968,663,939,0
660,934,1542,968,663,939,0
660,934,1542,968,663,939,1
660,934,1542,968,663,939,1
660,934,1542,968,663,939,1
660,934,1542,968,663,939,1
660,934,1542,968,663,939,1
660,934,1542,968,663,939,1
660,934,1542,968,663,939,1
660,934,1542,968,663,939,1
660,934,1542,968,663,939,1
660,934,1542,968,663,939,1
660,934,1542,968,663,939,1
660,934,1542,968,663,939,1
660,934,1542,968,663,939,1
660,934,1542,968,664,939,1
660,934,1542,968,664,939,1
660,934,1542,968,664,939,1
660,934,1542,968,664,939,1
660,934,1542,968,665,939,1
660,934,1542,968,665,939,1
660,934,1542,968,666,939,1
660,934,1542,968,667,939,1
660,934,1542,968,668,940,1
660,934,1542,968,670,940,1
660,934,1542,968,673,941,1
660,934,1542,968,677,941,1
660,934,1542,968,680,941,1
660,934,1542,968,683,942,1
660,934,1542,968,691,941,1
660,934,1542,968,695,941,1
660,934,1542,968,699,941,1
660,934,1542,968,704,941,1
660,934,1542,968,705,942,1
660,934,1542,968,707,942,1
660,934,1542,968,709,942,1
660,934,1542,968,710,942,1
660,934,1542,968,712,942,1
660,934,1542,968,715,942,1
660,934,1542,968,716,943,1
660,934,1542,968,718,943,1
660,934,1542,968,720,944,1
660,934,1542,968,721,944,1
660,934,1542,968,721,944,1
660,934,1542,968,722,944,1
660,934,1542,968,723,944,1
660,934,1542,968,724,944,1
660,934,1542,968,726,944,1
660,934,1542,968,730,945,1
660,934,1542,968,732,945,1
660,934,1542,968,734,946,1
660,934,1542,968,739,946,1
660,934,1542,968,742,947,1
660,934,1542,968,745,947,1
660,934,1542,968,751,948,1
660,934,1542,968,754,949,1
660,934,1542,968,757,949,1
660,934,1542,968,764,950,1
660,934,1542,968,767,951,1
660,934,1542,968,770,951,1
660,934,1542,968,776,951,1
660,934,1542,968,779,951,1
660,934,1542,968,782,951,1
660,934,1542,968,787,952,1
660,934,1542,968,790,952,1
660,934,1542,968,792,953,1
660,934,1542,968,797,953,1
660,934,1542,968,800,954,1
660,934,1542,968,802,954,1
660,934,1542,968,807,955,1
660,934,1542,968,809,955,1
660,934,1542,968,811,955,1
660,934,1542,968,814,955,1
660,934,1542,968,814,955,1
660,934,1542,968,816,955,1
660,934,1542,968,819,955,1
660,934,1542,968,821,955,1
660,934,1542,968,824,955,1
660,934,1542,968,827,955,1
660,934,1542,968,834,955,1
660,934,1542,968,838,956,1
660,934,1542,968,842,957,1
660,934,1542,968,850,957,1
660,934,1542,968,854,957,1
660,934,1542,968,857,957,1
660,934,1542,968,863,958,1
660,934,1542,968,865,958,1
660,934,1542,968,867,958,1
660,934,1542,968,871,958,1
660,934,1542,968,874,958,1
660,934,1542,968,877,958,1
660,934,1542,968,884,959,1
660,934,1542,968,887,959,1
660,934,1542,968,890,959,1
660,934,1542,968,897,960,1
660,934,1542,968,900,961,1
660,934,1542,968,903,961,1
660,934,1542,968,909,961,1
660,934,1542,968,912,961,1
660,934,1542,968,915,961,1
660,934,1542,968,921,961,1
660,934,1542,968,925,961,1
660,934,1542,968,929,961,1
660,934,1542,968,933,961,1
660,934,1542,968,941,962,1
660,934,1542,968,946,962,1
660,934,1542,968,949,963,1
660,934,1542,968,955,965,1
660,934,1542,968,959,965,1
660,934,1542,968,962,966,1
660,934,1542,968,969,968,1
660,934,1542,968,972,968,1
660,934,1542,968,977,969,1
660,934,1542,968,984,972,1
660,934,1542,968,987,972,1
660,934,1542,968,990,973,1
660,934,1542,968,996,975,1
660,934,1542,968,1000,975,1
660,934,1542,968,1004,976,1
660,934,1542,968,1007,976,1
660,934,1542,968,1013,977,1
660,934,1542,968,1016,979,1
660,934,1542,968,1026,980,1
660,934,1542,968,1031,982,1
660,934,1542,968,1037,983,1
660,934,1542,968,1048,985,1
660,934,1542,968,1052,987,1
660,934,1542,968,1056,987,1
660,934,1542,968,1061,988,1
660,934,1542,968,1069,989,1
660,934,1542,968,1071,989,1
660,934,1542,968,1074,990,1
660,934,1542,968,1081,991,1
660,934,1542,968,1084,991,1
660,934,1542,968,1089,991,1
660,934,1542,968,1098,992,1
660,934,1542,968,1102,992,1
660,934,1542,968,1106,993,1
660,934,1542,968,1113,994,1
660,934,1542,968,1117,994,1
660,934,1542,968,1120,994,1
660,934,1542,968,1124,995,1
660,934,1542,968,1126,995,1
660,934,1542,968,1128,995,1
660,934,1542,968,1132,996,1
660,934,1542,968,1134,996,1
660,934,1542,968,1136,996,1
660,934,1542,968,1140,996,1
660,934,1542,968,1141,996,1
660,934,1542,968,1141,996,1
660,934,1542,968,1142,996,1
660,934,1542,968,1144,996,1
660,934,1542,968,1147,996,1
660,934,1542,968,1154,996,1
660,934,1542,968,1159,996,1
660,934,1542,968,1164,996,1
660,934,1542,968,1170,996,1
660,934,1542,968,1183,997,1
660,934,1542,968,1189,998,1
660,934,1542,968,1197,999,1
660,934,1542,968,1209,999,1
660,934,1542,968,1216,1000,1
660,934,1542,968,1223,1000,1
660,934,1542,968,1241,1003,1
660,934,1542,968,1251,1003,1
660,934,1542,968,1261,1004,1
660,934,1542,968,1279,1006,1
660,934,1542,968,1288,1006,1
660,934,1542,968,1297,1006,1
660,934,1542,968,1310,1007,1
660,934,1542,968,1315,1007,1
660,934,1542,968,1321,1007,1
660,934,1542,968,1329,1007,1
660,934,1542,968,1334,1007,1
660,934,1542,968,1338,1007,1
660,934,1542,968,1346,1007,1
660,934,1542,968,1349,1007,1
660,934,1542,968,1351,1007,1
660,934,1542,968,1355,1007,1
660,934,1542,968,1356,1007,1
660,934,1542,968,1358,1007,1
660,934,1542,968,1359,1007,1
660,934,1542,968,1362,1007,1
660,934,1542,968,1364,1007,1
660,934,1542,968,1366,1007,1
660,934,1542,968,1372,1007,1
660,934,1542,968,1375,1008,1
660,934,1542,968,1379,1008,1
660,934,1542,968,1389,1008,1
660,934,1542,968,1393,1008,1
660,934,1542,968,1398,1008,1
660,934,1542,968,1405,1007,1
660,934,1542,968,1408,1007,1
660,934,1542,968,1411,1007,1
660,934,1542,968,1419,1007,1
660,934,1542,968,1421,1007,1
660,934,1542,968,1423,1007,1
660,934,1542,968,1428,1006,1
660,934,1542,968,1430,1006,1
660,934,1542,968,1433,1006,1
660,934,1542,968,1436,1006,1
660,934,1542,968,1438,1005,1
660,934,1542,968,1438,1005,1
660,934,1542,968,1440,1005,1
660,934,1542,968,1440,1005,1
660,934,1542,968,1441,1005,1
660,934,1542,968,1443,1004,1
660,934,1542,968,1444,1004,1
660,934,1542,968,1445,1004,1
660,934,1542,968,1447,1003,1
660,934,1542,968,1451,1003,1
660,934,1542,968,1454,1002,1
660,934,1542,968,1456,1002,1
660,934,1542,968,1461,1001,1
660,934,1542,968,1462,1001,1
660,934,1542,968,1464,1001,1
660,934,1542,968,1465,1001,1
660,934,1542,968,1466,1001,1
660,934,1542,968,1467,1000,1
660,934,1542,968,1470,999,1
660,934,1542,968,1471,999,1
660,934,1542,968,1474,998,1
660,934,1542,968,1478,997,1
660,934,1542,968,1480,997,1
660,934,1542,968,1482,996,1
660,934,1542,968,1488,995,1
660,934,1542,968,1491,994,1
660,934,1542,968,1494,993,1
660,934,1542,968,1498,992,1
660,934,1542,968,1498,992,1
660,934,1542,968,1499,992,1
660,934,1542,968,1500,992,1
660,934,1542,968,1501,992,1
660,934,1542,968,1502,991,1
660,934,1542,968,1503,990,1
660,934,1542,968,1504,990,1
660,934,1542,968,1506,989,1
660,934,1542,968,1507,988,1
660,934,1542,968,1509,987,1
660,934,1542,968,1510,986,1
660,934,1542,968,1511,986,1
660,934,1542,968,1511,985,1
660,934,1542,968,1511,985,1
660,934,1542,968,1511,985,1
660,934,1542,968,1511,985,1
660,934,1542,968,1512,985,1
660,934,1542,968,1513,985,1
660,934,1542,968,1515,984,1
660,934,1542,968,1517,983,1
660,934,1542,968,1518,982,1
660,934,1542,968,1520,981,1
660,934,1542,968,1520,981,1
660,934,1542,968,1520,981,1
660,934,1542,968,1521,981,1
660,934,1542,968,1521,981,1
660,934,1542,968,1522,980,1
660,934,1542,968,1524,979,1
660,934,1542,968,1525,978,1
660,934,1542,968,1527,978,1
660,934,1542,968,1528,977,1
660,934,1542,968,1532,976,1
660,934,1542,968,1535,976,1
660,934,1542,968,1537,975,1
660,934,1542,968,1539,975,1
660,934,1542,968,1540,975,1
660,934,1542,968,1540,975,1
660,934,1542,968,1540,975,1
660,934,1542,968,1540,974,1
660,934,1542,968,1540,975,1
660,934,1542,968,1540,975,1
660,934,1542,968,1540,975,1
660,934,1542,968,1540,974,1
660,934,1542,968,1540,974,1
660,934,1542,968,1540,974,1
660,934,1542,968,1540,974,1
660,934,1542,968,1540,974,1
660,934,1542,968,1540,974,1
660,934,1542,968,1540,974,1
660,934,1542,968,1540,974,1
660,934,1542,968,1541,974,1
660,934,1542,968,1541,974,1
660,934,1542,968,1541,974,1
660,934,1542,968,1541,974,1
660,934,1542,968,1541,974,1
660,934,1542,968,1541,974,0
660,934,1542,968,1541,974,0
660,934,1542,968,1541,974,0
660,934,1542,968,1541,974,0
660,934,1542,968,1541,974,0
660,934,1542,968,1541,974,0
660,934,1542,968,1541,974,0
660,934,1542,968,1541,974,0
660,934,1542,968,1541,974,0
660,934,1542,968,1541,974,0
660,934,1542,968,1541,974,0
660,934,1542,968,1541,974,0
660,934,1542,968,1541,974,0
660,934,1542,968,1541,974,0
660,934,1542,968,1541,974,0
660,934,1542,968,1541,974,0
660,934,1542,968,1541,974,0
660,934,1542,968,1541,974,0
660,934,1542,968,1541,974,0
660,934,1542,968,1541,974,0
660,934,1542,968,1541,974,0
660,934,1542,968,1541,974,0
660,934,1542,968,1541,974,0
660,934,1542,968,1541,974,0
660,934,1542,968,1541,974,0
660,934,1542,968,1541,974,0
660,934,1542,968,1541,973,0
660,934,1542,968,1541,971,0
660,934,1542,968,1541,970,0
660,934,1542,968,1540,965,0
660,934,1542,968,1539,963,0
660,934,1542,968,1538,960,0
660,934,1542,968,1536,956,0
660,934,1542,968,1534,954,0
660,934,1542,968,1533,952,0
660,934,1542,968,1530,947,0
660,934,1542,968,1529,945,0
660,934,1542,968,1529,943,0
660,934,1542,968,1527,939,0
660,934,1542,968,1527,938,0
660,934,1542,968,1526,936,0
660,934,1542,968,1525,933,0
660,934,1542,968,1524,931,0
660,934,1542,968,1523,929,0
660,934,1542,968,1520,925,0
660,934,1542,968,1519,923,0
660,934,1542,968,1518,922,0
660,934,1542,968,1516,919,0
660,934,1542,968,1515,918,0
660,934,1542,968,1514,917,0
660,934,1542,968,1513,914,0
660,934,1542,968,1512,913,0
660,934,1542,968,1512,912,0
660,934,1542,968,1509,908,0
660,934,1542,968,1508,906,0
660,934,1542,968,1506,904,0
660,934,1542,968,1504,902,0
660,934,1542,968,1500,898,0
660,934,1542,968,1498,895,0
660,934,1542,968,1495,892,0
660,934,1542,968,1492,888,0
660,934,1542,968,1490,885,0
660,934,1542,968,1488,883,0
660,934,1542,968,1484,878,0
660,934,1542,968,1482,876,0
660,934,1542,968,1480,873,0
660,934,1542,968,1475,867,0
660,934,1542,968,1472,864,0
660,934,1542,968,1469,861,0
660,934,1542,968,1465,855,0
660,934,1542,968,1463,854,0
660,934,1542,968,1462,852,0
660,934,1542,968,1459,849,0
660,934,1542,968,1457,846,0
660,934,1542,968,1456,845,0
660,934,1542,968,1453,841,0
660,934,1542,968,1451,839,0
660,934,1542,968,1449,837,0
660,934,1542,968,1445,835,0
660,934,1542,968,1444,834,0
660,934,1542,968,1442,832,0
660,934,1542,968,1440,831,0
660,934,1542,968,1436,828,0
660,934,1542,968,1434,826,0
660,934,1542,968,1432,825,0
660,934,1542,968,1429,823,0
660,934,1542,968,1427,821,0
660,934,1542,968,1423,819,0
660,934,1542,968,1421,817,0
660,934,1542,968,1419,816,0
660,934,1542,968,1414,812,0
660,934,1542,968,1411,810,0
660,934,1542,968,1408,808,0
660,934,1542,968,1402,803,0
660,934,1542,968,1399,801,0
660,934,1542,968,1396,799,0
660,934,1542,968,1394,797,0
660,934,1542,968,1389,793,0
660,934,1542,968,1387,792,0
660,934,1542,968,1383,789,0
660,934,1542,968,1381,787,0
660,934,1542,968,1380,785,0
660,934,1542,968,1377,782,0
660,934,1542,968,1375,780,0
660,934,1542,968,1373,779,0
660,934,1542,968,1371,777,0
660,934,1542,968,1367,773,0
660,934,1542,968,1364,770,0
660,934,1542,968,1362,768,0
660,934,1542,968,1357,764,0
660,934,1542,968,1355,762,0
660,934,1542,968,1352,759,0
660,934,1542,968,1348,755,0
660,934,1542,968,1346,753,0
660,934,1542,968,1345,752,0
660,934,1542,968,1342,748,0
660,934,1542,968,1341,746,0
660,934,1542,968,1339,743,0
660,934,1542,968,1336,737,0
660,934,1542,968,1335,735,0
660,934,1542,968,1333,732,0
660,934,1542,968,1330,727,0
660,934,1542,968,1328,724,0
660,934,1542,968,1327,722,0
660,934,1542,968,1324,717,0
660,934,1542,968,1323,714,0
660,934,1542,968,1321,712,0
660,934,1542,968,1319,707,0
660,934,1542,968,1317,705,0
660,934,1542,968,1316,703,0
660,934,1542,968,1312,696,0
660,934,1542,968,1310,692,0
660,934,1542,968,1308,689,0
660,934,1542,968,1304,683,0
660,934,1542,968,1298,674,0
660,934,1542,968,1294,669,0
660,934,1542,968,1291,666,0
660,934,1542,968,1284,657,0
660,934,1542,968,1282,653,0
660,934,1542,968,1279,649,0
660,934,1542,968,1273,641,0
660,934,1542,968,1269,638,0
660,934,1542,968,1267,633,0
660,934,1542,968,1260,625,0
660,934,1542,968,1256,621,0
660,934,1542,968,1252,617,0
660,934,1542,968,1247,611,0
660,934,1542,968,1243,607,0
660,934,1542,968,1241,604,0
660,934,1542,968,1236,598,0
660,934,1542,968,1234,596,0
660,934,1542,968,1232,593,0
660,934,1542,968,1228,588,0
660,934,1542,968,1225,585,0
660,934,1542,968,1223,583,0
660,934,1542,968,1219,578,0
660,934,1542,968,1217,575,0
660,934,1542,968,1215,573,0
660,934,1542,968,1210,567,0
660,934,1542,968,1208,564,0
660,934,1542,968,1206,561,0
660,934,1542,968,1205,559,0
660,934,1542,968,1202,555,0
660,934,1542,968,1201,553,0
660,934,1542,968,1199,551,0
660,934,1542,968,1195,546,0
660,934,1542,968,1193,543,0
660,934,1542,968,1190,541,0
660,934,1542,968,1186,536,0
660,934,1542,968,1184,534,0
660,934,1542,968,1181,532,0
660,934,1542,968,1177,527,0
660,934,1542,968,1175,524,0
660,934,1542,968,1173,522,0
660,934,1542,968,1168,518,0
660,934,1542,968,1165,515,0
660,934,1542,968,1162,512,0
660,934,1542,968,1156,507,0
660,934,1542,968,1153,503,0
660,934,1542,968,1151,500,0
660,934,1542,968,1145,496,0
660,934,1542,968,1143,493,0
660,934,1542,968,1141,491,0
660,934,1542,968,1137,486,0
660,934,1542,968,1135,484,0
660,934,1542,968,1133,482,0
660,934,1542,968,1131,478,0
660,934,1542,968,1126,473,0
660,934,1542,968,1124,471,0
660,934,1542,968,1123,469,0
660,934,1542,968,1121,465,0
660,934,1542,968,1119,463,0
660,934,1542,968,1118,461,0
660,934,1542,968,1115,456,0
660,934,1542,968,1113,454,0
660,934,1542,968,1112,452,0
660,934,1542,968,1109,448,0
660,934,1542,968,1108,447,0
660,934,1542,968,1107,445,0
660,934,1542,968,1104,442,0
660,934,1542,968,1103,440,0
660,934,1542,968,1102,438,0
660,934,1542,968,1100,435,0
660,934,1542,968,1099,434,0
660,934,1542,968,1098,432,0
660,934,1542,968,1096,429,0
660,934,1542,968,1094,428,0
660,934,1542,968,1093,426,0
660,934,1542,968,1090,422,0
660,934,1542,968,1089,421,0
660,934,1542,968,1087,419,0
660,934,1542,968,1084,415,0
660,934,1542,968,1083,413,0
660,934,1542,968,1081,411,0
660,934,1542,968,1080,409,0
660,934,1542,968,1076,405,0
660,934,1542,968,1075,404,0
660,934,1542,968,1073,402,0
660,934,1542,968,1071,398,0
660,934,1542,968,1069,397,0
660,934,1542,968,1068,395,0
660,934,1542,968,1066,393,0
660,934,1542,968,1065,391,0
660,934,1542,968,1064,390,0
660,934,1542,968,1063,388,0
660,934,1542,968,1063,388,0
660,934,1542,968,1062,387,0
660,934,1542,968,1062,387,0
660,934,1542,968,1062,386,0
660,934,1542,968,1062,386,0
660,934,1542,968,1061,385,0
660,934,1542,968,1061,385,0
660,934,1542,968,1061,384,0
660,934,1542,968,1060,383,0
660,934,1542,968,1060,382,0
660,934,1542,968,1060,382,0
660,934,1542,968,1060,380,0
660,934,1542,968,1059,379,0
660,934,1542,968,1059,379,0
660,934,1542,968,1059,378,0
660,934,1542,968,1059,378,0
660,934,1542,968,1059,378,0
660,934,1542,968,1059,378,0
660,934,1542,968,1059,378,0
660,934,1542,968,1059,378,0
660,934,1542,968,1059,378,0
