660,934,1542,968,878,381,0
660,934,1542,968,878,381,0
660,934,1542,968,878,381,0
660,934,1542,968,878,381,0
660,934,1542,968,878,381,0
660,934,1542,968,878,381,0
660,934,1542,968,878,381,0
660,934,1542,968,878,381,0
660,934,1542,968,878,381,0
660,934,1542,968,878,381,0
660,934,1542,968,878,381,0
660,934,1542,968,878,381,0
660,934,1542,968,878,381,0
660,934,1542,968,878,381,0
660,934,1542,968,878,381,0
660,934,1542,968,878,381,0
660,934,1542,968,878,381,0
660,934,1542,968,878,382,0
660,934,1542,968,878,382,0
660,934,1542,968,878,382,0
660,934,1542,968,878,382,0
660,934,1542,968,877,384,0
660,934,1542,968,876,386,0
660,934,1542,968,874,389,0
660,934,1542,968,871,395,0
660,934,1542,968,870,398,0
660,934,1542,968,868,400,0
660,934,1542,968,866,403,0
660,934,1542,968,865,405,0
660,934,1542,968,864,406,0
660,934,1542,968,864,408,0
660,934,1542,968,863,409,0
660,934,1542,968,863,410,0
660,934,1542,968,862,412,0
660,934,1542,968,861,413,0
660,934,1542,968,860,415,0
660,934,1542,968,858,419,0
660,934,1542,968,856,421,0
660,934,1542,968,855,424,0
660,934,1542,968,853,426,0
660,934,1542,968,851,428,0
660,934,1542,968,850,431,0
660,934,1542,968,849,432,0
660,934,1542,968,849,433,0
660,934,1542,968,848,434,0
660,934,1542,968,847,435,0
660,934,1542,968,845,438,0
660,934,1542,968,844,439,0
660,934,1542,968,842,442,0
660,934,1542,968,842,443,0
660,934,1542,968,840,445,0
660,934,1542,968,838,449,0
660,934,1542,968,837,450,0
660,934,1542,968,836,452,0
660,934,1542,968,833,455,0
660,934,1542,968,833,457,0
660,934,1542,968,831,458,0
660,934,1542,968,829,462,0
660,934,1542,968,828,464,0
660,934,1542,968,826,465,0
660,934,1542,968,824,469,0
660,934,1542,968,823,470,0
660,934,1542,968,822,472,0
660,934,1542,968,820,475,0
660,934,1542,968,818,477,0
660,934,1542,968,817,479,0
660,934,1542,968,816,480,0
660,934,1542,968,814,483,0
660,934,1542,968,811,485,0
660,934,1542,968,810,487,0
660,934,1542,968,807,490,0
660,934,1542,968,805,492,0
660,934,1542,968,804,493,0
660,934,1542,968,802,496,0
660,934,1542,968,801,497,0
660,934,1542,968,800,498,0
660,934,1542,968,798,500,0
660,934,1542,968,797,502,0
660,934,1542,968,795,503,0
660,934,1542,968,792,506,0
660,934,1542,968,791,507,0
660,934,1542,968,789,509,0
660,934,1542,968,785,512,0
660,934,1542,968,784,513,0
660,934,1542,968,783,515,0
660,934,1542,968,780,518,0
660,934,1542,968,779,519,0
660,934,1542,968,778,521,0
660,934,1542,968,775,524,0
660,934,1542,968,774,526,0
660,934,1542,968,773,528,0
660,934,1542,968,771,531,0
660,934,1542,968,770,533,0
660,934,1542,968,769,535,0
660,934,1542,968,768,536,0
660,934,1542,968,766,539,0
660,934,1542,968,765,541,0
660,934,1542,968,765,542,0
660,934,1542,968,763,545,0
660,934,1542,968,762,547,0
660,934,1542,968,761,549,0
660,934,1542,968,759,553,0
660,934,1542,968,758,554,0
660,934,1542,968,758,556,0
660,934,1542,968,757,558,0
660,934,1542,968,756,560,0
660,934,1542,968,755,561,0
660,934,1542,968,754,564,0
660,934,1542,968,753,566,0
660,934,1542,968,752,567,0
660,934,1542,968,752,569,0
660,934,1542,968,751,570,0
660,934,1542,968,751,572,0
660,934,1542,968,750,574,0
660,934,1542,968,750,575,0
660,934,1542,968,750,577,0
660,934,1542,968,750,579,0
660,934,1542,968,750,581,0
660,934,1542,968,750,582,0
660,934,1542,968,749,584,0
660,934,1542,968,749,586,0
660,934,1542,968,749,587,0
660,934,1542,968,748,590,0
660,934,1542,968,748,591,0
660,934,1542,968,747,592,0
660,934,1542,968,746,595,0
660,934,1542,968,746,596,0
660,934,1542,968,746,598,0
660,934,1542,968,745,600,0
660,934,1542,968,744,601,0
660,934,1542,968,744,602,0
660,934,1542,968,743,604,0
660,934,1542,968,743,605,0
660,934,1542,968,742,607,0
660,934,1542,968,741,609,0
660,934,1542,968,740,611,0
660,934,1542,968,739,612,0
660,934,1542,968,738,615,0
660,934,1542,968,737,616,0
660,934,1542,968,737,617,0
660,934,1542,968,736,620,0
660,934,1542,968,735,621,0
660,934,1542,968,735,622,0
660,934,1542,968,734,625,0
660,934,1542,968,733,626,0
660,934,1542,968,732,628,0
660,934,1542,968,731,630,0
660,934,1542,968,730,633,0
660,934,1542,968,729,635,0
660,934,1542,968,727,636,0
660,934,1542,968,726,639,0
660,934,1542,968,725,640,0
660,934,1542,968,725,641,0
660,934,1542,968,723,643,0
660,934,1542,968,723,644,0
660,934,1542,968,721,646,0
660,934,1542,968,720,647,0
660,934,1542,968,719,648,0
660,934,1542,968,717,650,0
660,934,1542,968,715,651,0
660,934,1542,968,714,653,0
660,934,1542,968,711,656,0
660,934,1542,968,710,657,0
660,934,1542,968,708,659,0
660,934,1542,968,706,661,0
660,934,1542,968,704,663,0
660,934,1542,968,703,664,0
660,934,1542,968,699,668,0
660,934,1542,968,697,670,0
660,934,1542,968,696,671,0
660,934,1542,968,694,673,0
660,934,1542,968,692,676,0
660,934,1542,968,691,678,0
660,934,1542,968,688,681,0
660,934,1542,968,687,683,0
660,934,1542,968,686,685,0
660,934,1542,968,685,687,0
660,934,1542,968,683,690,0
660,934,1542,968,682,691,0
660,934,1542,968,681,693,0
660,934,1542,968,679,696,0
660,934,1542,968,678,697,0
660,934,1542,968,678,699,0
660,934,1542,968,676,702,0
660,934,1542,968,675,703,0
660,934,1542,968,675,704,0
660,934,1542,968,673,707,0
660,934,1542,968,673,709,0
660,934,1542,968,671,712,0
660,934,1542,968,670,714,0
660,934,1542,968,669,715,0
660,934,1542,968,667,719,0
660,934,1542,968,666,721,0
660,934,1542,968,666,723,0
660,934,1542,968,664,727,0
660,934,1542,968,664,729,0
660,934,1542,968,663,730,0
660,934,1542,968,663,734,0
660,934,1542,968,662,736,0
660,934,1542,968,662,737,0
660,934,1542,968,662,739,0
660,934,1542,968,662,743,0
660,934,1542,968,662,745,0
660,934,1542,968,662,747,0
660,934,1542,968,662,752,0
660,934,1542,968,662,754,0
660,934,1542,968,662,756,0
660,934,1542,968,662,760,0
660,934,1542,968,662,762,0
660,934,1542,968,662,764,0
660,934,1542,968,661,768,0
660,934,1542,968,661,770,0
660,934,1542,968,661,772,0
660,934,1542,968,660,777,0
660,934,1542,968,660,779,0
660,934,1542,968,660,781,0
660,934,1542,968,659,785,0
660,934,1542,968,658,787,0
660,934,1542,968,658,791,0
660,934,1542,968,657,792,0
660,934,1542,968,656,795,0
660,934,1542,968,655,799,0
660,934,1542,968,654,801,0
660,934,1542,968,653,803,0
660,934,1542,968,652,805,0
660,934,1542,968,651,809,0
660,934,1542,968,650,810,0
660,934,1542,968,649,813,0
660,934,1542,968,646,817,0
660,934,1542,968,645,819,0
660,934,1542,968,644,821,0
660,934,1542,968,642,825,0
660,934,1542,968,641,827,0
660,934,1542,968,640,829,0
660,934,1542,968,638,833,0
660,934,1542,968,637,835,0
660,934,1542,968,636,838,0
660,934,1542,968,632,843,0
660,934,1542,968,631,845,0
660,934,1542,968,629,848,0
660,934,1542,968,627,852,0
660,934,1542,968,626,854,0
660,934,1542,968,624,858,0
660,934,1542,968,623,859,0
660,934,1542,968,622,861,0
660,934,1542,968,620,864,0
660,934,1542,968,619,866,0
660,934,1542,968,618,867,0
660,934,1542,968,617,868,0
660,934,1542,968,615,871,0
660,934,1542,968,614,872,0
660,934,1542,968,613,874,0
660,934,1542,968,611,877,0
660,934,1542,968,610,878,0
660,934,1542,968,609,880,0
660,934,1542,968,608,881,0
660,934,1542,968,607,883,0
660,934,1542,968,606,884,0
660,934,1542,968,604,887,0
660,934,1542,968,603,888,0
660,934,1542,968,602,890,0
660,934,1542,968,599,893,0
660,934,1542,968,597,894,0
660,934,1542,968,596,896,0
660,934,1542,968,592,900,0
660,934,1542,968,591,901,0
660,934,1542,968,589,902,0
660,934,1542,968,586,905,0
660,934,1542,968,585,906,0
660,934,1542,968,583,908,0
660,934,1542,968,580,910,0
660,934,1542,968,578,911,0
660,934,1542,968,577,913,0
660,934,1542,968,573,915,0
660,934,1542,968,571,916,0
660,934,1542,968,570,917,0
660,934,1542,968,567,919,0
660,934,1542,968,566,920,0
660,934,1542,968,564,921,0
660,934,1542,968,561,923,0
660,934,1542,968,560,924,0
660,934,1542,968,558,925,0
660,934,1542,968,556,926,0
660,934,1542,968,555,927,0
660,934,1542,968,553,928,0
660,934,1542,968,551,929,0
660,934,1542,968,549,930,0
660,934,1542,968,548,930,0
660,934,1542,968,546,932,0
660,934,1542,968,545,933,0
660,934,1542,968,543,934,0
660,934,1542,968,540,936,0
660,934,1542,968,539,937,0
660,934,1542,968,538,937,0
660,934,1542,968,536,939,0
660,934,1542,968,534,940,0
660,934,1542,968,534,941,0
660,934,1542,968,531,943,0
660,934,1542,968,530,943,0
660,934,1542,968,529,944,0
660,934,1542,968,527,946,0
660,934,1542,968,526,947,0
660,934,1542,968,525,948,0
660,934,1542,968,522,950,0
660,934,1542,968,520,952,0
660,934,1542,968,519,953,0
660,934,1542,968,516,956,0
660,934,1542,968,514,957,0
660,934,1542,968,513,959,0
660,934,1542,968,510,961,0
660,934,1542,968,509,963,0
660,934,1542,968,507,964,0
660,934,1542,968,505,967,0
660,934,1542,968,504,968,0
660,934,1542,968,503,970,0
660,934,1542,968,501,973,0
660,934,1542,968,500,974,0
660,934,1542,968,499,976,0
660,934,1542,968,498,978,0
660,934,1542,968,497,979,0
660,934,1542,968,496,981,0
660,934,1542,968,494,984,0
660,934,1542,968,493,985,0
660,934,1542,968,492,987,0
660,934,1542,968,490,989,0
660,934,1542,968,490,991,0
660,934,1542,968,488,992,0
660,934,1542,968,487,995,0
660,934,1542,968,486,996,0
660,934,1542,968,485,998,0
660,934,1542,968,484,999,0
660,934,1542,968,483,1001,0
660,934,1542,968,483,1002,0
660,934,1542,968,481,1004,0
660,934,1542,968,481,1005,0
660,934,1542,968,480,1006,0
660,934,1542,968,479,1007,0
660,934,1542,968,477,1009,0
660,934,1542,968,476,1010,0
660,934,1542,968,476,1012,0
660,934,1542,968,474,1014,0
660,934,1542,968,473,1016,0
660,934,1542,968,472,1017,0
660,934,1542,968,471,1020,0
660,934,1542,968,470,1021,0
660,934,1542,968,469,1022,0
660,934,1542,968,467,1025,0
660,934,1542,968,466,1026,0
660,934,1542,968,465,1028,0
660,934,1542,968,464,1031,0
660,934,1542,968,463,1032,0
660,934,1542,968,462,1033,0
660,934,1542,968,461,1034,0
660,934,1542,968,460,1035,0
660,934,1542,968,460,1037,0
660,934,1542,968,458,1038,0
660,934,1542,968,458,1039,0
660,934,1542,968,457,1041,0
660,934,1542,968,456,1042,0
660,934,1542,968,455,1043,0
660,934,1542,968,455,1044,0
660,934,1542,968,453,1046,0
660,934,1542,968,453,1047,0
660,934,1542,968,452,1048,0
660,934,1542,968,450,1049,0
660,934,1542,968,450,1050,0
660,934,1542,968,449,1051,0
660,934,1542,968,448,1053,0
660,934,1542,968,447,1053,0
660,934,1542,968,446,1055,0
660,934,1542,968,445,1056,0
660,934,1542,968,444,1057,0
660,934,1542,968,444,1058,0
660,934,1542,968,443,1059,0
660,934,1542,968,442,1059,0
660,934,1542,968,441,1060,0
660,934,1542,968,441,1061,0
660,934,1542,968,441,1061,0
660,934,1542,968,440,1062,0
660,934,1542,968,439,1063,0
660,934,1542,968,438,1064,0
660,934,1542,968,437,1064,0
660,934,1542,968,436,1066,0
660,934,1542,968,435,1066,0
660,934,1542,968,434,1067,0
660,934,1542,968,432,1069,0
660,934,1542,968,431,1069,0
660,934,1542,968,431,1070,0
660,934,1542,968,430,1070,0
660,934,1542,968,428,1071,0
660,934,1542,968,428,1072,0
660,934,1542,968,427,1072,0
660,934,1542,968,426,1073,0
660,934,1542,968,426,1073,0
660,934,1542,968,425,1073,0
660,934,1542,968,425,1074,0
660,934,1542,968,424,1074,0
660,934,1542,968,424,1074,0
660,934,1542,968,424,1074,0
660,934,1542,968,424,1074,0
660,934,1542,968,424,1074,0
660,934,1542,968,424,1074,0
660,934,1542,968,424,1074,0
660,934,1542,968,424,1074,0
660,934,1542,968,424,1075,0
660,934,1542,968,423,1075,0
660,934,1542,968,423,1075,0
660,934,1542,968,422,1076,0
660,934,1542,968,421,1076,0
660,934,1542,968,421,1077,0
660,934,1542,968,420,1077,0
660,934,1542,968,420,1078,0
660,934,1542,968,420,1078,0
660,934,1542,968,420,1078,0
660,934,1542,968,420,1078,0
660,934,1542,968,420,1078,0
660,934,1542,968,419,1078,0
660,934,1542,968,418,1078,0
660,934,1542,968,418,1078,0
660,934,1542,968,418,1079,0
660,934,1542,968,417,1079,0
660,934,1542,968,416,1080,0
660,934,1542,968,415,1080,0
660,934,1542,968,413,1082,0
660,934,1542,968,412,1082,0
660,934,1542,968,412,1082,0
660,934,1542,968,412,1082,0
660,934,1542,968,412,1082,0
660,934,1542,968,412,1082,0
660,934,1542,968,412,1082,0
660,934,1542,968,412,1082,0
660,934,1542,968,412,1082,0
660,934,1542,968,412,1082,0
660,934,1542,968,412,1082,0
660,934,1542,968,412,1082,0
660,934,1542,968,412,1082,0
660,934,1542,968,412,1082,0
660,934,1542,968,412,1082,0
660,934,1542,968,412,1082,0
660,934,1542,968,412,1082,1
660,934,1542,968,412,1082,1
660,934,1542,968,412,1082,1
660,934,1542,968,412,1082,1
660,934,1542,968,412,1082,1
660,934,1542,968,412,1082,1
660,934,1542,968,413,1082,1
660,934,1542,968,413,1082,1
660,934,1542,968,413,1082,1
660,934,1542,968,413,1082,1
660,934,1542,968,413,1082,1
660,934,1542,968,413,1082,1
660,934,1542,968,413,1082,1
660,934,1542,968,413,1082,1
660,934,1542,968,413,1082,1
660,934,1542,968,413,1082,1
660,934,1542,968,413,1082,1
660,934,1542,968,413,1082,1
660,934,1542,968,413,1082,1
660,934,1542,968,414,1082,1
660,934,1542,968,414,1082,1
660,934,1542,968,415,1082,1
660,934,1542,968,416,1082,1
660,934,1542,968,417,1082,1
660,934,1542,968,418,1082,1
660,934,1542,968,422,1082,1
660,934,1542,968,426,1082,1
660,934,1542,968,430,1081,1
660,934,1542,968,437,1081,1
660,934,1542,968,441,1081,1
660,934,1542,968,445,1081,1
660,934,1542,968,453,1081,1
660,934,1542,968,457,1081,1
660,934,1542,968,461,1081,1
660,934,1542,968,466,1081,1
660,934,1542,968,468,1081,1
660,934,1542,968,469,1081,1
660,934,1542,968,471,1081,1
660,934,1542,968,471,1081,1
660,934,1542,968,472,1081,1
660,934,1542,968,473,1081,1
660,934,1542,968,474,1081,1
660,934,1542,968,475,1081,1
660,934,1542,968,477,1081,1
660,934,1542,968,478,1081,1
660,934,1542,968,480,1081,1
660,934,1542,968,484,1081,1
660,934,1542,968,486,1081,1
660,934,1542,968,487,1081,1
660,934,1542,968,489,1081,1
660,934,1542,968,493,1081,1
660,934,1542,968,495,1081,1
660,934,1542,968,498,1081,1
660,934,1542,968,506,1081,1
660,934,1542,968,510,1081,1
660,934,1542,968,514,1080,1
660,934,1542,968,519,1079,1
660,934,1542,968,522,1079,1
660,934,1542,968,524,1079,1
660,934,1542,968,528,1080,1
660,934,1542,968,530,1080,1
660,934,1542,968,531,1080,1
660,934,1542,968,534,1080,1
660,934,1542,968,536,1080,1
660,934,1542,968,540,1080,1
660,934,1542,968,542,1080,1
660,934,1542,968,544,1080,1
660,934,1542,968,548,1080,1
660,934,1542,968,550,1080,1
660,934,1542,968,552,1080,1
660,934,1542,968,556,1080,1
660,934,1542,968,558,1080,1
660,934,1542,968,559,1080,1
660,934,1542,968,562,1080,1
660,934,1542,968,564,1079,1
660,934,1542,968,566,1079,1
660,934,1542,968,571,1079,1
660,934,1542,968,574,1079,1
660,934,1542,968,576,1079,1
660,934,1542,968,582,1079,1
660,934,1542,968,585,1079,1
660,934,1542,968,587,1079,1
660,934,1542,968,593,1079,1
660,934,1542,968,595,1079,1
660,934,1542,968,597,1079,1
660,934,1542,968,599,1079,1
660,934,1542,968,600,1079,1
660,934,1542,968,601,1079,1
660,934,1542,968,604,1079,1
660,934,1542,968,605,1079,1
660,934,1542,968,607,1079,1
660,934,1542,968,610,1079,1
660,934,1542,968,612,1078,1
660,934,1542,968,614,1078,1
660,934,1542,968,618,1078,1
660,934,1542,968,620,1078,1
660,934,1542,968,621,1078,1
660,934,1542,968,625,1078,1
660,934,1542,968,626,1078,1
660,934,1542,968,628,1078,1
660,934,1542,968,630,1078,1
660,934,1542,968,634,1078,1
660,934,1542,968,636,1078,1
660,934,1542,968,638,1078,1
660,934,1542,968,642,1078,1
660,934,1542,968,644,1078,1
660,934,1542,968,646,1078,1
660,934,1542,968,649,1078,1
660,934,1542,968,651,1078,1
660,934,1542,968,653,1078,1
660,934,1542,968,656,1078,1
660,934,1542,968,659,1079,1
660,934,1542,968,661,1079,1
660,934,1542,968,666,1079,1
660,934,1542,968,669,1079,1
660,934,1542,968,674,1079,1
660,934,1542,968,676,1079,1
660,934,1542,968,678,1079,1
660,934,1542,968,682,1079,1
660,934,1542,968,684,1079,1
660,934,1542,968,686,1080,1
660,934,1542,968,691,1080,1
660,934,1542,968,694,1080,1
660,934,1542,968,697,1080,1
660,934,1542,968,704,1080,1
660,934,1542,968,707,1080,1
660,934,1542,968,711,1080,1
660,934,1542,968,715,1081,1
660,934,1542,968,722,1082,1
660,934,1542,968,726,1082,1
660,934,1542,968,729,1083,1
660,934,1542,968,736,1084,1
660,934,1542,968,741,1085,1
660,934,1542,968,745,1085,1
660,934,1542,968,753,1087,1
660,934,1542,968,757,1087,1
660,934,1542,968,762,1088,1
660,934,1542,968,771,1090,1
660,934,1542,968,777,1091,1
660,934,1542,968,781,1092,1
660,934,1542,968,788,1095,1
660,934,1542,968,791,1096,1
660,934,1542,968,796,1096,1
660,934,1542,968,803,1098,1
660,934,1542,968,807,1099,1
660,934,1542,968,811,1100,1
660,934,1542,968,818,1101,1
660,934,1542,968,821,1102,1
660,934,1542,968,824,1103,1
660,934,1542,968,829,1104,1
660,934,1542,968,831,1104,1
660,934,1542,968,832,1105,1
660,934,1542,968,835,1105,1
660,934,1542,968,836,1106,1
660,934,1542,968,837,1106,1
660,934,1542,968,840,1107,1
660,934,1542,968,842,1108,1
660,934,1542,968,844,1108,1
660,934,1542,968,849,1110,1
660,934,1542,968,852,1111,1
660,934,1542,968,855,1111,1
660,934,1542,968,861,1112,1
660,934,1542,968,863,1113,1
660,934,1542,968,866,1113,1
660,934,1542,968,871,1115,1
660,934,1542,968,874,1116,1
660,934,1542,968,877,1116,1
660,934,1542,968,884,1117,1
660,934,1542,968,888,1118,1
660,934,1542,968,893,1118,1
660,934,1542,968,903,1119,1
660,934,1542,968,909,1120,1
660,934,1542,968,915,1120,1
660,934,1542,968,925,1121,1
660,934,1542,968,930,1121,1
660,934,1542,968,935,1123,1
660,934,1542,968,947,1123,1
660,934,1542,968,951,1123,1
660,934,1542,968,956,1123,1
660,934,1542,968,961,1123,1
660,934,1542,968,973,1121,1
660,934,1542,968,979,1121,1
660,934,1542,968,985,1121,1
660,934,1542,968,997,1121,1
660,934,1542,968,1001,1121,1
660,934,1542,968,1003,1121,1
660,934,1542,968,1005,1121,1
660,934,1542,968,1005,1121,1
660,934,1542,968,1005,1121,1
660,934,1542,968,1006,1121,1
660,934,1542,968,1006,1121,1
660,934,1542,968,1009,1120,1
660,934,1542,968,1012,1120,1
660,934,1542,968,1016,1120,1
660,934,1542,968,1022,1119,1
660,934,1542,968,1025,1119,1
660,934,1542,968,1028,1118,1
660,934,1542,968,1032,1118,1
660,934,1542,968,1034,1118,1
660,934,1542,968,1036,1118,1
660,934,1542,968,1040,1117,1
660,934,1542,968,1043,1116,1
660,934,1542,968,1046,1116,1
660,934,1542,968,1049,1115,1
660,934,1542,968,1057,1114,1
660,934,1542,968,1061,1114,1
660,934,1542,968,1067,1114,1
660,934,1542,968,1078,1113,1
660,934,1542,968,1085,1112,1
660,934,1542,968,1088,1111,1
660,934,1542,968,1093,1110,1
660,934,1542,968,1095,1110,1
660,934,1542,968,1097,1110,1
660,934,1542,968,1100,1109,1
660,934,1542,968,1101,1109,1
660,934,1542,968,1104,1108,1
660,934,1542,968,1107,1108,1
660,934,1542,968,1108,1108,1
660,934,1542,968,1109,1108,1
660,934,1542,968,1112,1107,1
660,934,1542,968,1113,1106,1
660,934,1542,968,1116,1105,1
660,934,1542,968,1121,1104,1
660,934,1542,968,1123,1103,1
660,934,1542,968,1126,1103,1
660,934,1542,968,1131,1102,1
660,934,1542,968,1133,1102,1
660,934,1542,968,1135,1102,1
660,934,1542,968,1139,1101,1
660,934,1542,968,1141,1101,1
660,934,1542,968,1143,1101,1
660,934,1542,968,1148,1100,1
660,934,1542,968,1150,1100,1
660,934,1542,968,1152,1100,1
660,934,1542,968,1155,1099,1
660,934,1542,968,1160,1097,1
660,934,1542,968,1163,1096,1
660,934,1542,968,1167,1094,1
660,934,1542,968,1169,1093,1
660,934,1542,968,1171,1092,1
660,934,1542,968,1175,1090,1
660,934,1542,968,1177,1089,1
660,934,1542,968,1179,1088,1
660,934,1542,968,1183,1085,1
660,934,1542,968,1185,1083,1
660,934,1542,968,1187,1082,1
660,934,1542,968,1191,1079,1
660,934,1542,968,1193,1077,1
660,934,1542,968,1196,1075,1
660,934,1542,968,1199,1073,1
660,934,1542,968,1201,1072,1
660,934,1542,968,1203,1070,1
660,934,1542,968,1207,1067,1
660,934,1542,968,1209,1066,1
660,934,1542,968,1211,1065,1
660,934,1542,968,1217,1062,1
660,934,1542,968,1220,1060,1
660,934,1542,968,1223,1059,1
660,934,1542,968,1228,1056,1
660,934,1542,968,1231,1055,1
660,934,1542,968,1233,1054,1
660,934,1542,968,1234,1053,1
660,934,1542,968,1235,1053,1
660,934,1542,968,1236,1052,1
660,934,1542,968,1238,1051,1
660,934,1542,968,1239,1050,1
660,934,1542,968,1239,1050,1
660,934,1542,968,1241,1049,1
660,934,1542,968,1242,1048,1
660,934,1542,968,1243,1047,1
660,934,1542,968,1246,1045,1
660,934,1542,968,1247,1045,1
660,934,1542,968,1249,1044,1
660,934,1542,968,1250,1043,1
660,934,1542,968,1252,1041,1
660,934,1542,968,1253,1041,1
660,934,1542,968,1254,1040,1
660,934,1542,968,1256,1039,1
660,934,1542,968,1257,1038,1
660,934,1542,968,1261,1036,1
660,934,1542,968,1263,1035,1
660,934,1542,968,1266,1034,1
660,934,1542,968,1271,1031,1
660,934,1542,968,1274,1029,1
660,934,1542,968,1277,1028,1
660,934,1542,968,1279,1027,1
660,934,1542,968,1281,1025,1
660,934,1542,968,1282,1024,1
660,934,1542,968,1283,1024,1
660,934,1542,968,1286,1022,1
660,934,1542,968,1288,1021,1
660,934,1542,968,1289,1020,1
660,934,1542,968,1291,1018,1
660,934,1542,968,1293,1017,1
660,934,1542,968,1294,1016,1
660,934,1542,968,1295,1015,1
660,934,1542,968,1295,1014,1
660,934,1542,968,1296,1013,1
660,934,1542,968,1296,1012,1
660,934,1542,968,1296,1012,1
660,934,1542,968,1297,1011,1
660,934,1542,968,1299,1009,1
660,934,1542,968,1300,1008,1
660,934,1542,968,1300,1007,1
660,934,1542,968,1302,1006,1
660,934,1542,968,1302,1004,1
660,934,1542,968,1303,1004,1
660,934,1542,968,1304,1001,1
660,934,1542,968,1304,1001,1
660,934,1542,968,1305,1000,1
660,934,1542,968,1306,998,1
660,934,1542,968,1306,998,1
660,934,1542,968,1307,997,1
660,934,1542,968,1308,996,1
660,934,1542,968,1308,995,1
660,934,1542,968,1309,995,1
660,934,1542,968,1309,994,1
660,934,1542,968,1309,994,1
660,934,1542,968,1309,994,1
660,934,1542,968,1309,994,1
660,934,1542,968,1309,993,1
660,934,1542,968,1309,993,1
660,934,1542,968,1309,993,1
660,934,1542,968,1310,992,1
660,934,1542,968,1310,992,1
660,934,1542,968,1310,992,1
660,934,1542,968,1310,991,1
660,934,1542,968,1310,991,1
660,934,1542,968,1310,990,1
660,934,1542,968,1310,990,1
660,934,1542,968,1310,989,1
660,934,1542,968,1311,989,1
660,934,1542,968,1311,988,1
660,934,1542,968,1311,988,1
660,934,1542,968,1311,988,1
660,934,1542,968,1311,988,1
660,934,1542,968,1311,988,1
660,934,1542,968,1311,988,1
660,934,1542,968,1311,988,1
660,934,1542,968,1311,988,1
660,934,1542,968,1311,987,1
660,934,1542,968,1311,987,1
660,934,1542,968,1311,987,1
660,934,1542,968,1311,987,1
660,934,1542,968,1311,986,1
660,934,1542,968,1311,986,1
660,934,1542,968,1311,986,1
660,934,1542,968,1311,986,0
660,934,1542,968,1311,986,0
660,934,1542,968,1311,986,0
660,934,1542,968,1311,986,0
660,934,1542,968,1311,986,0
660,934,1542,968,1311,986,0
660,934,1542,968,1311,986,0
660,934,1542,968,1311,986,0
660,934,1542,968,1311,986,0
660,934,1542,968,1311,986,0
660,934,1542,968,1311,986,0
660,934,1542,968,1311,986,0
660,934,1542,968,1311,986,0
660,934,1542,968,1311,986,0
660,934,1542,968,1311,986,0
660,934,1542,968,1311,986,0
660,934,1542,968,1311,986,0
660,934,1542,968,1311,986,0
660,934,1542,968,1311,986,0
660,934,1542,968,1311,986,0
660,934,1542,968,1311,986,0
660,934,1542,968,1311,986,0
660,934,1542,968,1311,986,0
660,934,1542,968,1311,986,0
660,934,1542,968,1311,986,0
660,934,1542,968,1311,985,0
660,934,1542,968,1311,985,0
660,934,1542,968,1311,983,0
660,934,1542,968,1311,982,0
660,934,1542,968,1311,982,0
660,934,1542,968,1311,980,0
660,934,1542,968,1310,979,0
660,934,1542,968,1310,978,0
660,934,1542,968,1310,975,0
660,934,1542,968,1309,974,0
660,934,1542,968,1309,973,0
660,934,1542,968,1309,971,0
660,934,1542,968,1309,969,0
660,934,1542,968,1308,968,0
660,934,1542,968,1308,966,0
660,934,1542,968,1308,963,0
660,934,1542,968,1307,961,0
660,934,1542,968,1307,959,0
660,934,1542,968,1306,956,0
660,934,1542,968,1305,954,0
660,934,1542,968,1304,952,0
660,934,1542,968,1302,947,0
660,934,1542,968,1301,945,0
660,934,1542,968,1300,942,0
660,934,1542,968,1299,938,0
660,934,1542,968,1297,936,0
660,934,1542,968,1297,935,0
660,934,1542,968,1295,931,0
660,934,1542,968,1295,929,0
660,934,1542,968,1294,928,0
660,934,1542,968,1293,924,0
660,934,1542,968,1293,922,0
660,934,1542,968,1292,920,0
660,934,1542,968,1290,915,0
660,934,1542,968,1289,913,0
660,934,1542,968,1288,911,0
660,934,1542,968,1285,906,0
660,934,1542,968,1285,904,0
660,934,1542,968,1285,902,0
660,934,1542,968,1283,896,0
660,934,1542,968,1283,893,0
660,934,1542,968,1282,889,0
660,934,1542,968,1280,882,0
660,934,1542,968,1279,879,0
660,934,1542,968,1277,874,0
660,934,1542,968,1273,865,0
660,934,1542,968,1272,861,0
660,934,1542,968,1271,856,0
660,934,1542,968,1269,846,0
660,934,1542,968,1267,843,0
660,934,1542,968,1267,839,0
660,934,1542,968,1266,833,0
660,934,1542,968,1265,829,0
660,934,1542,968,1264,827,0
660,934,1542,968,1263,822,0
660,934,1542,968,1262,819,0
660,934,1542,968,1260,815,0
660,934,1542,968,1257,809,0
660,934,1542,968,1255,805,0
660,934,1542,968,1253,803,0
660,934,1542,968,1250,797,0
660,934,1542,968,1250,794,0
660,934,1542,968,1249,792,0
660,934,1542,968,1247,788,0
660,934,1542,968,1247,785,0
660,934,1542,968,1246,783,0
660,934,1542,968,1244,779,0
660,934,1542,968,1243,777,0
660,934,1542,968,1242,775,0
660,934,1542,968,1240,769,0
660,934,1542,968,1239,767,0
660,934,1542,968,1237,764,0
660,934,1542,968,1234,758,0
660,934,1542,968,1233,754,0
660,934,1542,968,1231,751,0
660,934,1542,968,1227,744,0
660,934,1542,968,1226,741,0
660,934,1542,968,1224,738,0
660,934,1542,968,1221,731,0
660,934,1542,968,1220,729,0
660,934,1542,968,1219,726,0
660,934,1542,968,1217,723,0
660,934,1542,968,1216,721,0
660,934,1542,968,1215,719,0
660,934,1542,968,1214,714,0
660,934,1542,968,1212,706,0
660,934,1542,968,1212,703,0
660,934,1542,968,1212,701,0
660,934,1542,968,1212,695,0
660,934,1542,968,1212,693,0
660,934,1542,968,1212,690,0
660,934,1542,968,1212,685,0
660,934,1542,968,1212,682,0
660,934,1542,968,1212,680,0
660,934,1542,968,1212,677,0
660,934,1542,968,1212,670,0
660,934,1542,968,1212,666,0
660,934,1542,968,1212,662,0
660,934,1542,968,1212,654,0
660,934,1542,968,1212,650,0
660,934,1542,968,1211,645,0
660,934,1542,968,1207,633,0
660,934,1542,968,1205,628,0
660,934,1542,968,1203,622,0
660,934,1542,968,1200,614,0
660,934,1542,968,1199,611,0
660,934,1542,968,1197,609,0
660,934,1542,968,1196,605,0
660,934,1542,968,1193,601,0
660,934,1542,968,1191,597,0
660,934,1542,968,1189,593,0
660,934,1542,968,1183,587,0
660,934,1542,968,1181,584,0
660,934,1542,968,1180,582,0
660,934,1542,968,1177,578,0
660,934,1542,968,1176,577,0
660,934,1542,968,1175,576,0
660,934,1542,968,1173,573,0
660,934,1542,968,1172,572,0
660,934,1542,968,1170,570,0
660,934,1542,968,1167,566,0
660,934,1542,968,1165,564,0
660,934,1542,968,1163,562,0
660,934,1542,968,1162,560,0
660,934,1542,968,1160,557,0
660,934,1542,968,1159,555,0
660,934,1542,968,1157,553,0
660,934,1542,968,1155,550,0
660,934,1542,968,1154,548,0
660,934,1542,968,1152,547,0
660,934,1542,968,1149,543,0
660,934,1542,968,1147,540,0
660,934,1542,968,1145,538,0
660,934,1542,968,1141,534,0
660,934,1542,968,1139,531,0
660,934,1542,968,1137,529,0
660,934,1542,968,1134,524,0
660,934,1542,968,1132,521,0
660,934,1542,968,1130,519,0
660,934,1542,968,1126,513,0
660,934,1542,968,1124,511,0
660,934,1542,968,1123,509,0
660,934,1542,968,1120,504,0
660,934,1542,968,1118,501,0
660,934,1542,968,1116,499,0
660,934,1542,968,1113,494,0
660,934,1542,968,1112,492,0
660,934,1542,968,1110,490,0
660,934,1542,968,1110,487,0
660,934,1542,968,1106,483,0
660,934,1542,968,1105,481,0
660,934,1542,968,1104,479,0
660,934,1542,968,1101,474,0
660,934,1542,968,1100,472,0
660,934,1542,968,1098,470,0
660,934,1542,968,1097,465,0
660,934,1542,968,1096,463,0
660,934,1542,968,1095,462,0
660,934,1542,968,1094,459,0
660,934,1542,968,1093,458,0
660,934,1542,968,1093,456,0
660,934,1542,968,1092,452,0
660,934,1542,968,1091,451,0
660,934,1542,968,1091,449,0
660,934,1542,968,1090,447,0
660,934,1542,968,1089,444,0
660,934,1542,968,1089,443,0
660,934,1542,968,1088,441,0
660,934,1542,968,1087,438,0
660,934,1542,968,1086,436,0
660,934,1542,968,1086,434,0
660,934,1542,968,1084,430,0
660,934,1542,968,1083,428,0
660,934,1542,968,1082,426,0
660,934,1542,968,1081,422,0
660,934,1542,968,1080,421,0
660,934,1542,968,1080,419,0
660,934,1542,968,1079,415,0
660,934,1542,968,1078,414,0
660,934,1542,968,1077,412,0
660,934,1542,968,1077,410,0
660,934,1542,968,1075,406,0
660,934,1542,968,1074,404,0
660,934,1542,968,1074,403,0
660,934,1542,968,1072,400,0
660,934,1542,968,1071,398,0
660,934,1542,968,1071,396,0
660,934,1542,968,1069,393,0
660,934,1542,968,1069,392,0
660,934,1542,968,1068,390,0
660,934,1542,968,1067,387,0
660,934,1542,968,1066,386,0
660,934,1542,968,1066,386,0
660,934,1542,968,1065,384,0
660,934,1542,968,1065,384,0
660,934,1542,968,1065,384,0
660,934,1542,968,1065,384,0
660,934,1542,968,1065,384,0
660,934,1542,968,1065,384,0
660,934,1542,968,1065,384,0
660,934,1542,968,1065,384,0
660,934,1542,968,1065,384,0
660,934,1542,968,1065,384,0
660,934,1542,968,1065,384,0
660,934,1542,968,1065,384,0
660,934,1542,968,1065,384,0
660,934,1542,968,1065,384,0
660,934,1542,968,1065,384,0
660,934,1542,968,1065,384,0
660,934,1542,968,1065,384,0
660,934,1542,968,1065,384,0
660,934,1542,968,1065,384,0
