486,1040,1393,1085,887,374,0
486,1040,1393,1085,887,374,0
486,1040,1393,1085,887,374,0
486,1040,1393,1085,887,374,0
486,1040,1393,1085,887,374,0
486,1040,1393,1085,887,374,0
486,1040,1393,1085,887,374,0
486,1040,1393,1085,887,374,0
486,1040,1393,1085,887,374,0
486,1040,1393,1085,887,374,0
486,1040,1393,1085,887,374,0
486,1040,1393,1085,887,374,0
486,1040,1393,1085,887,374,0
486,1040,1393,1085,887,374,0
486,1040,1393,1085,886,375,0
486,1040,1393,1085,887,375,0
486,1040,1393,1085,887,375,0
486,1040,1393,1085,887,375,0
486,1040,1393,1085,887,375,0
486,1040,1393,1085,887,375,0
486,1040,1393,1085,887,375,0
486,1040,1393,1085,887,375,0
486,1040,1393,1085,887,375,0
486,1040,1393,1085,887,375,0
486,1040,1393,1085,887,375,0
486,1040,1393,1085,887,375,0
486,1040,1393,1085,887,375,0
486,1040,1393,1085,887,375,0
486,1040,1393,1085,887,376,0
486,1040,1393,1085,886,377,0
486,1040,1393,1085,884,384,0
486,1040,1393,1085,883,389,0
486,1040,1393,1085,880,397,0
486,1040,1393,1085,879,401,0
486,1040,1393,1085,878,404,0
486,1040,1393,1085,876,409,0
486,1040,1393,1085,875,412,0
486,1040,1393,1085,873,416,0
486,1040,1393,1085,872,417,0
486,1040,1393,1085,872,419,0
486,1040,1393,1085,871,423,0
486,1040,1393,1085,870,425,0
486,1040,1393,1085,869,427,0
486,1040,1393,1085,867,432,0
486,1040,1393,1085,867,434,0
486,1040,1393,1085,866,436,0
486,1040,1393,1085,865,441,0
486,1040,1393,1085,864,443,0
486,1040,1393,1085,863,448,0
486,1040,1393,1085,863,450,0
486,1040,1393,1085,862,452,0
486,1040,1393,1085,861,456,0
486,1040,1393,1085,861,458,0
486,1040,1393,1085,861,460,0
486,1040,1393,1085,860,463,0
486,1040,1393,1085,860,466,0
486,1040,1393,1085,859,469,0
486,1040,1393,1085,858,474,0
486,1040,1393,1085,858,477,0
486,1040,1393,1085,857,483,0
486,1040,1393,1085,856,486,0
486,1040,1393,1085,856,493,0
486,1040,1393,1085,855,496,0
486,1040,1393,1085,855,499,0
486,1040,1393,1085,854,506,0
486,1040,1393,1085,853,510,0
486,1040,1393,1085,853,516,0
486,1040,1393,1085,853,520,0
486,1040,1393,1085,853,524,0
486,1040,1393,1085,852,528,0
486,1040,1393,1085,851,536,0
486,1040,1393,1085,850,540,0
486,1040,1393,1085,849,549,0
486,1040,1393,1085,849,552,0
486,1040,1393,1085,847,559,0
486,1040,1393,1085,847,563,0
486,1040,1393,1085,846,570,0
486,1040,1393,1085,846,573,0
486,1040,1393,1085,845,576,0
486,1040,1393,1085,844,582,0
486,1040,1393,1085,844,585,0
486,1040,1393,1085,843,588,0
486,1040,1393,1085,841,594,0
486,1040,1393,1085,839,600,0
486,1040,1393,1085,838,604,0
486,1040,1393,1085,836,610,0
486,1040,1393,1085,835,613,0
486,1040,1393,1085,833,618,0
486,1040,1393,1085,833,620,0
486,1040,1393,1085,832,621,0
486,1040,1393,1085,832,623,0
486,1040,1393,1085,831,626,0
486,1040,1393,1085,830,627,0
486,1040,1393,1085,828,633,0
486,1040,1393,1085,827,636,0
486,1040,1393,1085,826,640,0
486,1040,1393,1085,823,646,0
486,1040,1393,1085,822,649,0
486,1040,1393,1085,820,654,0
486,1040,1393,1085,819,657,0
486,1040,1393,1085,818,659,0
486,1040,1393,1085,817,663,0
486,1040,1393,1085,816,665,0
486,1040,1393,1085,815,667,0
486,1040,1393,1085,813,673,0
486,1040,1393,1085,812,676,0
486,1040,1393,1085,809,682,0
486,1040,1393,1085,808,684,0
486,1040,1393,1085,807,687,0
486,1040,1393,1085,803,694,0
486,1040,1393,1085,802,697,0
486,1040,1393,1085,799,703,0
486,1040,1393,1085,798,706,0
486,1040,1393,1085,797,708,0
486,1040,1393,1085,794,713,0
486,1040,1393,1085,793,715,0
486,1040,1393,1085,792,717,0
486,1040,1393,1085,790,722,0
486,1040,1393,1085,789,725,0
486,1040,1393,1085,787,727,0
486,1040,1393,1085,785,733,0
486,1040,1393,1085,783,735,0
486,1040,1393,1085,782,738,0
486,1040,1393,1085,780,744,0
486,1040,1393,1085,779,746,0
486,1040,1393,1085,778,749,0
486,1040,1393,1085,777,751,0
486,1040,1393,1085,776,753,0
486,1040,1393,1085,775,758,0
486,1040,1393,1085,773,760,0
486,1040,1393,1085,771,765,0
486,1040,1393,1085,770,768,0
486,1040,1393,1085,769,770,0
486,1040,1393,1085,768,773,0
486,1040,1393,1085,768,775,0
486,1040,1393,1085,768,777,0
486,1040,1393,1085,767,780,0
486,1040,1393,1085,767,782,0
486,1040,1393,1085,766,784,0
486,1040,1393,1085,765,788,0
486,1040,1393,1085,764,791,0
486,1040,1393,1085,763,796,0
486,1040,1393,1085,762,799,0
486,1040,1393,1085,761,801,0
486,1040,1393,1085,760,803,0
486,1040,1393,1085,758,808,0
486,1040,1393,1085,756,812,0
486,1040,1393,1085,754,817,0
486,1040,1393,1085,752,821,0
486,1040,1393,1085,750,827,0
486,1040,1393,1085,749,830,0
486,1040,1393,1085,748,832,0
486,1040,1393,1085,746,839,0
486,1040,1393,1085,744,843,0
486,1040,1393,1085,743,846,0
486,1040,1393,1085,740,852,0
486,1040,1393,1085,739,855,0
486,1040,1393,1085,737,861,0
486,1040,1393,1085,735,864,0
486,1040,1393,1085,734,867,0
486,1040,1393,1085,730,874,0
486,1040,1393,1085,728,878,0
486,1040,1393,1085,726,884,0
486,1040,1393,1085,721,896,0
486,1040,1393,1085,719,901,0
486,1040,1393,1085,717,907,0
486,1040,1393,1085,714,914,0
486,1040,1393,1085,714,915,0
486,1040,1393,1085,712,916,0
486,1040,1393,1085,712,917,0
486,1040,1393,1085,712,917,0
486,1040,1393,1085,712,917,0
486,1040,1393,1085,712,920,0
486,1040,1393,1085,712,920,0
486,1040,1393,1085,711,924,0
486,1040,1393,1085,710,926,0
486,1040,1393,1085,710,927,0
486,1040,1393,1085,709,931,0
486,1040,1393,1085,709,932,0
486,1040,1393,1085,709,933,0
486,1040,1393,1085,708,937,0
486,1040,1393,1085,708,938,0
486,1040,1393,1085,707,941,0
486,1040,1393,1085,707,943,0
486,1040,1393,1085,707,944,0
486,1040,1393,1085,707,947,0
486,1040,1393,1085,707,948,0
486,1040,1393,1085,706,952,0
486,1040,1393,1085,705,954,0
486,1040,1393,1085,704,956,0
486,1040,1393,1085,701,961,0
486,1040,1393,1085,700,963,0
486,1040,1393,1085,699,966,0
486,1040,1393,1085,698,969,0
486,1040,1393,1085,696,974,0
486,1040,1393,1085,695,976,0
486,1040,1393,1085,694,980,0
486,1040,1393,1085,694,982,0
486,1040,1393,1085,693,987,0
486,1040,1393,1085,692,989,0
486,1040,1393,1085,692,992,0
486,1040,1393,1085,692,997,0
486,1040,1393,1085,692,999,0
486,1040,1393,1085,692,1001,0
486,1040,1393,1085,691,1006,0
486,1040,1393,1085,690,1009,0
486,1040,1393,1085,690,1014,0
486,1040,1393,1085,690,1016,0
486,1040,1393,1085,690,1019,0
486,1040,1393,1085,691,1024,0
486,1040,1393,1085,691,1026,0
486,1040,1393,1085,692,1028,0
486,1040,1393,1085,693,1030,0
486,1040,1393,1085,693,1032,0
486,1040,1393,1085,693,1036,0
486,1040,1393,1085,694,1038,0
486,1040,1393,1085,694,1040,0
486,1040,1393,1085,695,1045,0
486,1040,1393,1085,695,1047,0
486,1040,1393,1085,695,1049,0
486,1040,1393,1085,696,1054,0
486,1040,1393,1085,696,1056,0
486,1040,1393,1085,696,1060,0
486,1040,1393,1085,696,1062,0
486,1040,1393,1085,696,1064,0
486,1040,1393,1085,696,1068,0
486,1040,1393,1085,696,1070,0
486,1040,1393,1085,696,1072,0
486,1040,1393,1085,696,1076,0
486,1040,1393,1085,696,1079,0
486,1040,1393,1085,696,1081,0
486,1040,1393,1085,696,1085,0
486,1040,1393,1085,696,1086,0
486,1040,1393,1085,696,1089,0
486,1040,1393,1085,696,1090,0
486,1040,1393,1085,696,1092,0
486,1040,1393,1085,696,1094,0
486,1040,1393,1085,696,1096,0
486,1040,1393,1085,696,1098,0
486,1040,1393,1085,696,1100,0
486,1040,1393,1085,696,1103,0
486,1040,1393,1085,696,1104,0
486,1040,1393,1085,696,1105,0
486,1040,1393,1085,696,1108,0
486,1040,1393,1085,696,1110,0
486,1040,1393,1085,696,1111,0
486,1040,1393,1085,696,1114,0
486,1040,1393,1085,696,1116,0
486,1040,1393,1085,695,1118,0
486,1040,1393,1085,694,1122,0
486,1040,1393,1085,694,1124,0
486,1040,1393,1085,693,1127,0
486,1040,1393,1085,693,1131,0
486,1040,1393,1085,693,1132,0
486,1040,1393,1085,692,1135,0
486,1040,1393,1085,692,1136,0
486,1040,1393,1085,691,1137,0
486,1040,1393,1085,689,1140,0
486,1040,1393,1085,689,1142,0
486,1040,1393,1085,687,1144,0
486,1040,1393,1085,686,1145,0
486,1040,1393,1085,686,1146,0
486,1040,1393,1085,685,1148,0
486,1040,1393,1085,684,1149,0
486,1040,1393,1085,683,1150,0
486,1040,1393,1085,682,1151,0
486,1040,1393,1085,682,1152,0
486,1040,1393,1085,681,1152,0
486,1040,1393,1085,681,1153,0
486,1040,1393,1085,680,1153,0
486,1040,1393,1085,679,1155,0
486,1040,1393,1085,678,1156,0
486,1040,1393,1085,677,1157,0
486,1040,1393,1085,676,1158,0
486,1040,1393,1085,675,1158,0
486,1040,1393,1085,674,1159,0
486,1040,1393,1085,673,1161,0
486,1040,1393,1085,672,1161,0
486,1040,1393,1085,671,1162,0
486,1040,1393,1085,670,1163,0
486,1040,1393,1085,670,1164,0
486,1040,1393,1085,669,1165,0
486,1040,1393,1085,668,1166,0
486,1040,1393,1085,668,1167,0
486,1040,1393,1085,667,1167,0
486,1040,1393,1085,667,1169,0
486,1040,1393,1085,666,1169,0
486,1040,1393,1085,666,1170,0
486,1040,1393,1085,665,1172,0
486,1040,1393,1085,664,1173,0
486,1040,1393,1085,664,1174,0
486,1040,1393,1085,663,1176,0
486,1040,1393,1085,663,1176,0
486,1040,1393,1085,663,1177,0
486,1040,1393,1085,662,1177,0
486,1040,1393,1085,662,1177,0
486,1040,1393,1085,662,1178,0
486,1040,1393,1085,662,1178,0
486,1040,1393,1085,662,1178,0
486,1040,1393,1085,662,1178,0
486,1040,1393,1085,662,1178,0
486,1040,1393,1085,662,1178,0
486,1040,1393,1085,662,1178,0
486,1040,1393,1085,662,1178,0
486,1040,1393,1085,662,1178,0
486,1040,1393,1085,662,1178,0
486,1040,1393,1085,662,1178,0
486,1040,1393,1085,662,1178,0
486,1040,1393,1085,662,1177,0
486,1040,1393,1085,662,1177,1
486,1040,1393,1085,662,1177,1
486,1040,1393,1085,662,1177,1
486,1040,1393,1085,662,1177,1
486,1040,1393,1085,662,1177,1
486,1040,1393,1085,662,1177,1
486,1040,1393,1085,662,1177,1
486,1040,1393,1085,662,1177,1
486,1040,1393,1085,662,1177,1
486,1040,1393,1085,662,1177,1
486,1040,1393,1085,662,1177,1
486,1040,1393,1085,662,1177,1
486,1040,1393,1085,662,1177,1
486,1040,1393,1085,662,1177,1
486,1040,1393,1085,662,1177,1
486,1040,1393,1085,662,1177,1
486,1040,1393,1085,662,1177,1
486,1040,1393,1085,662,1177,1
486,1040,1393,1085,662,1177,1
486,1040,1393,1085,663,1177,1
486,1040,1393,1085,665,1176,1
486,1040,1393,1085,666,1175,1
486,1040,1393,1085,669,1172,1
486,1040,1393,1085,670,1172,1
486,1040,1393,1085,671,1171,1
486,1040,1393,1085,675,1168,1
486,1040,1393,1085,677,1167,1
486,1040,1393,1085,679,1166,1
486,1040,1393,1085,683,1164,1
486,1040,1393,1085,685,1163,1
486,1040,1393,1085,686,1162,1
486,1040,1393,1085,691,1160,1
486,1040,1393,1085,693,1158,1
486,1040,1393,1085,694,1158,1
486,1040,1393,1085,698,1155,1
486,1040,1393,1085,699,1155,1
486,1040,1393,1085,703,1153,1
486,1040,1393,1085,705,1152,1
486,1040,1393,1085,707,1151,1
486,1040,1393,1085,712,1148,1
486,1040,1393,1085,714,1147,1
486,1040,1393,1085,717,1145,1
486,1040,1393,1085,720,1144,1
486,1040,1393,1085,722,1143,1
486,1040,1393,1085,726,1141,1
486,1040,1393,1085,727,1140,1
486,1040,1393,1085,731,1139,1
486,1040,1393,1085,733,1137,1
486,1040,1393,1085,736,1136,1
486,1040,1393,1085,739,1134,1
486,1040,1393,1085,741,1133,1
486,1040,1393,1085,743,1132,1
486,1040,1393,1085,750,1130,1
486,1040,1393,1085,754,1129,1
486,1040,1393,1085,758,1128,1
486,1040,1393,1085,765,1125,1
486,1040,1393,1085,769,1124,1
486,1040,1393,1085,776,1120,1
486,1040,1393,1085,779,1119,1
486,1040,1393,1085,783,1118,1
486,1040,1393,1085,791,1116,1
486,1040,1393,1085,795,1115,1
486,1040,1393,1085,798,1114,1
486,1040,1393,1085,801,1112,1
486,1040,1393,1085,808,1109,1
486,1040,1393,1085,810,1109,1
486,1040,1393,1085,814,1107,1
486,1040,1393,1085,816,1106,1
486,1040,1393,1085,821,1104,1
486,1040,1393,1085,824,1103,1
486,1040,1393,1085,827,1102,1
486,1040,1393,1085,835,1100,1
486,1040,1393,1085,838,1098,1
486,1040,1393,1085,841,1097,1
486,1040,1393,1085,844,1095,1
486,1040,1393,1085,846,1094,1
486,1040,1393,1085,848,1093,1
486,1040,1393,1085,853,1090,1
486,1040,1393,1085,857,1089,1
486,1040,1393,1085,861,1087,1
486,1040,1393,1085,869,1083,1
486,1040,1393,1085,872,1081,1
486,1040,1393,1085,878,1078,1
486,1040,1393,1085,881,1076,1
486,1040,1393,1085,883,1075,1
486,1040,1393,1085,888,1072,1
486,1040,1393,1085,890,1070,1
486,1040,1393,1085,893,1069,1
486,1040,1393,1085,896,1067,1
486,1040,1393,1085,902,1064,1
486,1040,1393,1085,906,1062,1
486,1040,1393,1085,908,1061,1
486,1040,1393,1085,911,1060,1
486,1040,1393,1085,916,1057,1
486,1040,1393,1085,919,1056,1
486,1040,1393,1085,922,1055,1
486,1040,1393,1085,927,1053,1
486,1040,1393,1085,929,1052,1
486,1040,1393,1085,936,1049,1
486,1040,1393,1085,940,1048,1
486,1040,1393,1085,945,1047,1
486,1040,1393,1085,952,1044,1
486,1040,1393,1085,955,1042,1
486,1040,1393,1085,958,1041,1
486,1040,1393,1085,964,1039,1
486,1040,1393,1085,966,1037,1
486,1040,1393,1085,970,1034,1
486,1040,1393,1085,972,1033,1
486,1040,1393,1085,976,1031,1
486,1040,1393,1085,984,1028,1
486,1040,1393,1085,989,1026,1
486,1040,1393,1085,993,1025,1
486,1040,1393,1085,999,1023,1
486,1040,1393,1085,1001,1022,1
486,1040,1393,1085,1005,1021,1
486,1040,1393,1085,1007,1020,1
486,1040,1393,1085,1009,1019,1
486,1040,1393,1085,1013,1018,1
486,1040,1393,1085,1015,1017,1
486,1040,1393,1085,1018,1017,1
486,1040,1393,1085,1025,1016,1
486,1040,1393,1085,1029,1015,1
486,1040,1393,1085,1032,1014,1
486,1040,1393,1085,1036,1013,1
486,1040,1393,1085,1039,1012,1
486,1040,1393,1085,1045,1011,1
486,1040,1393,1085,1048,1010,1
486,1040,1393,1085,1052,1010,1
486,1040,1393,1085,1060,1008,1
486,1040,1393,1085,1065,1008,1
486,1040,1393,1085,1070,1007,1
486,1040,1393,1085,1079,1006,1
486,1040,1393,1085,1083,1005,1
486,1040,1393,1085,1089,1004,1
486,1040,1393,1085,1090,1003,1
486,1040,1393,1085,1091,1003,1
486,1040,1393,1085,1094,1002,1
486,1040,1393,1085,1095,1002,1
486,1040,1393,1085,1097,1001,1
486,1040,1393,1085,1103,1000,1
486,1040,1393,1085,1107,999,1
486,1040,1393,1085,1109,997,1
486,1040,1393,1085,1115,995,1
486,1040,1393,1085,1117,994,1
486,1040,1393,1085,1120,993,1
486,1040,1393,1085,1122,992,1
486,1040,1393,1085,1125,991,1
486,1040,1393,1085,1130,989,1
486,1040,1393,1085,1133,988,1
486,1040,1393,1085,1136,986,1
486,1040,1393,1085,1141,984,1
486,1040,1393,1085,1143,983,1
486,1040,1393,1085,1147,981,1
486,1040,1393,1085,1148,980,1
486,1040,1393,1085,1150,979,1
486,1040,1393,1085,1155,977,1
486,1040,1393,1085,1158,976,1
486,1040,1393,1085,1166,973,1
486,1040,1393,1085,1170,971,1
486,1040,1393,1085,1175,970,1
486,1040,1393,1085,1184,967,1
486,1040,1393,1085,1188,966,1
486,1040,1393,1085,1193,965,1
486,1040,1393,1085,1200,964,1
486,1040,1393,1085,1204,963,1
486,1040,1393,1085,1209,961,1
486,1040,1393,1085,1214,958,1
486,1040,1393,1085,1218,957,1
486,1040,1393,1085,1221,956,1
486,1040,1393,1085,1229,954,1
486,1040,1393,1085,1232,954,1
486,1040,1393,1085,1238,952,1
486,1040,1393,1085,1242,951,1
486,1040,1393,1085,1246,951,1
486,1040,1393,1085,1249,950,1
486,1040,1393,1085,1250,950,1
486,1040,1393,1085,1250,950,1
486,1040,1393,1085,1251,950,1
486,1040,1393,1085,1253,950,1
486,1040,1393,1085,1259,949,1
486,1040,1393,1085,1263,949,1
486,1040,1393,1085,1272,948,1
486,1040,1393,1085,1276,948,1
486,1040,1393,1085,1280,947,1
486,1040,1393,1085,1281,947,1
486,1040,1393,1085,1282,946,1
486,1040,1393,1085,1283,946,1
486,1040,1393,1085,1283,946,1
486,1040,1393,1085,1284,946,1
486,1040,1393,1085,1287,945,1
486,1040,1393,1085,1290,944,1
486,1040,1393,1085,1292,944,1
486,1040,1393,1085,1295,942,1
486,1040,1393,1085,1295,941,1
486,1040,1393,1085,1296,941,1
486,1040,1393,1085,1298,937,1
486,1040,1393,1085,1300,935,1
486,1040,1393,1085,1303,932,1
486,1040,1393,1085,1305,931,1
486,1040,1393,1085,1307,929,1
486,1040,1393,1085,1312,925,1
486,1040,1393,1085,1314,923,1
486,1040,1393,1085,1320,920,1
486,1040,1393,1085,1323,918,1
486,1040,1393,1085,1326,917,1
486,1040,1393,1085,1332,915,1
486,1040,1393,1085,1333,915,1
486,1040,1393,1085,1335,914,1
486,1040,1393,1085,1337,913,1
486,1040,1393,1085,1338,912,1
486,1040,1393,1085,1339,912,1
486,1040,1393,1085,1339,912,1
486,1040,1393,1085,1339,912,1
486,1040,1393,1085,1339,912,1
486,1040,1393,1085,1339,912,1
486,1040,1393,1085,1339,912,1
486,1040,1393,1085,1339,912,1
486,1040,1393,1085,1340,912,1
486,1040,1393,1085,1342,911,1
486,1040,1393,1085,1346,911,1
486,1040,1393,1085,1347,910,1
486,1040,1393,1085,1349,910,1
486,1040,1393,1085,1352,910,1
486,1040,1393,1085,1354,909,1
486,1040,1393,1085,1357,909,1
486,1040,1393,1085,1359,909,1
486,1040,1393,1085,1361,909,1
486,1040,1393,1085,1366,909,1
486,1040,1393,1085,1369,908,1
486,1040,1393,1085,1374,908,1
486,1040,1393,1085,1376,908,1
486,1040,1393,1085,1378,907,1
486,1040,1393,1085,1378,907,1
486,1040,1393,1085,1378,907,1
486,1040,1393,1085,1378,907,1
486,1040,1393,1085,1379,907,1
486,1040,1393,1085,1379,907,1
486,1040,1393,1085,1380,907,1
486,1040,1393,1085,1381,907,1
486,1040,1393,1085,1381,907,1
486,1040,1393,1085,1383,907,1
486,1040,1393,1085,1385,906,1
486,1040,1393,1085,1386,906,1
486,1040,1393,1085,1389,906,1
486,1040,1393,1085,1391,905,1
486,1040,1393,1085,1394,905,1
486,1040,1393,1085,1397,905,1
486,1040,1393,1085,1397,904,1
486,1040,1393,1085,1398,904,1
486,1040,1393,1085,1398,904,1
486,1040,1393,1085,1398,904,1
486,1040,1393,1085,1398,904,1
486,1040,1393,1085,1398,904,1
486,1040,1393,1085,1398,904,1
486,1040,1393,1085,1398,904,1
486,1040,1393,1085,1398,904,1
486,1040,1393,1085,1398,904,1
486,1040,1393,1085,1398,904,1
486,1040,1393,1085,1398,904,1
486,1040,1393,1085,1398,904,1
486,1040,1393,1085,1398,904,1
486,1040,1393,1085,1398,904,1
486,1040,1393,1085,1398,904,1
486,1040,1393,1085,1398,904,1
486,1040,1393,1085,1398,904,1
486,1040,1393,1085,1398,904,1
486,1040,1393,1085,1398,903,1
486,1040,1393,1085,1398,904,1
486,1040,1393,1085,1398,904,1
486,1040,1393,1085,1399,903,1
486,1040,1393,1085,1399,903,1
486,1040,1393,1085,1399,903,1
486,1040,1393,1085,1399,903,1
486,1040,1393,1085,1399,901,1
486,1040,1393,1085,1401,900,1
486,1040,1393,1085,1402,899,1
486,1040,1393,1085,1404,898,1
486,1040,1393,1085,1405,898,1
486,1040,1393,1085,1406,898,1
486,1040,1393,1085,1406,897,1
486,1040,1393,1085,1406,897,1
486,1040,1393,1085,1406,897,1
486,1040,1393,1085,1406,897,1
486,1040,1393,1085,1406,897,1
486,1040,1393,1085,1406,897,1
486,1040,1393,1085,1406,897,1
486,1040,1393,1085,1406,897,1
486,1040,1393,1085,1406,897,1
486,1040,1393,1085,1406,897,1
486,1040,1393,1085,1406,897,0
486,1040,1393,1085,1406,897,0
486,1040,1393,1085,1406,897,0
486,1040,1393,1085,1406,897,0
486,1040,1393,1085,1406,896,0
486,1040,1393,1085,1406,896,0
486,1040,1393,1085,1406,896,0
486,1040,1393,1085,1406,897,0
486,1040,1393,1085,1406,897,0
486,1040,1393,1085,1406,897,0
486,1040,1393,1085,1406,897,0
486,1040,1393,1085,1406,897,0
486,1040,1393,1085,1406,897,0
486,1040,1393,1085,1406,897,0
486,1040,1393,1085,1406,897,0
486,1040,1393,1085,1406,897,0
486,1040,1393,1085,1406,897,0
486,1040,1393,1085,1406,897,0
486,1040,1393,1085,1406,897,0
486,1040,1393,1085,1406,897,0
486,1040,1393,1085,1406,897,0
486,1040,1393,1085,1406,897,0
486,1040,1393,1085,1406,897,0
486,1040,1393,1085,1406,897,0
486,1040,1393,1085,1406,897,0
486,1040,1393,1085,1406,897,0
486,1040,1393,1085,1406,897,0
486,1040,1393,1085,1406,897,0
486,1040,1393,1085,1402,893,0
486,1040,1393,1085,1398,889,0
486,1040,1393,1085,1395,886,0
486,1040,1393,1085,1388,880,0
486,1040,1393,1085,1386,878,0
486,1040,1393,1085,1383,876,0
486,1040,1393,1085,1376,870,0
486,1040,1393,1085,1373,867,0
486,1040,1393,1085,1370,865,0
486,1040,1393,1085,1364,861,0
486,1040,1393,1085,1360,857,0
486,1040,1393,1085,1351,852,0
486,1040,1393,1085,1347,849,0
486,1040,1393,1085,1343,845,0
486,1040,1393,1085,1335,840,0
486,1040,1393,1085,1332,837,0
486,1040,1393,1085,1329,835,0
486,1040,1393,1085,1324,830,0
486,1040,1393,1085,1322,827,0
486,1040,1393,1085,1318,821,0
486,1040,1393,1085,1315,818,0
486,1040,1393,1085,1309,811,0
486,1040,1393,1085,1306,807,0
486,1040,1393,1085,1305,803,0
486,1040,1393,1085,1301,796,0
486,1040,1393,1085,1298,793,0
486,1040,1393,1085,1296,790,0
486,1040,1393,1085,1293,784,0
486,1040,1393,1085,1291,781,0
486,1040,1393,1085,1290,778,0
486,1040,1393,1085,1286,773,0
486,1040,1393,1085,1284,770,0
486,1040,1393,1085,1281,762,0
486,1040,1393,1085,1279,758,0
486,1040,1393,1085,1277,754,0
486,1040,1393,1085,1274,746,0
486,1040,1393,1085,1272,741,0
486,1040,1393,1085,1269,736,0
486,1040,1393,1085,1263,726,0
486,1040,1393,1085,1261,720,0
486,1040,1393,1085,1254,710,0
486,1040,1393,1085,1252,704,0
486,1040,1393,1085,1249,698,0
486,1040,1393,1085,1244,687,0
486,1040,1393,1085,1242,682,0
486,1040,1393,1085,1236,669,0
486,1040,1393,1085,1232,663,0
486,1040,1393,1085,1228,658,0
486,1040,1393,1085,1220,645,0
486,1040,1393,1085,1218,640,0
486,1040,1393,1085,1215,634,0
486,1040,1393,1085,1209,623,0
486,1040,1393,1085,1206,617,0
486,1040,1393,1085,1201,604,0
486,1040,1393,1085,1199,599,0
486,1040,1393,1085,1196,593,0
486,1040,1393,1085,1190,582,0
486,1040,1393,1085,1187,575,0
486,1040,1393,1085,1182,565,0
486,1040,1393,1085,1179,559,0
486,1040,1393,1085,1176,554,0
486,1040,1393,1085,1171,544,0
486,1040,1393,1085,1167,539,0
486,1040,1393,1085,1165,533,0
486,1040,1393,1085,1161,522,0
486,1040,1393,1085,1160,516,0
486,1040,1393,1085,1156,503,0
486,1040,1393,1085,1155,497,0
486,1040,1393,1085,1153,491,0
486,1040,1393,1085,1150,479,0
486,1040,1393,1085,1150,474,0
486,1040,1393,1085,1148,464,0
486,1040,1393,1085,1145,459,0
486,1040,1393,1085,1144,454,0
486,1040,1393,1085,1143,450,0
486,1040,1393,1085,1139,442,0
486,1040,1393,1085,1138,439,0
486,1040,1393,1085,1135,432,0
486,1040,1393,1085,1132,429,0
486,1040,1393,1085,1131,425,0
486,1040,1393,1085,1129,420,0
486,1040,1393,1085,1128,419,0
486,1040,1393,1085,1126,416,0
486,1040,1393,1085,1125,415,0
486,1040,1393,1085,1124,413,0
486,1040,1393,1085,1122,411,0
486,1040,1393,1085,1120,409,0
486,1040,1393,1085,1119,408,0
486,1040,1393,1085,1117,407,0
486,1040,1393,1085,1117,407,0
486,1040,1393,1085,1115,406,0
486,1040,1393,1085,1115,405,0
486,1040,1393,1085,1114,405,0
486,1040,1393,1085,1112,404,0
486,1040,1393,1085,1111,404,0
486,1040,1393,1085,1110,404,0
486,1040,1393,1085,1109,404,0
486,1040,1393,1085,1109,404,0
486,1040,1393,1085,1107,404,0
486,1040,1393,1085,1106,404,0
486,1040,1393,1085,1104,404,0
486,1040,1393,1085,1102,404,0
486,1040,1393,1085,1100,404,0
486,1040,1393,1085,1099,404,0
486,1040,1393,1085,1097,404,0
486,1040,1393,1085,1095,404,0
486,1040,1393,1085,1093,403,0
486,1040,1393,1085,1089,402,0
486,1040,1393,1085,1087,401,0
486,1040,1393,1085,1085,401,0
486,1040,1393,1085,1083,400,0
486,1040,1393,1085,1081,399,0
486,1040,1393,1085,1080,398,0
486,1040,1393,1085,1079,397,0
486,1040,1393,1085,1076,395,0
486,1040,1393,1085,1075,395,0
486,1040,1393,1085,1074,394,0
486,1040,1393,1085,1072,392,0
486,1040,1393,1085,1071,392,0
486,1040,1393,1085,1070,391,0
486,1040,1393,1085,1069,389,0
486,1040,1393,1085,1068,388,0
486,1040,1393,1085,1068,388,0
486,1040,1393,1085,1067,387,0
486,1040,1393,1085,1066,386,0
486,1040,1393,1085,1065,385,0
486,1040,1393,1085,1065,384,0
486,1040,1393,1085,1064,384,0
486,1040,1393,1085,1064,383,0
486,1040,1393,1085,1063,382,0
486,1040,1393,1085,1063,382,0
486,1040,1393,1085,1063,382,0
486,1040,1393,1085,1062,381,0
486,1040,1393,1085,1061,380,0
486,1040,1393,1085,1061,380,0
486,1040,1393,1085,1061,380,0
486,1040,1393,1085,1061,380,0
486,1040,1393,1085,1061,380,0
486,1040,1393,1085,1061,380,0
486,1040,1393,1085,1061,380,0
486,1040,1393,1085,1061,380,0
