660,934,1542,968,915,384,0
660,934,1542,968,915,384,0
660,934,1542,968,915,384,0
660,934,1542,968,915,384,0
660,934,1542,968,915,384,0
660,934,1542,968,915,384,0
660,934,1542,968,915,384,0
660,934,1542,968,915,384,0
660,934,1542,968,915,384,0
660,934,1542,968,915,384,0
660,934,1542,968,915,384,0
660,934,1542,968,915,384,0
660,934,1542,968,915,384,0
660,934,1542,968,915,384,0
660,934,1542,968,915,384,0
660,934,1542,968,915,384,0
660,934,1542,968,915,384,0
660,934,1542,968,915,384,0
660,934,1542,968,915,384,0
660,934,1542,968,915,384,0
660,934,1542,968,915,385,0
660,934,1542,968,914,389,0
660,934,1542,968,913,392,0
660,934,1542,968,913,394,0
660,934,1542,968,911,398,0
660,934,1542,968,911,399,0
660,934,1542,968,910,401,0
660,934,1542,968,908,405,0
660,934,1542,968,907,408,0
660,934,1542,968,907,410,0
660,934,1542,968,905,415,0
660,934,1542,968,904,417,0
660,934,1542,968,903,420,0
660,934,1542,968,902,424,0
660,934,1542,968,901,426,0
660,934,1542,968,900,428,0
660,934,1542,968,898,432,0
660,934,1542,968,897,434,0
660,934,1542,968,896,436,0
660,934,1542,968,895,439,0
660,934,1542,968,894,441,0
660,934,1542,968,893,442,0
660,934,1542,968,892,444,0
660,934,1542,968,891,447,0
660,934,1542,968,890,448,0
660,934,1542,968,890,450,0
660,934,1542,968,888,453,0
660,934,1542,968,887,454,0
660,934,1542,968,886,456,0
660,934,1542,968,885,459,0
660,934,1542,968,884,461,0
660,934,1542,968,884,463,0
660,934,1542,968,883,467,0
660,934,1542,968,882,468,0
660,934,1542,968,881,470,0
660,934,1542,968,879,474,0
660,934,1542,968,879,476,0
660,934,1542,968,878,478,0
660,934,1542,968,876,482,0
660,934,1542,968,874,485,0
660,934,1542,968,874,487,0
660,934,1542,968,872,490,0
660,934,1542,968,871,495,0
660,934,1542,968,870,497,0
660,934,1542,968,869,499,0
660,934,1542,968,868,502,0
660,934,1542,968,868,504,0
660,934,1542,968,867,506,0
660,934,1542,968,866,510,0
660,934,1542,968,865,512,0
660,934,1542,968,864,515,0
660,934,1542,968,862,520,0
660,934,1542,968,861,522,0
660,934,1542,968,860,524,0
660,934,1542,968,858,529,0
660,934,1542,968,857,531,0
660,934,1542,968,857,534,0
660,934,1542,968,856,536,0
660,934,1542,968,855,541,0
660,934,1542,968,854,543,0
660,934,1542,968,853,545,0
660,934,1542,968,852,549,0
660,934,1542,968,851,551,0
660,934,1542,968,851,553,0
660,934,1542,968,849,556,0
660,934,1542,968,849,558,0
660,934,1542,968,848,560,0
660,934,1542,968,847,563,0
660,934,1542,968,847,565,0
660,934,1542,968,846,566,0
660,934,1542,968,845,569,0
660,934,1542,968,845,570,0
660,934,1542,968,844,572,0
660,934,1542,968,843,576,0
660,934,1542,968,841,578,0
660,934,1542,968,841,580,0
660,934,1542,968,840,582,0
660,934,1542,968,839,586,0
660,934,1542,968,838,588,0
660,934,1542,968,837,590,0
660,934,1542,968,836,593,0
660,934,1542,968,836,595,0
660,934,1542,968,835,596,0
660,934,1542,968,834,599,0
660,934,1542,968,834,600,0
660,934,1542,968,833,602,0
660,934,1542,968,833,605,0
660,934,1542,968,833,607,0
660,934,1542,968,832,609,0
660,934,1542,968,831,612,0
660,934,1542,968,831,614,0
660,934,1542,968,830,616,0
660,934,1542,968,829,620,0
660,934,1542,968,828,622,0
660,934,1542,968,827,624,0
660,934,1542,968,825,629,0
660,934,1542,968,824,631,0
660,934,1542,968,824,633,0
660,934,1542,968,823,636,0
660,934,1542,968,822,640,0
660,934,1542,968,821,642,0
660,934,1542,968,820,645,0
660,934,1542,968,818,650,0
660,934,1542,968,817,653,0
660,934,1542,968,815,656,0
660,934,1542,968,815,658,0
660,934,1542,968,812,664,0
660,934,1542,968,811,666,0
660,934,1542,968,811,668,0
660,934,1542,968,810,672,0
660,934,1542,968,809,675,0
660,934,1542,968,808,677,0
660,934,1542,968,806,683,0
660,934,1542,968,805,686,0
660,934,1542,968,803,689,0
660,934,1542,968,800,695,0
660,934,1542,968,799,698,0
660,934,1542,968,797,701,0
660,934,1542,968,795,706,0
660,934,1542,968,794,708,0
660,934,1542,968,792,711,0
660,934,1542,968,789,716,0
660,934,1542,968,788,718,0
660,934,1542,968,788,720,0
660,934,1542,968,785,725,0
660,934,1542,968,784,728,0
660,934,1542,968,783,730,0
660,934,1542,968,782,732,0
660,934,1542,968,780,737,0
660,934,1542,968,778,739,0
660,934,1542,968,777,742,0
660,934,1542,968,775,746,0
660,934,1542,968,774,749,0
660,934,1542,968,774,751,0
660,934,1542,968,773,753,0
660,934,1542,968,771,756,0
660,934,1542,968,770,759,0
660,934,1542,968,769,760,0
660,934,1542,968,767,765,0
660,934,1542,968,766,768,0
660,934,1542,968,765,770,0
660,934,1542,968,765,774,0
660,934,1542,968,765,775,0
660,934,1542,968,765,777,0
660,934,1542,968,765,779,0
660,934,1542,968,765,780,0
660,934,1542,968,765,781,0
660,934,1542,968,765,784,0
660,934,1542,968,765,785,0
660,934,1542,968,764,787,0
660,934,1542,968,763,791,0
660,934,1542,968,762,793,0
660,934,1542,968,761,795,0
660,934,1542,968,759,800,0
660,934,1542,968,758,803,0
660,934,1542,968,756,806,0
660,934,1542,968,755,810,0
660,934,1542,968,752,816,0
660,934,1542,968,751,819,0
660,934,1542,968,749,822,0
660,934,1542,968,747,829,0
660,934,1542,968,745,832,0
660,934,1542,968,744,836,0
660,934,1542,968,740,843,0
660,934,1542,968,739,847,0
660,934,1542,968,738,850,0
660,934,1542,968,734,857,0
660,934,1542,968,732,862,0
660,934,1542,968,731,865,0
660,934,1542,968,728,872,0
660,934,1542,968,726,877,0
660,934,1542,968,725,880,0
660,934,1542,968,723,888,0
660,934,1542,968,722,892,0
660,934,1542,968,720,895,0
660,934,1542,968,717,902,0
660,934,1542,968,716,905,0
660,934,1542,968,715,908,0
660,934,1542,968,714,911,0
660,934,1542,968,713,915,0
660,934,1542,968,712,918,0
660,934,1542,968,712,920,0
660,934,1542,968,710,924,0
660,934,1542,968,709,926,0
660,934,1542,968,708,928,0
660,934,1542,968,706,933,0
660,934,1542,968,705,935,0
660,934,1542,968,704,937,0
660,934,1542,968,703,941,0
660,934,1542,968,701,942,0
660,934,1542,968,700,944,0
660,934,1542,968,700,945,0
660,934,1542,968,698,948,0
660,934,1542,968,697,949,0
660,934,1542,968,696,950,0
660,934,1542,968,695,953,0
660,934,1542,968,693,954,0
660,934,1542,968,692,955,0
660,934,1542,968,690,959,0
660,934,1542,968,688,961,0
660,934,1542,968,687,963,0
660,934,1542,968,684,966,0
660,934,1542,968,683,968,0
660,934,1542,968,681,969,0
660,934,1542,968,678,973,0
660,934,1542,968,677,975,0
660,934,1542,968,675,977,0
660,934,1542,968,671,981,0
660,934,1542,968,669,983,0
660,934,1542,968,668,985,0
660,934,1542,968,665,989,0
660,934,1542,968,664,990,0
660,934,1542,968,663,992,0
660,934,1542,968,661,994,0
660,934,1542,968,658,998,0
660,934,1542,968,657,1000,0
660,934,1542,968,655,1002,0
660,934,1542,968,651,1007,0
660,934,1542,968,650,1009,0
660,934,1542,968,648,1011,0
660,934,1542,968,645,1015,0
660,934,1542,968,644,1017,0
660,934,1542,968,643,1018,0
660,934,1542,968,641,1022,0
660,934,1542,968,640,1023,0
660,934,1542,968,640,1024,0
660,934,1542,968,637,1028,0
660,934,1542,968,636,1029,0
660,934,1542,968,634,1031,0
660,934,1542,968,632,1035,0
660,934,1542,968,631,1036,0
660,934,1542,968,631,1037,0
660,934,1542,968,629,1039,0
660,934,1542,968,629,1040,0
660,934,1542,968,629,1041,0
660,934,1542,968,627,1044,0
660,934,1542,968,627,1045,0
660,934,1542,968,626,1046,0
660,934,1542,968,625,1048,0
660,934,1542,968,623,1050,0
660,934,1542,968,622,1052,0
660,934,1542,968,620,1053,0
660,934,1542,968,618,1056,0
660,934,1542,968,617,1057,0
660,934,1542,968,616,1058,0
660,934,1542,968,615,1060,0
660,934,1542,968,612,1063,0
660,934,1542,968,610,1064,0
660,934,1542,968,609,1066,0
660,934,1542,968,607,1068,0
660,934,1542,968,605,1069,0
660,934,1542,968,604,1069,0
660,934,1542,968,602,1071,0
660,934,1542,968,601,1072,0
660,934,1542,968,600,1072,0
660,934,1542,968,598,1074,0
660,934,1542,968,597,1075,0
660,934,1542,968,595,1076,0
660,934,1542,968,591,1079,0
660,934,1542,968,590,1081,0
660,934,1542,968,588,1082,0
660,934,1542,968,586,1084,0
660,934,1542,968,585,1085,0
660,934,1542,968,584,1086,0
660,934,1542,968,583,1088,0
660,934,1542,968,582,1088,0
660,934,1542,968,582,1089,0
660,934,1542,968,580,1090,0
660,934,1542,968,579,1091,0
660,934,1542,968,578,1092,0
660,934,1542,968,577,1093,0
660,934,1542,968,576,1094,0
660,934,1542,968,575,1095,0
660,934,1542,968,574,1096,0
660,934,1542,968,574,1096,0
660,934,1542,968,574,1097,0
660,934,1542,968,573,1097,0
660,934,1542,968,573,1097,0
660,934,1542,968,572,1098,0
660,934,1542,968,572,1098,0
660,934,1542,968,572,1098,0
660,934,1542,968,572,1099,0
660,934,1542,968,572,1099,0
660,934,1542,968,572,1099,0
660,934,1542,968,571,1099,0
660,934,1542,968,570,1100,0
660,934,1542,968,569,1101,0
660,934,1542,968,569,1101,0
660,934,1542,968,568,1102,0
660,934,1542,968,568,1102,0
660,934,1542,968,568,1102,0
660,934,1542,968,568,1102,0
660,934,1542,968,568,1102,0
660,934,1542,968,568,1102,0
660,934,1542,968,568,1102,0
660,934,1542,968,568,1102,0
660,934,1542,968,568,1102,0
660,934,1542,968,568,1102,1
660,934,1542,968,568,1102,1
660,934,1542,968,568,1102,1
660,934,1542,968,568,1102,1
660,934,1542,968,568,1102,1
660,934,1542,968,568,1102,1
660,934,1542,968,568,1102,1
660,934,1542,968,568,1102,1
660,934,1542,968,568,1102,1
660,934,1542,968,568,1102,1
660,934,1542,968,568,1102,1
660,934,1542,968,568,1102,1
660,934,1542,968,568,1102,1
660,934,1542,968,568,1102,1
660,934,1542,968,568,1102,1
660,934,1542,968,568,1102,1
660,934,1542,968,568,1102,1
660,934,1542,968,568,1102,1
660,934,1542,968,569,1102,1
660,934,1542,968,569,1102,1
660,934,1542,968,570,1102,1
660,934,1542,968,571,1102,1
660,934,1542,968,579,1102,1
660,934,1542,968,583,1102,1
660,934,1542,968,588,1102,1
660,934,1542,968,597,1102,1
660,934,1542,968,602,1102,1
660,934,1542,968,606,1102,1
660,934,1542,968,614,1102,1
660,934,1542,968,618,1102,1
660,934,1542,968,622,1102,1
660,934,1542,968,631,1102,1
660,934,1542,968,634,1101,1
660,934,1542,968,637,1100,1
660,934,1542,968,643,1099,1
660,934,1542,968,646,1099,1
660,934,1542,968,649,1098,1
660,934,1542,968,655,1097,1
660,934,1542,968,658,1096,1
660,934,1542,968,661,1095,1
660,934,1542,968,664,1094,1
660,934,1542,968,673,1092,1
660,934,1542,968,678,1091,1
660,934,1542,968,683,1090,1
660,934,1542,968,692,1087,1
660,934,1542,968,696,1086,1
660,934,1542,968,700,1085,1
660,934,1542,968,706,1083,1
660,934,1542,968,708,1083,1
660,934,1542,968,709,1082,1
660,934,1542,968,712,1081,1
660,934,1542,968,714,1081,1
660,934,1542,968,716,1080,1
660,934,1542,968,720,1079,1
660,934,1542,968,723,1078,1
660,934,1542,968,726,1077,1
660,934,1542,968,733,1074,1
660,934,1542,968,737,1073,1
660,934,1542,968,740,1072,1
660,934,1542,968,746,1070,1
660,934,1542,968,749,1069,1
660,934,1542,968,751,1068,1
660,934,1542,968,756,1067,1
660,934,1542,968,758,1066,1
660,934,1542,968,761,1065,1
660,934,1542,968,769,1063,1
660,934,1542,968,773,1062,1
660,934,1542,968,777,1061,1
660,934,1542,968,781,1060,1
660,934,1542,968,788,1058,1
660,934,1542,968,790,1057,1
660,934,1542,968,793,1056,1
660,934,1542,968,800,1054,1
660,934,1542,968,804,1054,1
660,934,1542,968,809,1053,1
660,934,1542,968,820,1050,1
660,934,1542,968,826,1049,1
660,934,1542,968,830,1047,1
660,934,1542,968,837,1044,1
660,934,1542,968,839,1042,1
660,934,1542,968,841,1042,1
660,934,1542,968,843,1041,1
660,934,1542,968,844,1040,1
660,934,1542,968,845,1040,1
660,934,1542,968,849,1038,1
660,934,1542,968,851,1037,1
660,934,1542,968,852,1037,1
660,934,1542,968,854,1036,1
660,934,1542,968,856,1034,1
660,934,1542,968,857,1033,1
660,934,1542,968,858,1033,1
660,934,1542,968,860,1032,1
660,934,1542,968,863,1031,1
660,934,1542,968,866,1030,1
660,934,1542,968,873,1029,1
660,934,1542,968,877,1028,1
660,934,1542,968,881,1027,1
660,934,1542,968,890,1025,1
660,934,1542,968,894,1024,1
660,934,1542,968,898,1023,1
660,934,1542,968,902,1022,1
660,934,1542,968,910,1020,1
660,934,1542,968,914,1020,1
660,934,1542,968,919,1020,1
660,934,1542,968,927,1018,1
660,934,1542,968,936,1016,1
660,934,1542,968,939,1016,1
660,934,1542,968,944,1015,1
660,934,1542,968,946,1015,1
660,934,1542,968,947,1014,1
660,934,1542,968,951,1014,1
660,934,1542,968,953,1014,1
660,934,1542,968,955,1013,1
660,934,1542,968,963,1012,1
660,934,1542,968,968,1012,1
660,934,1542,968,972,1012,1
660,934,1542,968,978,1011,1
660,934,1542,968,981,1010,1
660,934,1542,968,983,1010,1
660,934,1542,968,988,1009,1
660,934,1542,968,989,1009,1
660,934,1542,968,992,1009,1
660,934,1542,968,996,1008,1
660,934,1542,968,998,1007,1
660,934,1542,968,1001,1007,1
660,934,1542,968,1002,1007,1
660,934,1542,968,1004,1006,1
660,934,1542,968,1005,1006,1
660,934,1542,968,1005,1006,1
660,934,1542,968,1007,1005,1
660,934,1542,968,1008,1005,1
660,934,1542,968,1009,1005,1
660,934,1542,968,1013,1004,1
660,934,1542,968,1015,1003,1
660,934,1542,968,1019,1002,1
660,934,1542,968,1027,1000,1
660,934,1542,968,1032,999,1
660,934,1542,968,1036,998,1
660,934,1542,968,1046,995,1
660,934,1542,968,1051,994,1
660,934,1542,968,1057,992,1
660,934,1542,968,1071,989,1
660,934,1542,968,1076,987,1
660,934,1542,968,1081,985,1
660,934,1542,968,1091,981,1
660,934,1542,968,1096,981,1
660,934,1542,968,1101,980,1
660,934,1542,968,1109,977,1
660,934,1542,968,1113,976,1
660,934,1542,968,1118,975,1
660,934,1542,968,1121,974,1
660,934,1542,968,1130,970,1
660,934,1542,968,1135,968,1
660,934,1542,968,1139,967,1
660,934,1542,968,1145,965,1
660,934,1542,968,1146,965,1
660,934,1542,968,1147,964,1
660,934,1542,968,1148,964,1
660,934,1542,968,1149,963,1
660,934,1542,968,1151,963,1
660,934,1542,968,1154,962,1
660,934,1542,968,1156,961,1
660,934,1542,968,1158,960,1
660,934,1542,968,1163,959,1
660,934,1542,968,1166,958,1
660,934,1542,968,1168,957,1
660,934,1542,968,1172,956,1
660,934,1542,968,1174,956,1
660,934,1542,968,1176,955,1
660,934,1542,968,1180,954,1
660,934,1542,968,1183,954,1
660,934,1542,968,1185,953,1
660,934,1542,968,1192,953,1
660,934,1542,968,1194,952,1
660,934,1542,968,1197,951,1
660,934,1542,968,1200,951,1
660,934,1542,968,1205,950,1
660,934,1542,968,1208,950,1
660,934,1542,968,1211,949,1
660,934,1542,968,1217,947,1
660,934,1542,968,1220,946,1
660,934,1542,968,1223,945,1
660,934,1542,968,1229,943,1
660,934,1542,968,1232,943,1
660,934,1542,968,1235,942,1
660,934,1542,968,1241,940,1
660,934,1542,968,1243,939,1
660,934,1542,968,1246,938,1
660,934,1542,968,1250,935,1
660,934,1542,968,1253,934,1
660,934,1542,968,1256,933,1
660,934,1542,968,1261,932,1
660,934,1542,968,1263,932,1
660,934,1542,968,1265,931,1
660,934,1542,968,1267,931,1
660,934,1542,968,1267,930,1
660,934,1542,968,1268,930,1
660,934,1542,968,1270,929,1
660,934,1542,968,1271,929,1
660,934,1542,968,1273,928,1
660,934,1542,968,1277,926,1
660,934,1542,968,1279,926,1
660,934,1542,968,1281,925,1
660,934,1542,968,1283,924,1
660,934,1542,968,1286,923,1
660,934,1542,968,1287,923,1
660,934,1542,968,1288,923,1
660,934,1542,968,1290,922,1
660,934,1542,968,1291,921,1
660,934,1542,968,1292,921,1
660,934,1542,968,1293,920,1
660,934,1542,968,1294,920,1
660,934,1542,968,1295,919,1
660,934,1542,968,1298,919,1
660,934,1542,968,1299,918,1
660,934,1542,968,1300,918,1
660,934,1542,968,1302,917,1
660,934,1542,968,1302,917,1
660,934,1542,968,1302,917,1
660,934,1542,968,1303,917,1
660,934,1542,968,1307,916,1
660,934,1542,968,1309,915,1
660,934,1542,968,1312,915,1
660,934,1542,968,1317,913,1
660,934,1542,968,1319,913,1
660,934,1542,968,1321,912,1
660,934,1542,968,1325,912,1
660,934,1542,968,1326,912,1
660,934,1542,968,1327,911,1
660,934,1542,968,1327,911,1
660,934,1542,968,1328,911,1
660,934,1542,968,1328,911,1
660,934,1542,968,1328,911,1
660,934,1542,968,1328,911,1
660,934,1542,968,1328,911,1
660,934,1542,968,1329,911,1
660,934,1542,968,1329,911,1
660,934,1542,968,1330,910,1
660,934,1542,968,1331,910,1
660,934,1542,968,1332,910,1
660,934,1542,968,1332,910,1
660,934,1542,968,1333,909,1
660,934,1542,968,1335,909,1
660,934,1542,968,1336,909,1
660,934,1542,968,1337,909,1
660,934,1542,968,1339,908,1
660,934,1542,968,1340,908,1
660,934,1542,968,1341,908,1
660,934,1542,968,1342,908,1
660,934,1542,968,1342,907,1
660,934,1542,968,1343,907,1
660,934,1542,968,1344,907,1
660,934,1542,968,1346,907,1
660,934,1542,968,1347,907,1
660,934,1542,968,1348,906,1
660,934,1542,968,1350,906,1
660,934,1542,968,1351,906,1
660,934,1542,968,1353,906,1
660,934,1542,968,1357,905,1
660,934,1542,968,1358,905,1
660,934,1542,968,1360,904,1
660,934,1542,968,1363,903,1
660,934,1542,968,1363,903,1
660,934,1542,968,1364,903,1
660,934,1542,968,1364,903,1
660,934,1542,968,1364,902,1
660,934,1542,968,1365,903,1
660,934,1542,968,1365,903,1
660,934,1542,968,1365,903,1
660,934,1542,968,1365,903,1
660,934,1542,968,1365,903,1
660,934,1542,968,1365,903,1
660,934,1542,968,1365,903,1
660,934,1542,968,1365,903,1
660,934,1542,968,1365,903,1
660,934,1542,968,1365,903,1
660,934,1542,968,1365,902,1
660,934,1542,968,1365,902,1
660,934,1542,968,1365,902,1
660,934,1542,968,1365,902,1
660,934,1542,968,1365,902,1
660,934,1542,968,1365,902,1
660,934,1542,968,1365,902,1
660,934,1542,968,1365,902,1
660,934,1542,968,1365,902,0
660,934,1542,968,1365,902,0
660,934,1542,968,1365,902,0
660,934,1542,968,1365,902,0
660,934,1542,968,1365,902,0
660,934,1542,968,1365,902,0
660,934,1542,968,1365,902,0
660,934,1542,968,1365,902,0
660,934,1542,968,1365,902,0
660,934,1542,968,1365,902,0
660,934,1542,968,1365,902,0
660,934,1542,968,1365,902,0
660,934,1542,968,1365,902,0
660,934,1542,968,1365,902,0
660,934,1542,968,1365,902,0
660,934,1542,968,1365,902,0
660,934,1542,968,1365,902,0
660,934,1542,968,1365,902,0
660,934,1542,968,1365,902,0
660,934,1542,968,1365,902,0
660,934,1542,968,1365,902,0
660,934,1542,968,1365,902,0
660,934,1542,968,1365,902,0
660,934,1542,968,1365,902,0
660,934,1542,968,1365,902,0
660,934,1542,968,1365,902,0
660,934,1542,968,1365,902,0
660,934,1542,968,1365,902,0
660,934,1542,968,1365,902,0
660,934,1542,968,1365,902,0
660,934,1542,968,1365,902,0
660,934,1542,968,1365,902,0
660,934,1542,968,1365,902,0
660,934,1542,968,1365,901,0
660,934,1542,968,1365,900,0
660,934,1542,968,1363,897,0
660,934,1542,968,1361,894,0
660,934,1542,968,1361,892,0
660,934,1542,968,1358,887,0
660,934,1542,968,1356,885,0
660,934,1542,968,1355,882,0
660,934,1542,968,1352,879,0
660,934,1542,968,1351,877,0
660,934,1542,968,1350,876,0
660,934,1542,968,1349,874,0
660,934,1542,968,1349,873,0
660,934,1542,968,1348,872,0
660,934,1542,968,1347,870,0
660,934,1542,968,1346,868,0
660,934,1542,968,1345,867,0
660,934,1542,968,1344,864,0
660,934,1542,968,1344,864,0
660,934,1542,968,1343,863,0
660,934,1542,968,1342,861,0
660,934,1542,968,1341,859,0
660,934,1542,968,1340,858,0
660,934,1542,968,1339,856,0
660,934,1542,968,1337,854,0
660,934,1542,968,1337,853,0
660,934,1542,968,1336,852,0
660,934,1542,968,1334,849,0
660,934,1542,968,1333,847,0
660,934,1542,968,1332,846,0
660,934,1542,968,1329,842,0
660,934,1542,968,1328,840,0
660,934,1542,968,1326,837,0
660,934,1542,968,1324,835,0
660,934,1542,968,1322,833,0
660,934,1542,968,1321,831,0
660,934,1542,968,1318,827,0
660,934,1542,968,1317,825,0
660,934,1542,968,1314,821,0
660,934,1542,968,1313,819,0
660,934,1542,968,1312,818,0
660,934,1542,968,1310,814,0
660,934,1542,968,1309,813,0
660,934,1542,968,1307,810,0
660,934,1542,968,1306,809,0
660,934,1542,968,1304,805,0
660,934,1542,968,1303,804,0
660,934,1542,968,1302,802,0
660,934,1542,968,1299,798,0
660,934,1542,968,1298,796,0
660,934,1542,968,1296,793,0
660,934,1542,968,1292,787,0
660,934,1542,968,1291,785,0
660,934,1542,968,1289,783,0
660,934,1542,968,1287,779,0
660,934,1542,968,1285,777,0
660,934,1542,968,1283,775,0
660,934,1542,968,1280,770,0
660,934,1542,968,1278,768,0
660,934,1542,968,1277,766,0
660,934,1542,968,1274,762,0
660,934,1542,968,1273,760,0
660,934,1542,968,1271,758,0
660,934,1542,968,1268,754,0
660,934,1542,968,1267,752,0
660,934,1542,968,1265,750,0
660,934,1542,968,1262,745,0
660,934,1542,968,1261,742,0
660,934,1542,968,1259,740,0
660,934,1542,968,1257,738,0
660,934,1542,968,1255,733,0
660,934,1542,968,1254,731,0
660,934,1542,968,1252,728,0
660,934,1542,968,1249,724,0
660,934,1542,968,1248,721,0
660,934,1542,968,1246,719,0
660,934,1542,968,1243,715,0
660,934,1542,968,1241,713,0
660,934,1542,968,1240,711,0
660,934,1542,968,1237,708,0
660,934,1542,968,1237,706,0
660,934,1542,968,1236,704,0
660,934,1542,968,1234,700,0
660,934,1542,968,1232,699,0
660,934,1542,968,1231,697,0
660,934,1542,968,1229,693,0
660,934,1542,968,1227,691,0
660,934,1542,968,1226,689,0
660,934,1542,968,1224,685,0
660,934,1542,968,1222,683,0
660,934,1542,968,1221,681,0
660,934,1542,968,1218,676,0
660,934,1542,968,1217,674,0
660,934,1542,968,1215,671,0
660,934,1542,968,1212,667,0
660,934,1542,968,1211,664,0
660,934,1542,968,1210,662,0
660,934,1542,968,1208,657,0
660,934,1542,968,1206,655,0
660,934,1542,968,1205,653,0
660,934,1542,968,1205,650,0
660,934,1542,968,1202,645,0
660,934,1542,968,1201,642,0
660,934,1542,968,1200,640,0
660,934,1542,968,1197,635,0
660,934,1542,968,1196,633,0
660,934,1542,968,1195,630,0
660,934,1542,968,1192,625,0
660,934,1542,968,1191,623,0
660,934,1542,968,1190,621,0
660,934,1542,968,1186,617,0
660,934,1542,968,1186,615,0
660,934,1542,968,1185,613,0
660,934,1542,968,1183,609,0
660,934,1542,968,1180,609,0
660,934,1542,968,1182,604,0
660,934,1542,968,1180,601,0
660,934,1542,968,1179,599,0
660,934,1542,968,1177,598,0
660,934,1542,968,1176,596,0
660,934,1542,968,1173,591,0
660,934,1542,968,1172,588,0
660,934,1542,968,1171,586,0
660,934,1542,968,1168,582,0
660,934,1542,968,1167,580,0
660,934,1542,968,1165,578,0
660,934,1542,968,1163,574,0
660,934,1542,968,1162,572,0
660,934,1542,968,1161,570,0
660,934,1542,968,1158,567,0
660,934,1542,968,1157,565,0
660,934,1542,968,1156,563,0
660,934,1542,968,1154,559,0
660,934,1542,968,1152,557,0
660,934,1542,968,1151,554,0
660,934,1542,968,1148,549,0
660,934,1542,968,1146,546,0
660,934,1542,968,1144,544,0
660,934,1542,968,1142,540,0
660,934,1542,968,1141,538,0
660,934,1542,968,1140,536,0
660,934,1542,968,1138,532,0
660,934,1542,968,1137,530,0
660,934,1542,968,1136,528,0
660,934,1542,968,1135,526,0
660,934,1542,968,1133,522,0
660,934,1542,968,1132,520,0
660,934,1542,968,1131,518,0
660,934,1542,968,1129,514,0
660,934,1542,968,1127,511,0
660,934,1542,968,1126,509,0
660,934,1542,968,1124,504,0
660,934,1542,968,1123,502,0
660,934,1542,968,1122,499,0
660,934,1542,968,1119,495,0
660,934,1542,968,1118,492,0
660,934,1542,968,1117,490,0
660,934,1542,968,1115,487,0
660,934,1542,968,1113,481,0
660,934,1542,968,1112,479,0
660,934,1542,968,1110,477,0
660,934,1542,968,1108,473,0
660,934,1542,968,1107,470,0
660,934,1542,968,1106,468,0
660,934,1542,968,1103,463,0
660,934,1542,968,1102,461,0
660,934,1542,968,1100,458,0
660,934,1542,968,1098,453,0
660,934,1542,968,1096,452,0
660,934,1542,968,1096,450,0
660,934,1542,968,1093,446,0
660,934,1542,968,1092,444,0
660,934,1542,968,1091,442,0
660,934,1542,968,1088,438,0
660,934,1542,968,1087,436,0
660,934,1542,968,1085,434,0
660,934,1542,968,1083,430,0
660,934,1542,968,1082,428,0
660,934,1542,968,1081,426,0
660,934,1542,968,1080,425,0
660,934,1542,968,1077,421,0
660,934,1542,968,1076,419,0
660,934,1542,968,1075,417,0
660,934,1542,968,1072,413,0
660,934,1542,968,1071,412,0
660,934,1542,968,1071,410,0
660,934,1542,968,1069,408,0
660,934,1542,968,1068,406,0
660,934,1542,968,1067,405,0
660,934,1542,968,1065,403,0
660,934,1542,968,1064,402,0
660,934,1542,968,1063,400,0
660,934,1542,968,1062,398,0
660,934,1542,968,1062,398,0
660,934,1542,968,1061,398,0
660,934,1542,968,1061,397,0
660,934,1542,968,1061,396,0
660,934,1542,968,1060,395,0
660,934,1542,968,1058,393,0
660,934,1542,968,1058,392,0
660,934,1542,968,1057,392,0
660,934,1542,968,1056,389,0
660,934,1542,968,1054,388,0
660,934,1542,968,1053,386,0
660,934,1542,968,1052,385,0
660,934,1542,968,1049,382,0
660,934,1542,968,1048,380,0
660,934,1542,968,1047,379,0
660,934,1542,968,1045,376,0
660,934,1542,968,1044,375,0
660,934,1542,968,1044,374,0
660,934,1542,968,1043,373,0
660,934,1542,968,1042,373,0
660,934,1542,968,1042,373,0
660,934,1542,968,1042,373,0
660,934,1542,968,1042,373,0
