351,1006,1666,1176,883,383,0
351,1006,1666,1176,883,383,0
351,1006,1666,1176,883,383,0
351,1006,1666,1176,883,383,0
351,1006,1666,1176,883,383,0
351,1006,1666,1176,883,383,0
351,1006,1666,1176,883,383,0
351,1006,1666,1176,883,383,0
351,1006,1666,1176,883,383,0
351,1006,1666,1176,883,383,0
351,1006,1666,1176,884,383,0
351,1006,1666,1176,884,383,0
351,1006,1666,1176,884,383,0
351,1006,1666,1176,884,383,0
351,1006,1666,1176,884,383,0
351,1006,1666,1176,884,383,0
351,1006,1666,1176,884,383,0
351,1006,1666,1176,884,383,0
351,1006,1666,1176,884,383,0
351,1006,1666,1176,884,383,0
351,1006,1666,1176,884,383,0
351,1006,1666,1176,884,383,0
351,1006,1666,1176,884,383,0
351,1006,1666,1176,884,383,0
351,1006,1666,1176,884,383,0
351,1006,1666,1176,884,383,0
351,1006,1666,1176,884,383,0
351,1006,1666,1176,884,383,0
351,1006,1666,1176,884,383,0
351,1006,1666,1176,884,383,0
351,1006,1666,1176,884,384,0
351,1006,1666,1176,884,384,0
351,1006,1666,1176,884,384,0
351,1006,1666,1176,884,384,0
351,1006,1666,1176,884,384,0
351,1006,1666,1176,884,384,0
351,1006,1666,1176,884,384,0
351,1006,1666,1176,884,384,0
351,1006,1666,1176,884,384,0
351,1006,1666,1176,884,384,0
351,1006,1666,1176,882,386,0
351,1006,1666,1176,880,391,0
351,1006,1666,1176,875,398,0
351,1006,1666,1176,872,404,0
351,1006,1666,1176,871,406,0
351,1006,1666,1176,870,407,0
351,1006,1666,1176,869,410,0
351,1006,1666,1176,868,411,0
351,1006,1666,1176,867,413,0
351,1006,1666,1176,867,413,0
351,1006,1666,1176,867,414,0
351,1006,1666,1176,865,417,0
351,1006,1666,1176,864,419,0
351,1006,1666,1176,860,426,0
351,1006,1666,1176,858,428,0
351,1006,1666,1176,854,434,0
351,1006,1666,1176,852,436,0
351,1006,1666,1176,849,439,0
351,1006,1666,1176,848,440,0
351,1006,1666,1176,846,442,0
351,1006,1666,1176,843,445,0
351,1006,1666,1176,842,447,0
351,1006,1666,1176,839,451,0
351,1006,1666,1176,838,452,0
351,1006,1666,1176,834,456,0
351,1006,1666,1176,833,458,0
351,1006,1666,1176,829,462,0
351,1006,1666,1176,827,464,0
351,1006,1666,1176,821,468,0
351,1006,1666,1176,819,470,0
351,1006,1666,1176,815,474,0
351,1006,1666,1176,811,478,0
351,1006,1666,1176,809,480,0
351,1006,1666,1176,806,483,0
351,1006,1666,1176,804,485,0
351,1006,1666,1176,801,488,0
351,1006,1666,1176,800,489,0
351,1006,1666,1176,798,493,0
351,1006,1666,1176,797,495,0
351,1006,1666,1176,795,497,0
351,1006,1666,1176,794,498,0
351,1006,1666,1176,793,501,0
351,1006,1666,1176,790,509,0
351,1006,1666,1176,787,518,0
351,1006,1666,1176,786,522,0
351,1006,1666,1176,783,530,0
351,1006,1666,1176,781,533,0
351,1006,1666,1176,779,535,0
351,1006,1666,1176,775,540,0
351,1006,1666,1176,773,543,0
351,1006,1666,1176,767,549,0
351,1006,1666,1176,765,552,0
351,1006,1666,1176,761,559,0
351,1006,1666,1176,759,561,0
351,1006,1666,1176,756,565,0
351,1006,1666,1176,755,567,0
351,1006,1666,1176,752,570,0
351,1006,1666,1176,750,572,0
351,1006,1666,1176,748,576,0
351,1006,1666,1176,747,578,0
351,1006,1666,1176,744,583,0
351,1006,1666,1176,743,586,0
351,1006,1666,1176,740,592,0
351,1006,1666,1176,738,595,0
351,1006,1666,1176,735,601,0
351,1006,1666,1176,734,603,0
351,1006,1666,1176,731,609,0
351,1006,1666,1176,730,612,0
351,1006,1666,1176,728,618,0
351,1006,1666,1176,727,621,0
351,1006,1666,1176,725,627,0
351,1006,1666,1176,724,630,0
351,1006,1666,1176,722,636,0
351,1006,1666,1176,721,640,0
351,1006,1666,1176,721,644,0
351,1006,1666,1176,719,652,0
351,1006,1666,1176,717,661,0
351,1006,1666,1176,716,664,0
351,1006,1666,1176,713,670,0
351,1006,1666,1176,710,673,0
351,1006,1666,1176,709,677,0
351,1006,1666,1176,705,683,0
351,1006,1666,1176,702,690,0
351,1006,1666,1176,700,693,0
351,1006,1666,1176,696,699,0
351,1006,1666,1176,694,702,0
351,1006,1666,1176,689,710,0
351,1006,1666,1176,687,714,0
351,1006,1666,1176,685,717,0
351,1006,1666,1176,681,725,0
351,1006,1666,1176,679,727,0
351,1006,1666,1176,674,733,0
351,1006,1666,1176,673,736,0
351,1006,1666,1176,669,743,0
351,1006,1666,1176,667,746,0
351,1006,1666,1176,663,755,0
351,1006,1666,1176,661,759,0
351,1006,1666,1176,656,768,0
351,1006,1666,1176,654,771,0
351,1006,1666,1176,652,774,0
351,1006,1666,1176,648,780,0
351,1006,1666,1176,645,784,0
351,1006,1666,1176,641,790,0
351,1006,1666,1176,639,793,0
351,1006,1666,1176,634,800,0
351,1006,1666,1176,630,803,0
351,1006,1666,1176,625,810,0
351,1006,1666,1176,622,813,0
351,1006,1666,1176,618,817,0
351,1006,1666,1176,616,819,0
351,1006,1666,1176,613,824,0
351,1006,1666,1176,610,827,0
351,1006,1666,1176,607,829,0
351,1006,1666,1176,599,834,0
351,1006,1666,1176,594,837,0
351,1006,1666,1176,588,842,0
351,1006,1666,1176,585,845,0
351,1006,1666,1176,582,848,0
351,1006,1666,1176,576,853,0
351,1006,1666,1176,574,855,0
351,1006,1666,1176,572,857,0
351,1006,1666,1176,568,861,0
351,1006,1666,1176,567,864,0
351,1006,1666,1176,565,866,0
351,1006,1666,1176,562,870,0
351,1006,1666,1176,560,872,0
351,1006,1666,1176,556,876,0
351,1006,1666,1176,553,878,0
351,1006,1666,1176,550,882,0
351,1006,1666,1176,548,883,0
351,1006,1666,1176,547,884,0
351,1006,1666,1176,547,885,0
351,1006,1666,1176,546,885,0
351,1006,1666,1176,545,887,0
351,1006,1666,1176,543,888,0
351,1006,1666,1176,542,890,0
351,1006,1666,1176,539,892,0
351,1006,1666,1176,538,893,0
351,1006,1666,1176,535,896,0
351,1006,1666,1176,533,897,0
351,1006,1666,1176,529,900,0
351,1006,1666,1176,527,901,0
351,1006,1666,1176,525,902,0
351,1006,1666,1176,522,904,0
351,1006,1666,1176,520,906,0
351,1006,1666,1176,519,907,0
351,1006,1666,1176,515,909,0
351,1006,1666,1176,513,910,0
351,1006,1666,1176,512,911,0
351,1006,1666,1176,507,914,0
351,1006,1666,1176,505,916,0
351,1006,1666,1176,499,919,0
351,1006,1666,1176,496,921,0
351,1006,1666,1176,491,925,0
351,1006,1666,1176,489,926,0
351,1006,1666,1176,487,928,0
351,1006,1666,1176,484,931,0
351,1006,1666,1176,483,931,0
351,1006,1666,1176,482,933,0
351,1006,1666,1176,481,933,0
351,1006,1666,1176,480,934,0
351,1006,1666,1176,477,937,0
351,1006,1666,1176,475,938,0
351,1006,1666,1176,470,941,0
351,1006,1666,1176,468,942,0
351,1006,1666,1176,466,943,0
351,1006,1666,1176,464,945,0
351,1006,1666,1176,463,946,0
351,1006,1666,1176,461,947,0
351,1006,1666,1176,459,948,0
351,1006,1666,1176,458,949,0
351,1006,1666,1176,455,952,0
351,1006,1666,1176,453,953,0
351,1006,1666,1176,452,954,0
351,1006,1666,1176,449,956,0
351,1006,1666,1176,447,957,0
351,1006,1666,1176,444,959,0
351,1006,1666,1176,443,960,0
351,1006,1666,1176,441,961,0
351,1006,1666,1176,438,963,0
351,1006,1666,1176,436,964,0
351,1006,1666,1176,431,967,0
351,1006,1666,1176,429,968,0
351,1006,1666,1176,425,970,0
351,1006,1666,1176,423,971,0
351,1006,1666,1176,421,972,0
351,1006,1666,1176,419,974,0
351,1006,1666,1176,418,974,0
351,1006,1666,1176,416,975,0
351,1006,1666,1176,413,978,0
351,1006,1666,1176,411,979,0
351,1006,1666,1176,407,981,0
351,1006,1666,1176,405,983,0
351,1006,1666,1176,402,985,0
351,1006,1666,1176,400,986,0
351,1006,1666,1176,398,986,0
351,1006,1666,1176,396,988,0
351,1006,1666,1176,395,988,0
351,1006,1666,1176,394,989,0
351,1006,1666,1176,392,990,0
351,1006,1666,1176,391,990,0
351,1006,1666,1176,388,992,0
351,1006,1666,1176,386,993,0
351,1006,1666,1176,384,994,0
351,1006,1666,1176,381,995,0
351,1006,1666,1176,380,996,0
351,1006,1666,1176,378,996,0
351,1006,1666,1176,377,996,0
351,1006,1666,1176,377,996,0
351,1006,1666,1176,377,996,0
351,1006,1666,1176,377,996,0
351,1006,1666,1176,374,997,0
351,1006,1666,1176,372,998,0
351,1006,1666,1176,370,999,0
351,1006,1666,1176,364,1001,0
351,1006,1666,1176,362,1002,0
351,1006,1666,1176,361,1002,0
351,1006,1666,1176,361,1002,0
351,1006,1666,1176,361,1002,0
351,1006,1666,1176,360,1003,0
351,1006,1666,1176,359,1003,0
351,1006,1666,1176,357,1004,0
351,1006,1666,1176,353,1005,0
351,1006,1666,1176,352,1005,0
351,1006,1666,1176,351,1006,0
351,1006,1666,1176,351,1006,0
351,1006,1666,1176,351,1006,0
351,1006,1666,1176,351,1006,0
351,1006,1666,1176,351,1006,0
351,1006,1666,1176,351,1006,0
351,1006,1666,1176,351,1006,0
351,1006,1666,1176,351,1006,0
351,1006,1666,1176,351,1006,0
351,1006,1666,1176,351,1006,0
351,1006,1666,1176,351,1006,0
351,1006,1666,1176,351,1006,0
351,1006,1666,1176,351,1006,1
351,1006,1666,1176,351,1006,1
351,1006,1666,1176,351,1006,1
351,1006,1666,1176,351,1006,1
351,1006,1666,1176,351,1006,1
351,1006,1666,1176,351,1006,1
351,1006,1666,1176,351,1006,1
351,1006,1666,1176,351,1006,1
351,1006,1666,1176,351,1006,1
351,1006,1666,1176,351,1006,1
351,1006,1666,1176,351,1006,1
351,1006,1666,1176,351,1006,1
351,1006,1666,1176,351,1006,1
351,1006,1666,1176,351,1006,1
351,1006,1666,1176,351,1006,1
351,1006,1666,1176,351,1006,1
351,1006,1666,1176,351,1006,1
351,1006,1666,1176,351,1006,1
351,1006,1666,1176,351,1006,1
351,1006,1666,1176,351,1006,1
351,1006,1666,1176,351,1006,1
351,1006,1666,1176,352,1005,1
351,1006,1666,1176,352,1005,1
351,1006,1666,1176,352,1005,1
351,1006,1666,1176,352,1005,1
351,1006,1666,1176,352,1005,1
351,1006,1666,1176,357,1006,1
351,1006,1666,1176,363,1007,1
351,1006,1666,1176,373,1009,1
351,1006,1666,1176,379,1010,1
351,1006,1666,1176,384,1012,1
351,1006,1666,1176,392,1013,1
351,1006,1666,1176,396,1014,1
351,1006,1666,1176,401,1015,1
351,1006,1666,1176,403,1016,1
351,1006,1666,1176,404,1016,1
351,1006,1666,1176,407,1016,1
351,1006,1666,1176,409,1017,1
351,1006,1666,1176,412,1018,1
351,1006,1666,1176,414,1019,1
351,1006,1666,1176,418,1020,1
351,1006,1666,1176,421,1021,1
351,1006,1666,1176,424,1021,1
351,1006,1666,1176,428,1023,1
351,1006,1666,1176,431,1023,1
351,1006,1666,1176,437,1024,1
351,1006,1666,1176,439,1024,1
351,1006,1666,1176,445,1026,1
351,1006,1666,1176,448,1026,1
351,1006,1666,1176,451,1027,1
351,1006,1666,1176,457,1028,1
351,1006,1666,1176,460,1029,1
351,1006,1666,1176,466,1030,1
351,1006,1666,1176,470,1031,1
351,1006,1666,1176,473,1032,1
351,1006,1666,1176,477,1032,1
351,1006,1666,1176,485,1033,1
351,1006,1666,1176,489,1034,1
351,1006,1666,1176,493,1035,1
351,1006,1666,1176,504,1039,1
351,1006,1666,1176,508,1040,1
351,1006,1666,1176,516,1042,1
351,1006,1666,1176,521,1042,1
351,1006,1666,1176,530,1045,1
351,1006,1666,1176,536,1046,1
351,1006,1666,1176,541,1047,1
351,1006,1666,1176,551,1050,1
351,1006,1666,1176,556,1051,1
351,1006,1666,1176,565,1052,1
351,1006,1666,1176,571,1053,1
351,1006,1666,1176,576,1054,1
351,1006,1666,1176,585,1055,1
351,1006,1666,1176,588,1057,1
351,1006,1666,1176,594,1059,1
351,1006,1666,1176,597,1060,1
351,1006,1666,1176,601,1061,1
351,1006,1666,1176,607,1063,1
351,1006,1666,1176,610,1064,1
351,1006,1666,1176,617,1066,1
351,1006,1666,1176,622,1067,1
351,1006,1666,1176,626,1068,1
351,1006,1666,1176,634,1070,1
351,1006,1666,1176,638,1070,1
351,1006,1666,1176,642,1071,1
351,1006,1666,1176,649,1072,1
351,1006,1666,1176,656,1073,1
351,1006,1666,1176,659,1074,1
351,1006,1666,1176,662,1075,1
351,1006,1666,1176,668,1078,1
351,1006,1666,1176,671,1078,1
351,1006,1666,1176,674,1078,1
351,1006,1666,1176,681,1080,1
351,1006,1666,1176,685,1081,1
351,1006,1666,1176,691,1082,1
351,1006,1666,1176,694,1083,1
351,1006,1666,1176,698,1085,1
351,1006,1666,1176,700,1085,1
351,1006,1666,1176,703,1086,1
351,1006,1666,1176,703,1087,1
351,1006,1666,1176,704,1088,1
351,1006,1666,1176,707,1089,1
351,1006,1666,1176,709,1090,1
351,1006,1666,1176,715,1093,1
351,1006,1666,1176,719,1095,1
351,1006,1666,1176,729,1099,1
351,1006,1666,1176,734,1102,1
351,1006,1666,1176,739,1104,1
351,1006,1666,1176,749,1108,1
351,1006,1666,1176,755,1110,1
351,1006,1666,1176,767,1114,1
351,1006,1666,1176,773,1116,1
351,1006,1666,1176,779,1118,1
351,1006,1666,1176,793,1122,1
351,1006,1666,1176,798,1125,1
351,1006,1666,1176,804,1126,1
351,1006,1666,1176,815,1127,1
351,1006,1666,1176,822,1128,1
351,1006,1666,1176,834,1128,1
351,1006,1666,1176,841,1130,1
351,1006,1666,1176,848,1130,1
351,1006,1666,1176,863,1130,1
351,1006,1666,1176,870,1131,1
351,1006,1666,1176,884,1132,1
351,1006,1666,1176,890,1132,1
351,1006,1666,1176,895,1132,1
351,1006,1666,1176,905,1133,1
351,1006,1666,1176,909,1133,1
351,1006,1666,1176,916,1133,1
351,1006,1666,1176,921,1133,1
351,1006,1666,1176,927,1133,1
351,1006,1666,1176,939,1133,1
351,1006,1666,1176,944,1133,1
351,1006,1666,1176,955,1133,1
351,1006,1666,1176,960,1135,1
351,1006,1666,1176,965,1136,1
351,1006,1666,1176,974,1137,1
351,1006,1666,1176,979,1138,1
351,1006,1666,1176,988,1139,1
351,1006,1666,1176,993,1140,1
351,1006,1666,1176,996,1141,1
351,1006,1666,1176,1005,1143,1
351,1006,1666,1176,1010,1144,1
351,1006,1666,1176,1019,1145,1
351,1006,1666,1176,1023,1145,1
351,1006,1666,1176,1028,1146,1
351,1006,1666,1176,1034,1147,1
351,1006,1666,1176,1039,1147,1
351,1006,1666,1176,1046,1148,1
351,1006,1666,1176,1050,1149,1
351,1006,1666,1176,1056,1150,1
351,1006,1666,1176,1065,1151,1
351,1006,1666,1176,1068,1151,1
351,1006,1666,1176,1073,1152,1
351,1006,1666,1176,1076,1154,1
351,1006,1666,1176,1084,1155,1
351,1006,1666,1176,1088,1156,1
351,1006,1666,1176,1092,1156,1
351,1006,1666,1176,1101,1157,1
351,1006,1666,1176,1106,1158,1
351,1006,1666,1176,1116,1159,1
351,1006,1666,1176,1120,1159,1
351,1006,1666,1176,1124,1159,1
351,1006,1666,1176,1131,1159,1
351,1006,1666,1176,1134,1159,1
351,1006,1666,1176,1138,1159,1
351,1006,1666,1176,1145,1159,1
351,1006,1666,1176,1147,1159,1
351,1006,1666,1176,1153,1159,1
351,1006,1666,1176,1156,1159,1
351,1006,1666,1176,1162,1159,1
351,1006,1666,1176,1165,1159,1
351,1006,1666,1176,1168,1159,1
351,1006,1666,1176,1175,1160,1
351,1006,1666,1176,1179,1161,1
351,1006,1666,1176,1186,1162,1
351,1006,1666,1176,1189,1162,1
351,1006,1666,1176,1192,1162,1
351,1006,1666,1176,1197,1163,1
351,1006,1666,1176,1199,1163,1
351,1006,1666,1176,1205,1165,1
351,1006,1666,1176,1208,1165,1
351,1006,1666,1176,1215,1166,1
351,1006,1666,1176,1218,1167,1
351,1006,1666,1176,1223,1167,1
351,1006,1666,1176,1232,1169,1
351,1006,1666,1176,1238,1169,1
351,1006,1666,1176,1242,1170,1
351,1006,1666,1176,1250,1170,1
351,1006,1666,1176,1253,1171,1
351,1006,1666,1176,1260,1172,1
351,1006,1666,1176,1263,1172,1
351,1006,1666,1176,1271,1173,1
351,1006,1666,1176,1276,1174,1
351,1006,1666,1176,1280,1174,1
351,1006,1666,1176,1289,1174,1
351,1006,1666,1176,1293,1175,1
351,1006,1666,1176,1300,1175,1
351,1006,1666,1176,1303,1176,1
351,1006,1666,1176,1306,1176,1
351,1006,1666,1176,1313,1177,1
351,1006,1666,1176,1317,1177,1
351,1006,1666,1176,1326,1178,1
351,1006,1666,1176,1330,1179,1
351,1006,1666,1176,1334,1179,1
351,1006,1666,1176,1343,1181,1
351,1006,1666,1176,1347,1182,1
351,1006,1666,1176,1358,1183,1
351,1006,1666,1176,1364,1184,1
351,1006,1666,1176,1370,1185,1
351,1006,1666,1176,1381,1187,1
351,1006,1666,1176,1385,1188,1
351,1006,1666,1176,1390,1188,1
351,1006,1666,1176,1398,1190,1
351,1006,1666,1176,1403,1190,1
351,1006,1666,1176,1417,1191,1
351,1006,1666,1176,1423,1191,1
351,1006,1666,1176,1435,1193,1
351,1006,1666,1176,1441,1194,1
351,1006,1666,1176,1444,1194,1
351,1006,1666,1176,1451,1196,1
351,1006,1666,1176,1454,1197,1
351,1006,1666,1176,1459,1198,1
351,1006,1666,1176,1463,1199,1
351,1006,1666,1176,1466,1200,1
351,1006,1666,1176,1471,1201,1
351,1006,1666,1176,1474,1202,1
351,1006,1666,1176,1479,1203,1
351,1006,1666,1176,1482,1203,1
351,1006,1666,1176,1486,1204,1
351,1006,1666,1176,1492,1205,1
351,1006,1666,1176,1495,1205,1
351,1006,1666,1176,1500,1205,1
351,1006,1666,1176,1501,1205,1
351,1006,1666,1176,1503,1205,1
351,1006,1666,1176,1505,1205,1
351,1006,1666,1176,1506,1205,1
351,1006,1666,1176,1507,1205,1
351,1006,1666,1176,1513,1205,1
351,1006,1666,1176,1516,1205,1
351,1006,1666,1176,1522,1205,1
351,1006,1666,1176,1525,1205,1
351,1006,1666,1176,1531,1205,1
351,1006,1666,1176,1534,1205,1
351,1006,1666,1176,1537,1204,1
351,1006,1666,1176,1542,1203,1
351,1006,1666,1176,1544,1203,1
351,1006,1666,1176,1549,1202,1
351,1006,1666,1176,1551,1201,1
351,1006,1666,1176,1555,1200,1
351,1006,1666,1176,1560,1200,1
351,1006,1666,1176,1563,1200,1
351,1006,1666,1176,1567,1200,1
351,1006,1666,1176,1569,1200,1
351,1006,1666,1176,1572,1200,1
351,1006,1666,1176,1574,1200,1
351,1006,1666,1176,1576,1200,1
351,1006,1666,1176,1580,1200,1
351,1006,1666,1176,1585,1200,1
351,1006,1666,1176,1588,1200,1
351,1006,1666,1176,1593,1200,1
351,1006,1666,1176,1596,1200,1
351,1006,1666,1176,1598,1200,1
351,1006,1666,1176,1602,1199,1
351,1006,1666,1176,1605,1199,1
351,1006,1666,1176,1607,1199,1
351,1006,1666,1176,1612,1198,1
351,1006,1666,1176,1615,1197,1
351,1006,1666,1176,1619,1197,1
351,1006,1666,1176,1621,1197,1
351,1006,1666,1176,1623,1197,1
351,1006,1666,1176,1626,1196,1
351,1006,1666,1176,1628,1196,1
351,1006,1666,1176,1632,1193,1
351,1006,1666,1176,1635,1192,1
351,1006,1666,1176,1639,1189,1
351,1006,1666,1176,1641,1187,1
351,1006,1666,1176,1642,1186,1
351,1006,1666,1176,1644,1184,1
351,1006,1666,1176,1645,1183,1
351,1006,1666,1176,1647,1181,1
351,1006,1666,1176,1647,1181,1
351,1006,1666,1176,1647,1181,1
351,1006,1666,1176,1648,1181,1
351,1006,1666,1176,1648,1181,1
351,1006,1666,1176,1648,1181,1
351,1006,1666,1176,1648,1181,1
351,1006,1666,1176,1648,1181,1
351,1006,1666,1176,1648,1181,1
351,1006,1666,1176,1648,1181,1
351,1006,1666,1176,1650,1180,1
351,1006,1666,1176,1653,1177,1
351,1006,1666,1176,1653,1177,1
351,1006,1666,1176,1654,1177,1
351,1006,1666,1176,1654,1177,1
351,1006,1666,1176,1654,1177,1
351,1006,1666,1176,1656,1177,1
351,1006,1666,1176,1656,1177,1
351,1006,1666,1176,1656,1177,1
351,1006,1666,1176,1657,1177,1
351,1006,1666,1176,1658,1177,1
351,1006,1666,1176,1660,1177,1
351,1006,1666,1176,1661,1177,1
351,1006,1666,1176,1662,1176,1
351,1006,1666,1176,1664,1176,1
351,1006,1666,1176,1665,1176,1
351,1006,1666,1176,1667,1176,1
351,1006,1666,1176,1667,1176,1
351,1006,1666,1176,1667,1176,1
351,1006,1666,1176,1667,1176,1
351,1006,1666,1176,1667,1176,1
351,1006,1666,1176,1667,1176,0
351,1006,1666,1176,1667,1176,0
351,1006,1666,1176,1667,1176,0
351,1006,1666,1176,1667,1176,0
351,1006,1666,1176,1667,1176,0
351,1006,1666,1176,1667,1176,0
351,1006,1666,1176,1667,1176,0
351,1006,1666,1176,1667,1176,0
351,1006,1666,1176,1667,1176,0
351,1006,1666,1176,1667,1176,0
351,1006,1666,1176,1667,1176,0
351,1006,1666,1176,1667,1176,0
351,1006,1666,1176,1667,1177,0
351,1006,1666,1176,1667,1177,0
351,1006,1666,1176,1667,1177,0
351,1006,1666,1176,1667,1177,0
351,1006,1666,1176,1667,1177,0
351,1006,1666,1176,1667,1177,0
351,1006,1666,1176,1667,1177,0
351,1006,1666,1176,1667,1177,0
351,1006,1666,1176,1667,1177,0
351,1006,1666,1176,1667,1177,0
351,1006,1666,1176,1667,1177,0
351,1006,1666,1176,1667,1177,0
351,1006,1666,1176,1667,1177,0
351,1006,1666,1176,1667,1177,0
351,1006,1666,1176,1667,1177,0
351,1006,1666,1176,1665,1176,0
351,1006,1666,1176,1660,1173,0
351,1006,1666,1176,1657,1171,0
351,1006,1666,1176,1654,1169,0
351,1006,1666,1176,1649,1164,0
351,1006,1666,1176,1646,1162,0
351,1006,1666,1176,1641,1156,0
351,1006,1666,1176,1639,1153,0
351,1006,1666,1176,1636,1150,0
351,1006,1666,1176,1629,1142,0
351,1006,1666,1176,1625,1137,0
351,1006,1666,1176,1617,1130,0
351,1006,1666,1176,1614,1127,0
351,1006,1666,1176,1608,1122,0
351,1006,1666,1176,1605,1119,0
351,1006,1666,1176,1602,1117,0
351,1006,1666,1176,1598,1113,0
351,1006,1666,1176,1595,1110,0
351,1006,1666,1176,1591,1106,0
351,1006,1666,1176,1588,1104,0
351,1006,1666,1176,1585,1102,0
351,1006,1666,1176,1579,1098,0
351,1006,1666,1176,1573,1094,0
351,1006,1666,1176,1570,1091,0
351,1006,1666,1176,1567,1089,0
351,1006,1666,1176,1562,1084,0
351,1006,1666,1176,1559,1083,0
351,1006,1666,1176,1557,1081,0
351,1006,1666,1176,1554,1078,0
351,1006,1666,1176,1553,1077,0
351,1006,1666,1176,1550,1074,0
351,1006,1666,1176,1548,1072,0
351,1006,1666,1176,1546,1070,0
351,1006,1666,1176,1541,1066,0
351,1006,1666,1176,1538,1064,0
351,1006,1666,1176,1532,1059,0
351,1006,1666,1176,1529,1057,0
351,1006,1666,1176,1524,1053,0
351,1006,1666,1176,1522,1052,0
351,1006,1666,1176,1520,1050,0
351,1006,1666,1176,1516,1047,0
351,1006,1666,1176,1515,1045,0
351,1006,1666,1176,1512,1043,0
351,1006,1666,1176,1510,1041,0
351,1006,1666,1176,1509,1040,0
351,1006,1666,1176,1505,1035,0
351,1006,1666,1176,1503,1033,0
351,1006,1666,1176,1499,1028,0
351,1006,1666,1176,1495,1025,0
351,1006,1666,1176,1492,1022,0
351,1006,1666,1176,1486,1017,0
351,1006,1666,1176,1483,1015,0
351,1006,1666,1176,1481,1012,0
351,1006,1666,1176,1475,1006,0
351,1006,1666,1176,1473,1002,0
351,1006,1666,1176,1465,991,0
351,1006,1666,1176,1460,984,0
351,1006,1666,1176,1449,970,0
351,1006,1666,1176,1444,962,0
351,1006,1666,1176,1439,956,0
351,1006,1666,1176,1431,944,0
351,1006,1666,1176,1427,938,0
351,1006,1666,1176,1422,928,0
351,1006,1666,1176,1419,924,0
351,1006,1666,1176,1416,919,0
351,1006,1666,1176,1410,909,0
351,1006,1666,1176,1407,904,0
351,1006,1666,1176,1399,894,0
351,1006,1666,1176,1398,890,0
351,1006,1666,1176,1396,887,0
351,1006,1666,1176,1393,881,0
351,1006,1666,1176,1392,879,0
351,1006,1666,1176,1390,876,0
351,1006,1666,1176,1390,875,0
351,1006,1666,1176,1389,873,0
351,1006,1666,1176,1386,869,0
351,1006,1666,1176,1385,867,0
351,1006,1666,1176,1381,862,0
351,1006,1666,1176,1380,860,0
351,1006,1666,1176,1378,856,0
351,1006,1666,1176,1374,850,0
351,1006,1666,1176,1372,846,0
351,1006,1666,1176,1367,839,0
351,1006,1666,1176,1366,835,0
351,1006,1666,1176,1362,828,0
351,1006,1666,1176,1360,825,0
351,1006,1666,1176,1358,821,0
351,1006,1666,1176,1354,813,0
351,1006,1666,1176,1351,809,0
351,1006,1666,1176,1346,800,0
351,1006,1666,1176,1344,795,0
351,1006,1666,1176,1338,786,0
351,1006,1666,1176,1335,782,0
351,1006,1666,1176,1330,772,0
351,1006,1666,1176,1327,768,0
351,1006,1666,1176,1323,758,0
351,1006,1666,1176,1320,754,0
351,1006,1666,1176,1316,746,0
351,1006,1666,1176,1313,741,0
351,1006,1666,1176,1309,733,0
351,1006,1666,1176,1305,728,0
351,1006,1666,1176,1303,724,0
351,1006,1666,1176,1297,713,0
351,1006,1666,1176,1294,708,0
351,1006,1666,1176,1288,699,0
351,1006,1666,1176,1285,694,0
351,1006,1666,1176,1283,691,0
351,1006,1666,1176,1278,685,0
351,1006,1666,1176,1277,681,0
351,1006,1666,1176,1273,674,0
351,1006,1666,1176,1270,670,0
351,1006,1666,1176,1266,663,0
351,1006,1666,1176,1266,659,0
351,1006,1666,1176,1264,656,0
351,1006,1666,1176,1259,648,0
351,1006,1666,1176,1257,645,0
351,1006,1666,1176,1253,637,0
351,1006,1666,1176,1251,634,0
351,1006,1666,1176,1250,631,0
351,1006,1666,1176,1246,625,0
351,1006,1666,1176,1245,622,0
351,1006,1666,1176,1244,619,0
351,1006,1666,1176,1241,612,0
351,1006,1666,1176,1240,609,0
351,1006,1666,1176,1236,602,0
351,1006,1666,1176,1235,598,0
351,1006,1666,1176,1233,595,0
351,1006,1666,1176,1230,591,0
351,1006,1666,1176,1229,589,0
351,1006,1666,1176,1227,587,0
351,1006,1666,1176,1226,586,0
351,1006,1666,1176,1225,585,0
351,1006,1666,1176,1222,579,0
351,1006,1666,1176,1221,577,0
351,1006,1666,1176,1217,572,0
351,1006,1666,1176,1215,569,0
351,1006,1666,1176,1212,563,0
351,1006,1666,1176,1210,560,0
351,1006,1666,1176,1208,557,0
351,1006,1666,1176,1204,552,0
351,1006,1666,1176,1202,549,0
351,1006,1666,1176,1199,543,0
351,1006,1666,1176,1197,540,0
351,1006,1666,1176,1196,537,0
351,1006,1666,1176,1192,531,0
351,1006,1666,1176,1191,528,0
351,1006,1666,1176,1189,525,0
351,1006,1666,1176,1186,520,0
351,1006,1666,1176,1185,518,0
351,1006,1666,1176,1183,516,0
351,1006,1666,1176,1181,511,0
351,1006,1666,1176,1180,509,0
351,1006,1666,1176,1178,506,0
351,1006,1666,1176,1177,505,0
351,1006,1666,1176,1175,503,0
351,1006,1666,1176,1174,501,0
351,1006,1666,1176,1173,500,0
351,1006,1666,1176,1171,497,0
351,1006,1666,1176,1170,496,0
351,1006,1666,1176,1168,493,0
351,1006,1666,1176,1166,491,0
351,1006,1666,1176,1164,488,0
351,1006,1666,1176,1163,487,0
351,1006,1666,1176,1160,484,0
351,1006,1666,1176,1158,481,0
351,1006,1666,1176,1155,478,0
351,1006,1666,1176,1152,474,0
351,1006,1666,1176,1149,472,0
351,1006,1666,1176,1147,470,0
351,1006,1666,1176,1142,466,0
351,1006,1666,1176,1140,464,0
351,1006,1666,1176,1135,460,0
351,1006,1666,1176,1133,458,0
351,1006,1666,1176,1131,455,0
351,1006,1666,1176,1127,452,0
351,1006,1666,1176,1125,451,0
351,1006,1666,1176,1121,448,0
351,1006,1666,1176,1120,447,0
351,1006,1666,1176,1119,446,0
351,1006,1666,1176,1115,443,0
351,1006,1666,1176,1112,440,0
351,1006,1666,1176,1108,436,0
351,1006,1666,1176,1106,435,0
351,1006,1666,1176,1105,433,0
351,1006,1666,1176,1101,429,0
351,1006,1666,1176,1099,427,0
351,1006,1666,1176,1096,425,0
351,1006,1666,1176,1094,424,0
351,1006,1666,1176,1093,423,0
351,1006,1666,1176,1090,420,0
351,1006,1666,1176,1088,418,0
351,1006,1666,1176,1086,416,0
351,1006,1666,1176,1084,415,0
351,1006,1666,1176,1083,413,0
351,1006,1666,1176,1080,411,0
351,1006,1666,1176,1078,410,0
351,1006,1666,1176,1075,407,0
351,1006,1666,1176,1074,406,0
351,1006,1666,1176,1072,405,0
351,1006,1666,1176,1069,403,0
351,1006,1666,1176,1067,401,0
351,1006,1666,1176,1063,398,0
351,1006,1666,1176,1061,396,0
351,1006,1666,1176,1059,395,0
351,1006,1666,1176,1056,392,0
351,1006,1666,1176,1055,391,0
351,1006,1666,1176,1052,389,0
351,1006,1666,1176,1051,388,0
351,1006,1666,1176,1050,386,0
351,1006,1666,1176,1048,384,0
351,1006,1666,1176,1048,384,0
351,1006,1666,1176,1047,382,0
351,1006,1666,1176,1046,382,0
351,1006,1666,1176,1046,381,0
351,1006,1666,1176,1044,380,0
351,1006,1666,1176,1044,379,0
351,1006,1666,1176,1043,377,0
351,1006,1666,1176,1042,377,0
351,1006,1666,1176,1041,376,0
351,1006,1666,1176,1041,376,0
351,1006,1666,1176,1041,376,0
351,1006,1666,1176,1041,376,0
351,1006,1666,1176,1041,376,0
351,1006,1666,1176,1041,376,0
351,1006,1666,1176,1041,376,0
351,1006,1666,1176,1041,376,0
351,1006,1666,1176,1041,376,0
351,1006,1666,1176,1041,376,0
351,1006,1666,1176,1041,376,0
351,1006,1666,1176,1041,376,0
