351,1006,1666,1176,881,372,0
351,1006,1666,1176,881,372,0
351,1006,1666,1176,881,372,0
351,1006,1666,1176,881,372,0
351,1006,1666,1176,881,372,0
351,1006,1666,1176,881,372,0
351,1006,1666,1176,881,372,0
351,1006,1666,1176,881,372,0
351,1006,1666,1176,881,372,0
351,1006,1666,1176,881,372,0
351,1006,1666,1176,881,372,0
351,1006,1666,1176,880,372,0
351,1006,1666,1176,880,372,0
351,1006,1666,1176,879,372,0
351,1006,1666,1176,875,372,0
351,1006,1666,1176,874,371,0
351,1006,1666,1176,872,371,0
351,1006,1666,1176,868,371,0
351,1006,1666,1176,866,371,0
351,1006,1666,1176,863,370,0
351,1006,1666,1176,862,370,0
351,1006,1666,1176,861,370,0
351,1006,1666,1176,859,370,0
351,1006,1666,1176,858,370,0
351,1006,1666,1176,856,370,0
351,1006,1666,1176,852,370,0
351,1006,1666,1176,849,369,0
351,1006,1666,1176,842,368,0
351,1006,1666,1176,838,367,0
351,1006,1666,1176,831,366,0
351,1006,1666,1176,829,366,0
351,1006,1666,1176,825,366,0
351,1006,1666,1176,823,365,0
351,1006,1666,1176,821,365,0
351,1006,1666,1176,817,364,0
351,1006,1666,1176,816,364,0
351,1006,1666,1176,811,363,0
351,1006,1666,1176,808,363,0
351,1006,1666,1176,804,363,0
351,1006,1666,1176,796,363,0
351,1006,1666,1176,793,363,0
351,1006,1666,1176,786,363,0
351,1006,1666,1176,782,363,0
351,1006,1666,1176,780,364,0
351,1006,1666,1176,772,364,0
351,1006,1666,1176,769,364,0
351,1006,1666,1176,762,364,0
351,1006,1666,1176,759,364,0
351,1006,1666,1176,755,364,0
351,1006,1666,1176,748,365,0
351,1006,1666,1176,742,365,0
351,1006,1666,1176,739,365,0
351,1006,1666,1176,736,366,0
351,1006,1666,1176,731,366,0
351,1006,1666,1176,729,366,0
351,1006,1666,1176,726,366,0
351,1006,1666,1176,719,366,0
351,1006,1666,1176,715,366,0
351,1006,1666,1176,706,366,0
351,1006,1666,1176,702,367,0
351,1006,1666,1176,697,367,0
351,1006,1666,1176,688,368,0
351,1006,1666,1176,683,368,0
351,1006,1666,1176,675,368,0
351,1006,1666,1176,672,368,0
351,1006,1666,1176,665,369,0
351,1006,1666,1176,662,369,0
351,1006,1666,1176,660,369,0
351,1006,1666,1176,654,369,0
351,1006,1666,1176,651,370,0
351,1006,1666,1176,644,370,0
351,1006,1666,1176,641,370,0
351,1006,1666,1176,638,370,0
351,1006,1666,1176,632,371,0
351,1006,1666,1176,630,371,0
351,1006,1666,1176,625,372,0
351,1006,1666,1176,623,372,0
351,1006,1666,1176,620,372,0
351,1006,1666,1176,614,373,0
351,1006,1666,1176,611,374,0
351,1006,1666,1176,604,374,0
351,1006,1666,1176,601,375,0
351,1006,1666,1176,596,376,0
351,1006,1666,1176,594,376,0
351,1006,1666,1176,592,377,0
351,1006,1666,1176,588,378,0
351,1006,1666,1176,586,378,0
351,1006,1666,1176,581,379,0
351,1006,1666,1176,578,379,0
351,1006,1666,1176,573,380,0
351,1006,1666,1176,571,381,0
351,1006,1666,1176,568,382,0
351,1006,1666,1176,561,383,0
351,1006,1666,1176,558,384,0
351,1006,1666,1176,551,386,0
351,1006,1666,1176,547,388,0
351,1006,1666,1176,543,388,0
351,1006,1666,1176,537,389,0
351,1006,1666,1176,534,390,0
351,1006,1666,1176,529,391,0
351,1006,1666,1176,526,392,0
351,1006,1666,1176,523,393,0
351,1006,1666,1176,516,395,0
351,1006,1666,1176,512,396,0
351,1006,1666,1176,506,397,0
351,1006,1666,1176,503,398,0
351,1006,1666,1176,500,398,0
351,1006,1666,1176,495,399,0
351,1006,1666,1176,491,399,0
351,1006,1666,1176,486,401,0
351,1006,1666,1176,483,401,0
351,1006,1666,1176,478,401,0
351,1006,1666,1176,475,401,0
351,1006,1666,1176,472,402,0
351,1006,1666,1176,469,402,0
351,1006,1666,1176,466,403,0
351,1006,1666,1176,460,404,0
351,1006,1666,1176,456,406,0
351,1006,1666,1176,447,407,0
351,1006,1666,1176,442,409,0
351,1006,1666,1176,438,409,0
351,1006,1666,1176,429,411,0
351,1006,1666,1176,425,412,0
351,1006,1666,1176,422,412,0
351,1006,1666,1176,418,413,0
351,1006,1666,1176,413,415,0
351,1006,1666,1176,411,415,0
351,1006,1666,1176,409,416,0
351,1006,1666,1176,406,417,0
351,1006,1666,1176,404,417,0
351,1006,1666,1176,403,418,0
351,1006,1666,1176,400,419,0
351,1006,1666,1176,399,420,0
351,1006,1666,1176,395,421,0
351,1006,1666,1176,394,422,0
351,1006,1666,1176,390,423,0
351,1006,1666,1176,388,424,0
351,1006,1666,1176,387,425,0
351,1006,1666,1176,384,426,0
351,1006,1666,1176,382,427,0
351,1006,1666,1176,380,428,0
351,1006,1666,1176,378,429,0
351,1006,1666,1176,374,432,0
351,1006,1666,1176,372,433,0
351,1006,1666,1176,370,434,0
351,1006,1666,1176,368,436,0
351,1006,1666,1176,366,437,0
351,1006,1666,1176,365,438,0
351,1006,1666,1176,362,440,0
351,1006,1666,1176,358,443,0
351,1006,1666,1176,357,444,0
351,1006,1666,1176,355,445,0
351,1006,1666,1176,352,448,0
351,1006,1666,1176,350,449,0
351,1006,1666,1176,348,451,0
351,1006,1666,1176,346,453,0
351,1006,1666,1176,345,454,0
351,1006,1666,1176,342,456,0
351,1006,1666,1176,341,457,0
351,1006,1666,1176,338,459,0
351,1006,1666,1176,337,460,0
351,1006,1666,1176,336,461,0
351,1006,1666,1176,335,463,0
351,1006,1666,1176,334,464,0
351,1006,1666,1176,333,465,0
351,1006,1666,1176,332,467,0
351,1006,1666,1176,332,468,0
351,1006,1666,1176,329,472,0
351,1006,1666,1176,327,474,0
351,1006,1666,1176,325,479,0
351,1006,1666,1176,323,481,0
351,1006,1666,1176,321,485,0
351,1006,1666,1176,320,486,0
351,1006,1666,1176,319,487,0
351,1006,1666,1176,318,490,0
351,1006,1666,1176,317,491,0
351,1006,1666,1176,316,493,0
351,1006,1666,1176,314,496,0
351,1006,1666,1176,314,497,0
351,1006,1666,1176,313,500,0
351,1006,1666,1176,312,501,0
351,1006,1666,1176,312,505,0
351,1006,1666,1176,312,507,0
351,1006,1666,1176,311,509,0
351,1006,1666,1176,311,513,0
351,1006,1666,1176,310,515,0
351,1006,1666,1176,310,520,0
351,1006,1666,1176,309,522,0
351,1006,1666,1176,309,524,0
351,1006,1666,1176,309,529,0
351,1006,1666,1176,309,531,0
351,1006,1666,1176,309,535,0
351,1006,1666,1176,309,537,0
351,1006,1666,1176,309,540,0
351,1006,1666,1176,309,542,0
351,1006,1666,1176,309,543,0
351,1006,1666,1176,309,547,0
351,1006,1666,1176,309,549,0
351,1006,1666,1176,309,552,0
351,1006,1666,1176,309,554,0
351,1006,1666,1176,310,556,0
351,1006,1666,1176,310,557,0
351,1006,1666,1176,310,558,0
351,1006,1666,1176,311,560,0
351,1006,1666,1176,311,562,0
351,1006,1666,1176,311,564,0
351,1006,1666,1176,311,565,0
351,1006,1666,1176,312,566,0
351,1006,1666,1176,312,569,0
351,1006,1666,1176,312,570,0
351,1006,1666,1176,313,573,0
351,1006,1666,1176,313,574,0
351,1006,1666,1176,314,575,0
351,1006,1666,1176,314,577,0
351,1006,1666,1176,315,578,0
351,1006,1666,1176,315,581,0
351,1006,1666,1176,316,582,0
351,1006,1666,1176,317,584,0
351,1006,1666,1176,317,585,0
351,1006,1666,1176,317,586,0
351,1006,1666,1176,319,588,0
351,1006,1666,1176,319,589,0
351,1006,1666,1176,320,592,0
351,1006,1666,1176,321,593,0
351,1006,1666,1176,322,594,0
351,1006,1666,1176,323,597,0
351,1006,1666,1176,324,598,0
351,1006,1666,1176,326,600,0
351,1006,1666,1176,327,602,0
351,1006,1666,1176,327,603,0
351,1006,1666,1176,329,605,0
351,1006,1666,1176,330,606,0
351,1006,1666,1176,331,609,0
351,1006,1666,1176,332,610,0
351,1006,1666,1176,333,612,0
351,1006,1666,1176,334,613,0
351,1006,1666,1176,335,615,0
351,1006,1666,1176,337,617,0
351,1006,1666,1176,338,618,0
351,1006,1666,1176,339,621,0
351,1006,1666,1176,340,622,0
351,1006,1666,1176,342,624,0
351,1006,1666,1176,342,625,0
351,1006,1666,1176,343,626,0
351,1006,1666,1176,344,628,0
351,1006,1666,1176,345,629,0
351,1006,1666,1176,346,630,0
351,1006,1666,1176,347,632,0
351,1006,1666,1176,347,633,0
351,1006,1666,1176,349,636,0
351,1006,1666,1176,350,637,0
351,1006,1666,1176,351,639,0
351,1006,1666,1176,353,642,0
351,1006,1666,1176,353,644,0
351,1006,1666,1176,355,647,0
351,1006,1666,1176,356,648,0
351,1006,1666,1176,357,651,0
351,1006,1666,1176,358,653,0
351,1006,1666,1176,359,654,0
351,1006,1666,1176,360,657,0
351,1006,1666,1176,361,659,0
351,1006,1666,1176,363,662,0
351,1006,1666,1176,363,663,0
351,1006,1666,1176,365,667,0
351,1006,1666,1176,366,669,0
351,1006,1666,1176,367,672,0
351,1006,1666,1176,368,676,0
351,1006,1666,1176,369,679,0
351,1006,1666,1176,371,684,0
351,1006,1666,1176,372,686,0
351,1006,1666,1176,374,688,0
351,1006,1666,1176,375,693,0
351,1006,1666,1176,376,695,0
351,1006,1666,1176,377,696,0
351,1006,1666,1176,377,699,0
351,1006,1666,1176,378,702,0
351,1006,1666,1176,379,704,0
351,1006,1666,1176,379,706,0
351,1006,1666,1176,380,710,0
351,1006,1666,1176,380,713,0
351,1006,1666,1176,381,715,0
351,1006,1666,1176,381,720,0
351,1006,1666,1176,381,722,0
351,1006,1666,1176,382,726,0
351,1006,1666,1176,382,728,0
351,1006,1666,1176,382,733,0
351,1006,1666,1176,382,736,0
351,1006,1666,1176,382,740,0
351,1006,1666,1176,382,742,0
351,1006,1666,1176,382,745,0
351,1006,1666,1176,382,745,0
351,1006,1666,1176,382,746,0
351,1006,1666,1176,382,750,0
351,1006,1666,1176,382,752,0
351,1006,1666,1176,382,757,0
351,1006,1666,1176,382,759,0
351,1006,1666,1176,382,760,0
351,1006,1666,1176,382,763,0
351,1006,1666,1176,382,764,0
351,1006,1666,1176,381,768,0
351,1006,1666,1176,381,769,0
351,1006,1666,1176,381,771,0
351,1006,1666,1176,381,774,0
351,1006,1666,1176,381,775,0
351,1006,1666,1176,381,776,0
351,1006,1666,1176,381,779,0
351,1006,1666,1176,381,781,0
351,1006,1666,1176,381,784,0
351,1006,1666,1176,381,786,0
351,1006,1666,1176,381,789,0
351,1006,1666,1176,381,791,0
351,1006,1666,1176,381,792,0
351,1006,1666,1176,381,795,0
351,1006,1666,1176,381,797,0
351,1006,1666,1176,381,800,0
351,1006,1666,1176,381,802,0
351,1006,1666,1176,381,806,0
351,1006,1666,1176,381,809,0
351,1006,1666,1176,381,811,0
351,1006,1666,1176,381,815,0
351,1006,1666,1176,381,817,0
351,1006,1666,1176,381,819,0
351,1006,1666,1176,381,823,0
351,1006,1666,1176,381,825,0
351,1006,1666,1176,381,829,0
351,1006,1666,1176,380,832,0
351,1006,1666,1176,380,836,0
351,1006,1666,1176,379,838,0
351,1006,1666,1176,379,839,0
351,1006,1666,1176,379,842,0
351,1006,1666,1176,379,843,0
351,1006,1666,1176,379,845,0
351,1006,1666,1176,378,846,0
351,1006,1666,1176,378,848,0
351,1006,1666,1176,378,851,0
351,1006,1666,1176,377,853,0
351,1006,1666,1176,377,857,0
351,1006,1666,1176,376,859,0
351,1006,1666,1176,376,862,0
351,1006,1666,1176,376,864,0
351,1006,1666,1176,376,865,0
351,1006,1666,1176,376,868,0
351,1006,1666,1176,376,870,0
351,1006,1666,1176,376,874,0
351,1006,1666,1176,376,875,0
351,1006,1666,1176,376,879,0
351,1006,1666,1176,376,880,0
351,1006,1666,1176,376,882,0
351,1006,1666,1176,376,885,0
351,1006,1666,1176,376,886,0
351,1006,1666,1176,376,888,0
351,1006,1666,1176,376,891,0
351,1006,1666,1176,376,893,0
351,1006,1666,1176,376,897,0
351,1006,1666,1176,376,899,0
351,1006,1666,1176,376,901,0
351,1006,1666,1176,376,906,0
351,1006,1666,1176,376,908,0
351,1006,1666,1176,376,911,0
351,1006,1666,1176,376,913,0
351,1006,1666,1176,376,915,0
351,1006,1666,1176,376,915,0
351,1006,1666,1176,376,916,0
351,1006,1666,1176,376,916,0
351,1006,1666,1176,376,916,0
351,1006,1666,1176,376,916,0
351,1006,1666,1176,376,916,0
351,1006,1666,1176,376,916,0
351,1006,1666,1176,376,916,0
351,1006,1666,1176,376,916,0
351,1006,1666,1176,376,916,0
351,1006,1666,1176,376,916,0
351,1006,1666,1176,376,916,0
351,1006,1666,1176,376,918,0
351,1006,1666,1176,375,923,0
351,1006,1666,1176,375,925,0
351,1006,1666,1176,375,927,0
351,1006,1666,1176,375,928,0
351,1006,1666,1176,375,931,0
351,1006,1666,1176,374,932,0
351,1006,1666,1176,374,935,0
351,1006,1666,1176,373,937,0
351,1006,1666,1176,372,939,0
351,1006,1666,1176,372,940,0
351,1006,1666,1176,371,942,0
351,1006,1666,1176,371,945,0
351,1006,1666,1176,370,947,0
351,1006,1666,1176,369,951,0
351,1006,1666,1176,369,952,0
351,1006,1666,1176,368,954,0
351,1006,1666,1176,367,957,0
351,1006,1666,1176,367,958,0
351,1006,1666,1176,366,960,0
351,1006,1666,1176,366,961,0
351,1006,1666,1176,366,964,0
351,1006,1666,1176,366,964,0
351,1006,1666,1176,366,965,0
351,1006,1666,1176,366,966,0
351,1006,1666,1176,366,966,0
351,1006,1666,1176,366,966,0
351,1006,1666,1176,366,968,0
351,1006,1666,1176,366,969,0
351,1006,1666,1176,366,971,0
351,1006,1666,1176,366,971,0
351,1006,1666,1176,365,973,0
351,1006,1666,1176,365,973,0
351,1006,1666,1176,365,973,0
351,1006,1666,1176,365,973,0
351,1006,1666,1176,365,973,0
351,1006,1666,1176,365,974,0
351,1006,1666,1176,365,973,0
351,1006,1666,1176,365,974,0
351,1006,1666,1176,365,974,0
351,1006,1666,1176,365,974,0
351,1006,1666,1176,365,974,0
351,1006,1666,1176,365,974,0
351,1006,1666,1176,365,974,0
351,1006,1666,1176,365,974,0
351,1006,1666,1176,365,974,0
351,1006,1666,1176,365,974,0
351,1006,1666,1176,365,974,0
351,1006,1666,1176,365,974,1
351,1006,1666,1176,365,974,1
351,1006,1666,1176,365,974,1
351,1006,1666,1176,365,974,1
351,1006,1666,1176,365,974,1
351,1006,1666,1176,365,974,1
351,1006,1666,1176,365,974,1
351,1006,1666,1176,365,974,1
351,1006,1666,1176,365,974,1
351,1006,1666,1176,365,974,1
351,1006,1666,1176,365,974,1
351,1006,1666,1176,365,974,1
351,1006,1666,1176,365,974,1
351,1006,1666,1176,365,974,1
351,1006,1666,1176,365,974,1
351,1006,1666,1176,365,974,1
351,1006,1666,1176,365,974,1
351,1006,1666,1176,365,974,1
351,1006,1666,1176,365,974,1
351,1006,1666,1176,365,974,1
351,1006,1666,1176,365,974,1
351,1006,1666,1176,365,974,1
351,1006,1666,1176,369,973,1
351,1006,1666,1176,372,975,1
351,1006,1666,1176,377,977,1
351,1006,1666,1176,386,979,1
351,1006,1666,1176,391,980,1
351,1006,1666,1176,399,981,1
351,1006,1666,1176,404,982,1
351,1006,1666,1176,408,982,1
351,1006,1666,1176,416,983,1
351,1006,1666,1176,419,984,1
351,1006,1666,1176,428,984,1
351,1006,1666,1176,432,984,1
351,1006,1666,1176,440,984,1
351,1006,1666,1176,442,985,1
351,1006,1666,1176,444,985,1
351,1006,1666,1176,448,984,1
351,1006,1666,1176,451,984,1
351,1006,1666,1176,454,984,1
351,1006,1666,1176,460,984,1
351,1006,1666,1176,462,984,1
351,1006,1666,1176,464,983,1
351,1006,1666,1176,468,983,1
351,1006,1666,1176,471,983,1
351,1006,1666,1176,477,983,1
351,1006,1666,1176,480,983,1
351,1006,1666,1176,483,983,1
351,1006,1666,1176,485,983,1
351,1006,1666,1176,490,983,1
351,1006,1666,1176,492,983,1
351,1006,1666,1176,495,983,1
351,1006,1666,1176,501,983,1
351,1006,1666,1176,505,983,1
351,1006,1666,1176,511,983,1
351,1006,1666,1176,514,984,1
351,1006,1666,1176,517,984,1
351,1006,1666,1176,524,984,1
351,1006,1666,1176,529,984,1
351,1006,1666,1176,532,984,1
351,1006,1666,1176,541,984,1
351,1006,1666,1176,547,984,1
351,1006,1666,1176,556,984,1
351,1006,1666,1176,562,984,1
351,1006,1666,1176,566,984,1
351,1006,1666,1176,575,984,1
351,1006,1666,1176,578,984,1
351,1006,1666,1176,585,985,1
351,1006,1666,1176,590,985,1
351,1006,1666,1176,596,985,1
351,1006,1666,1176,598,985,1
351,1006,1666,1176,602,985,1
351,1006,1666,1176,607,985,1
351,1006,1666,1176,611,985,1
351,1006,1666,1176,614,985,1
351,1006,1666,1176,620,985,1
351,1006,1666,1176,623,985,1
351,1006,1666,1176,629,985,1
351,1006,1666,1176,631,985,1
351,1006,1666,1176,632,985,1
351,1006,1666,1176,634,985,1
351,1006,1666,1176,634,985,1
351,1006,1666,1176,636,985,1
351,1006,1666,1176,639,985,1
351,1006,1666,1176,642,985,1
351,1006,1666,1176,649,985,1
351,1006,1666,1176,653,986,1
351,1006,1666,1176,662,986,1
351,1006,1666,1176,666,986,1
351,1006,1666,1176,670,987,1
351,1006,1666,1176,678,987,1
351,1006,1666,1176,681,987,1
351,1006,1666,1176,687,987,1
351,1006,1666,1176,690,987,1
351,1006,1666,1176,697,987,1
351,1006,1666,1176,701,987,1
351,1006,1666,1176,704,987,1
351,1006,1666,1176,710,987,1
351,1006,1666,1176,714,987,1
351,1006,1666,1176,718,987,1
351,1006,1666,1176,727,987,1
351,1006,1666,1176,734,987,1
351,1006,1666,1176,745,987,1
351,1006,1666,1176,751,987,1
351,1006,1666,1176,757,987,1
351,1006,1666,1176,767,987,1
351,1006,1666,1176,771,987,1
351,1006,1666,1176,783,987,1
351,1006,1666,1176,789,987,1
351,1006,1666,1176,803,987,1
351,1006,1666,1176,809,987,1
351,1006,1666,1176,815,987,1
351,1006,1666,1176,826,987,1
351,1006,1666,1176,831,987,1
351,1006,1666,1176,841,987,1
351,1006,1666,1176,846,987,1
351,1006,1666,1176,858,987,1
351,1006,1666,1176,864,987,1
351,1006,1666,1176,870,987,1
351,1006,1666,1176,879,987,1
351,1006,1666,1176,884,987,1
351,1006,1666,1176,890,987,1
351,1006,1666,1176,894,987,1
351,1006,1666,1176,898,987,1
351,1006,1666,1176,903,987,1
351,1006,1666,1176,906,987,1
351,1006,1666,1176,914,987,1
351,1006,1666,1176,917,987,1
351,1006,1666,1176,921,987,1
351,1006,1666,1176,928,987,1
351,1006,1666,1176,932,987,1
351,1006,1666,1176,941,987,1
351,1006,1666,1176,946,987,1
351,1006,1666,1176,951,987,1
351,1006,1666,1176,960,987,1
351,1006,1666,1176,963,987,1
351,1006,1666,1176,971,987,1
351,1006,1666,1176,975,987,1
351,1006,1666,1176,983,987,1
351,1006,1666,1176,986,987,1
351,1006,1666,1176,991,987,1
351,1006,1666,1176,998,987,1
351,1006,1666,1176,1002,987,1
351,1006,1666,1176,1009,986,1
351,1006,1666,1176,1012,985,1
351,1006,1666,1176,1015,985,1
351,1006,1666,1176,1021,983,1
351,1006,1666,1176,1024,983,1
351,1006,1666,1176,1031,982,1
351,1006,1666,1176,1034,981,1
351,1006,1666,1176,1039,981,1
351,1006,1666,1176,1041,981,1
351,1006,1666,1176,1044,981,1
351,1006,1666,1176,1049,980,1
351,1006,1666,1176,1051,980,1
351,1006,1666,1176,1054,979,1
351,1006,1666,1176,1054,978,1
351,1006,1666,1176,1054,978,1
351,1006,1666,1176,1055,978,1
351,1006,1666,1176,1055,978,1
351,1006,1666,1176,1055,978,1
351,1006,1666,1176,1055,978,1
351,1006,1666,1176,1063,977,1
351,1006,1666,1176,1072,977,1
351,1006,1666,1176,1076,977,1
351,1006,1666,1176,1086,977,1
351,1006,1666,1176,1090,977,1
351,1006,1666,1176,1094,977,1
351,1006,1666,1176,1100,977,1
351,1006,1666,1176,1102,977,1
351,1006,1666,1176,1104,977,1
351,1006,1666,1176,1107,977,1
351,1006,1666,1176,1109,977,1
351,1006,1666,1176,1113,977,1
351,1006,1666,1176,1116,977,1
351,1006,1666,1176,1120,977,1
351,1006,1666,1176,1128,977,1
351,1006,1666,1176,1132,977,1
351,1006,1666,1176,1141,977,1
351,1006,1666,1176,1145,977,1
351,1006,1666,1176,1149,977,1
351,1006,1666,1176,1156,977,1
351,1006,1666,1176,1160,977,1
351,1006,1666,1176,1167,977,1
351,1006,1666,1176,1171,977,1
351,1006,1666,1176,1180,977,1
351,1006,1666,1176,1185,977,1
351,1006,1666,1176,1189,977,1
351,1006,1666,1176,1197,977,1
351,1006,1666,1176,1200,977,1
351,1006,1666,1176,1209,977,1
351,1006,1666,1176,1212,977,1
351,1006,1666,1176,1215,977,1
351,1006,1666,1176,1222,976,1
351,1006,1666,1176,1227,976,1
351,1006,1666,1176,1238,976,1
351,1006,1666,1176,1242,976,1
351,1006,1666,1176,1250,976,1
351,1006,1666,1176,1255,976,1
351,1006,1666,1176,1259,975,1
351,1006,1666,1176,1269,975,1
351,1006,1666,1176,1273,975,1
351,1006,1666,1176,1286,975,1
351,1006,1666,1176,1293,975,1
351,1006,1666,1176,1301,975,1
351,1006,1666,1176,1316,975,1
351,1006,1666,1176,1321,975,1
351,1006,1666,1176,1328,975,1
351,1006,1666,1176,1332,975,1
351,1006,1666,1176,1337,975,1
351,1006,1666,1176,1341,975,1
351,1006,1666,1176,1344,975,1
351,1006,1666,1176,1353,975,1
351,1006,1666,1176,1359,975,1
351,1006,1666,1176,1366,975,1
351,1006,1666,1176,1368,975,1
351,1006,1666,1176,1372,975,1
351,1006,1666,1176,1375,975,1
351,1006,1666,1176,1378,975,1
351,1006,1666,1176,1382,975,1
351,1006,1666,1176,1385,976,1
351,1006,1666,1176,1393,976,1
351,1006,1666,1176,1397,977,1
351,1006,1666,1176,1400,978,1
351,1006,1666,1176,1407,980,1
351,1006,1666,1176,1411,981,1
351,1006,1666,1176,1414,982,1
351,1006,1666,1176,1420,984,1
351,1006,1666,1176,1422,985,1
351,1006,1666,1176,1426,986,1
351,1006,1666,1176,1428,987,1
351,1006,1666,1176,1432,989,1
351,1006,1666,1176,1435,990,1
351,1006,1666,1176,1437,991,1
351,1006,1666,1176,1442,992,1
351,1006,1666,1176,1444,993,1
351,1006,1666,1176,1449,994,1
351,1006,1666,1176,1451,994,1
351,1006,1666,1176,1456,995,1
351,1006,1666,1176,1458,995,1
351,1006,1666,1176,1460,996,1
351,1006,1666,1176,1467,997,1
351,1006,1666,1176,1470,998,1
351,1006,1666,1176,1476,1000,1
351,1006,1666,1176,1478,1000,1
351,1006,1666,1176,1480,1000,1
351,1006,1666,1176,1483,1001,1
351,1006,1666,1176,1485,1002,1
351,1006,1666,1176,1488,1003,1
351,1006,1666,1176,1493,1004,1
351,1006,1666,1176,1496,1005,1
351,1006,1666,1176,1501,1006,1
351,1006,1666,1176,1504,1007,1
351,1006,1666,1176,1509,1009,1
351,1006,1666,1176,1511,1010,1
351,1006,1666,1176,1513,1011,1
351,1006,1666,1176,1515,1012,1
351,1006,1666,1176,1516,1013,1
351,1006,1666,1176,1519,1014,1
351,1006,1666,1176,1521,1015,1
351,1006,1666,1176,1523,1016,1
351,1006,1666,1176,1528,1018,1
351,1006,1666,1176,1531,1020,1
351,1006,1666,1176,1536,1022,1
351,1006,1666,1176,1539,1023,1
351,1006,1666,1176,1543,1025,1
351,1006,1666,1176,1544,1025,1
351,1006,1666,1176,1545,1026,1
351,1006,1666,1176,1547,1027,1
351,1006,1666,1176,1548,1028,1
351,1006,1666,1176,1550,1029,1
351,1006,1666,1176,1550,1029,1
351,1006,1666,1176,1552,1030,1
351,1006,1666,1176,1555,1031,1
351,1006,1666,1176,1556,1032,1
351,1006,1666,1176,1558,1033,1
351,1006,1666,1176,1560,1033,1
351,1006,1666,1176,1561,1034,1
351,1006,1666,1176,1563,1035,1
351,1006,1666,1176,1564,1035,1
351,1006,1666,1176,1565,1036,1
351,1006,1666,1176,1566,1036,1
351,1006,1666,1176,1567,1037,1
351,1006,1666,1176,1567,1037,1
351,1006,1666,1176,1567,1037,1
351,1006,1666,1176,1567,1037,1
351,1006,1666,1176,1567,1037,1
351,1006,1666,1176,1567,1037,1
351,1006,1666,1176,1567,1037,1
351,1006,1666,1176,1567,1037,1
351,1006,1666,1176,1567,1037,1
351,1006,1666,1176,1567,1037,1
351,1006,1666,1176,1567,1037,1
351,1006,1666,1176,1567,1037,1
351,1006,1666,1176,1567,1037,1
351,1006,1666,1176,1567,1037,1
351,1006,1666,1176,1567,1037,1
351,1006,1666,1176,1567,1037,1
351,1006,1666,1176,1568,1037,1
351,1006,1666,1176,1568,1037,1
351,1006,1666,1176,1569,1037,1
351,1006,1666,1176,1571,1039,1
351,1006,1666,1176,1574,1039,1
351,1006,1666,1176,1579,1041,1
351,1006,1666,1176,1582,1042,1
351,1006,1666,1176,1586,1043,1
351,1006,1666,1176,1588,1043,1
351,1006,1666,1176,1589,1044,1
351,1006,1666,1176,1591,1044,1
351,1006,1666,1176,1592,1044,1
351,1006,1666,1176,1594,1044,1
351,1006,1666,1176,1594,1044,1
351,1006,1666,1176,1596,1044,1
351,1006,1666,1176,1596,1044,1
351,1006,1666,1176,1597,1044,1
351,1006,1666,1176,1597,1044,1
351,1006,1666,1176,1597,1044,1
351,1006,1666,1176,1597,1044,1
351,1006,1666,1176,1597,1044,1
351,1006,1666,1176,1597,1044,1
351,1006,1666,1176,1597,1044,1
351,1006,1666,1176,1597,1044,1
351,1006,1666,1176,1597,1044,1
351,1006,1666,1176,1597,1044,1
351,1006,1666,1176,1597,1044,1
351,1006,1666,1176,1597,1044,1
351,1006,1666,1176,1597,1044,1
351,1006,1666,1176,1597,1044,1
351,1006,1666,1176,1597,1044,1
351,1006,1666,1176,1597,1044,1
351,1006,1666,1176,1597,1044,1
351,1006,1666,1176,1597,1044,1
351,1006,1666,1176,1597,1044,1
351,1006,1666,1176,1597,1044,1
351,1006,1666,1176,1597,1044,1
351,1006,1666,1176,1597,1044,1
351,1006,1666,1176,1597,1044,1
351,1006,1666,1176,1597,1044,1
351,1006,1666,1176,1597,1044,1
351,1006,1666,1176,1597,1044,1
351,1006,1666,1176,1597,1044,1
351,1006,1666,1176,1597,1044,1
351,1006,1666,1176,1597,1044,1
351,1006,1666,1176,1597,1044,1
351,1006,1666,1176,1597,1044,1
351,1006,1666,1176,1597,1044,1
351,1006,1666,1176,1597,1044,1
351,1006,1666,1176,1597,1044,0
351,1006,1666,1176,1597,1044,0
351,1006,1666,1176,1597,1044,0
351,1006,1666,1176,1597,1044,0
351,1006,1666,1176,1597,1044,0
351,1006,1666,1176,1597,1044,0
351,1006,1666,1176,1597,1044,0
351,1006,1666,1176,1597,1044,0
351,1006,1666,1176,1597,1044,0
351,1006,1666,1176,1597,1044,0
351,1006,1666,1176,1597,1044,0
351,1006,1666,1176,1597,1044,0
351,1006,1666,1176,1597,1044,0
351,1006,1666,1176,1597,1044,0
351,1006,1666,1176,1597,1044,0
351,1006,1666,1176,1597,1044,0
351,1006,1666,1176,1597,1044,0
351,1006,1666,1176,1597,1044,0
351,1006,1666,1176,1597,1044,0
351,1006,1666,1176,1597,1044,0
351,1006,1666,1176,1597,1044,0
351,1006,1666,1176,1597,1044,0
351,1006,1666,1176,1597,1044,0
351,1006,1666,1176,1597,1044,0
351,1006,1666,1176,1597,1044,0
351,1006,1666,1176,1597,1044,0
351,1006,1666,1176,1597,1044,0
351,1006,1666,1176,1597,1044,0
351,1006,1666,1176,1597,1044,0
351,1006,1666,1176,1597,1044,0
351,1006,1666,1176,1597,1044,0
351,1006,1666,1176,1598,1044,0
351,1006,1666,1176,1598,1043,0
351,1006,1666,1176,1598,1041,0
351,1006,1666,1176,1597,1039,0
351,1006,1666,1176,1595,1035,0
351,1006,1666,1176,1594,1033,0
351,1006,1666,1176,1592,1028,0
351,1006,1666,1176,1590,1025,0
351,1006,1666,1176,1588,1023,0
351,1006,1666,1176,1585,1018,0
351,1006,1666,1176,1584,1016,0
351,1006,1666,1176,1581,1013,0
351,1006,1666,1176,1579,1011,0
351,1006,1666,1176,1576,1007,0
351,1006,1666,1176,1575,1005,0
351,1006,1666,1176,1573,1002,0
351,1006,1666,1176,1570,997,0
351,1006,1666,1176,1568,995,0
351,1006,1666,1176,1565,990,0
351,1006,1666,1176,1563,988,0
351,1006,1666,1176,1561,986,0
351,1006,1666,1176,1558,983,0
351,1006,1666,1176,1556,981,0
351,1006,1666,1176,1555,979,0
351,1006,1666,1176,1551,975,0
351,1006,1666,1176,1549,973,0
351,1006,1666,1176,1544,969,0
351,1006,1666,1176,1542,966,0
351,1006,1666,1176,1539,964,0
351,1006,1666,1176,1535,959,0
351,1006,1666,1176,1533,957,0
351,1006,1666,1176,1530,953,0
351,1006,1666,1176,1529,951,0
351,1006,1666,1176,1526,948,0
351,1006,1666,1176,1523,946,0
351,1006,1666,1176,1521,944,0
351,1006,1666,1176,1517,939,0
351,1006,1666,1176,1514,936,0
351,1006,1666,1176,1510,931,0
351,1006,1666,1176,1508,928,0
351,1006,1666,1176,1504,923,0
351,1006,1666,1176,1503,921,0
351,1006,1666,1176,1501,919,0
351,1006,1666,1176,1498,914,0
351,1006,1666,1176,1497,912,0
351,1006,1666,1176,1495,909,0
351,1006,1666,1176,1492,904,0
351,1006,1666,1176,1490,902,0
351,1006,1666,1176,1487,896,0
351,1006,1666,1176,1485,893,0
351,1006,1666,1176,1483,890,0
351,1006,1666,1176,1479,884,0
351,1006,1666,1176,1477,880,0
351,1006,1666,1176,1472,872,0
351,1006,1666,1176,1470,868,0
351,1006,1666,1176,1467,863,0
351,1006,1666,1176,1461,855,0
351,1006,1666,1176,1458,850,0
351,1006,1666,1176,1451,841,0
351,1006,1666,1176,1442,827,0
351,1006,1666,1176,1434,819,0
351,1006,1666,1176,1431,815,0
351,1006,1666,1176,1428,811,0
351,1006,1666,1176,1422,804,0
351,1006,1666,1176,1420,802,0
351,1006,1666,1176,1415,796,0
351,1006,1666,1176,1413,793,0
351,1006,1666,1176,1410,789,0
351,1006,1666,1176,1405,783,0
351,1006,1666,1176,1402,779,0
351,1006,1666,1176,1399,776,0
351,1006,1666,1176,1391,768,0
351,1006,1666,1176,1389,764,0
351,1006,1666,1176,1383,758,0
351,1006,1666,1176,1380,754,0
351,1006,1666,1176,1376,748,0
351,1006,1666,1176,1374,746,0
351,1006,1666,1176,1372,742,0
351,1006,1666,1176,1366,734,0
351,1006,1666,1176,1363,731,0
351,1006,1666,1176,1356,722,0
351,1006,1666,1176,1351,716,0
351,1006,1666,1176,1342,706,0
351,1006,1666,1176,1338,700,0
351,1006,1666,1176,1333,695,0
351,1006,1666,1176,1324,686,0
351,1006,1666,1176,1322,682,0
351,1006,1666,1176,1318,677,0
351,1006,1666,1176,1317,675,0
351,1006,1666,1176,1314,673,0
351,1006,1666,1176,1312,669,0
351,1006,1666,1176,1309,665,0
351,1006,1666,1176,1301,656,0
351,1006,1666,1176,1296,652,0
351,1006,1666,1176,1292,647,0
351,1006,1666,1176,1284,638,0
351,1006,1666,1176,1281,634,0
351,1006,1666,1176,1278,631,0
351,1006,1666,1176,1272,624,0
351,1006,1666,1176,1270,622,0
351,1006,1666,1176,1264,616,0
351,1006,1666,1176,1261,613,0
351,1006,1666,1176,1257,608,0
351,1006,1666,1176,1248,599,0
351,1006,1666,1176,1243,594,0
351,1006,1666,1176,1233,583,0
351,1006,1666,1176,1230,578,0
351,1006,1666,1176,1225,575,0
351,1006,1666,1176,1218,566,0
351,1006,1666,1176,1214,564,0
351,1006,1666,1176,1209,559,0
351,1006,1666,1176,1207,557,0
351,1006,1666,1176,1202,550,0
351,1006,1666,1176,1200,546,0
351,1006,1666,1176,1198,543,0
351,1006,1666,1176,1192,536,0
351,1006,1666,1176,1189,532,0
351,1006,1666,1176,1182,524,0
351,1006,1666,1176,1180,520,0
351,1006,1666,1176,1175,513,0
351,1006,1666,1176,1172,510,0
351,1006,1666,1176,1170,508,0
351,1006,1666,1176,1167,502,0
351,1006,1666,1176,1166,499,0
351,1006,1666,1176,1164,497,0
351,1006,1666,1176,1160,493,0
351,1006,1666,1176,1157,490,0
351,1006,1666,1176,1153,483,0
351,1006,1666,1176,1151,481,0
351,1006,1666,1176,1149,478,0
351,1006,1666,1176,1145,472,0
351,1006,1666,1176,1143,469,0
351,1006,1666,1176,1140,464,0
351,1006,1666,1176,1139,462,0
351,1006,1666,1176,1135,457,0
351,1006,1666,1176,1133,455,0
351,1006,1666,1176,1132,453,0
351,1006,1666,1176,1130,449,0
351,1006,1666,1176,1129,448,0
351,1006,1666,1176,1127,446,0
351,1006,1666,1176,1126,444,0
351,1006,1666,1176,1125,443,0
351,1006,1666,1176,1123,440,0
351,1006,1666,1176,1122,439,0
351,1006,1666,1176,1119,434,0
351,1006,1666,1176,1117,432,0
351,1006,1666,1176,1115,429,0
351,1006,1666,1176,1111,424,0
351,1006,1666,1176,1109,422,0
351,1006,1666,1176,1107,419,0
351,1006,1666,1176,1106,417,0
351,1006,1666,1176,1105,416,0
351,1006,1666,1176,1103,414,0
351,1006,1666,1176,1102,412,0
351,1006,1666,1176,1100,409,0
351,1006,1666,1176,1099,408,0
351,1006,1666,1176,1098,406,0
351,1006,1666,1176,1096,405,0
351,1006,1666,1176,1095,403,0
351,1006,1666,1176,1093,401,0
351,1006,1666,1176,1092,400,0
351,1006,1666,1176,1089,397,0
351,1006,1666,1176,1088,396,0
351,1006,1666,1176,1088,396,0
351,1006,1666,1176,1087,395,0
351,1006,1666,1176,1087,395,0
351,1006,1666,1176,1086,394,0
351,1006,1666,1176,1085,393,0
351,1006,1666,1176,1084,392,0
351,1006,1666,1176,1082,391,0
351,1006,1666,1176,1081,390,0
351,1006,1666,1176,1079,388,0
351,1006,1666,1176,1077,386,0
351,1006,1666,1176,1076,386,0
351,1006,1666,1176,1073,384,0
351,1006,1666,1176,1072,383,0
351,1006,1666,1176,1072,383,0
351,1006,1666,1176,1071,383,0
351,1006,1666,1176,1071,383,0
351,1006,1666,1176,1071,383,0
351,1006,1666,1176,1071,383,0
351,1006,1666,1176,1071,383,0
351,1006,1666,1176,1071,383,0
351,1006,1666,1176,1071,383,0
