351,1006,1666,1176,910,387,0
351,1006,1666,1176,910,387,0
351,1006,1666,1176,910,387,0
351,1006,1666,1176,910,387,0
351,1006,1666,1176,910,387,0
351,1006,1666,1176,910,387,0
351,1006,1666,1176,910,387,0
351,1006,1666,1176,910,387,0
351,1006,1666,1176,910,387,0
351,1006,1666,1176,910,387,0
351,1006,1666,1176,910,387,0
351,1006,1666,1176,910,387,0
351,1006,1666,1176,910,387,0
351,1006,1666,1176,910,387,0
351,1006,1666,1176,910,387,0
351,1006,1666,1176,910,387,0
351,1006,1666,1176,910,387,0
351,1006,1666,1176,910,387,0
351,1006,1666,1176,910,387,0
351,1006,1666,1176,910,387,0
351,1006,1666,1176,910,387,0
351,1006,1666,1176,910,387,0
351,1006,1666,1176,910,387,0
351,1006,1666,1176,910,387,0
351,1006,1666,1176,910,387,0
351,1006,1666,1176,910,387,0
351,1006,1666,1176,910,387,0
351,1006,1666,1176,910,387,0
351,1006,1666,1176,910,387,0
351,1006,1666,1176,910,387,0
351,1006,1666,1176,910,387,0
351,1006,1666,1176,910,387,0
351,1006,1666,1176,910,387,0
351,1006,1666,1176,909,387,0
351,1006,1666,1176,909,387,0
351,1006,1666,1176,909,387,0
351,1006,1666,1176,909,387,0
351,1006,1666,1176,909,387,0
351,1006,1666,1176,909,387,0
351,1006,1666,1176,909,387,0
351,1006,1666,1176,909,387,0
351,1006,1666,1176,909,387,0
351,1006,1666,1176,909,387,0
351,1006,1666,1176,909,387,0
351,1006,1666,1176,909,387,0
351,1006,1666,1176,909,387,0
351,1006,1666,1176,909,387,0
351,1006,1666,1176,909,387,0
351,1006,1666,1176,906,387,0
351,1006,1666,1176,900,387,0
351,1006,1666,1176,893,389,0
351,1006,1666,1176,877,390,0
351,1006,1666,1176,872,390,0
351,1006,1666,1176,863,390,0
351,1006,1666,1176,861,391,0
351,1006,1666,1176,860,391,0
351,1006,1666,1176,860,391,0
351,1006,1666,1176,860,391,0
351,1006,1666,1176,860,391,0
351,1006,1666,1176,860,391,0
351,1006,1666,1176,860,391,0
351,1006,1666,1176,860,391,0
351,1006,1666,1176,857,391,0
351,1006,1666,1176,855,392,0
351,1006,1666,1176,852,393,0
351,1006,1666,1176,846,394,0
351,1006,1666,1176,843,395,0
351,1006,1666,1176,837,396,0
351,1006,1666,1176,834,397,0
351,1006,1666,1176,828,399,0
351,1006,1666,1176,826,399,0
351,1006,1666,1176,824,400,0
351,1006,1666,1176,820,402,0
351,1006,1666,1176,818,402,0
351,1006,1666,1176,814,404,0
351,1006,1666,1176,812,405,0
351,1006,1666,1176,810,406,0
351,1006,1666,1176,805,408,0
351,1006,1666,1176,803,409,0
351,1006,1666,1176,798,411,0
351,1006,1666,1176,796,412,0
351,1006,1666,1176,791,416,0
351,1006,1666,1176,788,417,0
351,1006,1666,1176,785,419,0
351,1006,1666,1176,781,422,0
351,1006,1666,1176,778,423,0
351,1006,1666,1176,774,426,0
351,1006,1666,1176,773,427,0
351,1006,1666,1176,771,428,0
351,1006,1666,1176,768,430,0
351,1006,1666,1176,766,431,0
351,1006,1666,1176,762,433,0
351,1006,1666,1176,759,435,0
351,1006,1666,1176,757,437,0
351,1006,1666,1176,752,440,0
351,1006,1666,1176,750,441,0
351,1006,1666,1176,745,444,0
351,1006,1666,1176,741,445,0
351,1006,1666,1176,738,447,0
351,1006,1666,1176,731,450,0
351,1006,1666,1176,727,452,0
351,1006,1666,1176,721,455,0
351,1006,1666,1176,718,457,0
351,1006,1666,1176,712,461,0
351,1006,1666,1176,710,463,0
351,1006,1666,1176,707,465,0
351,1006,1666,1176,702,468,0
351,1006,1666,1176,700,469,0
351,1006,1666,1176,697,471,0
351,1006,1666,1176,696,471,0
351,1006,1666,1176,695,471,0
351,1006,1666,1176,694,472,0
351,1006,1666,1176,693,473,0
351,1006,1666,1176,691,474,0
351,1006,1666,1176,685,476,0
351,1006,1666,1176,682,477,0
351,1006,1666,1176,677,480,0
351,1006,1666,1176,675,482,0
351,1006,1666,1176,669,488,0
351,1006,1666,1176,666,490,0
351,1006,1666,1176,663,492,0
351,1006,1666,1176,659,495,0
351,1006,1666,1176,657,497,0
351,1006,1666,1176,654,499,0
351,1006,1666,1176,652,501,0
351,1006,1666,1176,650,502,0
351,1006,1666,1176,647,504,0
351,1006,1666,1176,645,505,0
351,1006,1666,1176,643,506,0
351,1006,1666,1176,641,507,0
351,1006,1666,1176,637,508,0
351,1006,1666,1176,635,509,0
351,1006,1666,1176,633,510,0
351,1006,1666,1176,629,512,0
351,1006,1666,1176,627,513,0
351,1006,1666,1176,624,514,0
351,1006,1666,1176,622,515,0
351,1006,1666,1176,620,516,0
351,1006,1666,1176,615,519,0
351,1006,1666,1176,613,520,0
351,1006,1666,1176,611,521,0
351,1006,1666,1176,608,524,0
351,1006,1666,1176,606,525,0
351,1006,1666,1176,603,527,0
351,1006,1666,1176,600,530,0
351,1006,1666,1176,598,531,0
351,1006,1666,1176,596,533,0
351,1006,1666,1176,592,537,0
351,1006,1666,1176,589,539,0
351,1006,1666,1176,585,544,0
351,1006,1666,1176,582,546,0
351,1006,1666,1176,579,549,0
351,1006,1666,1176,575,554,0
351,1006,1666,1176,573,556,0
351,1006,1666,1176,568,562,0
351,1006,1666,1176,565,566,0
351,1006,1666,1176,561,572,0
351,1006,1666,1176,559,575,0
351,1006,1666,1176,557,577,0
351,1006,1666,1176,554,582,0
351,1006,1666,1176,553,584,0
351,1006,1666,1176,551,586,0
351,1006,1666,1176,549,590,0
351,1006,1666,1176,548,591,0
351,1006,1666,1176,545,594,0
351,1006,1666,1176,544,596,0
351,1006,1666,1176,543,597,0
351,1006,1666,1176,541,600,0
351,1006,1666,1176,540,601,0
351,1006,1666,1176,538,603,0
351,1006,1666,1176,538,603,0
351,1006,1666,1176,536,605,0
351,1006,1666,1176,536,605,0
351,1006,1666,1176,535,606,0
351,1006,1666,1176,533,607,0
351,1006,1666,1176,533,608,0
351,1006,1666,1176,530,610,0
351,1006,1666,1176,529,611,0
351,1006,1666,1176,526,613,0
351,1006,1666,1176,525,615,0
351,1006,1666,1176,524,616,0
351,1006,1666,1176,522,618,0
351,1006,1666,1176,520,620,0
351,1006,1666,1176,518,623,0
351,1006,1666,1176,516,624,0
351,1006,1666,1176,514,627,0
351,1006,1666,1176,512,629,0
351,1006,1666,1176,512,630,0
351,1006,1666,1176,510,633,0
351,1006,1666,1176,510,634,0
351,1006,1666,1176,509,635,0
351,1006,1666,1176,508,636,0
351,1006,1666,1176,508,637,0
351,1006,1666,1176,507,637,0
351,1006,1666,1176,506,638,0
351,1006,1666,1176,506,638,0
351,1006,1666,1176,503,640,0
351,1006,1666,1176,503,641,0
351,1006,1666,1176,501,643,0
351,1006,1666,1176,501,644,0
351,1006,1666,1176,500,644,0
351,1006,1666,1176,498,646,0
351,1006,1666,1176,498,647,0
351,1006,1666,1176,495,650,0
351,1006,1666,1176,495,652,0
351,1006,1666,1176,493,653,0
351,1006,1666,1176,491,656,0
351,1006,1666,1176,491,657,0
351,1006,1666,1176,489,660,0
351,1006,1666,1176,488,662,0
351,1006,1666,1176,487,663,0
351,1006,1666,1176,484,667,0
351,1006,1666,1176,483,669,0
351,1006,1666,1176,482,673,0
351,1006,1666,1176,480,675,0
351,1006,1666,1176,479,677,0
351,1006,1666,1176,478,680,0
351,1006,1666,1176,477,682,0
351,1006,1666,1176,475,685,0
351,1006,1666,1176,474,688,0
351,1006,1666,1176,472,693,0
351,1006,1666,1176,470,696,0
351,1006,1666,1176,469,698,0
351,1006,1666,1176,467,703,0
351,1006,1666,1176,466,705,0
351,1006,1666,1176,464,709,0
351,1006,1666,1176,464,711,0
351,1006,1666,1176,463,713,0
351,1006,1666,1176,461,719,0
351,1006,1666,1176,460,722,0
351,1006,1666,1176,458,729,0
351,1006,1666,1176,457,733,0
351,1006,1666,1176,456,740,0
351,1006,1666,1176,456,744,0
351,1006,1666,1176,455,748,0
351,1006,1666,1176,454,756,0
351,1006,1666,1176,453,759,0
351,1006,1666,1176,453,763,0
351,1006,1666,1176,452,770,0
351,1006,1666,1176,451,772,0
351,1006,1666,1176,451,778,0
351,1006,1666,1176,450,781,0
351,1006,1666,1176,450,786,0
351,1006,1666,1176,449,788,0
351,1006,1666,1176,449,791,0
351,1006,1666,1176,448,795,0
351,1006,1666,1176,448,797,0
351,1006,1666,1176,447,801,0
351,1006,1666,1176,446,803,0
351,1006,1666,1176,445,806,0
351,1006,1666,1176,445,808,0
351,1006,1666,1176,445,810,0
351,1006,1666,1176,444,815,0
351,1006,1666,1176,444,817,0
351,1006,1666,1176,442,822,0
351,1006,1666,1176,442,825,0
351,1006,1666,1176,440,830,0
351,1006,1666,1176,438,833,0
351,1006,1666,1176,438,836,0
351,1006,1666,1176,436,841,0
351,1006,1666,1176,435,843,0
351,1006,1666,1176,434,845,0
351,1006,1666,1176,432,849,0
351,1006,1666,1176,431,851,0
351,1006,1666,1176,429,856,0
351,1006,1666,1176,428,859,0
351,1006,1666,1176,427,861,0
351,1006,1666,1176,425,865,0
351,1006,1666,1176,424,867,0
351,1006,1666,1176,422,870,0
351,1006,1666,1176,420,872,0
351,1006,1666,1176,418,876,0
351,1006,1666,1176,418,878,0
351,1006,1666,1176,416,880,0
351,1006,1666,1176,414,884,0
351,1006,1666,1176,414,885,0
351,1006,1666,1176,412,889,0
351,1006,1666,1176,411,891,0
351,1006,1666,1176,409,896,0
351,1006,1666,1176,408,898,0
351,1006,1666,1176,406,903,0
351,1006,1666,1176,405,906,0
351,1006,1666,1176,402,912,0
351,1006,1666,1176,401,915,0
351,1006,1666,1176,399,918,0
351,1006,1666,1176,397,922,0
351,1006,1666,1176,396,924,0
351,1006,1666,1176,395,926,0
351,1006,1666,1176,393,930,0
351,1006,1666,1176,392,932,0
351,1006,1666,1176,390,937,0
351,1006,1666,1176,389,939,0
351,1006,1666,1176,387,942,0
351,1006,1666,1176,387,943,0
351,1006,1666,1176,386,945,0
351,1006,1666,1176,385,948,0
351,1006,1666,1176,384,949,0
351,1006,1666,1176,381,953,0
351,1006,1666,1176,380,955,0
351,1006,1666,1176,379,957,0
351,1006,1666,1176,377,961,0
351,1006,1666,1176,376,962,0
351,1006,1666,1176,375,964,0
351,1006,1666,1176,374,966,0
351,1006,1666,1176,373,968,0
351,1006,1666,1176,372,969,0
351,1006,1666,1176,372,970,0
351,1006,1666,1176,370,973,0
351,1006,1666,1176,369,974,0
351,1006,1666,1176,369,975,0
351,1006,1666,1176,367,978,0
351,1006,1666,1176,366,980,0
351,1006,1666,1176,365,982,0
351,1006,1666,1176,363,985,0
351,1006,1666,1176,362,986,0
351,1006,1666,1176,361,988,0
351,1006,1666,1176,361,989,0
351,1006,1666,1176,359,992,0
351,1006,1666,1176,358,994,0
351,1006,1666,1176,358,995,0
351,1006,1666,1176,357,996,0
351,1006,1666,1176,357,997,0
351,1006,1666,1176,356,998,0
351,1006,1666,1176,356,998,0
351,1006,1666,1176,355,1000,0
351,1006,1666,1176,355,1001,0
351,1006,1666,1176,354,1002,0
351,1006,1666,1176,353,1004,0
351,1006,1666,1176,353,1005,0
351,1006,1666,1176,352,1007,0
351,1006,1666,1176,352,1007,0
351,1006,1666,1176,351,1007,0
351,1006,1666,1176,351,1008,0
351,1006,1666,1176,350,1009,0
351,1006,1666,1176,349,1011,0
351,1006,1666,1176,348,1012,0
351,1006,1666,1176,348,1013,0
351,1006,1666,1176,346,1015,0
351,1006,1666,1176,344,1018,0
351,1006,1666,1176,344,1018,0
351,1006,1666,1176,344,1019,0
351,1006,1666,1176,343,1020,0
351,1006,1666,1176,343,1020,0
351,1006,1666,1176,343,1020,0
351,1006,1666,1176,343,1020,0
351,1006,1666,1176,343,1020,0
351,1006,1666,1176,343,1020,0
351,1006,1666,1176,343,1020,0
351,1006,1666,1176,343,1020,0
351,1006,1666,1176,343,1020,1
351,1006,1666,1176,343,1020,1
351,1006,1666,1176,343,1020,1
351,1006,1666,1176,343,1020,1
351,1006,1666,1176,343,1020,1
351,1006,1666,1176,343,1020,1
351,1006,1666,1176,343,1020,1
351,1006,1666,1176,343,1021,1
351,1006,1666,1176,343,1021,1
351,1006,1666,1176,343,1021,1
351,1006,1666,1176,343,1021,1
351,1006,1666,1176,343,1021,1
351,1006,1666,1176,343,1021,1
351,1006,1666,1176,343,1021,1
351,1006,1666,1176,343,1021,1
351,1006,1666,1176,343,1021,1
351,1006,1666,1176,343,1021,1
351,1006,1666,1176,343,1021,1
351,1006,1666,1176,343,1021,1
351,1006,1666,1176,343,1021,1
351,1006,1666,1176,343,1021,1
351,1006,1666,1176,343,1021,1
351,1006,1666,1176,343,1021,1
351,1006,1666,1176,345,1024,1
351,1006,1666,1176,347,1027,1
351,1006,1666,1176,348,1030,1
351,1006,1666,1176,350,1034,1
351,1006,1666,1176,351,1036,1
351,1006,1666,1176,353,1038,1
351,1006,1666,1176,355,1043,1
351,1006,1666,1176,356,1045,1
351,1006,1666,1176,358,1050,1
351,1006,1666,1176,359,1053,1
351,1006,1666,1176,360,1058,1
351,1006,1666,1176,361,1061,1
351,1006,1666,1176,362,1063,1
351,1006,1666,1176,363,1066,1
351,1006,1666,1176,363,1067,1
351,1006,1666,1176,364,1069,1
351,1006,1666,1176,364,1070,1
351,1006,1666,1176,365,1070,1
351,1006,1666,1176,365,1072,1
351,1006,1666,1176,365,1073,1
351,1006,1666,1176,366,1075,1
351,1006,1666,1176,367,1076,1
351,1006,1666,1176,367,1078,1
351,1006,1666,1176,369,1080,1
351,1006,1666,1176,370,1081,1
351,1006,1666,1176,371,1084,1
351,1006,1666,1176,371,1085,1
351,1006,1666,1176,372,1086,1
351,1006,1666,1176,374,1089,1
351,1006,1666,1176,375,1091,1
351,1006,1666,1176,376,1094,1
351,1006,1666,1176,377,1095,1
351,1006,1666,1176,378,1098,1
351,1006,1666,1176,379,1099,1
351,1006,1666,1176,380,1100,1
351,1006,1666,1176,381,1102,1
351,1006,1666,1176,382,1103,1
351,1006,1666,1176,383,1104,1
351,1006,1666,1176,385,1106,1
351,1006,1666,1176,386,1107,1
351,1006,1666,1176,387,1109,1
351,1006,1666,1176,388,1110,1
351,1006,1666,1176,390,1112,1
351,1006,1666,1176,391,1113,1
351,1006,1666,1176,391,1113,1
351,1006,1666,1176,394,1116,1
351,1006,1666,1176,394,1117,1
351,1006,1666,1176,397,1120,1
351,1006,1666,1176,398,1121,1
351,1006,1666,1176,400,1124,1
351,1006,1666,1176,401,1125,1
351,1006,1666,1176,402,1127,1
351,1006,1666,1176,404,1129,1
351,1006,1666,1176,405,1131,1
351,1006,1666,1176,408,1134,1
351,1006,1666,1176,409,1136,1
351,1006,1666,1176,411,1139,1
351,1006,1666,1176,411,1140,1
351,1006,1666,1176,413,1142,1
351,1006,1666,1176,415,1145,1
351,1006,1666,1176,416,1147,1
351,1006,1666,1176,417,1148,1
351,1006,1666,1176,419,1151,1
351,1006,1666,1176,420,1152,1
351,1006,1666,1176,421,1154,1
351,1006,1666,1176,422,1155,1
351,1006,1666,1176,424,1158,1
351,1006,1666,1176,425,1160,1
351,1006,1666,1176,426,1161,1
351,1006,1666,1176,429,1164,1
351,1006,1666,1176,430,1165,1
351,1006,1666,1176,432,1169,1
351,1006,1666,1176,433,1170,1
351,1006,1666,1176,436,1172,1
351,1006,1666,1176,437,1174,1
351,1006,1666,1176,439,1175,1
351,1006,1666,1176,442,1177,1
351,1006,1666,1176,444,1179,1
351,1006,1666,1176,447,1182,1
351,1006,1666,1176,449,1183,1
351,1006,1666,1176,452,1186,1
351,1006,1666,1176,453,1187,1
351,1006,1666,1176,454,1188,1
351,1006,1666,1176,457,1189,1
351,1006,1666,1176,459,1191,1
351,1006,1666,1176,461,1193,1
351,1006,1666,1176,463,1194,1
351,1006,1666,1176,464,1194,1
351,1006,1666,1176,467,1196,1
351,1006,1666,1176,468,1197,1
351,1006,1666,1176,469,1198,1
351,1006,1666,1176,472,1200,1
351,1006,1666,1176,474,1201,1
351,1006,1666,1176,474,1201,1
351,1006,1666,1176,474,1201,1
351,1006,1666,1176,475,1202,1
351,1006,1666,1176,475,1202,1
351,1006,1666,1176,475,1202,1
351,1006,1666,1176,475,1202,1
351,1006,1666,1176,475,1202,1
351,1006,1666,1176,475,1202,1
351,1006,1666,1176,476,1203,1
351,1006,1666,1176,481,1207,1
351,1006,1666,1176,483,1209,1
351,1006,1666,1176,486,1211,1
351,1006,1666,1176,488,1212,1
351,1006,1666,1176,490,1213,1
351,1006,1666,1176,493,1216,1
351,1006,1666,1176,495,1217,1
351,1006,1666,1176,498,1219,1
351,1006,1666,1176,501,1220,1
351,1006,1666,1176,505,1223,1
351,1006,1666,1176,507,1224,1
351,1006,1666,1176,509,1226,1
351,1006,1666,1176,514,1228,1
351,1006,1666,1176,516,1229,1
351,1006,1666,1176,518,1230,1
351,1006,1666,1176,522,1232,1
351,1006,1666,1176,524,1233,1
351,1006,1666,1176,528,1235,1
351,1006,1666,1176,530,1236,1
351,1006,1666,1176,536,1238,1
351,1006,1666,1176,538,1240,1
351,1006,1666,1176,541,1241,1
351,1006,1666,1176,547,1243,1
351,1006,1666,1176,550,1245,1
351,1006,1666,1176,555,1248,1
351,1006,1666,1176,557,1249,1
351,1006,1666,1176,563,1253,1
351,1006,1666,1176,567,1255,1
351,1006,1666,1176,569,1257,1
351,1006,1666,1176,576,1261,1
351,1006,1666,1176,579,1262,1
351,1006,1666,1176,583,1264,1
351,1006,1666,1176,585,1265,1
351,1006,1666,1176,587,1266,1
351,1006,1666,1176,592,1268,1
351,1006,1666,1176,594,1269,1
351,1006,1666,1176,597,1271,1
351,1006,1666,1176,599,1271,1
351,1006,1666,1176,600,1273,1
351,1006,1666,1176,605,1274,1
351,1006,1666,1176,609,1276,1
351,1006,1666,1176,615,1278,1
351,1006,1666,1176,619,1279,1
351,1006,1666,1176,624,1280,1
351,1006,1666,1176,628,1281,1
351,1006,1666,1176,631,1282,1
351,1006,1666,1176,639,1283,1
351,1006,1666,1176,643,1284,1
351,1006,1666,1176,653,1285,1
351,1006,1666,1176,656,1287,1
351,1006,1666,1176,661,1289,1
351,1006,1666,1176,664,1289,1
351,1006,1666,1176,667,1290,1
351,1006,1666,1176,673,1291,1
351,1006,1666,1176,676,1291,1
351,1006,1666,1176,682,1292,1
351,1006,1666,1176,684,1292,1
351,1006,1666,1176,686,1292,1
351,1006,1666,1176,691,1293,1
351,1006,1666,1176,694,1294,1
351,1006,1666,1176,699,1294,1
351,1006,1666,1176,702,1295,1
351,1006,1666,1176,704,1295,1
351,1006,1666,1176,712,1296,1
351,1006,1666,1176,714,1297,1
351,1006,1666,1176,718,1298,1
351,1006,1666,1176,719,1298,1
351,1006,1666,1176,723,1300,1
351,1006,1666,1176,727,1301,1
351,1006,1666,1176,731,1302,1
351,1006,1666,1176,740,1305,1
351,1006,1666,1176,744,1306,1
351,1006,1666,1176,750,1308,1
351,1006,1666,1176,752,1309,1
351,1006,1666,1176,754,1310,1
351,1006,1666,1176,758,1311,1
351,1006,1666,1176,759,1311,1
351,1006,1666,1176,762,1312,1
351,1006,1666,1176,764,1313,1
351,1006,1666,1176,769,1314,1
351,1006,1666,1176,772,1315,1
351,1006,1666,1176,775,1316,1
351,1006,1666,1176,779,1317,1
351,1006,1666,1176,782,1317,1
351,1006,1666,1176,789,1318,1
351,1006,1666,1176,792,1319,1
351,1006,1666,1176,795,1320,1
351,1006,1666,1176,802,1321,1
351,1006,1666,1176,806,1322,1
351,1006,1666,1176,812,1324,1
351,1006,1666,1176,814,1325,1
351,1006,1666,1176,816,1325,1
351,1006,1666,1176,820,1326,1
351,1006,1666,1176,822,1326,1
351,1006,1666,1176,826,1327,1
351,1006,1666,1176,828,1327,1
351,1006,1666,1176,831,1327,1
351,1006,1666,1176,834,1327,1
351,1006,1666,1176,836,1327,1
351,1006,1666,1176,840,1328,1
351,1006,1666,1176,843,1328,1
351,1006,1666,1176,848,1328,1
351,1006,1666,1176,851,1329,1
351,1006,1666,1176,859,1330,1
351,1006,1666,1176,863,1330,1
351,1006,1666,1176,866,1331,1
351,1006,1666,1176,873,1331,1
351,1006,1666,1176,877,1332,1
351,1006,1666,1176,882,1333,1
351,1006,1666,1176,884,1333,1
351,1006,1666,1176,887,1333,1
351,1006,1666,1176,890,1334,1
351,1006,1666,1176,893,1334,1
351,1006,1666,1176,898,1334,1
351,1006,1666,1176,900,1334,1
351,1006,1666,1176,904,1334,1
351,1006,1666,1176,909,1334,1
351,1006,1666,1176,911,1334,1
351,1006,1666,1176,916,1334,1
351,1006,1666,1176,918,1335,1
351,1006,1666,1176,923,1335,1
351,1006,1666,1176,926,1335,1
351,1006,1666,1176,929,1335,1
351,1006,1666,1176,935,1335,1
351,1006,1666,1176,938,1335,1
351,1006,1666,1176,942,1335,1
351,1006,1666,1176,944,1336,1
351,1006,1666,1176,950,1335,1
351,1006,1666,1176,952,1335,1
351,1006,1666,1176,954,1335,1
351,1006,1666,1176,959,1336,1
351,1006,1666,1176,962,1336,1
351,1006,1666,1176,964,1336,1
351,1006,1666,1176,969,1337,1
351,1006,1666,1176,972,1337,1
351,1006,1666,1176,980,1338,1
351,1006,1666,1176,983,1338,1
351,1006,1666,1176,987,1338,1
351,1006,1666,1176,996,1340,1
351,1006,1666,1176,999,1340,1
351,1006,1666,1176,1004,1341,1
351,1006,1666,1176,1007,1341,1
351,1006,1666,1176,1011,1342,1
351,1006,1666,1176,1014,1343,1
351,1006,1666,1176,1017,1343,1
351,1006,1666,1176,1024,1343,1
351,1006,1666,1176,1026,1343,1
351,1006,1666,1176,1031,1344,1
351,1006,1666,1176,1034,1344,1
351,1006,1666,1176,1040,1344,1
351,1006,1666,1176,1043,1344,1
351,1006,1666,1176,1050,1345,1
351,1006,1666,1176,1055,1345,1
351,1006,1666,1176,1060,1345,1
351,1006,1666,1176,1067,1346,1
351,1006,1666,1176,1071,1346,1
351,1006,1666,1176,1077,1346,1
351,1006,1666,1176,1080,1346,1
351,1006,1666,1176,1083,1346,1
351,1006,1666,1176,1089,1346,1
351,1006,1666,1176,1093,1346,1
351,1006,1666,1176,1100,1346,1
351,1006,1666,1176,1103,1346,1
351,1006,1666,1176,1105,1346,1
351,1006,1666,1176,1109,1346,1
351,1006,1666,1176,1111,1346,1
351,1006,1666,1176,1117,1345,1
351,1006,1666,1176,1121,1344,1
351,1006,1666,1176,1127,1343,1
351,1006,1666,1176,1130,1343,1
351,1006,1666,1176,1132,1343,1
351,1006,1666,1176,1135,1342,1
351,1006,1666,1176,1136,1342,1
351,1006,1666,1176,1140,1341,1
351,1006,1666,1176,1143,1341,1
351,1006,1666,1176,1146,1340,1
351,1006,1666,1176,1150,1339,1
351,1006,1666,1176,1152,1338,1
351,1006,1666,1176,1157,1337,1
351,1006,1666,1176,1159,1337,1
351,1006,1666,1176,1164,1336,1
351,1006,1666,1176,1167,1335,1
351,1006,1666,1176,1171,1335,1
351,1006,1666,1176,1178,1335,1
351,1006,1666,1176,1182,1335,1
351,1006,1666,1176,1185,1335,1
351,1006,1666,1176,1190,1334,1
351,1006,1666,1176,1192,1334,1
351,1006,1666,1176,1196,1334,1
351,1006,1666,1176,1198,1334,1
351,1006,1666,1176,1204,1334,1
351,1006,1666,1176,1206,1334,1
351,1006,1666,1176,1210,1334,1
351,1006,1666,1176,1216,1334,1
351,1006,1666,1176,1219,1334,1
351,1006,1666,1176,1226,1334,1
351,1006,1666,1176,1229,1334,1
351,1006,1666,1176,1232,1334,1
351,1006,1666,1176,1236,1334,1
351,1006,1666,1176,1238,1334,1
351,1006,1666,1176,1242,1333,1
351,1006,1666,1176,1245,1332,1
351,1006,1666,1176,1251,1331,1
351,1006,1666,1176,1254,1330,1
351,1006,1666,1176,1257,1329,1
351,1006,1666,1176,1261,1327,1
351,1006,1666,1176,1264,1326,1
351,1006,1666,1176,1268,1324,1
351,1006,1666,1176,1269,1323,1
351,1006,1666,1176,1274,1321,1
351,1006,1666,1176,1276,1320,1
351,1006,1666,1176,1278,1319,1
351,1006,1666,1176,1281,1317,1
351,1006,1666,1176,1282,1316,1
351,1006,1666,1176,1286,1314,1
351,1006,1666,1176,1288,1312,1
351,1006,1666,1176,1290,1311,1
351,1006,1666,1176,1296,1308,1
351,1006,1666,1176,1298,1306,1
351,1006,1666,1176,1303,1304,1
351,1006,1666,1176,1305,1303,1
351,1006,1666,1176,1307,1301,1
351,1006,1666,1176,1311,1298,1
351,1006,1666,1176,1314,1296,1
351,1006,1666,1176,1318,1292,1
351,1006,1666,1176,1320,1290,1
351,1006,1666,1176,1324,1287,1
351,1006,1666,1176,1326,1286,1
351,1006,1666,1176,1328,1284,1
351,1006,1666,1176,1332,1282,1
351,1006,1666,1176,1334,1280,1
351,1006,1666,1176,1338,1276,1
351,1006,1666,1176,1341,1274,1
351,1006,1666,1176,1344,1272,1
351,1006,1666,1176,1348,1269,1
351,1006,1666,1176,1350,1267,1
351,1006,1666,1176,1354,1265,1
351,1006,1666,1176,1356,1263,1
351,1006,1666,1176,1358,1262,1
351,1006,1666,1176,1361,1259,1
351,1006,1666,1176,1363,1257,1
351,1006,1666,1176,1367,1253,1
351,1006,1666,1176,1369,1252,1
351,1006,1666,1176,1373,1249,1
351,1006,1666,1176,1375,1247,1
351,1006,1666,1176,1378,1245,1
351,1006,1666,1176,1381,1242,1
351,1006,1666,1176,1383,1241,1
351,1006,1666,1176,1386,1239,1
351,1006,1666,1176,1387,1238,1
351,1006,1666,1176,1389,1236,1
351,1006,1666,1176,1392,1234,1
351,1006,1666,1176,1393,1232,1
351,1006,1666,1176,1395,1230,1
351,1006,1666,1176,1396,1229,1
351,1006,1666,1176,1397,1226,1
351,1006,1666,1176,1398,1224,1
351,1006,1666,1176,1399,1222,1
351,1006,1666,1176,1401,1218,1
351,1006,1666,1176,1401,1216,1
351,1006,1666,1176,1402,1212,1
351,1006,1666,1176,1402,1211,1
351,1006,1666,1176,1402,1207,1
351,1006,1666,1176,1402,1206,1
351,1006,1666,1176,1403,1204,1
351,1006,1666,1176,1403,1203,1
351,1006,1666,1176,1404,1202,1
351,1006,1666,1176,1405,1200,1
351,1006,1666,1176,1406,1198,1
351,1006,1666,1176,1407,1195,1
351,1006,1666,1176,1409,1193,1
351,1006,1666,1176,1411,1190,1
351,1006,1666,1176,1412,1188,1
351,1006,1666,1176,1413,1186,1
351,1006,1666,1176,1415,1183,1
351,1006,1666,1176,1416,1181,1
351,1006,1666,1176,1419,1178,1
351,1006,1666,1176,1420,1177,1
351,1006,1666,1176,1423,1173,1
351,1006,1666,1176,1424,1172,1
351,1006,1666,1176,1426,1170,1
351,1006,1666,1176,1428,1166,1
351,1006,1666,1176,1429,1164,1
351,1006,1666,1176,1430,1162,1
351,1006,1666,1176,1433,1159,1
351,1006,1666,1176,1434,1158,1
351,1006,1666,1176,1437,1154,1
351,1006,1666,1176,1437,1154,1
351,1006,1666,1176,1439,1151,1
351,1006,1666,1176,1439,1150,1
351,1006,1666,1176,1441,1148,1
351,1006,1666,1176,1443,1145,1
351,1006,1666,1176,1444,1143,1
351,1006,1666,1176,1446,1140,1
351,1006,1666,1176,1447,1138,1
351,1006,1666,1176,1449,1136,1
351,1006,1666,1176,1449,1135,1
351,1006,1666,1176,1450,1134,1
351,1006,1666,1176,1451,1132,1
351,1006,1666,1176,1451,1131,1
351,1006,1666,1176,1452,1128,1
351,1006,1666,1176,1453,1128,1
351,1006,1666,1176,1454,1125,1
351,1006,1666,1176,1454,1123,1
351,1006,1666,1176,1455,1122,1
351,1006,1666,1176,1455,1120,1
351,1006,1666,1176,1456,1119,1
351,1006,1666,1176,1457,1116,1
351,1006,1666,1176,1457,1114,1
351,1006,1666,1176,1459,1111,1
351,1006,1666,1176,1460,1109,1
351,1006,1666,1176,1460,1107,1
351,1006,1666,1176,1462,1104,1
351,1006,1666,1176,1462,1102,1
351,1006,1666,1176,1462,1098,1
351,1006,1666,1176,1462,1096,1
351,1006,1666,1176,1463,1095,1
351,1006,1666,1176,1464,1091,1
351,1006,1666,1176,1464,1090,1
351,1006,1666,1176,1464,1087,1
351,1006,1666,1176,1464,1086,1
351,1006,1666,1176,1464,1083,1
351,1006,1666,1176,1464,1082,1
351,1006,1666,1176,1464,1081,1
351,1006,1666,1176,1464,1080,1
351,1006,1666,1176,1463,1079,1
351,1006,1666,1176,1463,1078,1
351,1006,1666,1176,1463,1078,1
351,1006,1666,1176,1463,1077,1
351,1006,1666,1176,1463,1076,1
351,1006,1666,1176,1463,1076,1
351,1006,1666,1176,1463,1076,1
351,1006,1666,1176,1463,1076,1
351,1006,1666,1176,1463,1076,1
351,1006,1666,1176,1463,1076,1
351,1006,1666,1176,1463,1076,1
351,1006,1666,1176,1462,1073,1
351,1006,1666,1176,1462,1072,1
351,1006,1666,1176,1462,1071,1
351,1006,1666,1176,1461,1069,1
351,1006,1666,1176,1461,1068,1
351,1006,1666,1176,1461,1067,1
351,1006,1666,1176,1461,1066,1
351,1006,1666,1176,1460,1064,1
351,1006,1666,1176,1459,1062,1
351,1006,1666,1176,1459,1062,1
351,1006,1666,1176,1458,1060,1
351,1006,1666,1176,1458,1059,1
351,1006,1666,1176,1458,1057,1
351,1006,1666,1176,1457,1054,1
351,1006,1666,1176,1456,1051,1
351,1006,1666,1176,1455,1050,1
351,1006,1666,1176,1454,1049,1
351,1006,1666,1176,1453,1047,1
351,1006,1666,1176,1453,1046,1
351,1006,1666,1176,1452,1043,1
351,1006,1666,1176,1451,1043,1
351,1006,1666,1176,1451,1042,1
351,1006,1666,1176,1450,1040,1
351,1006,1666,1176,1450,1039,1
351,1006,1666,1176,1450,1038,1
351,1006,1666,1176,1449,1036,1
351,1006,1666,1176,1449,1035,1
351,1006,1666,1176,1448,1034,1
351,1006,1666,1176,1448,1033,1
351,1006,1666,1176,1448,1032,1
351,1006,1666,1176,1448,1031,1
351,1006,1666,1176,1448,1031,1
351,1006,1666,1176,1448,1031,1
351,1006,1666,1176,1447,1030,1
351,1006,1666,1176,1447,1029,1
351,1006,1666,1176,1447,1029,1
351,1006,1666,1176,1447,1029,1
351,1006,1666,1176,1447,1029,1
351,1006,1666,1176,1447,1029,1
351,1006,1666,1176,1447,1029,1
351,1006,1666,1176,1447,1029,1
351,1006,1666,1176,1447,1029,1
351,1006,1666,1176,1447,1029,1
351,1006,1666,1176,1447,1029,0
351,1006,1666,1176,1447,1029,0
351,1006,1666,1176,1447,1029,0
351,1006,1666,1176,1447,1029,0
351,1006,1666,1176,1447,1029,0
351,1006,1666,1176,1447,1029,0
351,1006,1666,1176,1447,1029,0
351,1006,1666,1176,1447,1029,0
351,1006,1666,1176,1447,1029,0
351,1006,1666,1176,1447,1029,0
351,1006,1666,1176,1447,1029,0
351,1006,1666,1176,1447,1029,0
351,1006,1666,1176,1447,1029,0
351,1006,1666,1176,1447,1029,0
351,1006,1666,1176,1447,1029,0
351,1006,1666,1176,1447,1029,0
351,1006,1666,1176,1447,1029,0
351,1006,1666,1176,1447,1029,0
351,1006,1666,1176,1447,1029,0
351,1006,1666,1176,1447,1029,0
351,1006,1666,1176,1447,1029,0
351,1006,1666,1176,1447,1029,0
351,1006,1666,1176,1447,1029,0
351,1006,1666,1176,1447,1029,0
351,1006,1666,1176,1447,1029,0
351,1006,1666,1176,1447,1029,0
351,1006,1666,1176,1447,1029,0
351,1006,1666,1176,1447,1029,0
351,1006,1666,1176,1448,1029,0
351,1006,1666,1176,1448,1024,0
351,1006,1666,1176,1448,1022,0
351,1006,1666,1176,1448,1019,0
351,1006,1666,1176,1448,1017,0
351,1006,1666,1176,1448,1015,0
351,1006,1666,1176,1448,1011,0
351,1006,1666,1176,1448,1009,0
351,1006,1666,1176,1448,1005,0
351,1006,1666,1176,1448,1003,0
351,1006,1666,1176,1448,999,0
351,1006,1666,1176,1447,998,0
351,1006,1666,1176,1447,996,0
351,1006,1666,1176,1445,991,0
351,1006,1666,1176,1444,988,0
351,1006,1666,1176,1442,983,0
351,1006,1666,1176,1442,981,0
351,1006,1666,1176,1440,976,0
351,1006,1666,1176,1439,974,0
351,1006,1666,1176,1439,971,0
351,1006,1666,1176,1436,965,0
351,1006,1666,1176,1435,963,0
351,1006,1666,1176,1432,958,0
351,1006,1666,1176,1431,955,0
351,1006,1666,1176,1430,951,0
351,1006,1666,1176,1429,949,0
351,1006,1666,1176,1428,947,0
351,1006,1666,1176,1426,943,0
351,1006,1666,1176,1425,941,0
351,1006,1666,1176,1423,937,0
351,1006,1666,1176,1422,935,0
351,1006,1666,1176,1421,933,0
351,1006,1666,1176,1419,930,0
351,1006,1666,1176,1418,928,0
351,1006,1666,1176,1416,924,0
351,1006,1666,1176,1415,922,0
351,1006,1666,1176,1414,921,0
351,1006,1666,1176,1412,917,0
351,1006,1666,1176,1411,915,0
351,1006,1666,1176,1408,910,0
351,1006,1666,1176,1407,907,0
351,1006,1666,1176,1404,903,0
351,1006,1666,1176,1403,900,0
351,1006,1666,1176,1402,898,0
351,1006,1666,1176,1399,893,0
351,1006,1666,1176,1398,891,0
351,1006,1666,1176,1396,887,0
351,1006,1666,1176,1395,885,0
351,1006,1666,1176,1394,883,0
351,1006,1666,1176,1392,878,0
351,1006,1666,1176,1391,875,0
351,1006,1666,1176,1389,872,0
351,1006,1666,1176,1386,865,0
351,1006,1666,1176,1385,862,0
351,1006,1666,1176,1382,856,0
351,1006,1666,1176,1381,853,0
351,1006,1666,1176,1380,848,0
351,1006,1666,1176,1379,846,0
351,1006,1666,1176,1379,843,0
351,1006,1666,1176,1377,839,0
351,1006,1666,1176,1376,837,0
351,1006,1666,1176,1375,833,0
351,1006,1666,1176,1375,832,0
351,1006,1666,1176,1373,828,0
351,1006,1666,1176,1373,826,0
351,1006,1666,1176,1372,824,0
351,1006,1666,1176,1371,820,0
351,1006,1666,1176,1370,818,0
351,1006,1666,1176,1369,814,0
351,1006,1666,1176,1368,812,0
351,1006,1666,1176,1367,810,0
351,1006,1666,1176,1366,806,0
351,1006,1666,1176,1365,804,0
351,1006,1666,1176,1363,801,0
351,1006,1666,1176,1362,798,0
351,1006,1666,1176,1360,796,0
351,1006,1666,1176,1358,791,0
351,1006,1666,1176,1357,788,0
351,1006,1666,1176,1353,781,0
351,1006,1666,1176,1351,778,0
351,1006,1666,1176,1350,775,0
351,1006,1666,1176,1347,769,0
351,1006,1666,1176,1346,766,0
351,1006,1666,1176,1343,762,0
351,1006,1666,1176,1343,761,0
351,1006,1666,1176,1341,757,0
351,1006,1666,1176,1340,755,0
351,1006,1666,1176,1339,752,0
351,1006,1666,1176,1336,746,0
351,1006,1666,1176,1335,743,0
351,1006,1666,1176,1331,736,0
351,1006,1666,1176,1329,733,0
351,1006,1666,1176,1328,730,0
351,1006,1666,1176,1325,726,0
351,1006,1666,1176,1324,724,0
351,1006,1666,1176,1321,718,0
351,1006,1666,1176,1320,716,0
351,1006,1666,1176,1317,711,0
351,1006,1666,1176,1315,708,0
351,1006,1666,1176,1313,705,0
351,1006,1666,1176,1310,700,0
351,1006,1666,1176,1308,697,0
351,1006,1666,1176,1307,695,0
351,1006,1666,1176,1304,691,0
351,1006,1666,1176,1304,689,0
351,1006,1666,1176,1302,687,0
351,1006,1666,1176,1301,685,0
351,1006,1666,1176,1301,685,0
351,1006,1666,1176,1300,684,0
351,1006,1666,1176,1300,683,0
351,1006,1666,1176,1299,681,0
351,1006,1666,1176,1299,681,0
351,1006,1666,1176,1299,681,0
351,1006,1666,1176,1299,681,0
351,1006,1666,1176,1299,681,0
351,1006,1666,1176,1299,681,0
351,1006,1666,1176,1298,681,0
351,1006,1666,1176,1296,676,0
351,1006,1666,1176,1292,671,0
351,1006,1666,1176,1286,662,0
351,1006,1666,1176,1283,658,0
351,1006,1666,1176,1281,655,0
351,1006,1666,1176,1275,648,0
351,1006,1666,1176,1273,645,0
351,1006,1666,1176,1271,641,0
351,1006,1666,1176,1267,636,0
351,1006,1666,1176,1265,634,0
351,1006,1666,1176,1261,630,0
351,1006,1666,1176,1260,628,0
351,1006,1666,1176,1258,624,0
351,1006,1666,1176,1256,622,0
351,1006,1666,1176,1255,620,0
351,1006,1666,1176,1252,615,0
351,1006,1666,1176,1250,612,0
351,1006,1666,1176,1247,608,0
351,1006,1666,1176,1246,606,0
351,1006,1666,1176,1245,603,0
351,1006,1666,1176,1242,599,0
351,1006,1666,1176,1240,597,0
351,1006,1666,1176,1238,593,0
351,1006,1666,1176,1237,591,0
351,1006,1666,1176,1234,587,0
351,1006,1666,1176,1233,584,0
351,1006,1666,1176,1232,582,0
351,1006,1666,1176,1230,577,0
351,1006,1666,1176,1229,575,0
351,1006,1666,1176,1228,573,0
351,1006,1666,1176,1226,569,0
351,1006,1666,1176,1224,567,0
351,1006,1666,1176,1221,563,0
351,1006,1666,1176,1220,560,0
351,1006,1666,1176,1216,555,0
351,1006,1666,1176,1214,552,0
351,1006,1666,1176,1212,548,0
351,1006,1666,1176,1205,540,0
351,1006,1666,1176,1202,536,0
351,1006,1666,1176,1197,530,0
351,1006,1666,1176,1195,527,0
351,1006,1666,1176,1193,524,0
351,1006,1666,1176,1189,518,0
351,1006,1666,1176,1186,515,0
351,1006,1666,1176,1181,508,0
351,1006,1666,1176,1179,504,0
351,1006,1666,1176,1174,497,0
351,1006,1666,1176,1172,494,0
351,1006,1666,1176,1170,492,0
351,1006,1666,1176,1167,486,0
351,1006,1666,1176,1164,482,0
351,1006,1666,1176,1161,477,0
351,1006,1666,1176,1159,475,0
351,1006,1666,1176,1156,470,0
351,1006,1666,1176,1154,467,0
351,1006,1666,1176,1152,464,0
351,1006,1666,1176,1148,459,0
351,1006,1666,1176,1146,456,0
351,1006,1666,1176,1143,454,0
351,1006,1666,1176,1139,449,0
351,1006,1666,1176,1137,447,0
351,1006,1666,1176,1132,442,0
351,1006,1666,1176,1129,440,0
351,1006,1666,1176,1124,435,0
351,1006,1666,1176,1120,432,0
351,1006,1666,1176,1117,430,0
351,1006,1666,1176,1111,425,0
351,1006,1666,1176,1107,422,0
351,1006,1666,1176,1103,419,0
351,1006,1666,1176,1101,418,0
351,1006,1666,1176,1099,416,0
351,1006,1666,1176,1097,415,0
351,1006,1666,1176,1096,414,0
351,1006,1666,1176,1094,413,0
351,1006,1666,1176,1094,413,0
351,1006,1666,1176,1094,413,0
351,1006,1666,1176,1094,413,0
351,1006,1666,1176,1094,413,0
351,1006,1666,1176,1093,413,0
351,1006,1666,1176,1093,413,0
351,1006,1666,1176,1093,413,0
351,1006,1666,1176,1093,413,0
351,1006,1666,1176,1093,413,0
351,1006,1666,1176,1093,413,0
351,1006,1666,1176,1093,413,0
351,1006,1666,1176,1093,413,0
351,1006,1666,1176,1092,412,0
351,1006,1666,1176,1091,410,0
351,1006,1666,1176,1089,409,0
351,1006,1666,1176,1089,408,0
351,1006,1666,1176,1088,407,0
351,1006,1666,1176,1087,406,0
351,1006,1666,1176,1087,405,0
351,1006,1666,1176,1085,403,0
351,1006,1666,1176,1084,402,0
351,1006,1666,1176,1082,400,0
351,1006,1666,1176,1081,399,0
351,1006,1666,1176,1079,397,0
351,1006,1666,1176,1078,396,0
351,1006,1666,1176,1077,394,0
351,1006,1666,1176,1074,391,0
351,1006,1666,1176,1073,390,0
351,1006,1666,1176,1071,388,0
351,1006,1666,1176,1070,387,0
351,1006,1666,1176,1070,386,0
351,1006,1666,1176,1069,386,0
351,1006,1666,1176,1069,385,0
351,1006,1666,1176,1068,384,0
351,1006,1666,1176,1067,384,0
351,1006,1666,1176,1067,383,0
351,1006,1666,1176,1067,383,0
351,1006,1666,1176,1067,383,0
351,1006,1666,1176,1067,383,0
351,1006,1666,1176,1067,383,0
351,1006,1666,1176,1067,383,0
351,1006,1666,1176,1067,383,0
351,1006,1666,1176,1067,383,0
351,1006,1666,1176,1067,383,0
351,1006,1666,1176,1067,383,0
351,1006,1666,1176,1067,383,0
351,1006,1666,1176,1067,383,0
351,1006,1666,1176,1067,383,0
351,1006,1666,1176,1067,383,0
351,1006,1666,1176,1067,383,0
351,1006,1666,1176,1067,383,0
351,1006,1666,1176,1067,383,0
