351,1006,1666,1176,898,378,0
351,1006,1666,1176,898,378,0
351,1006,1666,1176,898,378,0
351,1006,1666,1176,898,378,0
351,1006,1666,1176,898,378,0
351,1006,1666,1176,898,378,0
351,1006,1666,1176,898,378,0
351,1006,1666,1176,898,378,0
351,1006,1666,1176,898,378,0
351,1006,1666,1176,898,378,0
351,1006,1666,1176,898,378,0
351,1006,1666,1176,898,378,0
351,1006,1666,1176,898,378,0
351,1006,1666,1176,898,378,0
351,1006,1666,1176,898,378,0
351,1006,1666,1176,898,378,0
351,1006,1666,1176,898,378,0
351,1006,1666,1176,898,378,0
351,1006,1666,1176,898,378,0
351,1006,1666,1176,898,378,0
351,1006,1666,1176,898,378,0
351,1006,1666,1176,898,378,0
351,1006,1666,1176,898,378,0
351,1006,1666,1176,898,378,0
351,1006,1666,1176,898,378,0
351,1006,1666,1176,898,378,0
351,1006,1666,1176,898,378,0
351,1006,1666,1176,898,378,0
351,1006,1666,1176,898,378,0
351,1006,1666,1176,898,379,0
351,1006,1666,1176,898,379,0
351,1006,1666,1176,898,379,0
351,1006,1666,1176,898,379,0
351,1006,1666,1176,898,379,0
351,1006,1666,1176,898,379,0
351,1006,1666,1176,898,379,0
351,1006,1666,1176,898,379,0
351,1006,1666,1176,898,379,0
351,1006,1666,1176,898,379,0
351,1006,1666,1176,898,379,0
351,1006,1666,1176,898,379,0
351,1006,1666,1176,899,381,0
351,1006,1666,1176,901,388,0
351,1006,1666,1176,902,391,0
351,1006,1666,1176,904,395,0
351,1006,1666,1176,904,397,0
351,1006,1666,1176,905,399,0
351,1006,1666,1176,906,401,0
351,1006,1666,1176,906,402,0
351,1006,1666,1176,907,403,0
351,1006,1666,1176,907,404,0
351,1006,1666,1176,907,405,0
351,1006,1666,1176,908,406,0
351,1006,1666,1176,908,407,0
351,1006,1666,1176,908,409,0
351,1006,1666,1176,908,410,0
351,1006,1666,1176,909,414,0
351,1006,1666,1176,909,415,0
351,1006,1666,1176,909,416,0
351,1006,1666,1176,909,420,0
351,1006,1666,1176,909,421,0
351,1006,1666,1176,910,424,0
351,1006,1666,1176,910,426,0
351,1006,1666,1176,910,428,0
351,1006,1666,1176,911,430,0
351,1006,1666,1176,912,431,0
351,1006,1666,1176,913,433,0
351,1006,1666,1176,913,435,0
351,1006,1666,1176,914,436,0
351,1006,1666,1176,914,440,0
351,1006,1666,1176,915,442,0
351,1006,1666,1176,915,445,0
351,1006,1666,1176,916,448,0
351,1006,1666,1176,916,452,0
351,1006,1666,1176,916,453,0
351,1006,1666,1176,917,455,0
351,1006,1666,1176,918,457,0
351,1006,1666,1176,918,458,0
351,1006,1666,1176,918,460,0
351,1006,1666,1176,919,462,0
351,1006,1666,1176,919,463,0
351,1006,1666,1176,919,465,0
351,1006,1666,1176,920,466,0
351,1006,1666,1176,921,469,0
351,1006,1666,1176,921,471,0
351,1006,1666,1176,921,472,0
351,1006,1666,1176,922,476,0
351,1006,1666,1176,922,478,0
351,1006,1666,1176,922,482,0
351,1006,1666,1176,923,484,0
351,1006,1666,1176,923,487,0
351,1006,1666,1176,923,493,0
351,1006,1666,1176,923,495,0
351,1006,1666,1176,923,500,0
351,1006,1666,1176,923,502,0
351,1006,1666,1176,923,504,0
351,1006,1666,1176,923,508,0
351,1006,1666,1176,923,510,0
351,1006,1666,1176,923,514,0
351,1006,1666,1176,923,517,0
351,1006,1666,1176,923,523,0
351,1006,1666,1176,923,525,0
351,1006,1666,1176,923,528,0
351,1006,1666,1176,923,533,0
351,1006,1666,1176,924,536,0
351,1006,1666,1176,924,538,0
351,1006,1666,1176,924,542,0
351,1006,1666,1176,924,544,0
351,1006,1666,1176,924,547,0
351,1006,1666,1176,924,549,0
351,1006,1666,1176,924,551,0
351,1006,1666,1176,924,556,0
351,1006,1666,1176,924,558,0
351,1006,1666,1176,924,563,0
351,1006,1666,1176,924,566,0
351,1006,1666,1176,924,568,0
351,1006,1666,1176,924,571,0
351,1006,1666,1176,924,572,0
351,1006,1666,1176,924,575,0
351,1006,1666,1176,924,576,0
351,1006,1666,1176,924,579,0
351,1006,1666,1176,923,581,0
351,1006,1666,1176,924,582,0
351,1006,1666,1176,924,585,0
351,1006,1666,1176,924,587,0
351,1006,1666,1176,924,590,0
351,1006,1666,1176,924,592,0
351,1006,1666,1176,924,594,0
351,1006,1666,1176,923,598,0
351,1006,1666,1176,923,601,0
351,1006,1666,1176,922,605,0
351,1006,1666,1176,922,607,0
351,1006,1666,1176,922,611,0
351,1006,1666,1176,922,613,0
351,1006,1666,1176,922,615,0
351,1006,1666,1176,922,620,0
351,1006,1666,1176,922,623,0
351,1006,1666,1176,922,625,0
351,1006,1666,1176,922,630,0
351,1006,1666,1176,922,633,0
351,1006,1666,1176,922,637,0
351,1006,1666,1176,922,640,0
351,1006,1666,1176,922,645,0
351,1006,1666,1176,922,648,0
351,1006,1666,1176,922,651,0
351,1006,1666,1176,922,658,0
351,1006,1666,1176,921,661,0
351,1006,1666,1176,919,667,0
351,1006,1666,1176,919,670,0
351,1006,1666,1176,918,673,0
351,1006,1666,1176,916,677,0
351,1006,1666,1176,916,679,0
351,1006,1666,1176,915,682,0
351,1006,1666,1176,914,684,0
351,1006,1666,1176,914,685,0
351,1006,1666,1176,913,688,0
351,1006,1666,1176,912,690,0
351,1006,1666,1176,911,694,0
351,1006,1666,1176,910,696,0
351,1006,1666,1176,909,698,0
351,1006,1666,1176,908,701,0
351,1006,1666,1176,907,703,0
351,1006,1666,1176,906,706,0
351,1006,1666,1176,906,708,0
351,1006,1666,1176,905,710,0
351,1006,1666,1176,904,713,0
351,1006,1666,1176,903,715,0
351,1006,1666,1176,901,719,0
351,1006,1666,1176,901,721,0
351,1006,1666,1176,899,725,0
351,1006,1666,1176,898,727,0
351,1006,1666,1176,897,729,0
351,1006,1666,1176,895,733,0
351,1006,1666,1176,894,735,0
351,1006,1666,1176,892,740,0
351,1006,1666,1176,891,742,0
351,1006,1666,1176,890,744,0
351,1006,1666,1176,888,747,0
351,1006,1666,1176,887,749,0
351,1006,1666,1176,886,752,0
351,1006,1666,1176,882,756,0
351,1006,1666,1176,881,759,0
351,1006,1666,1176,878,763,0
351,1006,1666,1176,877,766,0
351,1006,1666,1176,875,768,0
351,1006,1666,1176,873,772,0
351,1006,1666,1176,872,775,0
351,1006,1666,1176,870,779,0
351,1006,1666,1176,867,783,0
351,1006,1666,1176,866,785,0
351,1006,1666,1176,864,787,0
351,1006,1666,1176,861,792,0
351,1006,1666,1176,859,794,0
351,1006,1666,1176,857,797,0
351,1006,1666,1176,854,802,0
351,1006,1666,1176,852,803,0
351,1006,1666,1176,850,806,0
351,1006,1666,1176,849,807,0
351,1006,1666,1176,846,810,0
351,1006,1666,1176,846,810,0
351,1006,1666,1176,845,811,0
351,1006,1666,1176,843,814,0
351,1006,1666,1176,842,815,0
351,1006,1666,1176,839,818,0
351,1006,1666,1176,836,820,0
351,1006,1666,1176,833,823,0
351,1006,1666,1176,828,828,0
351,1006,1666,1176,826,831,0
351,1006,1666,1176,822,836,0
351,1006,1666,1176,821,839,0
351,1006,1666,1176,819,841,0
351,1006,1666,1176,816,846,0
351,1006,1666,1176,815,848,0
351,1006,1666,1176,812,852,0
351,1006,1666,1176,810,854,0
351,1006,1666,1176,809,856,0
351,1006,1666,1176,806,860,0
351,1006,1666,1176,805,862,0
351,1006,1666,1176,802,866,0
351,1006,1666,1176,801,868,0
351,1006,1666,1176,798,872,0
351,1006,1666,1176,797,874,0
351,1006,1666,1176,795,876,0
351,1006,1666,1176,793,880,0
351,1006,1666,1176,791,882,0
351,1006,1666,1176,789,886,0
351,1006,1666,1176,787,888,0
351,1006,1666,1176,786,890,0
351,1006,1666,1176,784,894,0
351,1006,1666,1176,782,896,0
351,1006,1666,1176,779,900,0
351,1006,1666,1176,778,902,0
351,1006,1666,1176,776,904,0
351,1006,1666,1176,772,908,0
351,1006,1666,1176,769,911,0
351,1006,1666,1176,763,916,0
351,1006,1666,1176,760,919,0
351,1006,1666,1176,756,922,0
351,1006,1666,1176,751,928,0
351,1006,1666,1176,748,931,0
351,1006,1666,1176,741,938,0
351,1006,1666,1176,739,940,0
351,1006,1666,1176,737,942,0
351,1006,1666,1176,733,947,0
351,1006,1666,1176,731,950,0
351,1006,1666,1176,725,956,0
351,1006,1666,1176,723,959,0
351,1006,1666,1176,718,965,0
351,1006,1666,1176,716,967,0
351,1006,1666,1176,714,968,0
351,1006,1666,1176,712,970,0
351,1006,1666,1176,710,972,0
351,1006,1666,1176,707,974,0
351,1006,1666,1176,706,976,0
351,1006,1666,1176,704,977,0
351,1006,1666,1176,700,980,0
351,1006,1666,1176,699,982,0
351,1006,1666,1176,697,984,0
351,1006,1666,1176,692,987,0
351,1006,1666,1176,690,989,0
351,1006,1666,1176,687,991,0
351,1006,1666,1176,686,992,0
351,1006,1666,1176,684,994,0
351,1006,1666,1176,681,997,0
351,1006,1666,1176,680,997,0
351,1006,1666,1176,677,1000,0
351,1006,1666,1176,676,1001,0
351,1006,1666,1176,672,1003,0
351,1006,1666,1176,669,1005,0
351,1006,1666,1176,665,1006,0
351,1006,1666,1176,660,1009,0
351,1006,1666,1176,658,1010,0
351,1006,1666,1176,654,1012,0
351,1006,1666,1176,652,1013,0
351,1006,1666,1176,648,1016,0
351,1006,1666,1176,645,1017,0
351,1006,1666,1176,640,1020,0
351,1006,1666,1176,637,1021,0
351,1006,1666,1176,631,1023,0
351,1006,1666,1176,628,1024,0
351,1006,1666,1176,622,1027,0
351,1006,1666,1176,620,1028,0
351,1006,1666,1176,617,1028,0
351,1006,1666,1176,614,1030,0
351,1006,1666,1176,613,1030,0
351,1006,1666,1176,611,1031,0
351,1006,1666,1176,611,1032,0
351,1006,1666,1176,608,1034,0
351,1006,1666,1176,606,1035,0
351,1006,1666,1176,604,1036,0
351,1006,1666,1176,601,1038,0
351,1006,1666,1176,599,1039,0
351,1006,1666,1176,597,1041,0
351,1006,1666,1176,596,1042,0
351,1006,1666,1176,594,1042,0
351,1006,1666,1176,591,1044,0
351,1006,1666,1176,590,1045,0
351,1006,1666,1176,586,1048,0
351,1006,1666,1176,584,1049,0
351,1006,1666,1176,581,1051,0
351,1006,1666,1176,581,1052,0
351,1006,1666,1176,579,1053,0
351,1006,1666,1176,577,1054,0
351,1006,1666,1176,576,1055,0
351,1006,1666,1176,575,1056,0
351,1006,1666,1176,574,1057,0
351,1006,1666,1176,572,1058,0
351,1006,1666,1176,571,1059,0
351,1006,1666,1176,569,1060,0
351,1006,1666,1176,568,1061,0
351,1006,1666,1176,567,1062,0
351,1006,1666,1176,566,1063,0
351,1006,1666,1176,565,1064,0
351,1006,1666,1176,564,1064,0
351,1006,1666,1176,563,1065,0
351,1006,1666,1176,563,1065,0
351,1006,1666,1176,562,1066,0
351,1006,1666,1176,561,1066,0
351,1006,1666,1176,561,1066,0
351,1006,1666,1176,559,1067,0
351,1006,1666,1176,558,1068,0
351,1006,1666,1176,558,1069,0
351,1006,1666,1176,556,1070,0
351,1006,1666,1176,555,1071,0
351,1006,1666,1176,553,1073,0
351,1006,1666,1176,551,1074,0
351,1006,1666,1176,550,1075,0
351,1006,1666,1176,549,1076,0
351,1006,1666,1176,548,1077,0
351,1006,1666,1176,547,1079,0
351,1006,1666,1176,546,1079,0
351,1006,1666,1176,545,1080,0
351,1006,1666,1176,544,1081,0
351,1006,1666,1176,543,1082,0
351,1006,1666,1176,542,1084,0
351,1006,1666,1176,541,1084,0
351,1006,1666,1176,539,1086,0
351,1006,1666,1176,538,1087,0
351,1006,1666,1176,537,1088,0
351,1006,1666,1176,535,1090,0
351,1006,1666,1176,534,1091,0
351,1006,1666,1176,532,1093,0
351,1006,1666,1176,531,1094,0
351,1006,1666,1176,529,1096,0
351,1006,1666,1176,528,1097,0
351,1006,1666,1176,527,1098,0
351,1006,1666,1176,526,1099,0
351,1006,1666,1176,525,1100,0
351,1006,1666,1176,523,1101,0
351,1006,1666,1176,522,1102,0
351,1006,1666,1176,521,1103,0
351,1006,1666,1176,520,1104,0
351,1006,1666,1176,518,1106,0
351,1006,1666,1176,517,1107,0
351,1006,1666,1176,517,1107,0
351,1006,1666,1176,516,1108,0
351,1006,1666,1176,515,1109,0
351,1006,1666,1176,515,1109,0
351,1006,1666,1176,515,1109,0
351,1006,1666,1176,514,1110,0
351,1006,1666,1176,513,1111,0
351,1006,1666,1176,512,1112,0
351,1006,1666,1176,512,1113,0
351,1006,1666,1176,511,1113,0
351,1006,1666,1176,510,1114,0
351,1006,1666,1176,510,1115,0
351,1006,1666,1176,510,1115,0
351,1006,1666,1176,510,1115,0
351,1006,1666,1176,510,1115,0
351,1006,1666,1176,510,1115,0
351,1006,1666,1176,510,1115,0
351,1006,1666,1176,510,1115,0
351,1006,1666,1176,510,1115,0
351,1006,1666,1176,510,1115,0
351,1006,1666,1176,507,1118,0
351,1006,1666,1176,506,1120,0
351,1006,1666,1176,504,1121,0
351,1006,1666,1176,503,1122,0
351,1006,1666,1176,502,1123,0
351,1006,1666,1176,499,1125,0
351,1006,1666,1176,499,1125,0
351,1006,1666,1176,499,1125,0
351,1006,1666,1176,499,1125,0
351,1006,1666,1176,499,1125,0
351,1006,1666,1176,499,1125,0
351,1006,1666,1176,499,1125,0
351,1006,1666,1176,499,1126,0
351,1006,1666,1176,499,1126,0
351,1006,1666,1176,499,1126,0
351,1006,1666,1176,499,1126,0
351,1006,1666,1176,498,1126,0
351,1006,1666,1176,498,1127,0
351,1006,1666,1176,498,1128,0
351,1006,1666,1176,497,1128,0
351,1006,1666,1176,497,1129,0
351,1006,1666,1176,496,1130,0
351,1006,1666,1176,495,1130,0
351,1006,1666,1176,495,1130,0
351,1006,1666,1176,495,1130,0
351,1006,1666,1176,495,1130,0
351,1006,1666,1176,495,1130,0
351,1006,1666,1176,495,1130,0
351,1006,1666,1176,495,1130,0
351,1006,1666,1176,495,1131,0
351,1006,1666,1176,495,1131,0
351,1006,1666,1176,495,1131,0
351,1006,1666,1176,495,1131,0
351,1006,1666,1176,495,1131,0
351,1006,1666,1176,495,1131,0
351,1006,1666,1176,495,1131,0
351,1006,1666,1176,495,1131,0
351,1006,1666,1176,495,1131,0
351,1006,1666,1176,495,1131,0
351,1006,1666,1176,495,1131,0
351,1006,1666,1176,495,1131,1
351,1006,1666,1176,495,1131,1
351,1006,1666,1176,495,1131,1
351,1006,1666,1176,495,1131,1
351,1006,1666,1176,495,1131,1
351,1006,1666,1176,495,1131,1
351,1006,1666,1176,495,1131,1
351,1006,1666,1176,495,1131,1
351,1006,1666,1176,495,1131,1
351,1006,1666,1176,495,1131,1
351,1006,1666,1176,495,1131,1
351,1006,1666,1176,495,1131,1
351,1006,1666,1176,495,1131,1
351,1006,1666,1176,495,1131,1
351,1006,1666,1176,495,1130,1
351,1006,1666,1176,496,1130,1
351,1006,1666,1176,496,1129,1
351,1006,1666,1176,498,1126,1
351,1006,1666,1176,499,1125,1
351,1006,1666,1176,503,1122,1
351,1006,1666,1176,505,1121,1
351,1006,1666,1176,508,1120,1
351,1006,1666,1176,514,1117,1
351,1006,1666,1176,517,1116,1
351,1006,1666,1176,525,1113,1
351,1006,1666,1176,528,1112,1
351,1006,1666,1176,531,1111,1
351,1006,1666,1176,537,1108,1
351,1006,1666,1176,539,1108,1
351,1006,1666,1176,544,1105,1
351,1006,1666,1176,546,1104,1
351,1006,1666,1176,551,1101,1
351,1006,1666,1176,554,1099,1
351,1006,1666,1176,557,1097,1
351,1006,1666,1176,563,1094,1
351,1006,1666,1176,566,1093,1
351,1006,1666,1176,570,1090,1
351,1006,1666,1176,572,1089,1
351,1006,1666,1176,577,1088,1
351,1006,1666,1176,580,1087,1
351,1006,1666,1176,583,1086,1
351,1006,1666,1176,588,1084,1
351,1006,1666,1176,591,1084,1
351,1006,1666,1176,594,1083,1
351,1006,1666,1176,600,1081,1
351,1006,1666,1176,603,1081,1
351,1006,1666,1176,609,1079,1
351,1006,1666,1176,611,1078,1
351,1006,1666,1176,614,1077,1
351,1006,1666,1176,617,1075,1
351,1006,1666,1176,619,1073,1
351,1006,1666,1176,625,1070,1
351,1006,1666,1176,628,1069,1
351,1006,1666,1176,633,1066,1
351,1006,1666,1176,637,1065,1
351,1006,1666,1176,640,1064,1
351,1006,1666,1176,647,1061,1
351,1006,1666,1176,651,1060,1
351,1006,1666,1176,658,1057,1
351,1006,1666,1176,661,1056,1
351,1006,1666,1176,665,1054,1
351,1006,1666,1176,667,1053,1
351,1006,1666,1176,671,1052,1
351,1006,1666,1176,672,1052,1
351,1006,1666,1176,674,1051,1
351,1006,1666,1176,678,1049,1
351,1006,1666,1176,681,1049,1
351,1006,1666,1176,684,1047,1
351,1006,1666,1176,689,1044,1
351,1006,1666,1176,693,1043,1
351,1006,1666,1176,698,1040,1
351,1006,1666,1176,702,1039,1
351,1006,1666,1176,707,1037,1
351,1006,1666,1176,710,1036,1
351,1006,1666,1176,713,1035,1
351,1006,1666,1176,717,1034,1
351,1006,1666,1176,719,1034,1
351,1006,1666,1176,724,1032,1
351,1006,1666,1176,727,1031,1
351,1006,1666,1176,732,1029,1
351,1006,1666,1176,735,1028,1
351,1006,1666,1176,738,1028,1
351,1006,1666,1176,743,1027,1
351,1006,1666,1176,745,1026,1
351,1006,1666,1176,750,1024,1
351,1006,1666,1176,753,1023,1
351,1006,1666,1176,756,1022,1
351,1006,1666,1176,762,1020,1
351,1006,1666,1176,764,1020,1
351,1006,1666,1176,767,1019,1
351,1006,1666,1176,772,1017,1
351,1006,1666,1176,779,1015,1
351,1006,1666,1176,783,1014,1
351,1006,1666,1176,787,1013,1
351,1006,1666,1176,796,1010,1
351,1006,1666,1176,800,1009,1
351,1006,1666,1176,805,1006,1
351,1006,1666,1176,812,1004,1
351,1006,1666,1176,817,999,1
351,1006,1666,1176,819,998,1
351,1006,1666,1176,823,996,1
351,1006,1666,1176,830,993,1
351,1006,1666,1176,834,991,1
351,1006,1666,1176,841,988,1
351,1006,1666,1176,845,986,1
351,1006,1666,1176,851,983,1
351,1006,1666,1176,854,981,1
351,1006,1666,1176,856,980,1
351,1006,1666,1176,861,977,1
351,1006,1666,1176,864,975,1
351,1006,1666,1176,869,972,1
351,1006,1666,1176,872,971,1
351,1006,1666,1176,878,969,1
351,1006,1666,1176,881,968,1
351,1006,1666,1176,885,967,1
351,1006,1666,1176,891,965,1
351,1006,1666,1176,893,964,1
351,1006,1666,1176,898,962,1
351,1006,1666,1176,900,961,1
351,1006,1666,1176,902,960,1
351,1006,1666,1176,906,959,1
351,1006,1666,1176,908,958,1
351,1006,1666,1176,912,957,1
351,1006,1666,1176,915,956,1
351,1006,1666,1176,917,956,1
351,1006,1666,1176,923,955,1
351,1006,1666,1176,926,955,1
351,1006,1666,1176,934,953,1
351,1006,1666,1176,938,953,1
351,1006,1666,1176,948,952,1
351,1006,1666,1176,952,952,1
351,1006,1666,1176,957,952,1
351,1006,1666,1176,967,951,1
351,1006,1666,1176,971,951,1
351,1006,1666,1176,980,951,1
351,1006,1666,1176,984,951,1
351,1006,1666,1176,989,950,1
351,1006,1666,1176,998,950,1
351,1006,1666,1176,1003,949,1
351,1006,1666,1176,1007,947,1
351,1006,1666,1176,1017,946,1
351,1006,1666,1176,1023,945,1
351,1006,1666,1176,1033,944,1
351,1006,1666,1176,1038,943,1
351,1006,1666,1176,1042,943,1
351,1006,1666,1176,1049,942,1
351,1006,1666,1176,1052,941,1
351,1006,1666,1176,1059,940,1
351,1006,1666,1176,1061,938,1
351,1006,1666,1176,1066,936,1
351,1006,1666,1176,1069,935,1
351,1006,1666,1176,1073,932,1
351,1006,1666,1176,1075,931,1
351,1006,1666,1176,1078,930,1
351,1006,1666,1176,1082,928,1
351,1006,1666,1176,1085,928,1
351,1006,1666,1176,1091,926,1
351,1006,1666,1176,1095,926,1
351,1006,1666,1176,1103,926,1
351,1006,1666,1176,1108,925,1
351,1006,1666,1176,1112,924,1
351,1006,1666,1176,1120,924,1
351,1006,1666,1176,1124,924,1
351,1006,1666,1176,1132,924,1
351,1006,1666,1176,1134,924,1
351,1006,1666,1176,1139,924,1
351,1006,1666,1176,1141,924,1
351,1006,1666,1176,1143,924,1
351,1006,1666,1176,1150,924,1
351,1006,1666,1176,1155,925,1
351,1006,1666,1176,1165,925,1
351,1006,1666,1176,1171,926,1
351,1006,1666,1176,1175,926,1
351,1006,1666,1176,1180,927,1
351,1006,1666,1176,1182,927,1
351,1006,1666,1176,1185,928,1
351,1006,1666,1176,1187,928,1
351,1006,1666,1176,1189,929,1
351,1006,1666,1176,1194,929,1
351,1006,1666,1176,1198,929,1
351,1006,1666,1176,1207,931,1
351,1006,1666,1176,1212,931,1
351,1006,1666,1176,1223,933,1
351,1006,1666,1176,1228,933,1
351,1006,1666,1176,1233,933,1
351,1006,1666,1176,1246,934,1
351,1006,1666,1176,1252,934,1
351,1006,1666,1176,1266,936,1
351,1006,1666,1176,1275,937,1
351,1006,1666,1176,1284,938,1
351,1006,1666,1176,1297,939,1
351,1006,1666,1176,1302,939,1
351,1006,1666,1176,1312,939,1
351,1006,1666,1176,1315,939,1
351,1006,1666,1176,1324,939,1
351,1006,1666,1176,1328,939,1
351,1006,1666,1176,1333,939,1
351,1006,1666,1176,1343,941,1
351,1006,1666,1176,1348,942,1
351,1006,1666,1176,1357,943,1
351,1006,1666,1176,1360,943,1
351,1006,1666,1176,1363,943,1
351,1006,1666,1176,1370,943,1
351,1006,1666,1176,1372,943,1
351,1006,1666,1176,1379,943,1
351,1006,1666,1176,1383,943,1
351,1006,1666,1176,1392,944,1
351,1006,1666,1176,1396,945,1
351,1006,1666,1176,1405,946,1
351,1006,1666,1176,1409,947,1
351,1006,1666,1176,1413,947,1
351,1006,1666,1176,1419,948,1
351,1006,1666,1176,1422,948,1
351,1006,1666,1176,1426,949,1
351,1006,1666,1176,1428,950,1
351,1006,1666,1176,1434,951,1
351,1006,1666,1176,1436,951,1
351,1006,1666,1176,1438,952,1
351,1006,1666,1176,1442,952,1
351,1006,1666,1176,1444,953,1
351,1006,1666,1176,1447,953,1
351,1006,1666,1176,1455,954,1
351,1006,1666,1176,1459,955,1
351,1006,1666,1176,1468,957,1
351,1006,1666,1176,1471,957,1
351,1006,1666,1176,1476,959,1
351,1006,1666,1176,1478,959,1
351,1006,1666,1176,1480,960,1
351,1006,1666,1176,1482,960,1
351,1006,1666,1176,1484,961,1
351,1006,1666,1176,1489,963,1
351,1006,1666,1176,1492,964,1
351,1006,1666,1176,1495,965,1
351,1006,1666,1176,1501,967,1
351,1006,1666,1176,1504,969,1
351,1006,1666,1176,1509,971,1
351,1006,1666,1176,1512,972,1
351,1006,1666,1176,1516,973,1
351,1006,1666,1176,1518,975,1
351,1006,1666,1176,1519,975,1
351,1006,1666,1176,1521,977,1
351,1006,1666,1176,1522,977,1
351,1006,1666,1176,1523,978,1
351,1006,1666,1176,1526,978,1
351,1006,1666,1176,1528,979,1
351,1006,1666,1176,1532,981,1
351,1006,1666,1176,1535,981,1
351,1006,1666,1176,1539,983,1
351,1006,1666,1176,1541,984,1
351,1006,1666,1176,1543,985,1
351,1006,1666,1176,1547,987,1
351,1006,1666,1176,1549,988,1
351,1006,1666,1176,1551,989,1
351,1006,1666,1176,1555,989,1
351,1006,1666,1176,1557,990,1
351,1006,1666,1176,1560,990,1
351,1006,1666,1176,1563,991,1
351,1006,1666,1176,1566,992,1
351,1006,1666,1176,1567,992,1
351,1006,1666,1176,1569,993,1
351,1006,1666,1176,1573,994,1
351,1006,1666,1176,1576,994,1
351,1006,1666,1176,1583,995,1
351,1006,1666,1176,1586,996,1
351,1006,1666,1176,1591,998,1
351,1006,1666,1176,1593,999,1
351,1006,1666,1176,1595,999,1
351,1006,1666,1176,1599,1001,1
351,1006,1666,1176,1601,1002,1
351,1006,1666,1176,1604,1004,1
351,1006,1666,1176,1609,1006,1
351,1006,1666,1176,1612,1006,1
351,1006,1666,1176,1616,1007,1
351,1006,1666,1176,1618,1008,1
351,1006,1666,1176,1621,1009,1
351,1006,1666,1176,1621,1009,1
351,1006,1666,1176,1621,1009,1
351,1006,1666,1176,1621,1009,1
351,1006,1666,1176,1621,1009,1
351,1006,1666,1176,1625,1011,1
351,1006,1666,1176,1629,1013,1
351,1006,1666,1176,1632,1014,1
351,1006,1666,1176,1633,1015,1
351,1006,1666,1176,1636,1016,1
351,1006,1666,1176,1640,1018,1
351,1006,1666,1176,1643,1020,1
351,1006,1666,1176,1646,1021,1
351,1006,1666,1176,1652,1024,1
351,1006,1666,1176,1654,1025,1
351,1006,1666,1176,1656,1026,1
351,1006,1666,1176,1658,1028,1
351,1006,1666,1176,1659,1029,1
351,1006,1666,1176,1659,1029,1
351,1006,1666,1176,1660,1029,1
351,1006,1666,1176,1663,1032,1
351,1006,1666,1176,1664,1033,1
351,1006,1666,1176,1666,1034,1
351,1006,1666,1176,1668,1035,1
351,1006,1666,1176,1668,1035,1
351,1006,1666,1176,1669,1036,1
351,1006,1666,1176,1670,1036,1
351,1006,1666,1176,1670,1036,1
351,1006,1666,1176,1673,1038,1
351,1006,1666,1176,1675,1039,1
351,1006,1666,1176,1679,1041,1
351,1006,1666,1176,1681,1042,1
351,1006,1666,1176,1681,1042,1
351,1006,1666,1176,1682,1043,1
351,1006,1666,1176,1682,1043,1
351,1006,1666,1176,1682,1043,1
351,1006,1666,1176,1682,1043,1
351,1006,1666,1176,1682,1043,1
351,1006,1666,1176,1682,1043,1
351,1006,1666,1176,1682,1043,1
351,1006,1666,1176,1682,1043,1
351,1006,1666,1176,1682,1043,1
351,1006,1666,1176,1682,1043,1
351,1006,1666,1176,1683,1043,1
351,1006,1666,1176,1683,1043,1
351,1006,1666,1176,1683,1043,1
351,1006,1666,1176,1683,1043,1
351,1006,1666,1176,1683,1043,1
351,1006,1666,1176,1683,1043,1
351,1006,1666,1176,1683,1043,1
351,1006,1666,1176,1683,1043,1
351,1006,1666,1176,1683,1043,1
351,1006,1666,1176,1683,1043,1
351,1006,1666,1176,1683,1043,1
351,1006,1666,1176,1683,1043,1
351,1006,1666,1176,1683,1043,1
351,1006,1666,1176,1683,1043,1
351,1006,1666,1176,1683,1043,1
351,1006,1666,1176,1683,1043,1
351,1006,1666,1176,1683,1043,1
351,1006,1666,1176,1683,1043,1
351,1006,1666,1176,1683,1043,1
351,1006,1666,1176,1683,1043,1
351,1006,1666,1176,1683,1043,1
351,1006,1666,1176,1683,1043,1
351,1006,1666,1176,1683,1043,1
351,1006,1666,1176,1683,1043,1
351,1006,1666,1176,1683,1043,1
351,1006,1666,1176,1683,1042,1
351,1006,1666,1176,1683,1042,1
351,1006,1666,1176,1683,1042,1
351,1006,1666,1176,1683,1042,1
351,1006,1666,1176,1683,1042,1
351,1006,1666,1176,1683,1042,1
351,1006,1666,1176,1683,1042,1
351,1006,1666,1176,1683,1042,1
351,1006,1666,1176,1683,1042,1
351,1006,1666,1176,1683,1042,1
351,1006,1666,1176,1683,1042,1
351,1006,1666,1176,1683,1042,1
351,1006,1666,1176,1683,1042,1
351,1006,1666,1176,1683,1042,1
351,1006,1666,1176,1683,1042,1
351,1006,1666,1176,1683,1042,1
351,1006,1666,1176,1684,1042,1
351,1006,1666,1176,1685,1042,1
351,1006,1666,1176,1685,1042,1
351,1006,1666,1176,1685,1042,1
351,1006,1666,1176,1685,1042,1
351,1006,1666,1176,1685,1042,1
351,1006,1666,1176,1685,1042,1
351,1006,1666,1176,1685,1042,1
351,1006,1666,1176,1685,1042,1
351,1006,1666,1176,1685,1042,0
351,1006,1666,1176,1685,1042,0
351,1006,1666,1176,1685,1042,0
351,1006,1666,1176,1685,1042,0
351,1006,1666,1176,1685,1042,0
351,1006,1666,1176,1685,1042,0
351,1006,1666,1176,1685,1042,0
351,1006,1666,1176,1685,1042,0
351,1006,1666,1176,1685,1042,0
351,1006,1666,1176,1685,1042,0
351,1006,1666,1176,1685,1042,0
351,1006,1666,1176,1685,1042,0
351,1006,1666,1176,1685,1042,0
351,1006,1666,1176,1685,1042,0
351,1006,1666,1176,1685,1042,0
351,1006,1666,1176,1685,1042,0
351,1006,1666,1176,1685,1042,0
351,1006,1666,1176,1685,1042,0
351,1006,1666,1176,1685,1042,0
351,1006,1666,1176,1685,1042,0
351,1006,1666,1176,1685,1042,0
351,1006,1666,1176,1685,1042,0
351,1006,1666,1176,1685,1042,0
351,1006,1666,1176,1685,1042,0
351,1006,1666,1176,1685,1042,0
351,1006,1666,1176,1685,1042,0
351,1006,1666,1176,1685,1042,0
351,1006,1666,1176,1685,1042,0
351,1006,1666,1176,1684,1042,0
351,1006,1666,1176,1684,1042,0
351,1006,1666,1176,1684,1042,0
351,1006,1666,1176,1684,1042,0
351,1006,1666,1176,1684,1042,0
351,1006,1666,1176,1684,1042,0
351,1006,1666,1176,1679,1035,0
351,1006,1666,1176,1671,1025,0
351,1006,1666,1176,1659,1014,0
351,1006,1666,1176,1653,1009,0
351,1006,1666,1176,1647,1004,0
351,1006,1666,1176,1640,999,0
351,1006,1666,1176,1629,991,0
351,1006,1666,1176,1626,989,0
351,1006,1666,1176,1622,987,0
351,1006,1666,1176,1622,986,0
351,1006,1666,1176,1621,986,0
351,1006,1666,1176,1620,985,0
351,1006,1666,1176,1618,984,0
351,1006,1666,1176,1611,981,0
351,1006,1666,1176,1606,978,0
351,1006,1666,1176,1597,973,0
351,1006,1666,1176,1593,971,0
351,1006,1666,1176,1590,969,0
351,1006,1666,1176,1585,966,0
351,1006,1666,1176,1583,965,0
351,1006,1666,1176,1581,964,0
351,1006,1666,1176,1580,962,0
351,1006,1666,1176,1576,960,0
351,1006,1666,1176,1574,958,0
351,1006,1666,1176,1571,956,0
351,1006,1666,1176,1565,950,0
351,1006,1666,1176,1563,947,0
351,1006,1666,1176,1561,946,0
351,1006,1666,1176,1559,943,0
351,1006,1666,1176,1557,942,0
351,1006,1666,1176,1555,939,0
351,1006,1666,1176,1553,937,0
351,1006,1666,1176,1551,936,0
351,1006,1666,1176,1546,932,0
351,1006,1666,1176,1544,930,0
351,1006,1666,1176,1540,926,0
351,1006,1666,1176,1538,923,0
351,1006,1666,1176,1536,921,0
351,1006,1666,1176,1533,916,0
351,1006,1666,1176,1531,914,0
351,1006,1666,1176,1527,910,0
351,1006,1666,1176,1523,906,0
351,1006,1666,1176,1518,902,0
351,1006,1666,1176,1516,900,0
351,1006,1666,1176,1511,896,0
351,1006,1666,1176,1507,891,0
351,1006,1666,1176,1502,886,0
351,1006,1666,1176,1500,884,0
351,1006,1666,1176,1495,879,0
351,1006,1666,1176,1491,876,0
351,1006,1666,1176,1489,873,0
351,1006,1666,1176,1486,871,0
351,1006,1666,1176,1485,870,0
351,1006,1666,1176,1483,869,0
351,1006,1666,1176,1481,867,0
351,1006,1666,1176,1480,866,0
351,1006,1666,1176,1476,863,0
351,1006,1666,1176,1475,862,0
351,1006,1666,1176,1471,859,0
351,1006,1666,1176,1468,857,0
351,1006,1666,1176,1466,855,0
351,1006,1666,1176,1465,854,0
351,1006,1666,1176,1460,851,0
351,1006,1666,1176,1458,849,0
351,1006,1666,1176,1452,845,0
351,1006,1666,1176,1446,841,0
351,1006,1666,1176,1440,837,0
351,1006,1666,1176,1437,835,0
351,1006,1666,1176,1432,832,0
351,1006,1666,1176,1430,831,0
351,1006,1666,1176,1425,827,0
351,1006,1666,1176,1421,826,0
351,1006,1666,1176,1416,823,0
351,1006,1666,1176,1414,821,0
351,1006,1666,1176,1408,817,0
351,1006,1666,1176,1402,813,0
351,1006,1666,1176,1397,810,0
351,1006,1666,1176,1394,809,0
351,1006,1666,1176,1393,808,0
351,1006,1666,1176,1389,805,0
351,1006,1666,1176,1386,804,0
351,1006,1666,1176,1384,803,0
351,1006,1666,1176,1382,801,0
351,1006,1666,1176,1380,800,0
351,1006,1666,1176,1376,797,0
351,1006,1666,1176,1370,794,0
351,1006,1666,1176,1367,792,0
351,1006,1666,1176,1361,788,0
351,1006,1666,1176,1358,786,0
351,1006,1666,1176,1352,783,0
351,1006,1666,1176,1348,780,0
351,1006,1666,1176,1346,779,0
351,1006,1666,1176,1344,777,0
351,1006,1666,1176,1339,773,0
351,1006,1666,1176,1334,769,0
351,1006,1666,1176,1331,767,0
351,1006,1666,1176,1324,762,0
351,1006,1666,1176,1320,758,0
351,1006,1666,1176,1310,751,0
351,1006,1666,1176,1305,747,0
351,1006,1666,1176,1293,738,0
351,1006,1666,1176,1290,734,0
351,1006,1666,1176,1283,728,0
351,1006,1666,1176,1275,723,0
351,1006,1666,1176,1273,720,0
351,1006,1666,1176,1266,714,0
351,1006,1666,1176,1263,711,0
351,1006,1666,1176,1257,706,0
351,1006,1666,1176,1255,703,0
351,1006,1666,1176,1253,701,0
351,1006,1666,1176,1247,696,0
351,1006,1666,1176,1245,694,0
351,1006,1666,1176,1241,690,0
351,1006,1666,1176,1238,687,0
351,1006,1666,1176,1235,684,0
351,1006,1666,1176,1229,678,0
351,1006,1666,1176,1226,675,0
351,1006,1666,1176,1223,672,0
351,1006,1666,1176,1217,666,0
351,1006,1666,1176,1214,663,0
351,1006,1666,1176,1208,657,0
351,1006,1666,1176,1206,654,0
351,1006,1666,1176,1201,647,0
351,1006,1666,1176,1198,645,0
351,1006,1666,1176,1194,640,0
351,1006,1666,1176,1191,637,0
351,1006,1666,1176,1189,634,0
351,1006,1666,1176,1185,630,0
351,1006,1666,1176,1183,627,0
351,1006,1666,1176,1178,620,0
351,1006,1666,1176,1175,617,0
351,1006,1666,1176,1169,609,0
351,1006,1666,1176,1167,606,0
351,1006,1666,1176,1162,599,0
351,1006,1666,1176,1160,596,0
351,1006,1666,1176,1157,590,0
351,1006,1666,1176,1156,588,0
351,1006,1666,1176,1153,583,0
351,1006,1666,1176,1150,581,0
351,1006,1666,1176,1146,574,0
351,1006,1666,1176,1144,570,0
351,1006,1666,1176,1142,567,0
351,1006,1666,1176,1138,560,0
351,1006,1666,1176,1136,557,0
351,1006,1666,1176,1134,554,0
351,1006,1666,1176,1130,548,0
351,1006,1666,1176,1128,544,0
351,1006,1666,1176,1124,537,0
351,1006,1666,1176,1120,534,0
351,1006,1666,1176,1116,526,0
351,1006,1666,1176,1114,523,0
351,1006,1666,1176,1110,518,0
351,1006,1666,1176,1108,516,0
351,1006,1666,1176,1106,510,0
351,1006,1666,1176,1105,509,0
351,1006,1666,1176,1103,505,0
351,1006,1666,1176,1103,503,0
351,1006,1666,1176,1100,499,0
351,1006,1666,1176,1098,496,0
351,1006,1666,1176,1096,493,0
351,1006,1666,1176,1093,487,0
351,1006,1666,1176,1092,484,0
351,1006,1666,1176,1089,478,0
351,1006,1666,1176,1087,475,0
351,1006,1666,1176,1086,472,0
351,1006,1666,1176,1082,466,0
351,1006,1666,1176,1081,463,0
351,1006,1666,1176,1080,461,0
351,1006,1666,1176,1077,456,0
351,1006,1666,1176,1076,454,0
351,1006,1666,1176,1074,447,0
351,1006,1666,1176,1072,445,0
351,1006,1666,1176,1071,442,0
351,1006,1666,1176,1069,437,0
351,1006,1666,1176,1067,435,0
351,1006,1666,1176,1065,430,0
351,1006,1666,1176,1065,428,0
351,1006,1666,1176,1064,427,0
351,1006,1666,1176,1063,422,0
351,1006,1666,1176,1060,417,0
351,1006,1666,1176,1059,415,0
351,1006,1666,1176,1059,412,0
351,1006,1666,1176,1058,409,0
351,1006,1666,1176,1057,408,0
351,1006,1666,1176,1056,406,0
351,1006,1666,1176,1056,404,0
351,1006,1666,1176,1055,401,0
351,1006,1666,1176,1054,400,0
351,1006,1666,1176,1053,395,0
351,1006,1666,1176,1052,394,0
351,1006,1666,1176,1052,392,0
351,1006,1666,1176,1052,391,0
351,1006,1666,1176,1052,391,0
351,1006,1666,1176,1052,391,0
351,1006,1666,1176,1052,391,0
351,1006,1666,1176,1052,391,0
351,1006,1666,1176,1052,391,0
351,1006,1666,1176,1052,391,0
351,1006,1666,1176,1052,391,0
351,1006,1666,1176,1052,390,0
351,1006,1666,1176,1052,390,0
351,1006,1666,1176,1052,389,0
351,1006,1666,1176,1053,385,0
351,1006,1666,1176,1053,384,0
351,1006,1666,1176,1053,384,0
351,1006,1666,1176,1053,384,0
351,1006,1666,1176,1053,384,0
351,1006,1666,1176,1053,384,0
351,1006,1666,1176,1053,384,0
351,1006,1666,1176,1053,384,0
351,1006,1666,1176,1053,384,0
351,1006,1666,1176,1053,384,0
351,1006,1666,1176,1053,384,0
351,1006,1666,1176,1053,384,0
351,1006,1666,1176,1053,384,0
351,1006,1666,1176,1053,384,0
351,1006,1666,1176,1053,384,0
351,1006,1666,1176,1053,384,0
