351,1006,1666,1176,892,364,0
351,1006,1666,1176,892,364,0
351,1006,1666,1176,892,364,0
351,1006,1666,1176,892,364,0
351,1006,1666,1176,892,364,0
351,1006,1666,1176,892,364,0
351,1006,1666,1176,892,364,0
351,1006,1666,1176,892,364,0
351,1006,1666,1176,892,364,0
351,1006,1666,1176,892,364,0
351,1006,1666,1176,892,364,0
351,1006,1666,1176,892,364,0
351,1006,1666,1176,892,364,0
351,1006,1666,1176,892,364,0
351,1006,1666,1176,892,364,0
351,1006,1666,1176,892,364,0
351,1006,1666,1176,892,364,0
351,1006,1666,1176,892,364,0
351,1006,1666,1176,892,364,0
351,1006,1666,1176,892,364,0
351,1006,1666,1176,892,364,0
351,1006,1666,1176,892,364,0
351,1006,1666,1176,892,364,0
351,1006,1666,1176,892,364,0
351,1006,1666,1176,892,364,0
351,1006,1666,1176,892,364,0
351,1006,1666,1176,892,364,0
351,1006,1666,1176,892,364,0
351,1006,1666,1176,892,364,0
351,1006,1666,1176,892,364,0
351,1006,1666,1176,892,364,0
351,1006,1666,1176,892,364,0
351,1006,1666,1176,892,364,0
351,1006,1666,1176,892,364,0
351,1006,1666,1176,892,364,0
351,1006,1666,1176,892,364,0
351,1006,1666,1176,892,364,0
351,1006,1666,1176,892,364,0
351,1006,1666,1176,892,364,0
351,1006,1666,1176,892,364,0
351,1006,1666,1176,892,365,0
351,1006,1666,1176,892,365,0
351,1006,1666,1176,892,365,0
351,1006,1666,1176,892,365,0
351,1006,1666,1176,892,365,0
351,1006,1666,1176,894,368,0
351,1006,1666,1176,895,369,0
351,1006,1666,1176,897,371,0
351,1006,1666,1176,898,372,0
351,1006,1666,1176,898,372,0
351,1006,1666,1176,898,373,0
351,1006,1666,1176,898,373,0
351,1006,1666,1176,898,373,0
351,1006,1666,1176,898,373,0
351,1006,1666,1176,898,373,0
351,1006,1666,1176,898,373,0
351,1006,1666,1176,898,373,0
351,1006,1666,1176,898,373,0
351,1006,1666,1176,898,373,0
351,1006,1666,1176,898,373,0
351,1006,1666,1176,898,373,0
351,1006,1666,1176,898,374,0
351,1006,1666,1176,900,376,0
351,1006,1666,1176,903,379,0
351,1006,1666,1176,908,383,0
351,1006,1666,1176,910,385,0
351,1006,1666,1176,915,389,0
351,1006,1666,1176,917,391,0
351,1006,1666,1176,920,393,0
351,1006,1666,1176,925,397,0
351,1006,1666,1176,926,398,0
351,1006,1666,1176,927,399,0
351,1006,1666,1176,930,402,0
351,1006,1666,1176,932,403,0
351,1006,1666,1176,933,404,0
351,1006,1666,1176,936,406,0
351,1006,1666,1176,937,407,0
351,1006,1666,1176,940,410,0
351,1006,1666,1176,942,411,0
351,1006,1666,1176,943,413,0
351,1006,1666,1176,945,415,0
351,1006,1666,1176,946,416,0
351,1006,1666,1176,948,418,0
351,1006,1666,1176,950,420,0
351,1006,1666,1176,952,422,0
351,1006,1666,1176,955,425,0
351,1006,1666,1176,957,427,0
351,1006,1666,1176,960,431,0
351,1006,1666,1176,961,432,0
351,1006,1666,1176,963,434,0
351,1006,1666,1176,964,436,0
351,1006,1666,1176,965,437,0
351,1006,1666,1176,967,439,0
351,1006,1666,1176,968,441,0
351,1006,1666,1176,969,442,0
351,1006,1666,1176,969,443,0
351,1006,1666,1176,971,445,0
351,1006,1666,1176,973,447,0
351,1006,1666,1176,974,450,0
351,1006,1666,1176,976,452,0
351,1006,1666,1176,976,454,0
351,1006,1666,1176,979,457,0
351,1006,1666,1176,980,459,0
351,1006,1666,1176,981,462,0
351,1006,1666,1176,982,464,0
351,1006,1666,1176,983,466,0
351,1006,1666,1176,984,469,0
351,1006,1666,1176,984,470,0
351,1006,1666,1176,985,474,0
351,1006,1666,1176,985,475,0
351,1006,1666,1176,985,477,0
351,1006,1666,1176,986,481,0
351,1006,1666,1176,986,484,0
351,1006,1666,1176,987,486,0
351,1006,1666,1176,987,491,0
351,1006,1666,1176,987,494,0
351,1006,1666,1176,987,498,0
351,1006,1666,1176,987,501,0
351,1006,1666,1176,987,503,0
351,1006,1666,1176,987,507,0
351,1006,1666,1176,987,509,0
351,1006,1666,1176,987,511,0
351,1006,1666,1176,986,516,0
351,1006,1666,1176,986,518,0
351,1006,1666,1176,985,523,0
351,1006,1666,1176,985,526,0
351,1006,1666,1176,985,529,0
351,1006,1666,1176,984,534,0
351,1006,1666,1176,983,536,0
351,1006,1666,1176,982,539,0
351,1006,1666,1176,981,545,0
351,1006,1666,1176,980,549,0
351,1006,1666,1176,979,554,0
351,1006,1666,1176,978,557,0
351,1006,1666,1176,978,560,0
351,1006,1666,1176,977,564,0
351,1006,1666,1176,976,566,0
351,1006,1666,1176,975,571,0
351,1006,1666,1176,974,574,0
351,1006,1666,1176,973,578,0
351,1006,1666,1176,971,585,0
351,1006,1666,1176,969,588,0
351,1006,1666,1176,967,594,0
351,1006,1666,1176,965,597,0
351,1006,1666,1176,964,599,0
351,1006,1666,1176,962,604,0
351,1006,1666,1176,961,607,0
351,1006,1666,1176,960,609,0
351,1006,1666,1176,958,613,0
351,1006,1666,1176,957,615,0
351,1006,1666,1176,954,619,0
351,1006,1666,1176,953,622,0
351,1006,1666,1176,951,626,0
351,1006,1666,1176,950,628,0
351,1006,1666,1176,948,633,0
351,1006,1666,1176,946,635,0
351,1006,1666,1176,943,640,0
351,1006,1666,1176,941,643,0
351,1006,1666,1176,940,646,0
351,1006,1666,1176,936,652,0
351,1006,1666,1176,934,655,0
351,1006,1666,1176,932,658,0
351,1006,1666,1176,928,663,0
351,1006,1666,1176,926,665,0
351,1006,1666,1176,922,672,0
351,1006,1666,1176,920,674,0
351,1006,1666,1176,918,677,0
351,1006,1666,1176,913,685,0
351,1006,1666,1176,910,688,0
351,1006,1666,1176,908,691,0
351,1006,1666,1176,902,696,0
351,1006,1666,1176,900,699,0
351,1006,1666,1176,894,704,0
351,1006,1666,1176,891,707,0
351,1006,1666,1176,888,710,0
351,1006,1666,1176,882,715,0
351,1006,1666,1176,877,717,0
351,1006,1666,1176,872,724,0
351,1006,1666,1176,869,726,0
351,1006,1666,1176,865,728,0
351,1006,1666,1176,857,733,0
351,1006,1666,1176,853,736,0
351,1006,1666,1176,845,741,0
351,1006,1666,1176,840,744,0
351,1006,1666,1176,837,747,0
351,1006,1666,1176,830,751,0
351,1006,1666,1176,826,754,0
351,1006,1666,1176,818,758,0
351,1006,1666,1176,813,760,0
351,1006,1666,1176,810,763,0
351,1006,1666,1176,804,767,0
351,1006,1666,1176,801,769,0
351,1006,1666,1176,793,774,0
351,1006,1666,1176,789,776,0
351,1006,1666,1176,786,778,0
351,1006,1666,1176,782,780,0
351,1006,1666,1176,776,783,0
351,1006,1666,1176,773,784,0
351,1006,1666,1176,766,789,0
351,1006,1666,1176,763,791,0
351,1006,1666,1176,759,793,0
351,1006,1666,1176,749,799,0
351,1006,1666,1176,745,803,0
351,1006,1666,1176,736,809,0
351,1006,1666,1176,732,812,0
351,1006,1666,1176,722,817,0
351,1006,1666,1176,718,822,0
351,1006,1666,1176,706,830,0
351,1006,1666,1176,700,834,0
351,1006,1666,1176,693,838,0
351,1006,1666,1176,680,847,0
351,1006,1666,1176,677,849,0
351,1006,1666,1176,668,856,0
351,1006,1666,1176,664,858,0
351,1006,1666,1176,660,861,0
351,1006,1666,1176,653,866,0
351,1006,1666,1176,648,868,0
351,1006,1666,1176,640,873,0
351,1006,1666,1176,637,875,0
351,1006,1666,1176,633,878,0
351,1006,1666,1176,627,881,0
351,1006,1666,1176,625,883,0
351,1006,1666,1176,623,884,0
351,1006,1666,1176,617,887,0
351,1006,1666,1176,615,888,0
351,1006,1666,1176,613,890,0
351,1006,1666,1176,609,892,0
351,1006,1666,1176,607,894,0
351,1006,1666,1176,604,896,0
351,1006,1666,1176,598,900,0
351,1006,1666,1176,595,902,0
351,1006,1666,1176,591,904,0
351,1006,1666,1176,585,908,0
351,1006,1666,1176,580,912,0
351,1006,1666,1176,576,914,0
351,1006,1666,1176,573,917,0
351,1006,1666,1176,571,918,0
351,1006,1666,1176,569,919,0
351,1006,1666,1176,564,922,0
351,1006,1666,1176,561,924,0
351,1006,1666,1176,557,927,0
351,1006,1666,1176,555,928,0
351,1006,1666,1176,553,930,0
351,1006,1666,1176,549,932,0
351,1006,1666,1176,548,933,0
351,1006,1666,1176,546,935,0
351,1006,1666,1176,542,937,0
351,1006,1666,1176,538,940,0
351,1006,1666,1176,533,943,0
351,1006,1666,1176,530,945,0
351,1006,1666,1176,528,947,0
351,1006,1666,1176,524,949,0
351,1006,1666,1176,522,950,0
351,1006,1666,1176,519,951,0
351,1006,1666,1176,518,952,0
351,1006,1666,1176,517,952,0
351,1006,1666,1176,514,954,0
351,1006,1666,1176,512,955,0
351,1006,1666,1176,510,956,0
351,1006,1666,1176,507,958,0
351,1006,1666,1176,505,959,0
351,1006,1666,1176,504,960,0
351,1006,1666,1176,500,962,0
351,1006,1666,1176,499,964,0
351,1006,1666,1176,497,965,0
351,1006,1666,1176,495,966,0
351,1006,1666,1176,494,967,0
351,1006,1666,1176,493,967,0
351,1006,1666,1176,492,969,0
351,1006,1666,1176,492,969,0
351,1006,1666,1176,492,969,0
351,1006,1666,1176,492,969,0
351,1006,1666,1176,492,969,0
351,1006,1666,1176,492,969,0
351,1006,1666,1176,492,969,0
351,1006,1666,1176,492,969,0
351,1006,1666,1176,489,973,0
351,1006,1666,1176,486,976,0
351,1006,1666,1176,482,983,0
351,1006,1666,1176,480,985,0
351,1006,1666,1176,476,991,0
351,1006,1666,1176,474,993,0
351,1006,1666,1176,472,995,0
351,1006,1666,1176,471,997,0
351,1006,1666,1176,470,998,0
351,1006,1666,1176,469,999,0
351,1006,1666,1176,468,1001,0
351,1006,1666,1176,468,1002,0
351,1006,1666,1176,466,1005,0
351,1006,1666,1176,464,1006,0
351,1006,1666,1176,463,1008,0
351,1006,1666,1176,462,1009,0
351,1006,1666,1176,461,1009,0
351,1006,1666,1176,461,1010,0
351,1006,1666,1176,461,1010,0
351,1006,1666,1176,461,1010,0
351,1006,1666,1176,460,1011,0
351,1006,1666,1176,460,1011,0
351,1006,1666,1176,460,1011,0
351,1006,1666,1176,459,1012,0
351,1006,1666,1176,458,1013,0
351,1006,1666,1176,455,1015,0
351,1006,1666,1176,455,1016,0
351,1006,1666,1176,453,1017,0
351,1006,1666,1176,451,1019,0
351,1006,1666,1176,449,1020,0
351,1006,1666,1176,447,1021,0
351,1006,1666,1176,447,1022,0
351,1006,1666,1176,445,1023,0
351,1006,1666,1176,444,1024,0
351,1006,1666,1176,442,1026,0
351,1006,1666,1176,441,1026,0
351,1006,1666,1176,441,1027,0
351,1006,1666,1176,440,1028,0
351,1006,1666,1176,438,1029,0
351,1006,1666,1176,438,1030,0
351,1006,1666,1176,435,1033,0
351,1006,1666,1176,434,1034,0
351,1006,1666,1176,432,1037,0
351,1006,1666,1176,430,1038,0
351,1006,1666,1176,429,1040,0
351,1006,1666,1176,427,1043,0
351,1006,1666,1176,425,1045,0
351,1006,1666,1176,424,1047,0
351,1006,1666,1176,423,1048,0
351,1006,1666,1176,423,1048,0
351,1006,1666,1176,422,1049,0
351,1006,1666,1176,421,1051,0
351,1006,1666,1176,420,1052,0
351,1006,1666,1176,419,1052,0
351,1006,1666,1176,419,1053,0
351,1006,1666,1176,419,1053,0
351,1006,1666,1176,418,1053,0
351,1006,1666,1176,415,1054,0
351,1006,1666,1176,414,1055,0
351,1006,1666,1176,410,1057,0
351,1006,1666,1176,409,1058,0
351,1006,1666,1176,407,1060,0
351,1006,1666,1176,405,1062,0
351,1006,1666,1176,404,1064,0
351,1006,1666,1176,403,1065,0
351,1006,1666,1176,401,1068,0
351,1006,1666,1176,400,1069,0
351,1006,1666,1176,400,1070,0
351,1006,1666,1176,400,1070,0
351,1006,1666,1176,400,1070,0
351,1006,1666,1176,400,1070,0
351,1006,1666,1176,400,1070,0
351,1006,1666,1176,400,1070,0
351,1006,1666,1176,400,1071,0
351,1006,1666,1176,399,1073,0
351,1006,1666,1176,398,1076,0
351,1006,1666,1176,398,1076,0
351,1006,1666,1176,398,1078,0
351,1006,1666,1176,398,1078,0
351,1006,1666,1176,398,1078,0
351,1006,1666,1176,398,1079,0
351,1006,1666,1176,398,1080,0
351,1006,1666,1176,398,1081,0
351,1006,1666,1176,399,1083,0
351,1006,1666,1176,400,1084,0
351,1006,1666,1176,400,1086,0
351,1006,1666,1176,400,1087,0
351,1006,1666,1176,401,1089,0
351,1006,1666,1176,402,1090,0
351,1006,1666,1176,403,1091,0
351,1006,1666,1176,403,1093,0
351,1006,1666,1176,404,1094,0
351,1006,1666,1176,405,1095,0
351,1006,1666,1176,405,1096,0
351,1006,1666,1176,405,1097,0
351,1006,1666,1176,406,1098,0
351,1006,1666,1176,406,1099,0
351,1006,1666,1176,407,1100,0
351,1006,1666,1176,407,1101,0
351,1006,1666,1176,407,1102,0
351,1006,1666,1176,408,1103,0
351,1006,1666,1176,408,1103,0
351,1006,1666,1176,408,1103,0
351,1006,1666,1176,408,1105,0
351,1006,1666,1176,408,1106,0
351,1006,1666,1176,409,1107,0
351,1006,1666,1176,409,1108,0
351,1006,1666,1176,409,1108,0
351,1006,1666,1176,409,1108,0
351,1006,1666,1176,409,1109,0
351,1006,1666,1176,409,1110,0
351,1006,1666,1176,409,1110,0
351,1006,1666,1176,409,1111,0
351,1006,1666,1176,409,1111,0
351,1006,1666,1176,409,1111,0
351,1006,1666,1176,409,1111,0
351,1006,1666,1176,409,1111,0
351,1006,1666,1176,409,1111,0
351,1006,1666,1176,409,1111,0
351,1006,1666,1176,409,1111,0
351,1006,1666,1176,409,1111,0
351,1006,1666,1176,409,1111,1
351,1006,1666,1176,409,1111,1
351,1006,1666,1176,409,1111,1
351,1006,1666,1176,409,1111,1
351,1006,1666,1176,409,1111,1
351,1006,1666,1176,409,1111,1
351,1006,1666,1176,409,1111,1
351,1006,1666,1176,409,1111,1
351,1006,1666,1176,409,1111,1
351,1006,1666,1176,409,1111,1
351,1006,1666,1176,409,1111,1
351,1006,1666,1176,409,1111,1
351,1006,1666,1176,409,1111,1
351,1006,1666,1176,409,1111,1
351,1006,1666,1176,409,1111,1
351,1006,1666,1176,409,1111,1
351,1006,1666,1176,409,1111,1
351,1006,1666,1176,409,1111,1
351,1006,1666,1176,409,1111,1
351,1006,1666,1176,411,1111,1
351,1006,1666,1176,414,1110,1
351,1006,1666,1176,419,1108,1
351,1006,1666,1176,431,1104,1
351,1006,1666,1176,436,1103,1
351,1006,1666,1176,447,1100,1
351,1006,1666,1176,451,1099,1
351,1006,1666,1176,456,1098,1
351,1006,1666,1176,466,1097,1
351,1006,1666,1176,470,1096,1
351,1006,1666,1176,476,1095,1
351,1006,1666,1176,478,1093,1
351,1006,1666,1176,481,1091,1
351,1006,1666,1176,485,1090,1
351,1006,1666,1176,486,1089,1
351,1006,1666,1176,489,1087,1
351,1006,1666,1176,490,1086,1
351,1006,1666,1176,492,1085,1
351,1006,1666,1176,495,1083,1
351,1006,1666,1176,497,1082,1
351,1006,1666,1176,499,1081,1
351,1006,1666,1176,504,1078,1
351,1006,1666,1176,506,1078,1
351,1006,1666,1176,510,1076,1
351,1006,1666,1176,512,1076,1
351,1006,1666,1176,515,1075,1
351,1006,1666,1176,520,1074,1
351,1006,1666,1176,528,1072,1
351,1006,1666,1176,533,1071,1
351,1006,1666,1176,536,1070,1
351,1006,1666,1176,539,1069,1
351,1006,1666,1176,545,1068,1
351,1006,1666,1176,548,1068,1
351,1006,1666,1176,551,1067,1
351,1006,1666,1176,558,1067,1
351,1006,1666,1176,561,1067,1
351,1006,1666,1176,567,1066,1
351,1006,1666,1176,569,1066,1
351,1006,1666,1176,574,1065,1
351,1006,1666,1176,576,1065,1
351,1006,1666,1176,578,1065,1
351,1006,1666,1176,581,1065,1
351,1006,1666,1176,588,1065,1
351,1006,1666,1176,592,1064,1
351,1006,1666,1176,600,1064,1
351,1006,1666,1176,605,1063,1
351,1006,1666,1176,610,1063,1
351,1006,1666,1176,619,1063,1
351,1006,1666,1176,625,1062,1
351,1006,1666,1176,635,1061,1
351,1006,1666,1176,640,1061,1
351,1006,1666,1176,644,1061,1
351,1006,1666,1176,651,1061,1
351,1006,1666,1176,654,1060,1
351,1006,1666,1176,661,1059,1
351,1006,1666,1176,665,1059,1
351,1006,1666,1176,678,1056,1
351,1006,1666,1176,683,1056,1
351,1006,1666,1176,689,1055,1
351,1006,1666,1176,697,1054,1
351,1006,1666,1176,701,1053,1
351,1006,1666,1176,708,1052,1
351,1006,1666,1176,710,1052,1
351,1006,1666,1176,713,1051,1
351,1006,1666,1176,720,1050,1
351,1006,1666,1176,723,1049,1
351,1006,1666,1176,726,1048,1
351,1006,1666,1176,735,1046,1
351,1006,1666,1176,739,1045,1
351,1006,1666,1176,749,1043,1
351,1006,1666,1176,754,1042,1
351,1006,1666,1176,761,1041,1
351,1006,1666,1176,773,1039,1
351,1006,1666,1176,779,1038,1
351,1006,1666,1176,791,1037,1
351,1006,1666,1176,797,1036,1
351,1006,1666,1176,804,1034,1
351,1006,1666,1176,816,1031,1
351,1006,1666,1176,822,1029,1
351,1006,1666,1176,835,1026,1
351,1006,1666,1176,840,1024,1
351,1006,1666,1176,853,1020,1
351,1006,1666,1176,858,1019,1
351,1006,1666,1176,865,1018,1
351,1006,1666,1176,876,1014,1
351,1006,1666,1176,882,1013,1
351,1006,1666,1176,893,1009,1
351,1006,1666,1176,899,1009,1
351,1006,1666,1176,912,1007,1
351,1006,1666,1176,925,1004,1
351,1006,1666,1176,933,1003,1
351,1006,1666,1176,949,1000,1
351,1006,1666,1176,954,999,1
351,1006,1666,1176,961,999,1
351,1006,1666,1176,968,998,1
351,1006,1666,1176,972,997,1
351,1006,1666,1176,974,997,1
351,1006,1666,1176,980,996,1
351,1006,1666,1176,984,994,1
351,1006,1666,1176,993,993,1
351,1006,1666,1176,996,992,1
351,1006,1666,1176,1000,992,1
351,1006,1666,1176,1007,990,1
351,1006,1666,1176,1009,990,1
351,1006,1666,1176,1013,989,1
351,1006,1666,1176,1014,988,1
351,1006,1666,1176,1016,988,1
351,1006,1666,1176,1021,987,1
351,1006,1666,1176,1023,987,1
351,1006,1666,1176,1029,986,1
351,1006,1666,1176,1032,986,1
351,1006,1666,1176,1036,985,1
351,1006,1666,1176,1043,984,1
351,1006,1666,1176,1047,983,1
351,1006,1666,1176,1055,982,1
351,1006,1666,1176,1059,981,1
351,1006,1666,1176,1063,980,1
351,1006,1666,1176,1073,978,1
351,1006,1666,1176,1077,978,1
351,1006,1666,1176,1083,977,1
351,1006,1666,1176,1092,976,1
351,1006,1666,1176,1096,975,1
351,1006,1666,1176,1104,974,1
351,1006,1666,1176,1106,974,1
351,1006,1666,1176,1108,972,1
351,1006,1666,1176,1114,971,1
351,1006,1666,1176,1117,971,1
351,1006,1666,1176,1123,970,1
351,1006,1666,1176,1127,969,1
351,1006,1666,1176,1130,969,1
351,1006,1666,1176,1137,968,1
351,1006,1666,1176,1141,967,1
351,1006,1666,1176,1149,967,1
351,1006,1666,1176,1153,967,1
351,1006,1666,1176,1162,967,1
351,1006,1666,1176,1166,967,1
351,1006,1666,1176,1170,967,1
351,1006,1666,1176,1182,966,1
351,1006,1666,1176,1186,966,1
351,1006,1666,1176,1198,966,1
351,1006,1666,1176,1202,966,1
351,1006,1666,1176,1208,965,1
351,1006,1666,1176,1215,965,1
351,1006,1666,1176,1228,964,1
351,1006,1666,1176,1236,964,1
351,1006,1666,1176,1252,964,1
351,1006,1666,1176,1257,964,1
351,1006,1666,1176,1262,963,1
351,1006,1666,1176,1263,963,1
351,1006,1666,1176,1263,963,1
351,1006,1666,1176,1263,963,1
351,1006,1666,1176,1263,963,1
351,1006,1666,1176,1263,963,1
351,1006,1666,1176,1263,963,1
351,1006,1666,1176,1263,963,1
351,1006,1666,1176,1263,963,1
351,1006,1666,1176,1263,963,1
351,1006,1666,1176,1263,963,1
351,1006,1666,1176,1263,963,1
351,1006,1666,1176,1263,963,1
351,1006,1666,1176,1266,962,1
351,1006,1666,1176,1269,962,1
351,1006,1666,1176,1273,961,1
351,1006,1666,1176,1281,960,1
351,1006,1666,1176,1285,959,1
351,1006,1666,1176,1288,959,1
351,1006,1666,1176,1293,957,1
351,1006,1666,1176,1294,957,1
351,1006,1666,1176,1297,956,1
351,1006,1666,1176,1299,955,1
351,1006,1666,1176,1300,955,1
351,1006,1666,1176,1303,955,1
351,1006,1666,1176,1305,954,1
351,1006,1666,1176,1309,954,1
351,1006,1666,1176,1311,954,1
351,1006,1666,1176,1314,953,1
351,1006,1666,1176,1319,952,1
351,1006,1666,1176,1321,952,1
351,1006,1666,1176,1326,951,1
351,1006,1666,1176,1328,950,1
351,1006,1666,1176,1331,949,1
351,1006,1666,1176,1337,947,1
351,1006,1666,1176,1340,947,1
351,1006,1666,1176,1346,946,1
351,1006,1666,1176,1349,945,1
351,1006,1666,1176,1351,945,1
351,1006,1666,1176,1355,945,1
351,1006,1666,1176,1357,944,1
351,1006,1666,1176,1359,944,1
351,1006,1666,1176,1361,943,1
351,1006,1666,1176,1362,943,1
351,1006,1666,1176,1367,942,1
351,1006,1666,1176,1369,942,1
351,1006,1666,1176,1371,941,1
351,1006,1666,1176,1374,940,1
351,1006,1666,1176,1376,940,1
351,1006,1666,1176,1379,939,1
351,1006,1666,1176,1382,939,1
351,1006,1666,1176,1384,938,1
351,1006,1666,1176,1388,938,1
351,1006,1666,1176,1390,937,1
351,1006,1666,1176,1397,936,1
351,1006,1666,1176,1400,935,1
351,1006,1666,1176,1404,935,1
351,1006,1666,1176,1408,934,1
351,1006,1666,1176,1410,933,1
351,1006,1666,1176,1412,933,1
351,1006,1666,1176,1414,932,1
351,1006,1666,1176,1415,931,1
351,1006,1666,1176,1418,931,1
351,1006,1666,1176,1420,931,1
351,1006,1666,1176,1425,930,1
351,1006,1666,1176,1428,929,1
351,1006,1666,1176,1431,928,1
351,1006,1666,1176,1436,927,1
351,1006,1666,1176,1438,926,1
351,1006,1666,1176,1440,926,1
351,1006,1666,1176,1441,925,1
351,1006,1666,1176,1443,925,1
351,1006,1666,1176,1445,925,1
351,1006,1666,1176,1447,924,1
351,1006,1666,1176,1449,924,1
351,1006,1666,1176,1452,923,1
351,1006,1666,1176,1454,923,1
351,1006,1666,1176,1455,922,1
351,1006,1666,1176,1456,922,1
351,1006,1666,1176,1457,920,1
351,1006,1666,1176,1458,920,1
351,1006,1666,1176,1460,919,1
351,1006,1666,1176,1462,917,1
351,1006,1666,1176,1464,916,1
351,1006,1666,1176,1466,914,1
351,1006,1666,1176,1467,913,1
351,1006,1666,1176,1467,912,1
351,1006,1666,1176,1467,912,1
351,1006,1666,1176,1467,912,1
351,1006,1666,1176,1467,912,1
351,1006,1666,1176,1467,912,1
351,1006,1666,1176,1467,912,1
351,1006,1666,1176,1468,912,1
351,1006,1666,1176,1468,910,1
351,1006,1666,1176,1469,907,1
351,1006,1666,1176,1470,907,1
351,1006,1666,1176,1471,906,1
351,1006,1666,1176,1473,905,1
351,1006,1666,1176,1474,904,1
351,1006,1666,1176,1474,904,1
351,1006,1666,1176,1474,904,1
351,1006,1666,1176,1474,904,1
351,1006,1666,1176,1474,904,1
351,1006,1666,1176,1475,903,1
351,1006,1666,1176,1475,903,1
351,1006,1666,1176,1475,903,1
351,1006,1666,1176,1475,903,1
351,1006,1666,1176,1476,901,1
351,1006,1666,1176,1477,900,1
351,1006,1666,1176,1477,900,1
351,1006,1666,1176,1479,899,1
351,1006,1666,1176,1480,898,1
351,1006,1666,1176,1481,897,1
351,1006,1666,1176,1481,897,1
351,1006,1666,1176,1482,896,1
351,1006,1666,1176,1482,896,1
351,1006,1666,1176,1482,895,1
351,1006,1666,1176,1482,894,1
351,1006,1666,1176,1483,893,1
351,1006,1666,1176,1483,893,1
351,1006,1666,1176,1485,891,1
351,1006,1666,1176,1486,891,1
351,1006,1666,1176,1486,891,1
351,1006,1666,1176,1486,890,1
351,1006,1666,1176,1486,890,1
351,1006,1666,1176,1486,890,1
351,1006,1666,1176,1486,890,1
351,1006,1666,1176,1486,890,1
351,1006,1666,1176,1486,890,1
351,1006,1666,1176,1486,890,1
351,1006,1666,1176,1486,890,1
351,1006,1666,1176,1486,890,1
351,1006,1666,1176,1486,890,1
351,1006,1666,1176,1486,890,1
351,1006,1666,1176,1486,890,1
351,1006,1666,1176,1486,890,1
351,1006,1666,1176,1486,890,1
351,1006,1666,1176,1486,890,1
351,1006,1666,1176,1486,890,1
351,1006,1666,1176,1486,890,1
351,1006,1666,1176,1486,890,1
351,1006,1666,1176,1486,890,1
351,1006,1666,1176,1486,890,1
351,1006,1666,1176,1486,890,1
351,1006,1666,1176,1485,888,1
351,1006,1666,1176,1485,887,1
351,1006,1666,1176,1485,887,1
351,1006,1666,1176,1485,887,1
351,1006,1666,1176,1485,887,1
351,1006,1666,1176,1485,887,1
351,1006,1666,1176,1485,887,1
351,1006,1666,1176,1485,887,1
351,1006,1666,1176,1485,887,1
351,1006,1666,1176,1485,887,1
351,1006,1666,1176,1485,887,1
351,1006,1666,1176,1485,887,1
351,1006,1666,1176,1485,887,1
351,1006,1666,1176,1485,887,1
351,1006,1666,1176,1484,886,1
351,1006,1666,1176,1484,886,1
351,1006,1666,1176,1484,885,1
351,1006,1666,1176,1484,885,1
351,1006,1666,1176,1484,885,1
351,1006,1666,1176,1484,885,1
351,1006,1666,1176,1484,885,1
351,1006,1666,1176,1484,885,1
351,1006,1666,1176,1484,885,1
351,1006,1666,1176,1484,885,0
351,1006,1666,1176,1483,885,0
351,1006,1666,1176,1483,885,0
351,1006,1666,1176,1483,884,0
351,1006,1666,1176,1483,884,0
351,1006,1666,1176,1483,884,0
351,1006,1666,1176,1483,884,0
351,1006,1666,1176,1483,884,0
351,1006,1666,1176,1483,884,0
351,1006,1666,1176,1483,885,0
351,1006,1666,1176,1483,885,0
351,1006,1666,1176,1483,885,0
351,1006,1666,1176,1483,885,0
351,1006,1666,1176,1483,885,0
351,1006,1666,1176,1483,885,0
351,1006,1666,1176,1483,885,0
351,1006,1666,1176,1483,885,0
351,1006,1666,1176,1483,885,0
351,1006,1666,1176,1483,885,0
351,1006,1666,1176,1482,885,0
351,1006,1666,1176,1481,883,0
351,1006,1666,1176,1480,883,0
351,1006,1666,1176,1478,881,0
351,1006,1666,1176,1473,878,0
351,1006,1666,1176,1471,876,0
351,1006,1666,1176,1468,872,0
351,1006,1666,1176,1467,871,0
351,1006,1666,1176,1465,869,0
351,1006,1666,1176,1463,866,0
351,1006,1666,1176,1462,864,0
351,1006,1666,1176,1461,863,0
351,1006,1666,1176,1459,859,0
351,1006,1666,1176,1458,858,0
351,1006,1666,1176,1457,856,0
351,1006,1666,1176,1454,852,0
351,1006,1666,1176,1453,851,0
351,1006,1666,1176,1451,847,0
351,1006,1666,1176,1450,846,0
351,1006,1666,1176,1447,842,0
351,1006,1666,1176,1447,840,0
351,1006,1666,1176,1446,838,0
351,1006,1666,1176,1443,834,0
351,1006,1666,1176,1441,831,0
351,1006,1666,1176,1438,825,0
351,1006,1666,1176,1436,823,0
351,1006,1666,1176,1434,820,0
351,1006,1666,1176,1431,815,0
351,1006,1666,1176,1430,813,0
351,1006,1666,1176,1427,810,0
351,1006,1666,1176,1425,808,0
351,1006,1666,1176,1423,805,0
351,1006,1666,1176,1419,800,0
351,1006,1666,1176,1416,797,0
351,1006,1666,1176,1414,794,0
351,1006,1666,1176,1409,788,0
351,1006,1666,1176,1407,785,0
351,1006,1666,1176,1403,781,0
351,1006,1666,1176,1401,779,0
351,1006,1666,1176,1399,777,0
351,1006,1666,1176,1396,772,0
351,1006,1666,1176,1395,770,0
351,1006,1666,1176,1393,766,0
351,1006,1666,1176,1392,765,0
351,1006,1666,1176,1390,763,0
351,1006,1666,1176,1387,758,0
351,1006,1666,1176,1385,755,0
351,1006,1666,1176,1381,750,0
351,1006,1666,1176,1380,748,0
351,1006,1666,1176,1376,744,0
351,1006,1666,1176,1375,742,0
351,1006,1666,1176,1373,741,0
351,1006,1666,1176,1370,738,0
351,1006,1666,1176,1369,736,0
351,1006,1666,1176,1367,735,0
351,1006,1666,1176,1364,732,0
351,1006,1666,1176,1363,731,0
351,1006,1666,1176,1360,727,0
351,1006,1666,1176,1358,725,0
351,1006,1666,1176,1356,722,0
351,1006,1666,1176,1349,715,0
351,1006,1666,1176,1345,712,0
351,1006,1666,1176,1337,704,0
351,1006,1666,1176,1334,700,0
351,1006,1666,1176,1331,697,0
351,1006,1666,1176,1327,690,0
351,1006,1666,1176,1324,688,0
351,1006,1666,1176,1321,685,0
351,1006,1666,1176,1316,679,0
351,1006,1666,1176,1314,676,0
351,1006,1666,1176,1309,668,0
351,1006,1666,1176,1306,663,0
351,1006,1666,1176,1299,653,0
351,1006,1666,1176,1295,649,0
351,1006,1666,1176,1292,643,0
351,1006,1666,1176,1285,634,0
351,1006,1666,1176,1283,630,0
351,1006,1666,1176,1278,624,0
351,1006,1666,1176,1276,622,0
351,1006,1666,1176,1273,620,0
351,1006,1666,1176,1271,616,0
351,1006,1666,1176,1270,616,0
351,1006,1666,1176,1267,612,0
351,1006,1666,1176,1264,609,0
351,1006,1666,1176,1260,606,0
351,1006,1666,1176,1251,598,0
351,1006,1666,1176,1247,594,0
351,1006,1666,1176,1241,590,0
351,1006,1666,1176,1234,584,0
351,1006,1666,1176,1231,581,0
351,1006,1666,1176,1224,576,0
351,1006,1666,1176,1222,573,0
351,1006,1666,1176,1217,570,0
351,1006,1666,1176,1208,564,0
351,1006,1666,1176,1203,561,0
351,1006,1666,1176,1195,555,0
351,1006,1666,1176,1191,552,0
351,1006,1666,1176,1186,549,0
351,1006,1666,1176,1180,544,0
351,1006,1666,1176,1176,542,0
351,1006,1666,1176,1171,537,0
351,1006,1666,1176,1167,535,0
351,1006,1666,1176,1164,533,0
351,1006,1666,1176,1159,530,0
351,1006,1666,1176,1157,528,0
351,1006,1666,1176,1155,526,0
351,1006,1666,1176,1154,525,0
351,1006,1666,1176,1153,524,0
351,1006,1666,1176,1149,521,0
351,1006,1666,1176,1147,519,0
351,1006,1666,1176,1145,518,0
351,1006,1666,1176,1142,515,0
351,1006,1666,1176,1140,514,0
351,1006,1666,1176,1137,511,0
351,1006,1666,1176,1136,510,0
351,1006,1666,1176,1135,508,0
351,1006,1666,1176,1133,506,0
351,1006,1666,1176,1130,504,0
351,1006,1666,1176,1127,501,0
351,1006,1666,1176,1126,500,0
351,1006,1666,1176,1124,498,0
351,1006,1666,1176,1121,495,0
351,1006,1666,1176,1120,494,0
351,1006,1666,1176,1116,490,0
351,1006,1666,1176,1114,488,0
351,1006,1666,1176,1111,485,0
351,1006,1666,1176,1110,483,0
351,1006,1666,1176,1109,481,0
351,1006,1666,1176,1106,478,0
351,1006,1666,1176,1105,476,0
351,1006,1666,1176,1102,473,0
351,1006,1666,1176,1101,471,0
351,1006,1666,1176,1099,469,0
351,1006,1666,1176,1098,467,0
351,1006,1666,1176,1096,464,0
351,1006,1666,1176,1095,462,0
351,1006,1666,1176,1091,455,0
351,1006,1666,1176,1089,452,0
351,1006,1666,1176,1087,449,0
351,1006,1666,1176,1085,447,0
351,1006,1666,1176,1083,444,0
351,1006,1666,1176,1082,442,0
351,1006,1666,1176,1080,438,0
351,1006,1666,1176,1078,436,0
351,1006,1666,1176,1077,434,0
351,1006,1666,1176,1074,430,0
351,1006,1666,1176,1073,428,0
351,1006,1666,1176,1072,426,0
351,1006,1666,1176,1071,423,0
351,1006,1666,1176,1070,422,0
351,1006,1666,1176,1069,418,0
351,1006,1666,1176,1069,417,0
351,1006,1666,1176,1067,413,0
351,1006,1666,1176,1066,411,0
351,1006,1666,1176,1065,409,0
351,1006,1666,1176,1064,406,0
351,1006,1666,1176,1063,404,0
351,1006,1666,1176,1063,402,0
351,1006,1666,1176,1062,399,0
351,1006,1666,1176,1062,398,0
351,1006,1666,1176,1062,394,0
351,1006,1666,1176,1061,393,0
351,1006,1666,1176,1062,391,0
351,1006,1666,1176,1061,388,0
351,1006,1666,1176,1061,386,0
351,1006,1666,1176,1061,385,0
351,1006,1666,1176,1061,383,0
351,1006,1666,1176,1061,381,0
351,1006,1666,1176,1061,379,0
351,1006,1666,1176,1061,378,0
351,1006,1666,1176,1061,377,0
351,1006,1666,1176,1061,377,0
351,1006,1666,1176,1061,377,0
351,1006,1666,1176,1061,377,0
351,1006,1666,1176,1061,377,0
351,1006,1666,1176,1061,377,0
351,1006,1666,1176,1061,377,0
351,1006,1666,1176,1061,377,0
351,1006,1666,1176,1061,377,0
351,1006,1666,1176,1061,377,0
351,1006,1666,1176,1061,377,0
351,1006,1666,1176,1061,377,0
351,1006,1666,1176,1061,377,0
351,1006,1666,1176,1061,377,0
351,1006,1666,1176,1061,377,0
351,1006,1666,1176,1061,377,0
351,1006,1666,1176,1061,377,0
