351,1006,1666,1176,920,379,0
351,1006,1666,1176,920,379,0
351,1006,1666,1176,920,379,0
351,1006,1666,1176,920,379,0
351,1006,1666,1176,920,379,0
351,1006,1666,1176,920,379,0
351,1006,1666,1176,920,379,0
351,1006,1666,1176,920,379,0
351,1006,1666,1176,920,379,0
351,1006,1666,1176,920,379,0
351,1006,1666,1176,920,379,0
351,1006,1666,1176,920,379,0
351,1006,1666,1176,920,379,0
351,1006,1666,1176,920,379,0
351,1006,1666,1176,920,379,0
351,1006,1666,1176,920,379,0
351,1006,1666,1176,920,379,0
351,1006,1666,1176,920,379,0
351,1006,1666,1176,920,379,0
351,1006,1666,1176,920,379,0
351,1006,1666,1176,920,379,0
351,1006,1666,1176,920,379,0
351,1006,1666,1176,920,379,0
351,1006,1666,1176,920,379,0
351,1006,1666,1176,919,381,0
351,1006,1666,1176,917,384,0
351,1006,1666,1176,912,395,0
351,1006,1666,1176,908,399,0
351,1006,1666,1176,902,408,0
351,1006,1666,1176,899,411,0
351,1006,1666,1176,896,414,0
351,1006,1666,1176,890,421,0
351,1006,1666,1176,887,424,0
351,1006,1666,1176,884,430,0
351,1006,1666,1176,882,433,0
351,1006,1666,1176,878,437,0
351,1006,1666,1176,871,444,0
351,1006,1666,1176,869,448,0
351,1006,1666,1176,866,451,0
351,1006,1666,1176,859,458,0
351,1006,1666,1176,857,460,0
351,1006,1666,1176,851,465,0
351,1006,1666,1176,848,468,0
351,1006,1666,1176,846,470,0
351,1006,1666,1176,841,476,0
351,1006,1666,1176,838,479,0
351,1006,1666,1176,832,487,0
351,1006,1666,1176,828,490,0
351,1006,1666,1176,822,499,0
351,1006,1666,1176,819,502,0
351,1006,1666,1176,813,509,0
351,1006,1666,1176,811,512,0
351,1006,1666,1176,809,516,0
351,1006,1666,1176,803,522,0
351,1006,1666,1176,800,526,0
351,1006,1666,1176,794,535,0
351,1006,1666,1176,790,539,0
351,1006,1666,1176,787,544,0
351,1006,1666,1176,781,553,0
351,1006,1666,1176,778,558,0
351,1006,1666,1176,773,566,0
351,1006,1666,1176,770,571,0
351,1006,1666,1176,767,575,0
351,1006,1666,1176,760,586,0
351,1006,1666,1176,757,592,0
351,1006,1666,1176,752,598,0
351,1006,1666,1176,744,609,0
351,1006,1666,1176,741,615,0
351,1006,1666,1176,737,620,0
351,1006,1666,1176,731,628,0
351,1006,1666,1176,727,631,0
351,1006,1666,1176,722,638,0
351,1006,1666,1176,720,640,0
351,1006,1666,1176,716,642,0
351,1006,1666,1176,711,648,0
351,1006,1666,1176,708,651,0
351,1006,1666,1176,701,657,0
351,1006,1666,1176,698,659,0
351,1006,1666,1176,692,666,0
351,1006,1666,1176,688,668,0
351,1006,1666,1176,685,671,0
351,1006,1666,1176,680,675,0
351,1006,1666,1176,678,678,0
351,1006,1666,1176,673,682,0
351,1006,1666,1176,669,685,0
351,1006,1666,1176,666,687,0
351,1006,1666,1176,660,692,0
351,1006,1666,1176,655,696,0
351,1006,1666,1176,651,698,0
351,1006,1666,1176,643,704,0
351,1006,1666,1176,637,709,0
351,1006,1666,1176,633,712,0
351,1006,1666,1176,623,720,0
351,1006,1666,1176,619,723,0
351,1006,1666,1176,610,732,0
351,1006,1666,1176,606,735,0
351,1006,1666,1176,602,739,0
351,1006,1666,1176,593,747,0
351,1006,1666,1176,588,750,0
351,1006,1666,1176,581,759,0
351,1006,1666,1176,576,763,0
351,1006,1666,1176,569,770,0
351,1006,1666,1176,565,774,0
351,1006,1666,1176,563,777,0
351,1006,1666,1176,556,783,0
351,1006,1666,1176,553,785,0
351,1006,1666,1176,550,788,0
351,1006,1666,1176,544,792,0
351,1006,1666,1176,541,796,0
351,1006,1666,1176,535,800,0
351,1006,1666,1176,533,802,0
351,1006,1666,1176,529,805,0
351,1006,1666,1176,527,806,0
351,1006,1666,1176,525,808,0
351,1006,1666,1176,521,810,0
351,1006,1666,1176,519,811,0
351,1006,1666,1176,518,812,0
351,1006,1666,1176,514,814,0
351,1006,1666,1176,512,815,0
351,1006,1666,1176,510,816,0
351,1006,1666,1176,506,819,0
351,1006,1666,1176,505,820,0
351,1006,1666,1176,501,823,0
351,1006,1666,1176,499,825,0
351,1006,1666,1176,498,826,0
351,1006,1666,1176,494,829,0
351,1006,1666,1176,493,830,0
351,1006,1666,1176,489,834,0
351,1006,1666,1176,487,835,0
351,1006,1666,1176,485,837,0
351,1006,1666,1176,480,842,0
351,1006,1666,1176,478,844,0
351,1006,1666,1176,473,848,0
351,1006,1666,1176,471,850,0
351,1006,1666,1176,469,852,0
351,1006,1666,1176,465,856,0
351,1006,1666,1176,463,858,0
351,1006,1666,1176,459,862,0
351,1006,1666,1176,457,864,0
351,1006,1666,1176,452,868,0
351,1006,1666,1176,450,869,0
351,1006,1666,1176,448,871,0
351,1006,1666,1176,445,873,0
351,1006,1666,1176,443,874,0
351,1006,1666,1176,442,876,0
351,1006,1666,1176,439,878,0
351,1006,1666,1176,438,879,0
351,1006,1666,1176,435,881,0
351,1006,1666,1176,434,883,0
351,1006,1666,1176,432,884,0
351,1006,1666,1176,430,886,0
351,1006,1666,1176,428,887,0
351,1006,1666,1176,428,888,0
351,1006,1666,1176,426,889,0
351,1006,1666,1176,426,889,0
351,1006,1666,1176,424,891,0
351,1006,1666,1176,423,891,0
351,1006,1666,1176,421,893,0
351,1006,1666,1176,420,893,0
351,1006,1666,1176,418,894,0
351,1006,1666,1176,416,896,0
351,1006,1666,1176,415,896,0
351,1006,1666,1176,414,897,0
351,1006,1666,1176,412,898,0
351,1006,1666,1176,412,899,0
351,1006,1666,1176,409,900,0
351,1006,1666,1176,408,901,0
351,1006,1666,1176,407,902,0
351,1006,1666,1176,404,904,0
351,1006,1666,1176,402,905,0
351,1006,1666,1176,399,908,0
351,1006,1666,1176,398,909,0
351,1006,1666,1176,397,910,0
351,1006,1666,1176,394,912,0
351,1006,1666,1176,392,913,0
351,1006,1666,1176,390,914,0
351,1006,1666,1176,389,916,0
351,1006,1666,1176,388,916,0
351,1006,1666,1176,385,918,0
351,1006,1666,1176,384,919,0
351,1006,1666,1176,383,921,0
351,1006,1666,1176,382,921,0
351,1006,1666,1176,381,922,0
351,1006,1666,1176,381,924,0
351,1006,1666,1176,380,925,0
351,1006,1666,1176,379,926,0
351,1006,1666,1176,379,927,0
351,1006,1666,1176,379,927,0
351,1006,1666,1176,378,929,0
351,1006,1666,1176,378,929,0
351,1006,1666,1176,378,929,0
351,1006,1666,1176,378,929,0
351,1006,1666,1176,378,929,0
351,1006,1666,1176,378,929,0
351,1006,1666,1176,378,929,0
351,1006,1666,1176,378,929,0
351,1006,1666,1176,378,929,0
351,1006,1666,1176,378,929,0
351,1006,1666,1176,378,929,0
351,1006,1666,1176,378,929,0
351,1006,1666,1176,378,929,0
351,1006,1666,1176,379,929,0
351,1006,1666,1176,379,929,0
351,1006,1666,1176,379,929,0
351,1006,1666,1176,379,929,0
351,1006,1666,1176,379,929,0
351,1006,1666,1176,379,929,0
351,1006,1666,1176,379,929,0
351,1006,1666,1176,379,929,0
351,1006,1666,1176,379,929,0
351,1006,1666,1176,379,929,0
351,1006,1666,1176,379,929,0
351,1006,1666,1176,379,929,0
351,1006,1666,1176,379,929,0
351,1006,1666,1176,379,929,0
351,1006,1666,1176,379,929,0
351,1006,1666,1176,379,929,1
351,1006,1666,1176,379,929,1
351,1006,1666,1176,379,929,1
351,1006,1666,1176,379,929,1
351,1006,1666,1176,379,929,1
351,1006,1666,1176,379,929,1
351,1006,1666,1176,379,929,1
351,1006,1666,1176,379,929,1
351,1006,1666,1176,379,929,1
351,1006,1666,1176,379,929,1
351,1006,1666,1176,379,929,1
351,1006,1666,1176,379,929,1
351,1006,1666,1176,379,929,1
351,1006,1666,1176,379,929,1
351,1006,1666,1176,379,929,1
351,1006,1666,1176,379,929,1
351,1006,1666,1176,379,929,1
351,1006,1666,1176,379,929,1
351,1006,1666,1176,379,929,1
351,1006,1666,1176,379,929,1
351,1006,1666,1176,379,929,1
351,1006,1666,1176,379,929,1
351,1006,1666,1176,379,929,1
351,1006,1666,1176,379,929,1
351,1006,1666,1176,379,929,1
351,1006,1666,1176,379,929,1
351,1006,1666,1176,380,929,1
351,1006,1666,1176,385,929,1
351,1006,1666,1176,388,929,1
351,1006,1666,1176,397,929,1
351,1006,1666,1176,403,929,1
351,1006,1666,1176,409,929,1
351,1006,1666,1176,418,929,1
351,1006,1666,1176,422,929,1
351,1006,1666,1176,428,929,1
351,1006,1666,1176,430,929,1
351,1006,1666,1176,436,928,1
351,1006,1666,1176,439,928,1
351,1006,1666,1176,442,928,1
351,1006,1666,1176,450,927,1
351,1006,1666,1176,453,926,1
351,1006,1666,1176,456,925,1
351,1006,1666,1176,462,925,1
351,1006,1666,1176,464,924,1
351,1006,1666,1176,470,923,1
351,1006,1666,1176,473,923,1
351,1006,1666,1176,477,923,1
351,1006,1666,1176,483,922,1
351,1006,1666,1176,486,922,1
351,1006,1666,1176,491,921,1
351,1006,1666,1176,494,920,1
351,1006,1666,1176,497,920,1
351,1006,1666,1176,503,919,1
351,1006,1666,1176,506,918,1
351,1006,1666,1176,514,917,1
351,1006,1666,1176,518,917,1
351,1006,1666,1176,522,917,1
351,1006,1666,1176,529,916,1
351,1006,1666,1176,532,915,1
351,1006,1666,1176,538,914,1
351,1006,1666,1176,542,914,1
351,1006,1666,1176,545,912,1
351,1006,1666,1176,552,911,1
351,1006,1666,1176,555,911,1
351,1006,1666,1176,562,910,1
351,1006,1666,1176,565,910,1
351,1006,1666,1176,568,910,1
351,1006,1666,1176,574,909,1
351,1006,1666,1176,577,909,1
351,1006,1666,1176,584,908,1
351,1006,1666,1176,587,908,1
351,1006,1666,1176,590,908,1
351,1006,1666,1176,596,907,1
351,1006,1666,1176,599,906,1
351,1006,1666,1176,602,906,1
351,1006,1666,1176,608,905,1
351,1006,1666,1176,611,905,1
351,1006,1666,1176,618,905,1
351,1006,1666,1176,622,904,1
351,1006,1666,1176,625,904,1
351,1006,1666,1176,631,904,1
351,1006,1666,1176,634,904,1
351,1006,1666,1176,640,903,1
351,1006,1666,1176,643,903,1
351,1006,1666,1176,646,903,1
351,1006,1666,1176,652,902,1
351,1006,1666,1176,655,902,1
351,1006,1666,1176,660,902,1
351,1006,1666,1176,664,901,1
351,1006,1666,1176,671,900,1
351,1006,1666,1176,674,900,1
351,1006,1666,1176,677,900,1
351,1006,1666,1176,684,900,1
351,1006,1666,1176,688,900,1
351,1006,1666,1176,696,900,1
351,1006,1666,1176,700,900,1
351,1006,1666,1176,705,899,1
351,1006,1666,1176,714,898,1
351,1006,1666,1176,717,898,1
351,1006,1666,1176,720,898,1
351,1006,1666,1176,727,898,1
351,1006,1666,1176,730,898,1
351,1006,1666,1176,736,898,1
351,1006,1666,1176,739,897,1
351,1006,1666,1176,742,897,1
351,1006,1666,1176,749,896,1
351,1006,1666,1176,751,896,1
351,1006,1666,1176,756,895,1
351,1006,1666,1176,758,895,1
351,1006,1666,1176,761,895,1
351,1006,1666,1176,767,895,1
351,1006,1666,1176,770,895,1
351,1006,1666,1176,778,895,1
351,1006,1666,1176,782,895,1
351,1006,1666,1176,790,895,1
351,1006,1666,1176,794,895,1
351,1006,1666,1176,799,895,1
351,1006,1666,1176,807,895,1
351,1006,1666,1176,811,895,1
351,1006,1666,1176,821,895,1
351,1006,1666,1176,826,895,1
351,1006,1666,1176,831,895,1
351,1006,1666,1176,843,895,1
351,1006,1666,1176,849,895,1
351,1006,1666,1176,856,895,1
351,1006,1666,1176,867,895,1
351,1006,1666,1176,870,895,1
351,1006,1666,1176,879,895,1
351,1006,1666,1176,884,895,1
351,1006,1666,1176,889,896,1
351,1006,1666,1176,897,896,1
351,1006,1666,1176,902,896,1
351,1006,1666,1176,910,898,1
351,1006,1666,1176,913,899,1
351,1006,1666,1176,917,900,1
351,1006,1666,1176,926,900,1
351,1006,1666,1176,930,901,1
351,1006,1666,1176,940,901,1
351,1006,1666,1176,947,902,1
351,1006,1666,1176,957,904,1
351,1006,1666,1176,961,903,1
351,1006,1666,1176,970,903,1
351,1006,1666,1176,971,903,1
351,1006,1666,1176,973,903,1
351,1006,1666,1176,978,903,1
351,1006,1666,1176,981,903,1
351,1006,1666,1176,988,903,1
351,1006,1666,1176,992,903,1
351,1006,1666,1176,995,902,1
351,1006,1666,1176,1003,902,1
351,1006,1666,1176,1006,901,1
351,1006,1666,1176,1014,900,1
351,1006,1666,1176,1019,900,1
351,1006,1666,1176,1024,899,1
351,1006,1666,1176,1029,898,1
351,1006,1666,1176,1040,897,1
351,1006,1666,1176,1043,896,1
351,1006,1666,1176,1050,895,1
351,1006,1666,1176,1053,895,1
351,1006,1666,1176,1057,895,1
351,1006,1666,1176,1064,895,1
351,1006,1666,1176,1070,895,1
351,1006,1666,1176,1083,895,1
351,1006,1666,1176,1091,895,1
351,1006,1666,1176,1098,895,1
351,1006,1666,1176,1110,894,1
351,1006,1666,1176,1116,892,1
351,1006,1666,1176,1127,894,1
351,1006,1666,1176,1131,894,1
351,1006,1666,1176,1138,892,1
351,1006,1666,1176,1150,892,1
351,1006,1666,1176,1156,892,1
351,1006,1666,1176,1169,891,1
351,1006,1666,1176,1173,890,1
351,1006,1666,1176,1175,889,1
351,1006,1666,1176,1176,888,1
351,1006,1666,1176,1177,888,1
351,1006,1666,1176,1177,888,1
351,1006,1666,1176,1177,888,1
351,1006,1666,1176,1178,888,1
351,1006,1666,1176,1183,889,1
351,1006,1666,1176,1187,889,1
351,1006,1666,1176,1191,889,1
351,1006,1666,1176,1198,889,1
351,1006,1666,1176,1202,889,1
351,1006,1666,1176,1208,889,1
351,1006,1666,1176,1211,889,1
351,1006,1666,1176,1217,889,1
351,1006,1666,1176,1220,889,1
351,1006,1666,1176,1225,889,1
351,1006,1666,1176,1228,889,1
351,1006,1666,1176,1232,889,1
351,1006,1666,1176,1234,889,1
351,1006,1666,1176,1236,889,1
351,1006,1666,1176,1239,889,1
351,1006,1666,1176,1241,889,1
351,1006,1666,1176,1243,889,1
351,1006,1666,1176,1248,889,1
351,1006,1666,1176,1252,889,1
351,1006,1666,1176,1260,889,1
351,1006,1666,1176,1263,889,1
351,1006,1666,1176,1266,889,1
351,1006,1666,1176,1274,889,1
351,1006,1666,1176,1278,889,1
351,1006,1666,1176,1281,889,1
351,1006,1666,1176,1289,889,1
351,1006,1666,1176,1295,889,1
351,1006,1666,1176,1303,889,1
351,1006,1666,1176,1307,889,1
351,1006,1666,1176,1312,889,1
351,1006,1666,1176,1319,890,1
351,1006,1666,1176,1324,890,1
351,1006,1666,1176,1330,890,1
351,1006,1666,1176,1334,890,1
351,1006,1666,1176,1338,891,1
351,1006,1666,1176,1347,891,1
351,1006,1666,1176,1352,891,1
351,1006,1666,1176,1359,891,1
351,1006,1666,1176,1363,891,1
351,1006,1666,1176,1366,891,1
351,1006,1666,1176,1373,891,1
351,1006,1666,1176,1377,891,1
351,1006,1666,1176,1386,891,1
351,1006,1666,1176,1391,891,1
351,1006,1666,1176,1402,891,1
351,1006,1666,1176,1409,891,1
351,1006,1666,1176,1415,891,1
351,1006,1666,1176,1422,891,1
351,1006,1666,1176,1432,891,1
351,1006,1666,1176,1435,891,1
351,1006,1666,1176,1438,890,1
351,1006,1666,1176,1440,890,1
351,1006,1666,1176,1444,890,1
351,1006,1666,1176,1446,889,1
351,1006,1666,1176,1456,888,1
351,1006,1666,1176,1459,888,1
351,1006,1666,1176,1462,888,1
351,1006,1666,1176,1465,887,1
351,1006,1666,1176,1465,887,1
351,1006,1666,1176,1465,887,1
351,1006,1666,1176,1465,887,1
351,1006,1666,1176,1465,887,1
351,1006,1666,1176,1465,887,1
351,1006,1666,1176,1469,885,1
351,1006,1666,1176,1471,883,1
351,1006,1666,1176,1474,881,1
351,1006,1666,1176,1474,881,1
351,1006,1666,1176,1475,879,1
351,1006,1666,1176,1476,878,1
351,1006,1666,1176,1476,878,1
351,1006,1666,1176,1479,876,1
351,1006,1666,1176,1480,875,1
351,1006,1666,1176,1481,874,1
351,1006,1666,1176,1482,872,1
351,1006,1666,1176,1482,872,1
351,1006,1666,1176,1482,872,1
351,1006,1666,1176,1482,872,1
351,1006,1666,1176,1483,871,1
351,1006,1666,1176,1484,870,1
351,1006,1666,1176,1484,870,1
351,1006,1666,1176,1485,869,1
351,1006,1666,1176,1486,869,1
351,1006,1666,1176,1487,868,1
351,1006,1666,1176,1488,868,1
351,1006,1666,1176,1489,867,1
351,1006,1666,1176,1490,867,1
351,1006,1666,1176,1490,867,1
351,1006,1666,1176,1490,867,1
351,1006,1666,1176,1492,867,1
351,1006,1666,1176,1493,866,1
351,1006,1666,1176,1497,866,1
351,1006,1666,1176,1498,866,1
351,1006,1666,1176,1502,866,1
351,1006,1666,1176,1504,866,1
351,1006,1666,1176,1505,867,1
351,1006,1666,1176,1506,867,1
351,1006,1666,1176,1506,867,1
351,1006,1666,1176,1506,867,1
351,1006,1666,1176,1506,867,1
351,1006,1666,1176,1506,867,1
351,1006,1666,1176,1506,867,1
351,1006,1666,1176,1506,867,1
351,1006,1666,1176,1506,867,0
351,1006,1666,1176,1506,867,0
351,1006,1666,1176,1506,867,0
351,1006,1666,1176,1506,867,0
351,1006,1666,1176,1506,867,0
351,1006,1666,1176,1506,867,0
351,1006,1666,1176,1506,867,0
351,1006,1666,1176,1506,867,0
351,1006,1666,1176,1506,867,0
351,1006,1666,1176,1506,867,0
351,1006,1666,1176,1506,867,0
351,1006,1666,1176,1505,867,0
351,1006,1666,1176,1505,867,0
351,1006,1666,1176,1505,867,0
351,1006,1666,1176,1505,867,0
351,1006,1666,1176,1505,867,0
351,1006,1666,1176,1505,867,0
351,1006,1666,1176,1505,867,0
351,1006,1666,1176,1505,867,0
351,1006,1666,1176,1505,867,0
351,1006,1666,1176,1505,867,0
351,1006,1666,1176,1505,867,0
351,1006,1666,1176,1505,867,0
351,1006,1666,1176,1505,867,0
351,1006,1666,1176,1503,865,0
351,1006,1666,1176,1500,861,0
351,1006,1666,1176,1490,854,0
351,1006,1666,1176,1486,851,0
351,1006,1666,1176,1478,845,0
351,1006,1666,1176,1476,843,0
351,1006,1666,1176,1473,842,0
351,1006,1666,1176,1468,839,0
351,1006,1666,1176,1466,838,0
351,1006,1666,1176,1461,835,0
351,1006,1666,1176,1458,834,0
351,1006,1666,1176,1456,832,0
351,1006,1666,1176,1452,829,0
351,1006,1666,1176,1450,827,0
351,1006,1666,1176,1446,824,0
351,1006,1666,1176,1444,823,0
351,1006,1666,1176,1443,821,0
351,1006,1666,1176,1439,819,0
351,1006,1666,1176,1438,818,0
351,1006,1666,1176,1437,817,0
351,1006,1666,1176,1433,814,0
351,1006,1666,1176,1431,813,0
351,1006,1666,1176,1425,809,0
351,1006,1666,1176,1423,807,0
351,1006,1666,1176,1419,803,0
351,1006,1666,1176,1417,802,0
351,1006,1666,1176,1415,800,0
351,1006,1666,1176,1412,798,0
351,1006,1666,1176,1411,796,0
351,1006,1666,1176,1408,793,0
351,1006,1666,1176,1406,791,0
351,1006,1666,1176,1404,789,0
351,1006,1666,1176,1400,785,0
351,1006,1666,1176,1398,782,0
351,1006,1666,1176,1396,779,0
351,1006,1666,1176,1390,773,0
351,1006,1666,1176,1387,770,0
351,1006,1666,1176,1381,765,0
351,1006,1666,1176,1379,763,0
351,1006,1666,1176,1377,761,0
351,1006,1666,1176,1373,757,0
351,1006,1666,1176,1371,755,0
351,1006,1666,1176,1367,749,0
351,1006,1666,1176,1364,747,0
351,1006,1666,1176,1362,745,0
351,1006,1666,1176,1358,740,0
351,1006,1666,1176,1356,738,0
351,1006,1666,1176,1354,734,0
351,1006,1666,1176,1353,732,0
351,1006,1666,1176,1352,730,0
351,1006,1666,1176,1350,727,0
351,1006,1666,1176,1348,725,0
351,1006,1666,1176,1345,720,0
351,1006,1666,1176,1343,718,0
351,1006,1666,1176,1339,713,0
351,1006,1666,1176,1337,710,0
351,1006,1666,1176,1335,707,0
351,1006,1666,1176,1330,699,0
351,1006,1666,1176,1328,695,0
351,1006,1666,1176,1324,687,0
351,1006,1666,1176,1322,682,0
351,1006,1666,1176,1319,679,0
351,1006,1666,1176,1313,670,0
351,1006,1666,1176,1310,666,0
351,1006,1666,1176,1306,661,0
351,1006,1666,1176,1300,656,0
351,1006,1666,1176,1299,653,0
351,1006,1666,1176,1298,650,0
351,1006,1666,1176,1298,648,0
351,1006,1666,1176,1297,646,0
351,1006,1666,1176,1295,641,0
351,1006,1666,1176,1294,639,0
351,1006,1666,1176,1290,632,0
351,1006,1666,1176,1288,630,0
351,1006,1666,1176,1285,625,0
351,1006,1666,1176,1283,622,0
351,1006,1666,1176,1281,619,0
351,1006,1666,1176,1278,614,0
351,1006,1666,1176,1276,612,0
351,1006,1666,1176,1274,609,0
351,1006,1666,1176,1270,604,0
351,1006,1666,1176,1266,601,0
351,1006,1666,1176,1259,595,0
351,1006,1666,1176,1256,592,0
351,1006,1666,1176,1251,587,0
351,1006,1666,1176,1247,583,0
351,1006,1666,1176,1245,581,0
351,1006,1666,1176,1240,574,0
351,1006,1666,1176,1237,572,0
351,1006,1666,1176,1229,563,0
351,1006,1666,1176,1226,559,0
351,1006,1666,1176,1222,556,0
351,1006,1666,1176,1215,549,0
351,1006,1666,1176,1212,546,0
351,1006,1666,1176,1210,544,0
351,1006,1666,1176,1207,540,0
351,1006,1666,1176,1204,537,0
351,1006,1666,1176,1199,533,0
351,1006,1666,1176,1197,531,0
351,1006,1666,1176,1194,529,0
351,1006,1666,1176,1189,522,0
351,1006,1666,1176,1185,519,0
351,1006,1666,1176,1181,514,0
351,1006,1666,1176,1179,512,0
351,1006,1666,1176,1175,506,0
351,1006,1666,1176,1172,503,0
351,1006,1666,1176,1169,499,0
351,1006,1666,1176,1162,491,0
351,1006,1666,1176,1157,488,0
351,1006,1666,1176,1153,484,0
351,1006,1666,1176,1151,480,0
351,1006,1666,1176,1148,478,0
351,1006,1666,1176,1143,473,0
351,1006,1666,1176,1141,471,0
351,1006,1666,1176,1136,465,0
351,1006,1666,1176,1133,464,0
351,1006,1666,1176,1131,462,0
351,1006,1666,1176,1126,458,0
351,1006,1666,1176,1124,457,0
351,1006,1666,1176,1122,454,0
351,1006,1666,1176,1117,450,0
351,1006,1666,1176,1115,448,0
351,1006,1666,1176,1111,445,0
351,1006,1666,1176,1110,443,0
351,1006,1666,1176,1108,441,0
351,1006,1666,1176,1104,437,0
351,1006,1666,1176,1102,435,0
351,1006,1666,1176,1099,432,0
351,1006,1666,1176,1096,429,0
351,1006,1666,1176,1094,427,0
351,1006,1666,1176,1091,424,0
351,1006,1666,1176,1089,423,0
351,1006,1666,1176,1086,419,0
351,1006,1666,1176,1085,417,0
351,1006,1666,1176,1084,416,0
351,1006,1666,1176,1081,412,0
351,1006,1666,1176,1079,410,0
351,1006,1666,1176,1075,406,0
351,1006,1666,1176,1072,404,0
351,1006,1666,1176,1070,402,0
351,1006,1666,1176,1067,399,0
351,1006,1666,1176,1066,398,0
351,1006,1666,1176,1064,396,0
351,1006,1666,1176,1063,395,0
351,1006,1666,1176,1061,394,0
351,1006,1666,1176,1059,392,0
351,1006,1666,1176,1058,391,0
351,1006,1666,1176,1057,391,0
351,1006,1666,1176,1057,390,0
351,1006,1666,1176,1057,390,0
351,1006,1666,1176,1057,390,0
351,1006,1666,1176,1057,390,0
351,1006,1666,1176,1057,390,0
351,1006,1666,1176,1057,390,0
351,1006,1666,1176,1057,390,0
351,1006,1666,1176,1056,390,0
351,1006,1666,1176,1055,389,0
351,1006,1666,1176,1055,389,0
351,1006,1666,1176,1055,389,0
