351,1006,1666,1176,891,377,0
351,1006,1666,1176,891,377,0
351,1006,1666,1176,891,377,0
351,1006,1666,1176,891,377,0
351,1006,1666,1176,891,377,0
351,1006,1666,1176,891,377,0
351,1006,1666,1176,891,377,0
351,1006,1666,1176,891,377,0
351,1006,1666,1176,891,377,0
351,1006,1666,1176,891,377,0
351,1006,1666,1176,891,377,0
351,1006,1666,1176,891,377,0
351,1006,1666,1176,891,377,0
351,1006,1666,1176,891,377,0
351,1006,1666,1176,891,377,0
351,1006,1666,1176,891,377,0
351,1006,1666,1176,891,377,0
351,1006,1666,1176,891,377,0
351,1006,1666,1176,891,377,0
351,1006,1666,1176,891,377,0
351,1006,1666,1176,891,377,0
351,1006,1666,1176,891,377,0
351,1006,1666,1176,891,377,0
351,1006,1666,1176,891,377,0
351,1006,1666,1176,891,377,0
351,1006,1666,1176,891,377,0
351,1006,1666,1176,891,377,0
351,1006,1666,1176,891,377,0
351,1006,1666,1176,891,377,0
351,1006,1666,1176,891,378,0
351,1006,1666,1176,891,378,0
351,1006,1666,1176,891,378,0
351,1006,1666,1176,890,379,0
351,1006,1666,1176,886,388,0
351,1006,1666,1176,884,393,0
351,1006,1666,1176,882,399,0
351,1006,1666,1176,881,400,0
351,1006,1666,1176,880,402,0
351,1006,1666,1176,879,405,0
351,1006,1666,1176,878,407,0
351,1006,1666,1176,877,409,0
351,1006,1666,1176,876,410,0
351,1006,1666,1176,876,411,0
351,1006,1666,1176,875,413,0
351,1006,1666,1176,874,414,0
351,1006,1666,1176,873,418,0
351,1006,1666,1176,871,420,0
351,1006,1666,1176,870,423,0
351,1006,1666,1176,865,428,0
351,1006,1666,1176,863,430,0
351,1006,1666,1176,861,432,0
351,1006,1666,1176,858,436,0
351,1006,1666,1176,857,437,0
351,1006,1666,1176,856,439,0
351,1006,1666,1176,855,441,0
351,1006,1666,1176,854,443,0
351,1006,1666,1176,854,444,0
351,1006,1666,1176,852,446,0
351,1006,1666,1176,850,449,0
351,1006,1666,1176,849,451,0
351,1006,1666,1176,848,454,0
351,1006,1666,1176,847,455,0
351,1006,1666,1176,846,458,0
351,1006,1666,1176,845,461,0
351,1006,1666,1176,845,462,0
351,1006,1666,1176,844,464,0
351,1006,1666,1176,843,466,0
351,1006,1666,1176,842,466,0
351,1006,1666,1176,840,470,0
351,1006,1666,1176,838,471,0
351,1006,1666,1176,834,474,0
351,1006,1666,1176,833,476,0
351,1006,1666,1176,831,478,0
351,1006,1666,1176,828,481,0
351,1006,1666,1176,827,483,0
351,1006,1666,1176,824,487,0
351,1006,1666,1176,821,488,0
351,1006,1666,1176,819,490,0
351,1006,1666,1176,813,494,0
351,1006,1666,1176,810,496,0
351,1006,1666,1176,808,499,0
351,1006,1666,1176,803,503,0
351,1006,1666,1176,801,504,0
351,1006,1666,1176,798,508,0
351,1006,1666,1176,796,509,0
351,1006,1666,1176,794,510,0
351,1006,1666,1176,791,513,0
351,1006,1666,1176,790,514,0
351,1006,1666,1176,785,516,0
351,1006,1666,1176,783,518,0
351,1006,1666,1176,779,522,0
351,1006,1666,1176,777,524,0
351,1006,1666,1176,775,526,0
351,1006,1666,1176,771,529,0
351,1006,1666,1176,769,531,0
351,1006,1666,1176,764,535,0
351,1006,1666,1176,762,537,0
351,1006,1666,1176,760,539,0
351,1006,1666,1176,754,544,0
351,1006,1666,1176,747,549,0
351,1006,1666,1176,744,552,0
351,1006,1666,1176,741,554,0
351,1006,1666,1176,735,560,0
351,1006,1666,1176,733,561,0
351,1006,1666,1176,728,566,0
351,1006,1666,1176,726,569,0
351,1006,1666,1176,723,572,0
351,1006,1666,1176,717,577,0
351,1006,1666,1176,715,579,0
351,1006,1666,1176,711,583,0
351,1006,1666,1176,709,585,0
351,1006,1666,1176,705,590,0
351,1006,1666,1176,703,592,0
351,1006,1666,1176,698,597,0
351,1006,1666,1176,697,599,0
351,1006,1666,1176,694,601,0
351,1006,1666,1176,690,605,0
351,1006,1666,1176,688,608,0
351,1006,1666,1176,684,612,0
351,1006,1666,1176,682,614,0
351,1006,1666,1176,680,616,0
351,1006,1666,1176,675,620,0
351,1006,1666,1176,672,622,0
351,1006,1666,1176,666,627,0
351,1006,1666,1176,664,630,0
351,1006,1666,1176,662,632,0
351,1006,1666,1176,658,635,0
351,1006,1666,1176,657,637,0
351,1006,1666,1176,654,640,0
351,1006,1666,1176,653,641,0
351,1006,1666,1176,651,643,0
351,1006,1666,1176,648,647,0
351,1006,1666,1176,646,649,0
351,1006,1666,1176,642,654,0
351,1006,1666,1176,641,656,0
351,1006,1666,1176,639,657,0
351,1006,1666,1176,636,663,0
351,1006,1666,1176,635,666,0
351,1006,1666,1176,630,671,0
351,1006,1666,1176,628,674,0
351,1006,1666,1176,625,678,0
351,1006,1666,1176,621,685,0
351,1006,1666,1176,618,689,0
351,1006,1666,1176,614,694,0
351,1006,1666,1176,612,697,0
351,1006,1666,1176,610,700,0
351,1006,1666,1176,605,705,0
351,1006,1666,1176,603,708,0
351,1006,1666,1176,601,710,0
351,1006,1666,1176,598,716,0
351,1006,1666,1176,596,719,0
351,1006,1666,1176,592,724,0
351,1006,1666,1176,590,727,0
351,1006,1666,1176,587,732,0
351,1006,1666,1176,585,734,0
351,1006,1666,1176,584,737,0
351,1006,1666,1176,582,740,0
351,1006,1666,1176,581,742,0
351,1006,1666,1176,578,746,0
351,1006,1666,1176,576,748,0
351,1006,1666,1176,574,750,0
351,1006,1666,1176,571,755,0
351,1006,1666,1176,570,757,0
351,1006,1666,1176,567,762,0
351,1006,1666,1176,565,765,0
351,1006,1666,1176,563,767,0
351,1006,1666,1176,559,771,0
351,1006,1666,1176,558,773,0
351,1006,1666,1176,554,778,0
351,1006,1666,1176,553,780,0
351,1006,1666,1176,551,782,0
351,1006,1666,1176,548,787,0
351,1006,1666,1176,547,790,0
351,1006,1666,1176,543,795,0
351,1006,1666,1176,541,798,0
351,1006,1666,1176,539,802,0
351,1006,1666,1176,535,810,0
351,1006,1666,1176,533,815,0
351,1006,1666,1176,528,822,0
351,1006,1666,1176,524,826,0
351,1006,1666,1176,523,829,0
351,1006,1666,1176,520,834,0
351,1006,1666,1176,519,837,0
351,1006,1666,1176,516,842,0
351,1006,1666,1176,515,845,0
351,1006,1666,1176,511,851,0
351,1006,1666,1176,508,854,0
351,1006,1666,1176,506,857,0
351,1006,1666,1176,503,862,0
351,1006,1666,1176,501,864,0
351,1006,1666,1176,498,868,0
351,1006,1666,1176,496,870,0
351,1006,1666,1176,495,872,0
351,1006,1666,1176,492,875,0
351,1006,1666,1176,490,877,0
351,1006,1666,1176,487,881,0
351,1006,1666,1176,485,883,0
351,1006,1666,1176,484,885,0
351,1006,1666,1176,482,888,0
351,1006,1666,1176,481,889,0
351,1006,1666,1176,481,890,0
351,1006,1666,1176,479,893,0
351,1006,1666,1176,477,895,0
351,1006,1666,1176,475,898,0
351,1006,1666,1176,473,899,0
351,1006,1666,1176,471,901,0
351,1006,1666,1176,469,905,0
351,1006,1666,1176,467,907,0
351,1006,1666,1176,465,910,0
351,1006,1666,1176,464,912,0
351,1006,1666,1176,462,915,0
351,1006,1666,1176,461,917,0
351,1006,1666,1176,459,919,0
351,1006,1666,1176,456,923,0
351,1006,1666,1176,454,925,0
351,1006,1666,1176,451,928,0
351,1006,1666,1176,450,930,0
351,1006,1666,1176,449,932,0
351,1006,1666,1176,446,936,0
351,1006,1666,1176,445,938,0
351,1006,1666,1176,442,942,0
351,1006,1666,1176,440,944,0
351,1006,1666,1176,438,948,0
351,1006,1666,1176,433,953,0
351,1006,1666,1176,431,956,0
351,1006,1666,1176,427,961,0
351,1006,1666,1176,425,963,0
351,1006,1666,1176,424,965,0
351,1006,1666,1176,421,968,0
351,1006,1666,1176,420,969,0
351,1006,1666,1176,418,972,0
351,1006,1666,1176,416,973,0
351,1006,1666,1176,414,976,0
351,1006,1666,1176,411,979,0
351,1006,1666,1176,409,981,0
351,1006,1666,1176,405,986,0
351,1006,1666,1176,403,987,0
351,1006,1666,1176,401,990,0
351,1006,1666,1176,396,994,0
351,1006,1666,1176,393,997,0
351,1006,1666,1176,386,1002,0
351,1006,1666,1176,384,1004,0
351,1006,1666,1176,380,1006,0
351,1006,1666,1176,373,1013,0
351,1006,1666,1176,370,1014,0
351,1006,1666,1176,364,1019,0
351,1006,1666,1176,360,1021,0
351,1006,1666,1176,357,1022,0
351,1006,1666,1176,352,1025,0
351,1006,1666,1176,349,1027,0
351,1006,1666,1176,346,1028,0
351,1006,1666,1176,338,1032,0
351,1006,1666,1176,336,1033,0
351,1006,1666,1176,332,1035,0
351,1006,1666,1176,331,1036,0
351,1006,1666,1176,328,1038,0
351,1006,1666,1176,327,1038,0
351,1006,1666,1176,327,1039,0
351,1006,1666,1176,325,1041,0
351,1006,1666,1176,324,1041,0
351,1006,1666,1176,323,1043,0
351,1006,1666,1176,322,1043,0
351,1006,1666,1176,322,1044,0
351,1006,1666,1176,321,1045,0
351,1006,1666,1176,320,1047,0
351,1006,1666,1176,318,1049,0
351,1006,1666,1176,318,1050,0
351,1006,1666,1176,317,1052,0
351,1006,1666,1176,315,1055,0
351,1006,1666,1176,314,1057,0
351,1006,1666,1176,313,1059,0
351,1006,1666,1176,311,1063,0
351,1006,1666,1176,310,1065,0
351,1006,1666,1176,310,1067,0
351,1006,1666,1176,308,1071,0
351,1006,1666,1176,308,1073,0
351,1006,1666,1176,307,1075,0
351,1006,1666,1176,307,1076,0
351,1006,1666,1176,306,1077,0
351,1006,1666,1176,306,1078,0
351,1006,1666,1176,306,1079,0
351,1006,1666,1176,306,1079,0
351,1006,1666,1176,306,1079,0
351,1006,1666,1176,306,1080,0
351,1006,1666,1176,305,1081,0
351,1006,1666,1176,305,1082,0
351,1006,1666,1176,304,1083,0
351,1006,1666,1176,304,1084,0
351,1006,1666,1176,304,1084,0
351,1006,1666,1176,304,1084,0
351,1006,1666,1176,304,1084,0
351,1006,1666,1176,304,1085,0
351,1006,1666,1176,304,1086,0
351,1006,1666,1176,303,1087,0
351,1006,1666,1176,303,1087,0
351,1006,1666,1176,302,1088,0
351,1006,1666,1176,302,1089,0
351,1006,1666,1176,302,1090,0
351,1006,1666,1176,301,1092,0
351,1006,1666,1176,301,1092,0
351,1006,1666,1176,301,1092,0
351,1006,1666,1176,301,1092,0
351,1006,1666,1176,301,1092,0
351,1006,1666,1176,301,1092,0
351,1006,1666,1176,301,1093,1
351,1006,1666,1176,300,1094,1
351,1006,1666,1176,300,1096,1
351,1006,1666,1176,300,1097,1
351,1006,1666,1176,300,1097,1
351,1006,1666,1176,300,1096,1
351,1006,1666,1176,300,1096,1
351,1006,1666,1176,300,1096,1
351,1006,1666,1176,300,1096,1
351,1006,1666,1176,300,1096,1
351,1006,1666,1176,300,1096,1
351,1006,1666,1176,300,1096,1
351,1006,1666,1176,301,1095,1
351,1006,1666,1176,301,1095,1
351,1006,1666,1176,301,1095,1
351,1006,1666,1176,302,1095,1
351,1006,1666,1176,302,1095,1
351,1006,1666,1176,302,1095,1
351,1006,1666,1176,302,1094,1
351,1006,1666,1176,303,1093,1
351,1006,1666,1176,303,1093,1
351,1006,1666,1176,304,1093,1
351,1006,1666,1176,305,1092,1
351,1006,1666,1176,308,1090,1
351,1006,1666,1176,312,1089,1
351,1006,1666,1176,320,1088,1
351,1006,1666,1176,325,1088,1
351,1006,1666,1176,329,1087,1
351,1006,1666,1176,335,1087,1
351,1006,1666,1176,337,1087,1
351,1006,1666,1176,341,1087,1
351,1006,1666,1176,343,1087,1
351,1006,1666,1176,346,1087,1
351,1006,1666,1176,352,1087,1
351,1006,1666,1176,355,1087,1
351,1006,1666,1176,359,1087,1
351,1006,1666,1176,362,1087,1
351,1006,1666,1176,366,1086,1
351,1006,1666,1176,368,1086,1
351,1006,1666,1176,369,1086,1
351,1006,1666,1176,371,1086,1
351,1006,1666,1176,375,1085,1
351,1006,1666,1176,377,1085,1
351,1006,1666,1176,381,1085,1
351,1006,1666,1176,383,1085,1
351,1006,1666,1176,385,1085,1
351,1006,1666,1176,390,1085,1
351,1006,1666,1176,392,1085,1
351,1006,1666,1176,398,1085,1
351,1006,1666,1176,402,1084,1
351,1006,1666,1176,408,1084,1
351,1006,1666,1176,412,1084,1
351,1006,1666,1176,415,1083,1
351,1006,1666,1176,422,1083,1
351,1006,1666,1176,426,1083,1
351,1006,1666,1176,432,1083,1
351,1006,1666,1176,436,1083,1
351,1006,1666,1176,443,1083,1
351,1006,1666,1176,448,1083,1
351,1006,1666,1176,458,1083,1
351,1006,1666,1176,463,1083,1
351,1006,1666,1176,468,1083,1
351,1006,1666,1176,478,1083,1
351,1006,1666,1176,483,1083,1
351,1006,1666,1176,493,1083,1
351,1006,1666,1176,499,1083,1
351,1006,1666,1176,504,1083,1
351,1006,1666,1176,515,1084,1
351,1006,1666,1176,521,1084,1
351,1006,1666,1176,526,1084,1
351,1006,1666,1176,533,1086,1
351,1006,1666,1176,536,1086,1
351,1006,1666,1176,542,1086,1
351,1006,1666,1176,544,1086,1
351,1006,1666,1176,548,1086,1
351,1006,1666,1176,555,1086,1
351,1006,1666,1176,558,1086,1
351,1006,1666,1176,564,1086,1
351,1006,1666,1176,568,1086,1
351,1006,1666,1176,571,1087,1
351,1006,1666,1176,579,1088,1
351,1006,1666,1176,583,1088,1
351,1006,1666,1176,595,1090,1
351,1006,1666,1176,601,1090,1
351,1006,1666,1176,617,1092,1
351,1006,1666,1176,625,1092,1
351,1006,1666,1176,632,1093,1
351,1006,1666,1176,644,1097,1
351,1006,1666,1176,649,1098,1
351,1006,1666,1176,657,1101,1
351,1006,1666,1176,661,1102,1
351,1006,1666,1176,666,1102,1
351,1006,1666,1176,677,1104,1
351,1006,1666,1176,684,1104,1
351,1006,1666,1176,692,1107,1
351,1006,1666,1176,697,1107,1
351,1006,1666,1176,700,1108,1
351,1006,1666,1176,707,1109,1
351,1006,1666,1176,710,1109,1
351,1006,1666,1176,714,1110,1
351,1006,1666,1176,721,1111,1
351,1006,1666,1176,725,1111,1
351,1006,1666,1176,735,1113,1
351,1006,1666,1176,739,1114,1
351,1006,1666,1176,742,1114,1
351,1006,1666,1176,748,1115,1
351,1006,1666,1176,752,1116,1
351,1006,1666,1176,758,1118,1
351,1006,1666,1176,761,1120,1
351,1006,1666,1176,767,1121,1
351,1006,1666,1176,770,1121,1
351,1006,1666,1176,773,1122,1
351,1006,1666,1176,780,1122,1
351,1006,1666,1176,783,1123,1
351,1006,1666,1176,790,1124,1
351,1006,1666,1176,792,1125,1
351,1006,1666,1176,795,1125,1
351,1006,1666,1176,802,1127,1
351,1006,1666,1176,806,1127,1
351,1006,1666,1176,812,1129,1
351,1006,1666,1176,815,1130,1
351,1006,1666,1176,819,1131,1
351,1006,1666,1176,823,1131,1
351,1006,1666,1176,832,1133,1
351,1006,1666,1176,835,1133,1
351,1006,1666,1176,842,1135,1
351,1006,1666,1176,845,1135,1
351,1006,1666,1176,853,1136,1
351,1006,1666,1176,858,1137,1
351,1006,1666,1176,860,1137,1
351,1006,1666,1176,866,1137,1
351,1006,1666,1176,869,1137,1
351,1006,1666,1176,877,1137,1
351,1006,1666,1176,881,1138,1
351,1006,1666,1176,885,1138,1
351,1006,1666,1176,893,1138,1
351,1006,1666,1176,896,1139,1
351,1006,1666,1176,903,1139,1
351,1006,1666,1176,906,1139,1
351,1006,1666,1176,914,1139,1
351,1006,1666,1176,919,1139,1
351,1006,1666,1176,924,1139,1
351,1006,1666,1176,937,1139,1
351,1006,1666,1176,944,1140,1
351,1006,1666,1176,950,1140,1
351,1006,1666,1176,960,1140,1
351,1006,1666,1176,964,1140,1
351,1006,1666,1176,966,1140,1
351,1006,1666,1176,970,1141,1
351,1006,1666,1176,973,1141,1
351,1006,1666,1176,979,1141,1
351,1006,1666,1176,984,1141,1
351,1006,1666,1176,996,1141,1
351,1006,1666,1176,1001,1141,1
351,1006,1666,1176,1006,1141,1
351,1006,1666,1176,1016,1142,1
351,1006,1666,1176,1020,1142,1
351,1006,1666,1176,1030,1142,1
351,1006,1666,1176,1033,1142,1
351,1006,1666,1176,1037,1143,1
351,1006,1666,1176,1046,1143,1
351,1006,1666,1176,1050,1143,1
351,1006,1666,1176,1059,1144,1
351,1006,1666,1176,1063,1144,1
351,1006,1666,1176,1065,1144,1
351,1006,1666,1176,1068,1144,1
351,1006,1666,1176,1070,1144,1
351,1006,1666,1176,1072,1144,1
351,1006,1666,1176,1077,1144,1
351,1006,1666,1176,1081,1145,1
351,1006,1666,1176,1087,1146,1
351,1006,1666,1176,1090,1146,1
351,1006,1666,1176,1093,1147,1
351,1006,1666,1176,1098,1148,1
351,1006,1666,1176,1101,1149,1
351,1006,1666,1176,1108,1150,1
351,1006,1666,1176,1112,1151,1
351,1006,1666,1176,1116,1153,1
351,1006,1666,1176,1124,1154,1
351,1006,1666,1176,1129,1156,1
351,1006,1666,1176,1142,1159,1
351,1006,1666,1176,1150,1161,1
351,1006,1666,1176,1158,1163,1
351,1006,1666,1176,1174,1166,1
351,1006,1666,1176,1181,1167,1
351,1006,1666,1176,1196,1170,1
351,1006,1666,1176,1204,1171,1
351,1006,1666,1176,1210,1171,1
351,1006,1666,1176,1221,1172,1
351,1006,1666,1176,1226,1174,1
351,1006,1666,1176,1230,1174,1
351,1006,1666,1176,1237,1175,1
351,1006,1666,1176,1238,1176,1
351,1006,1666,1176,1241,1176,1
351,1006,1666,1176,1245,1178,1
351,1006,1666,1176,1247,1179,1
351,1006,1666,1176,1254,1182,1
351,1006,1666,1176,1258,1183,1
351,1006,1666,1176,1261,1184,1
351,1006,1666,1176,1268,1187,1
351,1006,1666,1176,1271,1188,1
351,1006,1666,1176,1279,1190,1
351,1006,1666,1176,1283,1191,1
351,1006,1666,1176,1287,1192,1
351,1006,1666,1176,1297,1196,1
351,1006,1666,1176,1301,1197,1
351,1006,1666,1176,1309,1199,1
351,1006,1666,1176,1312,1200,1
351,1006,1666,1176,1322,1202,1
351,1006,1666,1176,1327,1203,1
351,1006,1666,1176,1332,1206,1
351,1006,1666,1176,1341,1207,1
351,1006,1666,1176,1347,1208,1
351,1006,1666,1176,1358,1209,1
351,1006,1666,1176,1363,1209,1
351,1006,1666,1176,1373,1209,1
351,1006,1666,1176,1378,1209,1
351,1006,1666,1176,1383,1209,1
351,1006,1666,1176,1390,1209,1
351,1006,1666,1176,1393,1209,1
351,1006,1666,1176,1397,1209,1
351,1006,1666,1176,1398,1209,1
351,1006,1666,1176,1399,1209,1
351,1006,1666,1176,1400,1209,1
351,1006,1666,1176,1401,1209,1
351,1006,1666,1176,1404,1209,1
351,1006,1666,1176,1405,1209,1
351,1006,1666,1176,1408,1208,1
351,1006,1666,1176,1409,1208,1
351,1006,1666,1176,1411,1207,1
351,1006,1666,1176,1413,1207,1
351,1006,1666,1176,1413,1207,1
351,1006,1666,1176,1415,1207,1
351,1006,1666,1176,1416,1206,1
351,1006,1666,1176,1418,1206,1
351,1006,1666,1176,1422,1206,1
351,1006,1666,1176,1424,1206,1
351,1006,1666,1176,1428,1206,1
351,1006,1666,1176,1429,1206,1
351,1006,1666,1176,1432,1206,1
351,1006,1666,1176,1433,1205,1
351,1006,1666,1176,1434,1205,1
351,1006,1666,1176,1437,1205,1
351,1006,1666,1176,1440,1205,1
351,1006,1666,1176,1443,1205,1
351,1006,1666,1176,1448,1205,1
351,1006,1666,1176,1450,1205,1
351,1006,1666,1176,1452,1205,1
351,1006,1666,1176,1453,1205,1
351,1006,1666,1176,1453,1205,1
351,1006,1666,1176,1453,1205,1
351,1006,1666,1176,1452,1205,1
351,1006,1666,1176,1452,1205,1
351,1006,1666,1176,1452,1205,1
351,1006,1666,1176,1452,1205,1
351,1006,1666,1176,1454,1204,1
351,1006,1666,1176,1455,1204,1
351,1006,1666,1176,1456,1203,1
351,1006,1666,1176,1458,1202,1
351,1006,1666,1176,1460,1202,1
351,1006,1666,1176,1465,1201,1
351,1006,1666,1176,1467,1200,1
351,1006,1666,1176,1469,1200,1
351,1006,1666,1176,1471,1200,1
351,1006,1666,1176,1472,1200,1
351,1006,1666,1176,1472,1199,1
351,1006,1666,1176,1472,1199,1
351,1006,1666,1176,1472,1199,1
351,1006,1666,1176,1472,1199,1
351,1006,1666,1176,1472,1199,1
351,1006,1666,1176,1472,1199,1
351,1006,1666,1176,1472,1199,1
351,1006,1666,1176,1472,1199,1
351,1006,1666,1176,1472,1199,1
351,1006,1666,1176,1472,1199,1
351,1006,1666,1176,1473,1199,1
351,1006,1666,1176,1473,1199,1
351,1006,1666,1176,1475,1198,1
351,1006,1666,1176,1477,1198,1
351,1006,1666,1176,1479,1197,1
351,1006,1666,1176,1479,1197,1
351,1006,1666,1176,1479,1197,1
351,1006,1666,1176,1479,1197,1
351,1006,1666,1176,1480,1197,1
351,1006,1666,1176,1483,1197,1
351,1006,1666,1176,1489,1197,1
351,1006,1666,1176,1491,1197,1
351,1006,1666,1176,1493,1197,1
351,1006,1666,1176,1497,1197,1
351,1006,1666,1176,1500,1197,1
351,1006,1666,1176,1504,1198,1
351,1006,1666,1176,1505,1198,1
351,1006,1666,1176,1505,1198,1
351,1006,1666,1176,1506,1198,1
351,1006,1666,1176,1506,1198,1
351,1006,1666,1176,1506,1198,1
351,1006,1666,1176,1506,1198,1
351,1006,1666,1176,1506,1198,1
351,1006,1666,1176,1506,1198,1
351,1006,1666,1176,1508,1198,1
351,1006,1666,1176,1509,1198,1
351,1006,1666,1176,1512,1198,1
351,1006,1666,1176,1513,1198,1
351,1006,1666,1176,1516,1198,1
351,1006,1666,1176,1516,1198,1
351,1006,1666,1176,1516,1198,1
351,1006,1666,1176,1516,1198,1
351,1006,1666,1176,1516,1198,1
351,1006,1666,1176,1516,1198,0
351,1006,1666,1176,1516,1198,0
351,1006,1666,1176,1515,1198,0
351,1006,1666,1176,1515,1198,0
351,1006,1666,1176,1515,1197,0
351,1006,1666,1176,1515,1197,0
351,1006,1666,1176,1515,1197,0
351,1006,1666,1176,1514,1198,0
351,1006,1666,1176,1513,1198,0
351,1006,1666,1176,1513,1198,0
351,1006,1666,1176,1513,1198,0
351,1006,1666,1176,1513,1199,0
351,1006,1666,1176,1513,1199,0
351,1006,1666,1176,1512,1199,0
351,1006,1666,1176,1512,1199,0
351,1006,1666,1176,1512,1199,0
351,1006,1666,1176,1512,1199,0
351,1006,1666,1176,1512,1199,0
351,1006,1666,1176,1512,1199,0
351,1006,1666,1176,1513,1199,0
351,1006,1666,1176,1513,1199,0
351,1006,1666,1176,1513,1199,0
351,1006,1666,1176,1513,1199,0
351,1006,1666,1176,1513,1199,0
351,1006,1666,1176,1513,1198,0
351,1006,1666,1176,1513,1198,0
351,1006,1666,1176,1513,1198,0
351,1006,1666,1176,1513,1198,0
351,1006,1666,1176,1513,1198,0
351,1006,1666,1176,1509,1197,0
351,1006,1666,1176,1507,1195,0
351,1006,1666,1176,1502,1192,0
351,1006,1666,1176,1500,1191,0
351,1006,1666,1176,1497,1189,0
351,1006,1666,1176,1492,1185,0
351,1006,1666,1176,1490,1184,0
351,1006,1666,1176,1488,1182,0
351,1006,1666,1176,1481,1178,0
351,1006,1666,1176,1478,1176,0
351,1006,1666,1176,1474,1172,0
351,1006,1666,1176,1472,1170,0
351,1006,1666,1176,1470,1168,0
351,1006,1666,1176,1465,1163,0
351,1006,1666,1176,1462,1161,0
351,1006,1666,1176,1457,1157,0
351,1006,1666,1176,1455,1155,0
351,1006,1666,1176,1454,1154,0
351,1006,1666,1176,1452,1151,0
351,1006,1666,1176,1450,1149,0
351,1006,1666,1176,1448,1147,0
351,1006,1666,1176,1448,1146,0
351,1006,1666,1176,1447,1145,0
351,1006,1666,1176,1445,1142,0
351,1006,1666,1176,1444,1140,0
351,1006,1666,1176,1442,1137,0
351,1006,1666,1176,1441,1136,0
351,1006,1666,1176,1440,1134,0
351,1006,1666,1176,1438,1130,0
351,1006,1666,1176,1436,1128,0
351,1006,1666,1176,1434,1124,0
351,1006,1666,1176,1431,1120,0
351,1006,1666,1176,1431,1118,0
351,1006,1666,1176,1429,1116,0
351,1006,1666,1176,1427,1111,0
351,1006,1666,1176,1425,1109,0
351,1006,1666,1176,1424,1106,0
351,1006,1666,1176,1421,1102,0
351,1006,1666,1176,1420,1099,0
351,1006,1666,1176,1417,1094,0
351,1006,1666,1176,1416,1092,0
351,1006,1666,1176,1413,1087,0
351,1006,1666,1176,1411,1085,0
351,1006,1666,1176,1410,1082,0
351,1006,1666,1176,1407,1077,0
351,1006,1666,1176,1405,1074,0
351,1006,1666,1176,1402,1069,0
351,1006,1666,1176,1400,1067,0
351,1006,1666,1176,1398,1064,0
351,1006,1666,1176,1395,1059,0
351,1006,1666,1176,1392,1056,0
351,1006,1666,1176,1390,1053,0
351,1006,1666,1176,1386,1046,0
351,1006,1666,1176,1384,1043,0
351,1006,1666,1176,1382,1039,0
351,1006,1666,1176,1379,1032,0
351,1006,1666,1176,1377,1030,0
351,1006,1666,1176,1375,1025,0
351,1006,1666,1176,1372,1022,0
351,1006,1666,1176,1371,1020,0
351,1006,1666,1176,1368,1015,0
351,1006,1666,1176,1366,1013,0
351,1006,1666,1176,1364,1008,0
351,1006,1666,1176,1363,1006,0
351,1006,1666,1176,1361,1003,0
351,1006,1666,1176,1360,1000,0
351,1006,1666,1176,1359,998,0
351,1006,1666,1176,1358,996,0
351,1006,1666,1176,1356,992,0
351,1006,1666,1176,1355,990,0
351,1006,1666,1176,1352,985,0
351,1006,1666,1176,1351,983,0
351,1006,1666,1176,1350,981,0
351,1006,1666,1176,1348,977,0
351,1006,1666,1176,1347,975,0
351,1006,1666,1176,1345,971,0
351,1006,1666,1176,1343,969,0
351,1006,1666,1176,1342,967,0
351,1006,1666,1176,1340,963,0
351,1006,1666,1176,1338,961,0
351,1006,1666,1176,1337,959,0
351,1006,1666,1176,1334,955,0
351,1006,1666,1176,1333,953,0
351,1006,1666,1176,1330,948,0
351,1006,1666,1176,1329,946,0
351,1006,1666,1176,1328,944,0
351,1006,1666,1176,1325,941,0
351,1006,1666,1176,1324,939,0
351,1006,1666,1176,1322,934,0
351,1006,1666,1176,1321,932,0
351,1006,1666,1176,1319,930,0
351,1006,1666,1176,1317,925,0
351,1006,1666,1176,1316,922,0
351,1006,1666,1176,1314,917,0
351,1006,1666,1176,1313,915,0
351,1006,1666,1176,1312,913,0
351,1006,1666,1176,1310,909,0
351,1006,1666,1176,1308,908,0
351,1006,1666,1176,1306,904,0
351,1006,1666,1176,1305,901,0
351,1006,1666,1176,1304,898,0
351,1006,1666,1176,1302,893,0
351,1006,1666,1176,1301,891,0
351,1006,1666,1176,1300,889,0
351,1006,1666,1176,1298,885,0
351,1006,1666,1176,1297,883,0
351,1006,1666,1176,1296,879,0
351,1006,1666,1176,1295,878,0
351,1006,1666,1176,1294,875,0
351,1006,1666,1176,1292,871,0
351,1006,1666,1176,1291,869,0
351,1006,1666,1176,1285,859,0
351,1006,1666,1176,1284,857,0
351,1006,1666,1176,1283,854,0
351,1006,1666,1176,1280,849,0
351,1006,1666,1176,1278,847,0
351,1006,1666,1176,1275,841,0
351,1006,1666,1176,1273,838,0
351,1006,1666,1176,1270,832,0
351,1006,1666,1176,1268,829,0
351,1006,1666,1176,1266,826,0
351,1006,1666,1176,1262,821,0
351,1006,1666,1176,1260,817,0
351,1006,1666,1176,1257,812,0
351,1006,1666,1176,1255,809,0
351,1006,1666,1176,1252,802,0
351,1006,1666,1176,1250,799,0
351,1006,1666,1176,1249,796,0
351,1006,1666,1176,1246,792,0
351,1006,1666,1176,1245,790,0
351,1006,1666,1176,1244,788,0
351,1006,1666,1176,1241,783,0
351,1006,1666,1176,1240,780,0
351,1006,1666,1176,1237,775,0
351,1006,1666,1176,1236,772,0
351,1006,1666,1176,1235,769,0
351,1006,1666,1176,1232,764,0
351,1006,1666,1176,1232,761,0
351,1006,1666,1176,1230,755,0
351,1006,1666,1176,1229,753,0
351,1006,1666,1176,1227,748,0
351,1006,1666,1176,1226,745,0
351,1006,1666,1176,1225,742,0
351,1006,1666,1176,1224,736,0
351,1006,1666,1176,1223,733,0
351,1006,1666,1176,1221,726,0
351,1006,1666,1176,1219,722,0
351,1006,1666,1176,1217,718,0
351,1006,1666,1176,1214,710,0
351,1006,1666,1176,1213,707,0
351,1006,1666,1176,1210,701,0
351,1006,1666,1176,1210,698,0
351,1006,1666,1176,1209,696,0
351,1006,1666,1176,1208,693,0
351,1006,1666,1176,1206,689,0
351,1006,1666,1176,1206,684,0
351,1006,1666,1176,1206,683,0
351,1006,1666,1176,1205,681,0
351,1006,1666,1176,1204,677,0
351,1006,1666,1176,1204,674,0
351,1006,1666,1176,1203,670,0
351,1006,1666,1176,1203,668,0
351,1006,1666,1176,1203,666,0
351,1006,1666,1176,1201,661,0
351,1006,1666,1176,1200,659,0
351,1006,1666,1176,1200,655,0
351,1006,1666,1176,1199,653,0
351,1006,1666,1176,1198,647,0
351,1006,1666,1176,1197,645,0
351,1006,1666,1176,1197,642,0
351,1006,1666,1176,1195,637,0
351,1006,1666,1176,1194,634,0
351,1006,1666,1176,1194,632,0
351,1006,1666,1176,1193,627,0
351,1006,1666,1176,1192,624,0
351,1006,1666,1176,1191,621,0
351,1006,1666,1176,1190,616,0
351,1006,1666,1176,1188,613,0
351,1006,1666,1176,1186,608,0
351,1006,1666,1176,1185,606,0
351,1006,1666,1176,1183,601,0
351,1006,1666,1176,1182,599,0
351,1006,1666,1176,1181,596,0
351,1006,1666,1176,1177,588,0
351,1006,1666,1176,1176,585,0
351,1006,1666,1176,1173,579,0
351,1006,1666,1176,1173,576,0
351,1006,1666,1176,1170,571,0
351,1006,1666,1176,1169,569,0
351,1006,1666,1176,1168,567,0
351,1006,1666,1176,1166,563,0
351,1006,1666,1176,1165,561,0
351,1006,1666,1176,1161,557,0
351,1006,1666,1176,1160,554,0
351,1006,1666,1176,1157,551,0
351,1006,1666,1176,1153,545,0
351,1006,1666,1176,1152,542,0
351,1006,1666,1176,1149,538,0
351,1006,1666,1176,1148,536,0
351,1006,1666,1176,1146,533,0
351,1006,1666,1176,1145,532,0
351,1006,1666,1176,1144,530,0
351,1006,1666,1176,1141,527,0
351,1006,1666,1176,1140,526,0
351,1006,1666,1176,1139,524,0
351,1006,1666,1176,1138,520,0
351,1006,1666,1176,1136,519,0
351,1006,1666,1176,1136,517,0
351,1006,1666,1176,1134,513,0
351,1006,1666,1176,1133,512,0
351,1006,1666,1176,1131,508,0
351,1006,1666,1176,1130,507,0
351,1006,1666,1176,1129,503,0
351,1006,1666,1176,1127,500,0
351,1006,1666,1176,1126,498,0
351,1006,1666,1176,1123,493,0
351,1006,1666,1176,1122,490,0
351,1006,1666,1176,1118,484,0
351,1006,1666,1176,1116,482,0
351,1006,1666,1176,1115,480,0
351,1006,1666,1176,1112,475,0
351,1006,1666,1176,1111,473,0
351,1006,1666,1176,1108,468,0
351,1006,1666,1176,1107,466,0
351,1006,1666,1176,1105,464,0
351,1006,1666,1176,1103,461,0
351,1006,1666,1176,1102,459,0
351,1006,1666,1176,1101,457,0
351,1006,1666,1176,1101,457,0
351,1006,1666,1176,1100,456,0
351,1006,1666,1176,1099,454,0
351,1006,1666,1176,1098,452,0
351,1006,1666,1176,1097,451,0
351,1006,1666,1176,1096,449,0
351,1006,1666,1176,1096,448,0
351,1006,1666,1176,1094,444,0
351,1006,1666,1176,1093,442,0
351,1006,1666,1176,1092,440,0
351,1006,1666,1176,1090,437,0
351,1006,1666,1176,1090,436,0
351,1006,1666,1176,1088,432,0
351,1006,1666,1176,1087,429,0
351,1006,1666,1176,1085,425,0
351,1006,1666,1176,1083,422,0
351,1006,1666,1176,1082,420,0
351,1006,1666,1176,1081,416,0
351,1006,1666,1176,1080,415,0
351,1006,1666,1176,1079,412,0
351,1006,1666,1176,1079,411,0
351,1006,1666,1176,1077,409,0
351,1006,1666,1176,1077,408,0
351,1006,1666,1176,1076,407,0
351,1006,1666,1176,1075,405,0
351,1006,1666,1176,1075,405,0
351,1006,1666,1176,1074,403,0
351,1006,1666,1176,1073,401,0
351,1006,1666,1176,1072,400,0
351,1006,1666,1176,1071,398,0
351,1006,1666,1176,1070,397,0
351,1006,1666,1176,1070,397,0
351,1006,1666,1176,1069,396,0
351,1006,1666,1176,1069,395,0
351,1006,1666,1176,1067,393,0
351,1006,1666,1176,1067,393,0
351,1006,1666,1176,1066,391,0
351,1006,1666,1176,1064,389,0
351,1006,1666,1176,1064,388,0
351,1006,1666,1176,1062,385,0
351,1006,1666,1176,1060,383,0
351,1006,1666,1176,1059,382,0
351,1006,1666,1176,1058,381,0
351,1006,1666,1176,1056,380,0
351,1006,1666,1176,1056,380,0
351,1006,1666,1176,1056,380,0
351,1006,1666,1176,1056,380,0
351,1006,1666,1176,1056,380,0
351,1006,1666,1176,1056,380,0
351,1006,1666,1176,1056,380,0
351,1006,1666,1176,1056,380,0
351,1006,1666,1176,1056,380,0
351,1006,1666,1176,1056,380,0
