351,1006,1666,1176,892,380,0
351,1006,1666,1176,892,380,0
351,1006,1666,1176,892,380,0
351,1006,1666,1176,892,380,0
351,1006,1666,1176,892,380,0
351,1006,1666,1176,892,380,0
351,1006,1666,1176,892,380,0
351,1006,1666,1176,892,380,0
351,1006,1666,1176,892,380,0
351,1006,1666,1176,892,380,0
351,1006,1666,1176,892,380,0
351,1006,1666,1176,892,380,0
351,1006,1666,1176,892,380,0
351,1006,1666,1176,892,380,0
351,1006,1666,1176,892,380,0
351,1006,1666,1176,892,380,0
351,1006,1666,1176,892,380,0
351,1006,1666,1176,892,381,0
351,1006,1666,1176,892,381,0
351,1006,1666,1176,892,381,0
351,1006,1666,1176,892,381,0
351,1006,1666,1176,892,381,0
351,1006,1666,1176,892,381,0
351,1006,1666,1176,892,381,0
351,1006,1666,1176,892,381,0
351,1006,1666,1176,892,381,0
351,1006,1666,1176,892,381,0
351,1006,1666,1176,892,381,0
351,1006,1666,1176,892,381,0
351,1006,1666,1176,892,381,0
351,1006,1666,1176,892,381,0
351,1006,1666,1176,892,381,0
351,1006,1666,1176,892,381,0
351,1006,1666,1176,891,381,0
351,1006,1666,1176,889,388,0
351,1006,1666,1176,887,392,0
351,1006,1666,1176,886,397,0
351,1006,1666,1176,883,403,0
351,1006,1666,1176,883,405,0
351,1006,1666,1176,881,409,0
351,1006,1666,1176,880,411,0
351,1006,1666,1176,879,412,0
351,1006,1666,1176,879,415,0
351,1006,1666,1176,878,415,0
351,1006,1666,1176,878,416,0
351,1006,1666,1176,877,418,0
351,1006,1666,1176,877,420,0
351,1006,1666,1176,875,424,0
351,1006,1666,1176,874,427,0
351,1006,1666,1176,872,429,0
351,1006,1666,1176,870,434,0
351,1006,1666,1176,869,436,0
351,1006,1666,1176,867,442,0
351,1006,1666,1176,866,445,0
351,1006,1666,1176,865,448,0
351,1006,1666,1176,864,455,0
351,1006,1666,1176,862,458,0
351,1006,1666,1176,860,466,0
351,1006,1666,1176,858,471,0
351,1006,1666,1176,857,474,0
351,1006,1666,1176,854,481,0
351,1006,1666,1176,853,484,0
351,1006,1666,1176,851,489,0
351,1006,1666,1176,850,491,0
351,1006,1666,1176,849,493,0
351,1006,1666,1176,848,498,0
351,1006,1666,1176,847,500,0
351,1006,1666,1176,847,502,0
351,1006,1666,1176,845,506,0
351,1006,1666,1176,845,508,0
351,1006,1666,1176,843,512,0
351,1006,1666,1176,842,514,0
351,1006,1666,1176,841,516,0
351,1006,1666,1176,840,519,0
351,1006,1666,1176,839,521,0
351,1006,1666,1176,837,525,0
351,1006,1666,1176,836,528,0
351,1006,1666,1176,836,530,0
351,1006,1666,1176,834,536,0
351,1006,1666,1176,832,540,0
351,1006,1666,1176,830,545,0
351,1006,1666,1176,830,548,0
351,1006,1666,1176,828,554,0
351,1006,1666,1176,826,557,0
351,1006,1666,1176,825,563,0
351,1006,1666,1176,824,566,0
351,1006,1666,1176,823,569,0
351,1006,1666,1176,820,575,0
351,1006,1666,1176,818,577,0
351,1006,1666,1176,815,582,0
351,1006,1666,1176,814,584,0
351,1006,1666,1176,813,587,0
351,1006,1666,1176,812,589,0
351,1006,1666,1176,812,590,0
351,1006,1666,1176,812,591,0
351,1006,1666,1176,811,593,0
351,1006,1666,1176,810,597,0
351,1006,1666,1176,809,599,0
351,1006,1666,1176,808,601,0
351,1006,1666,1176,807,604,0
351,1006,1666,1176,804,610,0
351,1006,1666,1176,803,613,0
351,1006,1666,1176,801,618,0
351,1006,1666,1176,801,621,0
351,1006,1666,1176,800,625,0
351,1006,1666,1176,799,627,0
351,1006,1666,1176,798,630,0
351,1006,1666,1176,796,635,0
351,1006,1666,1176,795,638,0
351,1006,1666,1176,794,642,0
351,1006,1666,1176,792,649,0
351,1006,1666,1176,791,652,0
351,1006,1666,1176,790,658,0
351,1006,1666,1176,788,661,0
351,1006,1666,1176,788,664,0
351,1006,1666,1176,786,670,0
351,1006,1666,1176,785,673,0
351,1006,1666,1176,784,679,0
351,1006,1666,1176,783,681,0
351,1006,1666,1176,783,684,0
351,1006,1666,1176,782,688,0
351,1006,1666,1176,781,690,0
351,1006,1666,1176,780,693,0
351,1006,1666,1176,778,699,0
351,1006,1666,1176,777,703,0
351,1006,1666,1176,776,711,0
351,1006,1666,1176,775,715,0
351,1006,1666,1176,774,719,0
351,1006,1666,1176,772,727,0
351,1006,1666,1176,771,730,0
351,1006,1666,1176,769,738,0
351,1006,1666,1176,768,742,0
351,1006,1666,1176,767,745,0
351,1006,1666,1176,765,751,0
351,1006,1666,1176,763,755,0
351,1006,1666,1176,760,762,0
351,1006,1666,1176,758,766,0
351,1006,1666,1176,757,770,0
351,1006,1666,1176,755,776,0
351,1006,1666,1176,754,779,0
351,1006,1666,1176,752,785,0
351,1006,1666,1176,751,788,0
351,1006,1666,1176,751,790,0
351,1006,1666,1176,750,795,0
351,1006,1666,1176,748,798,0
351,1006,1666,1176,747,800,0
351,1006,1666,1176,744,805,0
351,1006,1666,1176,743,807,0
351,1006,1666,1176,740,812,0
351,1006,1666,1176,739,813,0
351,1006,1666,1176,738,815,0
351,1006,1666,1176,737,817,0
351,1006,1666,1176,737,819,0
351,1006,1666,1176,735,823,0
351,1006,1666,1176,734,825,0
351,1006,1666,1176,732,828,0
351,1006,1666,1176,729,833,0
351,1006,1666,1176,728,835,0
351,1006,1666,1176,726,840,0
351,1006,1666,1176,725,842,0
351,1006,1666,1176,725,844,0
351,1006,1666,1176,723,848,0
351,1006,1666,1176,721,851,0
351,1006,1666,1176,719,857,0
351,1006,1666,1176,718,860,0
351,1006,1666,1176,717,863,0
351,1006,1666,1176,715,867,0
351,1006,1666,1176,715,869,0
351,1006,1666,1176,714,872,0
351,1006,1666,1176,714,873,0
351,1006,1666,1176,714,874,0
351,1006,1666,1176,713,876,0
351,1006,1666,1176,712,878,0
351,1006,1666,1176,711,879,0
351,1006,1666,1176,710,881,0
351,1006,1666,1176,710,882,0
351,1006,1666,1176,710,882,0
351,1006,1666,1176,709,885,0
351,1006,1666,1176,709,887,0
351,1006,1666,1176,707,891,0
351,1006,1666,1176,707,894,0
351,1006,1666,1176,706,897,0
351,1006,1666,1176,705,899,0
351,1006,1666,1176,705,900,0
351,1006,1666,1176,704,903,0
351,1006,1666,1176,703,904,0
351,1006,1666,1176,702,907,0
351,1006,1666,1176,702,909,0
351,1006,1666,1176,701,913,0
351,1006,1666,1176,700,915,0
351,1006,1666,1176,700,917,0
351,1006,1666,1176,699,922,0
351,1006,1666,1176,698,925,0
351,1006,1666,1176,698,927,0
351,1006,1666,1176,698,931,0
351,1006,1666,1176,697,932,0
351,1006,1666,1176,697,934,0
351,1006,1666,1176,696,938,0
351,1006,1666,1176,696,939,0
351,1006,1666,1176,695,942,0
351,1006,1666,1176,695,943,0
351,1006,1666,1176,695,944,0
351,1006,1666,1176,694,948,0
351,1006,1666,1176,694,949,0
351,1006,1666,1176,693,952,0
351,1006,1666,1176,692,955,0
351,1006,1666,1176,692,957,0
351,1006,1666,1176,691,962,0
351,1006,1666,1176,691,964,0
351,1006,1666,1176,690,968,0
351,1006,1666,1176,690,970,0
351,1006,1666,1176,690,971,0
351,1006,1666,1176,689,975,0
351,1006,1666,1176,689,976,0
351,1006,1666,1176,687,980,0
351,1006,1666,1176,687,982,0
351,1006,1666,1176,686,985,0
351,1006,1666,1176,685,990,0
351,1006,1666,1176,685,992,0
351,1006,1666,1176,685,993,0
351,1006,1666,1176,685,997,0
351,1006,1666,1176,685,999,0
351,1006,1666,1176,685,1002,0
351,1006,1666,1176,684,1003,0
351,1006,1666,1176,683,1005,0
351,1006,1666,1176,681,1011,0
351,1006,1666,1176,680,1014,0
351,1006,1666,1176,679,1019,0
351,1006,1666,1176,679,1022,0
351,1006,1666,1176,679,1024,0
351,1006,1666,1176,678,1029,0
351,1006,1666,1176,677,1032,0
351,1006,1666,1176,674,1037,0
351,1006,1666,1176,672,1040,0
351,1006,1666,1176,671,1042,0
351,1006,1666,1176,670,1046,0
351,1006,1666,1176,669,1047,0
351,1006,1666,1176,669,1050,0
351,1006,1666,1176,668,1052,0
351,1006,1666,1176,667,1055,0
351,1006,1666,1176,665,1061,0
351,1006,1666,1176,664,1064,0
351,1006,1666,1176,662,1070,0
351,1006,1666,1176,661,1073,0
351,1006,1666,1176,661,1076,0
351,1006,1666,1176,660,1078,0
351,1006,1666,1176,659,1081,0
351,1006,1666,1176,658,1083,0
351,1006,1666,1176,657,1087,0
351,1006,1666,1176,657,1089,0
351,1006,1666,1176,656,1091,0
351,1006,1666,1176,654,1095,0
351,1006,1666,1176,654,1096,0
351,1006,1666,1176,653,1098,0
351,1006,1666,1176,653,1098,0
351,1006,1666,1176,652,1099,0
351,1006,1666,1176,652,1100,0
351,1006,1666,1176,651,1101,0
351,1006,1666,1176,650,1103,0
351,1006,1666,1176,649,1104,0
351,1006,1666,1176,648,1106,0
351,1006,1666,1176,648,1107,0
351,1006,1666,1176,647,1108,0
351,1006,1666,1176,644,1112,0
351,1006,1666,1176,643,1114,0
351,1006,1666,1176,642,1116,0
351,1006,1666,1176,639,1120,0
351,1006,1666,1176,638,1121,0
351,1006,1666,1176,636,1123,0
351,1006,1666,1176,635,1124,0
351,1006,1666,1176,633,1127,0
351,1006,1666,1176,632,1128,0
351,1006,1666,1176,632,1129,0
351,1006,1666,1176,631,1131,0
351,1006,1666,1176,629,1134,0
351,1006,1666,1176,628,1136,0
351,1006,1666,1176,626,1139,0
351,1006,1666,1176,626,1141,0
351,1006,1666,1176,625,1143,0
351,1006,1666,1176,624,1145,0
351,1006,1666,1176,623,1147,0
351,1006,1666,1176,622,1150,0
351,1006,1666,1176,621,1150,0
351,1006,1666,1176,621,1151,0
351,1006,1666,1176,621,1153,0
351,1006,1666,1176,620,1154,0
351,1006,1666,1176,619,1156,0
351,1006,1666,1176,619,1157,0
351,1006,1666,1176,619,1158,0
351,1006,1666,1176,618,1159,0
351,1006,1666,1176,618,1160,0
351,1006,1666,1176,618,1161,0
351,1006,1666,1176,617,1162,0
351,1006,1666,1176,617,1162,0
351,1006,1666,1176,617,1162,0
351,1006,1666,1176,617,1162,0
351,1006,1666,1176,617,1162,0
351,1006,1666,1176,617,1162,1
351,1006,1666,1176,617,1162,1
351,1006,1666,1176,617,1162,1
351,1006,1666,1176,617,1162,1
351,1006,1666,1176,617,1162,1
351,1006,1666,1176,617,1162,1
351,1006,1666,1176,617,1162,1
351,1006,1666,1176,617,1162,1
351,1006,1666,1176,617,1162,1
351,1006,1666,1176,617,1162,1
351,1006,1666,1176,617,1162,1
351,1006,1666,1176,617,1162,1
351,1006,1666,1176,618,1162,1
351,1006,1666,1176,618,1162,1
351,1006,1666,1176,618,1162,1
351,1006,1666,1176,618,1161,1
351,1006,1666,1176,618,1161,1
351,1006,1666,1176,618,1160,1
351,1006,1666,1176,620,1159,1
351,1006,1666,1176,622,1158,1
351,1006,1666,1176,626,1156,1
351,1006,1666,1176,628,1156,1
351,1006,1666,1176,630,1155,1
351,1006,1666,1176,634,1154,1
351,1006,1666,1176,637,1154,1
351,1006,1666,1176,641,1153,1
351,1006,1666,1176,649,1152,1
351,1006,1666,1176,653,1150,1
351,1006,1666,1176,656,1149,1
351,1006,1666,1176,664,1146,1
351,1006,1666,1176,668,1145,1
351,1006,1666,1176,675,1141,1
351,1006,1666,1176,679,1139,1
351,1006,1666,1176,687,1134,1
351,1006,1666,1176,690,1132,1
351,1006,1666,1176,693,1131,1
351,1006,1666,1176,697,1129,1
351,1006,1666,1176,701,1128,1
351,1006,1666,1176,704,1127,1
351,1006,1666,1176,710,1125,1
351,1006,1666,1176,719,1122,1
351,1006,1666,1176,725,1120,1
351,1006,1666,1176,728,1119,1
351,1006,1666,1176,731,1118,1
351,1006,1666,1176,737,1116,1
351,1006,1666,1176,740,1115,1
351,1006,1666,1176,746,1113,1
351,1006,1666,1176,748,1113,1
351,1006,1666,1176,751,1112,1
351,1006,1666,1176,753,1112,1
351,1006,1666,1176,760,1110,1
351,1006,1666,1176,763,1110,1
351,1006,1666,1176,771,1108,1
351,1006,1666,1176,775,1108,1
351,1006,1666,1176,783,1107,1
351,1006,1666,1176,787,1107,1
351,1006,1666,1176,792,1106,1
351,1006,1666,1176,799,1105,1
351,1006,1666,1176,801,1104,1
351,1006,1666,1176,807,1102,1
351,1006,1666,1176,810,1101,1
351,1006,1666,1176,813,1100,1
351,1006,1666,1176,820,1098,1
351,1006,1666,1176,823,1097,1
351,1006,1666,1176,827,1097,1
351,1006,1666,1176,830,1097,1
351,1006,1666,1176,832,1097,1
351,1006,1666,1176,839,1096,1
351,1006,1666,1176,842,1095,1
351,1006,1666,1176,850,1094,1
351,1006,1666,1176,854,1094,1
351,1006,1666,1176,858,1093,1
351,1006,1666,1176,864,1092,1
351,1006,1666,1176,868,1091,1
351,1006,1666,1176,877,1091,1
351,1006,1666,1176,881,1091,1
351,1006,1666,1176,885,1091,1
351,1006,1666,1176,890,1090,1
351,1006,1666,1176,897,1089,1
351,1006,1666,1176,900,1088,1
351,1006,1666,1176,907,1088,1
351,1006,1666,1176,911,1087,1
351,1006,1666,1176,914,1087,1
351,1006,1666,1176,923,1086,1
351,1006,1666,1176,927,1086,1
351,1006,1666,1176,934,1085,1
351,1006,1666,1176,938,1085,1
351,1006,1666,1176,943,1085,1
351,1006,1666,1176,945,1084,1
351,1006,1666,1176,949,1084,1
351,1006,1666,1176,956,1084,1
351,1006,1666,1176,960,1083,1
351,1006,1666,1176,967,1083,1
351,1006,1666,1176,970,1083,1
351,1006,1666,1176,973,1083,1
351,1006,1666,1176,978,1083,1
351,1006,1666,1176,981,1083,1
351,1006,1666,1176,988,1083,1
351,1006,1666,1176,991,1083,1
351,1006,1666,1176,994,1083,1
351,1006,1666,1176,1000,1083,1
351,1006,1666,1176,1002,1083,1
351,1006,1666,1176,1004,1083,1
351,1006,1666,1176,1010,1083,1
351,1006,1666,1176,1013,1083,1
351,1006,1666,1176,1021,1083,1
351,1006,1666,1176,1026,1083,1
351,1006,1666,1176,1030,1083,1
351,1006,1666,1176,1037,1082,1
351,1006,1666,1176,1040,1082,1
351,1006,1666,1176,1045,1082,1
351,1006,1666,1176,1047,1081,1
351,1006,1666,1176,1049,1081,1
351,1006,1666,1176,1053,1081,1
351,1006,1666,1176,1056,1081,1
351,1006,1666,1176,1062,1081,1
351,1006,1666,1176,1066,1081,1
351,1006,1666,1176,1070,1081,1
351,1006,1666,1176,1078,1080,1
351,1006,1666,1176,1083,1080,1
351,1006,1666,1176,1091,1079,1
351,1006,1666,1176,1095,1079,1
351,1006,1666,1176,1100,1078,1
351,1006,1666,1176,1108,1077,1
351,1006,1666,1176,1112,1077,1
351,1006,1666,1176,1120,1075,1
351,1006,1666,1176,1124,1075,1
351,1006,1666,1176,1128,1073,1
351,1006,1666,1176,1136,1072,1
351,1006,1666,1176,1141,1072,1
351,1006,1666,1176,1147,1071,1
351,1006,1666,1176,1151,1070,1
351,1006,1666,1176,1155,1069,1
351,1006,1666,1176,1163,1068,1
351,1006,1666,1176,1167,1068,1
351,1006,1666,1176,1179,1067,1
351,1006,1666,1176,1184,1067,1
351,1006,1666,1176,1188,1065,1
351,1006,1666,1176,1196,1063,1
351,1006,1666,1176,1200,1061,1
351,1006,1666,1176,1210,1060,1
351,1006,1666,1176,1215,1059,1
351,1006,1666,1176,1219,1059,1
351,1006,1666,1176,1226,1057,1
351,1006,1666,1176,1230,1056,1
351,1006,1666,1176,1234,1055,1
351,1006,1666,1176,1236,1055,1
351,1006,1666,1176,1239,1054,1
351,1006,1666,1176,1244,1054,1
351,1006,1666,1176,1248,1053,1
351,1006,1666,1176,1252,1053,1
351,1006,1666,1176,1261,1052,1
351,1006,1666,1176,1265,1051,1
351,1006,1666,1176,1272,1050,1
351,1006,1666,1176,1276,1049,1
351,1006,1666,1176,1279,1049,1
351,1006,1666,1176,1288,1048,1
351,1006,1666,1176,1292,1048,1
351,1006,1666,1176,1302,1045,1
351,1006,1666,1176,1306,1045,1
351,1006,1666,1176,1312,1044,1
351,1006,1666,1176,1324,1043,1
351,1006,1666,1176,1329,1042,1
351,1006,1666,1176,1337,1041,1
351,1006,1666,1176,1340,1041,1
351,1006,1666,1176,1342,1041,1
351,1006,1666,1176,1347,1040,1
351,1006,1666,1176,1349,1040,1
351,1006,1666,1176,1351,1040,1
351,1006,1666,1176,1356,1038,1
351,1006,1666,1176,1358,1038,1
351,1006,1666,1176,1362,1036,1
351,1006,1666,1176,1364,1035,1
351,1006,1666,1176,1367,1035,1
351,1006,1666,1176,1371,1034,1
351,1006,1666,1176,1373,1033,1
351,1006,1666,1176,1375,1033,1
351,1006,1666,1176,1378,1032,1
351,1006,1666,1176,1380,1032,1
351,1006,1666,1176,1385,1031,1
351,1006,1666,1176,1387,1031,1
351,1006,1666,1176,1389,1030,1
351,1006,1666,1176,1393,1029,1
351,1006,1666,1176,1395,1029,1
351,1006,1666,1176,1398,1028,1
351,1006,1666,1176,1400,1028,1
351,1006,1666,1176,1403,1027,1
351,1006,1666,1176,1408,1026,1
351,1006,1666,1176,1411,1026,1
351,1006,1666,1176,1415,1025,1
351,1006,1666,1176,1417,1024,1
351,1006,1666,1176,1419,1024,1
351,1006,1666,1176,1422,1024,1
351,1006,1666,1176,1424,1024,1
351,1006,1666,1176,1427,1023,1
351,1006,1666,1176,1428,1023,1
351,1006,1666,1176,1429,1022,1
351,1006,1666,1176,1432,1022,1
351,1006,1666,1176,1434,1022,1
351,1006,1666,1176,1438,1021,1
351,1006,1666,1176,1440,1021,1
351,1006,1666,1176,1441,1020,1
351,1006,1666,1176,1445,1021,1
351,1006,1666,1176,1448,1021,1
351,1006,1666,1176,1452,1021,1
351,1006,1666,1176,1454,1021,1
351,1006,1666,1176,1456,1021,1
351,1006,1666,1176,1458,1020,1
351,1006,1666,1176,1459,1019,1
351,1006,1666,1176,1460,1019,1
351,1006,1666,1176,1461,1017,1
351,1006,1666,1176,1461,1016,1
351,1006,1666,1176,1464,1013,1
351,1006,1666,1176,1466,1012,1
351,1006,1666,1176,1468,1011,1
351,1006,1666,1176,1470,1009,1
351,1006,1666,1176,1471,1009,1
351,1006,1666,1176,1472,1008,1
351,1006,1666,1176,1473,1008,1
351,1006,1666,1176,1473,1008,1
351,1006,1666,1176,1476,1007,1
351,1006,1666,1176,1478,1007,1
351,1006,1666,1176,1482,1007,1
351,1006,1666,1176,1484,1007,1
351,1006,1666,1176,1486,1007,1
351,1006,1666,1176,1489,1007,1
351,1006,1666,1176,1490,1007,1
351,1006,1666,1176,1490,1007,1
351,1006,1666,1176,1490,1007,1
351,1006,1666,1176,1490,1006,1
351,1006,1666,1176,1491,1006,1
351,1006,1666,1176,1491,1006,1
351,1006,1666,1176,1491,1006,1
351,1006,1666,1176,1493,1006,1
351,1006,1666,1176,1494,1006,1
351,1006,1666,1176,1494,1006,1
351,1006,1666,1176,1494,1006,1
351,1006,1666,1176,1494,1006,0
351,1006,1666,1176,1494,1006,0
351,1006,1666,1176,1494,1006,0
351,1006,1666,1176,1494,1005,0
351,1006,1666,1176,1494,1005,0
351,1006,1666,1176,1494,1005,0
351,1006,1666,1176,1494,1005,0
351,1006,1666,1176,1494,1006,0
351,1006,1666,1176,1493,1006,0
351,1006,1666,1176,1492,1006,0
351,1006,1666,1176,1492,1006,0
351,1006,1666,1176,1492,1006,0
351,1006,1666,1176,1492,1006,0
351,1006,1666,1176,1492,1007,0
351,1006,1666,1176,1491,1006,0
351,1006,1666,1176,1490,1006,0
351,1006,1666,1176,1489,1007,0
351,1006,1666,1176,1486,1006,0
351,1006,1666,1176,1484,1005,0
351,1006,1666,1176,1482,1003,0
351,1006,1666,1176,1480,1002,0
351,1006,1666,1176,1476,999,0
351,1006,1666,1176,1473,998,0
351,1006,1666,1176,1471,996,0
351,1006,1666,1176,1468,994,0
351,1006,1666,1176,1466,993,0
351,1006,1666,1176,1464,991,0
351,1006,1666,1176,1457,987,0
351,1006,1666,1176,1454,985,0
351,1006,1666,1176,1447,981,0
351,1006,1666,1176,1441,978,0
351,1006,1666,1176,1438,976,0
351,1006,1666,1176,1435,975,0
351,1006,1666,1176,1431,971,0
351,1006,1666,1176,1428,969,0
351,1006,1666,1176,1422,965,0
351,1006,1666,1176,1417,962,0
351,1006,1666,1176,1412,959,0
351,1006,1666,1176,1400,952,0
351,1006,1666,1176,1393,947,0
351,1006,1666,1176,1381,938,0
351,1006,1666,1176,1376,935,0
351,1006,1666,1176,1373,932,0
351,1006,1666,1176,1367,927,0
351,1006,1666,1176,1364,924,0
351,1006,1666,1176,1358,917,0
351,1006,1666,1176,1354,915,0
351,1006,1666,1176,1348,907,0
351,1006,1666,1176,1346,903,0
351,1006,1666,1176,1342,899,0
351,1006,1666,1176,1338,892,0
351,1006,1666,1176,1336,888,0
351,1006,1666,1176,1331,880,0
351,1006,1666,1176,1329,877,0
351,1006,1666,1176,1324,870,0
351,1006,1666,1176,1322,867,0
351,1006,1666,1176,1319,864,0
351,1006,1666,1176,1315,858,0
351,1006,1666,1176,1314,854,0
351,1006,1666,1176,1310,848,0
351,1006,1666,1176,1306,844,0
351,1006,1666,1176,1304,839,0
351,1006,1666,1176,1299,830,0
351,1006,1666,1176,1297,826,0
351,1006,1666,1176,1294,823,0
351,1006,1666,1176,1291,816,0
351,1006,1666,1176,1289,813,0
351,1006,1666,1176,1285,806,0
351,1006,1666,1176,1284,803,0
351,1006,1666,1176,1278,797,0
351,1006,1666,1176,1276,792,0
351,1006,1666,1176,1273,788,0
351,1006,1666,1176,1268,780,0
351,1006,1666,1176,1266,777,0
351,1006,1666,1176,1263,772,0
351,1006,1666,1176,1261,770,0
351,1006,1666,1176,1259,765,0
351,1006,1666,1176,1258,763,0
351,1006,1666,1176,1257,761,0
351,1006,1666,1176,1256,756,0
351,1006,1666,1176,1255,753,0
351,1006,1666,1176,1253,748,0
351,1006,1666,1176,1252,744,0
351,1006,1666,1176,1250,741,0
351,1006,1666,1176,1249,737,0
351,1006,1666,1176,1248,734,0
351,1006,1666,1176,1246,731,0
351,1006,1666,1176,1243,725,0
351,1006,1666,1176,1242,722,0
351,1006,1666,1176,1239,716,0
351,1006,1666,1176,1237,713,0
351,1006,1666,1176,1234,707,0
351,1006,1666,1176,1232,704,0
351,1006,1666,1176,1231,702,0
351,1006,1666,1176,1229,696,0
351,1006,1666,1176,1228,693,0
351,1006,1666,1176,1225,689,0
351,1006,1666,1176,1224,686,0
351,1006,1666,1176,1223,683,0
351,1006,1666,1176,1221,678,0
351,1006,1666,1176,1220,676,0
351,1006,1666,1176,1218,671,0
351,1006,1666,1176,1216,669,0
351,1006,1666,1176,1215,666,0
351,1006,1666,1176,1213,661,0
351,1006,1666,1176,1211,659,0
351,1006,1666,1176,1209,654,0
351,1006,1666,1176,1208,652,0
351,1006,1666,1176,1206,649,0
351,1006,1666,1176,1204,644,0
351,1006,1666,1176,1203,641,0
351,1006,1666,1176,1200,636,0
351,1006,1666,1176,1199,633,0
351,1006,1666,1176,1198,630,0
351,1006,1666,1176,1197,627,0
351,1006,1666,1176,1194,621,0
351,1006,1666,1176,1193,618,0
351,1006,1666,1176,1191,614,0
351,1006,1666,1176,1190,611,0
351,1006,1666,1176,1188,607,0
351,1006,1666,1176,1187,605,0
351,1006,1666,1176,1187,603,0
351,1006,1666,1176,1184,598,0
351,1006,1666,1176,1183,595,0
351,1006,1666,1176,1182,593,0
351,1006,1666,1176,1179,586,0
351,1006,1666,1176,1177,583,0
351,1006,1666,1176,1173,576,0
351,1006,1666,1176,1171,573,0
351,1006,1666,1176,1168,568,0
351,1006,1666,1176,1167,566,0
351,1006,1666,1176,1165,564,0
351,1006,1666,1176,1162,559,0
351,1006,1666,1176,1160,556,0
351,1006,1666,1176,1156,550,0
351,1006,1666,1176,1153,548,0
351,1006,1666,1176,1152,545,0
351,1006,1666,1176,1150,542,0
351,1006,1666,1176,1149,539,0
351,1006,1666,1176,1147,537,0
351,1006,1666,1176,1145,532,0
351,1006,1666,1176,1143,529,0
351,1006,1666,1176,1141,526,0
351,1006,1666,1176,1137,520,0
351,1006,1666,1176,1134,517,0
351,1006,1666,1176,1131,513,0
351,1006,1666,1176,1129,511,0
351,1006,1666,1176,1128,509,0
351,1006,1666,1176,1126,505,0
351,1006,1666,1176,1124,503,0
351,1006,1666,1176,1122,500,0
351,1006,1666,1176,1122,499,0
351,1006,1666,1176,1121,498,0
351,1006,1666,1176,1118,493,0
351,1006,1666,1176,1117,492,0
351,1006,1666,1176,1115,489,0
351,1006,1666,1176,1114,487,0
351,1006,1666,1176,1113,486,0
351,1006,1666,1176,1111,482,0
351,1006,1666,1176,1110,480,0
351,1006,1666,1176,1109,477,0
351,1006,1666,1176,1108,476,0
351,1006,1666,1176,1108,476,0
351,1006,1666,1176,1107,474,0
351,1006,1666,1176,1107,473,0
351,1006,1666,1176,1107,473,0
351,1006,1666,1176,1106,472,0
351,1006,1666,1176,1106,471,0
351,1006,1666,1176,1106,469,0
351,1006,1666,1176,1105,467,0
351,1006,1666,1176,1105,465,0
351,1006,1666,1176,1105,461,0
351,1006,1666,1176,1105,459,0
351,1006,1666,1176,1105,454,0
351,1006,1666,1176,1104,452,0
351,1006,1666,1176,1104,450,0
351,1006,1666,1176,1102,445,0
351,1006,1666,1176,1102,443,0
351,1006,1666,1176,1101,441,0
351,1006,1666,1176,1100,438,0
351,1006,1666,1176,1100,436,0
351,1006,1666,1176,1099,434,0
351,1006,1666,1176,1098,430,0
351,1006,1666,1176,1097,427,0
351,1006,1666,1176,1096,423,0
351,1006,1666,1176,1096,420,0
351,1006,1666,1176,1096,419,0
351,1006,1666,1176,1095,417,0
351,1006,1666,1176,1095,416,0
351,1006,1666,1176,1093,414,0
351,1006,1666,1176,1093,412,0
351,1006,1666,1176,1091,408,0
351,1006,1666,1176,1090,407,0
351,1006,1666,1176,1089,405,0
351,1006,1666,1176,1088,404,0
351,1006,1666,1176,1087,402,0
351,1006,1666,1176,1087,401,0
351,1006,1666,1176,1085,398,0
351,1006,1666,1176,1084,397,0
351,1006,1666,1176,1083,395,0
351,1006,1666,1176,1082,392,0
351,1006,1666,1176,1081,390,0
351,1006,1666,1176,1079,388,0
351,1006,1666,1176,1078,387,0
351,1006,1666,1176,1078,386,0
351,1006,1666,1176,1077,385,0
351,1006,1666,1176,1076,384,0
351,1006,1666,1176,1075,382,0
351,1006,1666,1176,1075,381,0
351,1006,1666,1176,1075,381,0
351,1006,1666,1176,1074,380,0
351,1006,1666,1176,1074,379,0
351,1006,1666,1176,1073,377,0
351,1006,1666,1176,1072,377,0
351,1006,1666,1176,1072,376,0
351,1006,1666,1176,1072,376,0
351,1006,1666,1176,1072,376,0
351,1006,1666,1176,1072,376,0
351,1006,1666,1176,1072,376,0
351,1006,1666,1176,1072,376,0
