351,1006,1666,1176,948,385,0
351,1006,1666,1176,948,385,0
351,1006,1666,1176,948,385,0
351,1006,1666,1176,948,385,0
351,1006,1666,1176,948,385,0
351,1006,1666,1176,948,385,0
351,1006,1666,1176,948,385,0
351,1006,1666,1176,948,385,0
351,1006,1666,1176,948,385,0
351,1006,1666,1176,948,385,0
351,1006,1666,1176,948,385,0
351,1006,1666,1176,948,385,0
351,1006,1666,1176,948,385,0
351,1006,1666,1176,948,385,0
351,1006,1666,1176,948,385,0
351,1006,1666,1176,948,385,0
351,1006,1666,1176,948,385,0
351,1006,1666,1176,948,385,0
351,1006,1666,1176,948,385,0
351,1006,1666,1176,948,385,0
351,1006,1666,1176,948,385,0
351,1006,1666,1176,948,385,0
351,1006,1666,1176,948,385,0
351,1006,1666,1176,948,385,0
351,1006,1666,1176,948,385,0
351,1006,1666,1176,948,385,0
351,1006,1666,1176,948,385,0
351,1006,1666,1176,948,385,0
351,1006,1666,1176,948,385,0
351,1006,1666,1176,948,385,0
351,1006,1666,1176,948,385,0
351,1006,1666,1176,948,385,0
351,1006,1666,1176,948,385,0
351,1006,1666,1176,948,385,0
351,1006,1666,1176,948,385,0
351,1006,1666,1176,948,385,0
351,1006,1666,1176,947,385,0
351,1006,1666,1176,947,386,0
351,1006,1666,1176,946,387,0
351,1006,1666,1176,942,391,0
351,1006,1666,1176,940,392,0
351,1006,1666,1176,938,393,0
351,1006,1666,1176,937,394,0
351,1006,1666,1176,937,395,0
351,1006,1666,1176,936,395,0
351,1006,1666,1176,935,396,0
351,1006,1666,1176,935,397,0
351,1006,1666,1176,933,399,0
351,1006,1666,1176,933,400,0
351,1006,1666,1176,931,402,0
351,1006,1666,1176,929,404,0
351,1006,1666,1176,928,405,0
351,1006,1666,1176,925,409,0
351,1006,1666,1176,923,411,0
351,1006,1666,1176,919,416,0
351,1006,1666,1176,918,418,0
351,1006,1666,1176,916,420,0
351,1006,1666,1176,914,423,0
351,1006,1666,1176,913,424,0
351,1006,1666,1176,910,430,0
351,1006,1666,1176,908,432,0
351,1006,1666,1176,906,435,0
351,1006,1666,1176,902,440,0
351,1006,1666,1176,900,443,0
351,1006,1666,1176,897,448,0
351,1006,1666,1176,896,450,0
351,1006,1666,1176,894,453,0
351,1006,1666,1176,891,458,0
351,1006,1666,1176,890,461,0
351,1006,1666,1176,886,467,0
351,1006,1666,1176,884,470,0
351,1006,1666,1176,883,473,0
351,1006,1666,1176,878,480,0
351,1006,1666,1176,875,483,0
351,1006,1666,1176,873,486,0
351,1006,1666,1176,869,491,0
351,1006,1666,1176,868,494,0
351,1006,1666,1176,864,500,0
351,1006,1666,1176,862,504,0
351,1006,1666,1176,858,507,0
351,1006,1666,1176,852,514,0
351,1006,1666,1176,849,518,0
351,1006,1666,1176,843,526,0
351,1006,1666,1176,840,531,0
351,1006,1666,1176,838,534,0
351,1006,1666,1176,832,542,0
351,1006,1666,1176,830,545,0
351,1006,1666,1176,826,552,0
351,1006,1666,1176,824,554,0
351,1006,1666,1176,822,557,0
351,1006,1666,1176,819,562,0
351,1006,1666,1176,818,564,0
351,1006,1666,1176,810,573,0
351,1006,1666,1176,808,576,0
351,1006,1666,1176,805,578,0
351,1006,1666,1176,801,583,0
351,1006,1666,1176,798,585,0
351,1006,1666,1176,796,588,0
351,1006,1666,1176,791,593,0
351,1006,1666,1176,789,596,0
351,1006,1666,1176,785,600,0
351,1006,1666,1176,783,602,0
351,1006,1666,1176,782,604,0
351,1006,1666,1176,780,607,0
351,1006,1666,1176,779,609,0
351,1006,1666,1176,776,612,0
351,1006,1666,1176,775,614,0
351,1006,1666,1176,773,617,0
351,1006,1666,1176,770,622,0
351,1006,1666,1176,768,624,0
351,1006,1666,1176,765,630,0
351,1006,1666,1176,763,634,0
351,1006,1666,1176,761,637,0
351,1006,1666,1176,758,645,0
351,1006,1666,1176,757,648,0
351,1006,1666,1176,754,654,0
351,1006,1666,1176,753,657,0
351,1006,1666,1176,753,660,0
351,1006,1666,1176,750,666,0
351,1006,1666,1176,749,669,0
351,1006,1666,1176,748,672,0
351,1006,1666,1176,746,678,0
351,1006,1666,1176,744,681,0
351,1006,1666,1176,742,687,0
351,1006,1666,1176,741,690,0
351,1006,1666,1176,740,693,0
351,1006,1666,1176,737,699,0
351,1006,1666,1176,736,703,0
351,1006,1666,1176,734,709,0
351,1006,1666,1176,732,712,0
351,1006,1666,1176,731,715,0
351,1006,1666,1176,729,721,0
351,1006,1666,1176,727,724,0
351,1006,1666,1176,725,730,0
351,1006,1666,1176,724,733,0
351,1006,1666,1176,723,735,0
351,1006,1666,1176,720,742,0
351,1006,1666,1176,719,746,0
351,1006,1666,1176,716,753,0
351,1006,1666,1176,715,757,0
351,1006,1666,1176,713,761,0
351,1006,1666,1176,711,770,0
351,1006,1666,1176,710,774,0
351,1006,1666,1176,708,778,0
351,1006,1666,1176,707,788,0
351,1006,1666,1176,706,792,0
351,1006,1666,1176,702,800,0
351,1006,1666,1176,702,805,0
351,1006,1666,1176,700,807,0
351,1006,1666,1176,699,813,0
351,1006,1666,1176,698,816,0
351,1006,1666,1176,696,821,0
351,1006,1666,1176,695,823,0
351,1006,1666,1176,694,826,0
351,1006,1666,1176,690,833,0
351,1006,1666,1176,688,837,0
351,1006,1666,1176,686,843,0
351,1006,1666,1176,685,846,0
351,1006,1666,1176,685,848,0
351,1006,1666,1176,684,850,0
351,1006,1666,1176,684,851,0
351,1006,1666,1176,684,851,0
351,1006,1666,1176,684,851,0
351,1006,1666,1176,684,852,0
351,1006,1666,1176,684,854,0
351,1006,1666,1176,683,856,0
351,1006,1666,1176,683,861,0
351,1006,1666,1176,682,863,0
351,1006,1666,1176,682,866,0
351,1006,1666,1176,681,869,0
351,1006,1666,1176,681,871,0
351,1006,1666,1176,680,874,0
351,1006,1666,1176,679,878,0
351,1006,1666,1176,678,881,0
351,1006,1666,1176,676,885,0
351,1006,1666,1176,676,887,0
351,1006,1666,1176,675,889,0
351,1006,1666,1176,674,894,0
351,1006,1666,1176,674,897,0
351,1006,1666,1176,672,903,0
351,1006,1666,1176,672,906,0
351,1006,1666,1176,671,909,0
351,1006,1666,1176,669,917,0
351,1006,1666,1176,668,921,0
351,1006,1666,1176,665,932,0
351,1006,1666,1176,664,938,0
351,1006,1666,1176,663,945,0
351,1006,1666,1176,661,956,0
351,1006,1666,1176,659,962,0
351,1006,1666,1176,656,973,0
351,1006,1666,1176,654,980,0
351,1006,1666,1176,650,989,0
351,1006,1666,1176,649,993,0
351,1006,1666,1176,649,997,0
351,1006,1666,1176,648,998,0
351,1006,1666,1176,648,1000,0
351,1006,1666,1176,648,1000,0
351,1006,1666,1176,646,1002,0
351,1006,1666,1176,646,1004,0
351,1006,1666,1176,645,1005,0
351,1006,1666,1176,644,1007,0
351,1006,1666,1176,643,1008,0
351,1006,1666,1176,642,1010,0
351,1006,1666,1176,641,1011,0
351,1006,1666,1176,641,1012,0
351,1006,1666,1176,639,1015,0
351,1006,1666,1176,639,1016,0
351,1006,1666,1176,637,1020,0
351,1006,1666,1176,636,1021,0
351,1006,1666,1176,635,1023,0
351,1006,1666,1176,635,1024,0
351,1006,1666,1176,634,1025,0
351,1006,1666,1176,634,1026,0
351,1006,1666,1176,633,1028,0
351,1006,1666,1176,632,1030,0
351,1006,1666,1176,631,1031,0
351,1006,1666,1176,630,1032,0
351,1006,1666,1176,629,1034,0
351,1006,1666,1176,629,1037,0
351,1006,1666,1176,627,1040,0
351,1006,1666,1176,626,1043,0
351,1006,1666,1176,625,1044,0
351,1006,1666,1176,624,1048,0
351,1006,1666,1176,623,1049,0
351,1006,1666,1176,623,1050,0
351,1006,1666,1176,621,1054,0
351,1006,1666,1176,621,1055,0
351,1006,1666,1176,620,1056,0
351,1006,1666,1176,619,1058,0
351,1006,1666,1176,619,1060,0
351,1006,1666,1176,618,1063,0
351,1006,1666,1176,617,1064,0
351,1006,1666,1176,617,1065,0
351,1006,1666,1176,617,1067,0
351,1006,1666,1176,617,1067,0
351,1006,1666,1176,617,1068,0
351,1006,1666,1176,617,1068,0
351,1006,1666,1176,616,1068,0
351,1006,1666,1176,616,1068,0
351,1006,1666,1176,616,1068,0
351,1006,1666,1176,616,1068,0
351,1006,1666,1176,616,1068,0
351,1006,1666,1176,616,1068,0
351,1006,1666,1176,616,1068,0
351,1006,1666,1176,616,1068,0
351,1006,1666,1176,616,1068,0
351,1006,1666,1176,616,1068,1
351,1006,1666,1176,616,1068,1
351,1006,1666,1176,616,1068,1
351,1006,1666,1176,616,1068,1
351,1006,1666,1176,616,1068,1
351,1006,1666,1176,616,1068,1
351,1006,1666,1176,616,1068,1
351,1006,1666,1176,617,1068,1
351,1006,1666,1176,617,1068,1
351,1006,1666,1176,617,1068,1
351,1006,1666,1176,617,1068,1
351,1006,1666,1176,617,1068,1
351,1006,1666,1176,617,1068,1
351,1006,1666,1176,617,1068,1
351,1006,1666,1176,617,1068,1
351,1006,1666,1176,617,1068,1
351,1006,1666,1176,618,1067,1
351,1006,1666,1176,619,1065,1
351,1006,1666,1176,623,1063,1
351,1006,1666,1176,628,1061,1
351,1006,1666,1176,633,1059,1
351,1006,1666,1176,636,1059,1
351,1006,1666,1176,640,1058,1
351,1006,1666,1176,649,1056,1
351,1006,1666,1176,653,1056,1
351,1006,1666,1176,663,1054,1
351,1006,1666,1176,667,1054,1
351,1006,1666,1176,671,1052,1
351,1006,1666,1176,683,1051,1
351,1006,1666,1176,692,1049,1
351,1006,1666,1176,699,1048,1
351,1006,1666,1176,712,1046,1
351,1006,1666,1176,720,1046,1
351,1006,1666,1176,732,1042,1
351,1006,1666,1176,739,1042,1
351,1006,1666,1176,744,1040,1
351,1006,1666,1176,757,1038,1
351,1006,1666,1176,765,1037,1
351,1006,1666,1176,783,1034,1
351,1006,1666,1176,792,1034,1
351,1006,1666,1176,800,1034,1
351,1006,1666,1176,813,1033,1
351,1006,1666,1176,817,1033,1
351,1006,1666,1176,825,1031,1
351,1006,1666,1176,830,1031,1
351,1006,1666,1176,833,1031,1
351,1006,1666,1176,842,1029,1
351,1006,1666,1176,844,1029,1
351,1006,1666,1176,849,1027,1
351,1006,1666,1176,852,1027,1
351,1006,1666,1176,855,1026,1
351,1006,1666,1176,865,1025,1
351,1006,1666,1176,871,1024,1
351,1006,1666,1176,884,1023,1
351,1006,1666,1176,890,1021,1
351,1006,1666,1176,896,1019,1
351,1006,1666,1176,904,1018,1
351,1006,1666,1176,907,1018,1
351,1006,1666,1176,915,1017,1
351,1006,1666,1176,919,1017,1
351,1006,1666,1176,922,1016,1
351,1006,1666,1176,929,1015,1
351,1006,1666,1176,932,1015,1
351,1006,1666,1176,938,1014,1
351,1006,1666,1176,942,1012,1
351,1006,1666,1176,946,1012,1
351,1006,1666,1176,954,1012,1
351,1006,1666,1176,958,1012,1
351,1006,1666,1176,968,1012,1
351,1006,1666,1176,972,1012,1
351,1006,1666,1176,978,1012,1
351,1006,1666,1176,988,1012,1
351,1006,1666,1176,994,1012,1
351,1006,1666,1176,999,1012,1
351,1006,1666,1176,1009,1012,1
351,1006,1666,1176,1015,1012,1
351,1006,1666,1176,1020,1012,1
351,1006,1666,1176,1029,1012,1
351,1006,1666,1176,1035,1012,1
351,1006,1666,1176,1046,1012,1
351,1006,1666,1176,1052,1012,1
351,1006,1666,1176,1061,1012,1
351,1006,1666,1176,1066,1011,1
351,1006,1666,1176,1071,1011,1
351,1006,1666,1176,1079,1011,1
351,1006,1666,1176,1083,1011,1
351,1006,1666,1176,1093,1011,1
351,1006,1666,1176,1098,1010,1
351,1006,1666,1176,1104,1010,1
351,1006,1666,1176,1116,1010,1
351,1006,1666,1176,1122,1010,1
351,1006,1666,1176,1133,1010,1
351,1006,1666,1176,1138,1010,1
351,1006,1666,1176,1143,1010,1
351,1006,1666,1176,1154,1010,1
351,1006,1666,1176,1159,1010,1
351,1006,1666,1176,1168,1010,1
351,1006,1666,1176,1173,1010,1
351,1006,1666,1176,1176,1010,1
351,1006,1666,1176,1186,1010,1
351,1006,1666,1176,1189,1010,1
351,1006,1666,1176,1193,1010,1
351,1006,1666,1176,1199,1010,1
351,1006,1666,1176,1202,1010,1
351,1006,1666,1176,1212,1010,1
351,1006,1666,1176,1217,1010,1
351,1006,1666,1176,1222,1010,1
351,1006,1666,1176,1234,1010,1
351,1006,1666,1176,1240,1010,1
351,1006,1666,1176,1251,1010,1
351,1006,1666,1176,1256,1010,1
351,1006,1666,1176,1259,1009,1
351,1006,1666,1176,1266,1009,1
351,1006,1666,1176,1269,1009,1
351,1006,1666,1176,1278,1009,1
351,1006,1666,1176,1283,1009,1
351,1006,1666,1176,1288,1009,1
351,1006,1666,1176,1298,1008,1
351,1006,1666,1176,1303,1008,1
351,1006,1666,1176,1308,1008,1
351,1006,1666,1176,1310,1008,1
351,1006,1666,1176,1313,1008,1
351,1006,1666,1176,1319,1008,1
351,1006,1666,1176,1326,1008,1
351,1006,1666,1176,1331,1008,1
351,1006,1666,1176,1335,1008,1
351,1006,1666,1176,1339,1008,1
351,1006,1666,1176,1340,1008,1
351,1006,1666,1176,1341,1008,1
351,1006,1666,1176,1342,1008,1
351,1006,1666,1176,1342,1008,1
351,1006,1666,1176,1343,1008,1
351,1006,1666,1176,1344,1008,1
351,1006,1666,1176,1344,1008,1
351,1006,1666,1176,1346,1008,1
351,1006,1666,1176,1348,1008,1
351,1006,1666,1176,1355,1006,1
351,1006,1666,1176,1360,1005,1
351,1006,1666,1176,1365,1005,1
351,1006,1666,1176,1376,1003,1
351,1006,1666,1176,1380,1003,1
351,1006,1666,1176,1389,1002,1
351,1006,1666,1176,1392,1001,1
351,1006,1666,1176,1397,1001,1
351,1006,1666,1176,1400,1001,1
351,1006,1666,1176,1403,1000,1
351,1006,1666,1176,1411,999,1
351,1006,1666,1176,1416,999,1
351,1006,1666,1176,1421,998,1
351,1006,1666,1176,1430,998,1
351,1006,1666,1176,1434,997,1
351,1006,1666,1176,1438,997,1
351,1006,1666,1176,1447,997,1
351,1006,1666,1176,1451,997,1
351,1006,1666,1176,1459,995,1
351,1006,1666,1176,1464,995,1
351,1006,1666,1176,1467,995,1
351,1006,1666,1176,1473,995,1
351,1006,1666,1176,1477,995,1
351,1006,1666,1176,1483,995,1
351,1006,1666,1176,1487,995,1
351,1006,1666,1176,1491,995,1
351,1006,1666,1176,1499,995,1
351,1006,1666,1176,1501,995,1
351,1006,1666,1176,1506,994,1
351,1006,1666,1176,1508,994,1
351,1006,1666,1176,1509,994,1
351,1006,1666,1176,1514,994,1
351,1006,1666,1176,1517,994,1
351,1006,1666,1176,1523,994,1
351,1006,1666,1176,1526,994,1
351,1006,1666,1176,1529,994,1
351,1006,1666,1176,1535,994,1
351,1006,1666,1176,1537,994,1
351,1006,1666,1176,1542,994,1
351,1006,1666,1176,1544,994,1
351,1006,1666,1176,1547,994,1
351,1006,1666,1176,1552,994,1
351,1006,1666,1176,1554,994,1
351,1006,1666,1176,1556,994,1
351,1006,1666,1176,1560,994,1
351,1006,1666,1176,1561,994,1
351,1006,1666,1176,1564,994,1
351,1006,1666,1176,1566,993,1
351,1006,1666,1176,1569,993,1
351,1006,1666,1176,1573,992,1
351,1006,1666,1176,1575,992,1
351,1006,1666,1176,1577,991,1
351,1006,1666,1176,1581,991,1
351,1006,1666,1176,1583,990,1
351,1006,1666,1176,1586,990,1
351,1006,1666,1176,1587,990,1
351,1006,1666,1176,1588,990,1
351,1006,1666,1176,1591,989,1
351,1006,1666,1176,1593,989,1
351,1006,1666,1176,1600,988,1
351,1006,1666,1176,1603,987,1
351,1006,1666,1176,1610,986,1
351,1006,1666,1176,1614,985,1
351,1006,1666,1176,1617,985,1
351,1006,1666,1176,1622,984,1
351,1006,1666,1176,1623,984,1
351,1006,1666,1176,1624,984,1
351,1006,1666,1176,1625,983,1
351,1006,1666,1176,1626,983,1
351,1006,1666,1176,1629,983,1
351,1006,1666,1176,1636,983,1
351,1006,1666,1176,1639,982,1
351,1006,1666,1176,1644,981,1
351,1006,1666,1176,1644,981,1
351,1006,1666,1176,1644,981,1
351,1006,1666,1176,1644,981,1
351,1006,1666,1176,1644,981,1
351,1006,1666,1176,1644,981,1
351,1006,1666,1176,1644,981,1
351,1006,1666,1176,1644,981,1
351,1006,1666,1176,1644,981,1
351,1006,1666,1176,1644,981,1
351,1006,1666,1176,1644,981,1
351,1006,1666,1176,1644,981,1
351,1006,1666,1176,1644,981,1
351,1006,1666,1176,1644,981,1
351,1006,1666,1176,1644,981,1
351,1006,1666,1176,1644,981,1
351,1006,1666,1176,1644,981,1
351,1006,1666,1176,1645,980,0
351,1006,1666,1176,1645,980,0
351,1006,1666,1176,1645,980,0
351,1006,1666,1176,1645,980,0
351,1006,1666,1176,1645,980,0
351,1006,1666,1176,1645,980,0
351,1006,1666,1176,1645,980,0
351,1006,1666,1176,1645,980,0
351,1006,1666,1176,1645,980,0
351,1006,1666,1176,1644,980,0
351,1006,1666,1176,1644,980,0
351,1006,1666,1176,1644,981,0
351,1006,1666,1176,1643,981,0
351,1006,1666,1176,1641,981,0
351,1006,1666,1176,1640,981,0
351,1006,1666,1176,1639,982,0
351,1006,1666,1176,1639,982,0
351,1006,1666,1176,1639,982,0
351,1006,1666,1176,1639,982,0
351,1006,1666,1176,1639,982,0
351,1006,1666,1176,1640,982,0
351,1006,1666,1176,1641,982,0
351,1006,1666,1176,1641,981,0
351,1006,1666,1176,1641,981,0
351,1006,1666,1176,1641,981,0
351,1006,1666,1176,1641,981,0
351,1006,1666,1176,1641,981,0
351,1006,1666,1176,1642,981,0
351,1006,1666,1176,1643,981,0
351,1006,1666,1176,1643,981,0
351,1006,1666,1176,1643,981,0
351,1006,1666,1176,1643,981,0
351,1006,1666,1176,1643,981,0
351,1006,1666,1176,1643,981,0
351,1006,1666,1176,1643,981,0
351,1006,1666,1176,1642,981,0
351,1006,1666,1176,1640,979,0
351,1006,1666,1176,1634,973,0
351,1006,1666,1176,1632,970,0
351,1006,1666,1176,1627,966,0
351,1006,1666,1176,1624,964,0
351,1006,1666,1176,1620,960,0
351,1006,1666,1176,1613,955,0
351,1006,1666,1176,1607,952,0
351,1006,1666,1176,1597,946,0
351,1006,1666,1176,1594,944,0
351,1006,1666,1176,1591,942,0
351,1006,1666,1176,1586,940,0
351,1006,1666,1176,1585,938,0
351,1006,1666,1176,1583,937,0
351,1006,1666,1176,1580,934,0
351,1006,1666,1176,1578,932,0
351,1006,1666,1176,1573,928,0
351,1006,1666,1176,1571,926,0
351,1006,1666,1176,1568,924,0
351,1006,1666,1176,1560,918,0
351,1006,1666,1176,1557,916,0
351,1006,1666,1176,1549,910,0
351,1006,1666,1176,1546,908,0
351,1006,1666,1176,1543,906,0
351,1006,1666,1176,1538,902,0
351,1006,1666,1176,1535,899,0
351,1006,1666,1176,1529,892,0
351,1006,1666,1176,1524,889,0
351,1006,1666,1176,1520,885,0
351,1006,1666,1176,1502,873,0
351,1006,1666,1176,1498,871,0
351,1006,1666,1176,1495,867,0
351,1006,1666,1176,1490,864,0
351,1006,1666,1176,1489,863,0
351,1006,1666,1176,1487,861,0
351,1006,1666,1176,1487,860,0
351,1006,1666,1176,1486,859,0
351,1006,1666,1176,1485,858,0
351,1006,1666,1176,1484,857,0
351,1006,1666,1176,1484,856,0
351,1006,1666,1176,1480,853,0
351,1006,1666,1176,1478,851,0
351,1006,1666,1176,1474,847,0
351,1006,1666,1176,1472,845,0
351,1006,1666,1176,1470,843,0
351,1006,1666,1176,1464,838,0
351,1006,1666,1176,1461,835,0
351,1006,1666,1176,1454,830,0
351,1006,1666,1176,1450,827,0
351,1006,1666,1176,1446,823,0
351,1006,1666,1176,1440,818,0
351,1006,1666,1176,1437,816,0
351,1006,1666,1176,1431,812,0
351,1006,1666,1176,1428,810,0
351,1006,1666,1176,1426,807,0
351,1006,1666,1176,1420,802,0
351,1006,1666,1176,1417,800,0
351,1006,1666,1176,1411,794,0
351,1006,1666,1176,1407,791,0
351,1006,1666,1176,1405,789,0
351,1006,1666,1176,1401,783,0
351,1006,1666,1176,1400,780,0
351,1006,1666,1176,1399,777,0
351,1006,1666,1176,1398,772,0
351,1006,1666,1176,1397,770,0
351,1006,1666,1176,1395,764,0
351,1006,1666,1176,1394,761,0
351,1006,1666,1176,1394,758,0
351,1006,1666,1176,1394,750,0
351,1006,1666,1176,1394,746,0
351,1006,1666,1176,1392,738,0
351,1006,1666,1176,1392,734,0
351,1006,1666,1176,1391,729,0
351,1006,1666,1176,1390,721,0
351,1006,1666,1176,1389,717,0
351,1006,1666,1176,1386,709,0
351,1006,1666,1176,1382,705,0
351,1006,1666,1176,1380,702,0
351,1006,1666,1176,1375,693,0
351,1006,1666,1176,1371,688,0
351,1006,1666,1176,1367,683,0
351,1006,1666,1176,1357,672,0
351,1006,1666,1176,1354,667,0
351,1006,1666,1176,1346,659,0
351,1006,1666,1176,1344,655,0
351,1006,1666,1176,1341,651,0
351,1006,1666,1176,1335,644,0
351,1006,1666,1176,1332,639,0
351,1006,1666,1176,1326,631,0
351,1006,1666,1176,1321,627,0
351,1006,1666,1176,1317,623,0
351,1006,1666,1176,1309,614,0
351,1006,1666,1176,1305,611,0
351,1006,1666,1176,1303,607,0
351,1006,1666,1176,1301,605,0
351,1006,1666,1176,1301,604,0
351,1006,1666,1176,1299,601,0
351,1006,1666,1176,1297,599,0
351,1006,1666,1176,1296,597,0
351,1006,1666,1176,1292,592,0
351,1006,1666,1176,1291,589,0
351,1006,1666,1176,1287,584,0
351,1006,1666,1176,1286,582,0
351,1006,1666,1176,1284,580,0
351,1006,1666,1176,1282,576,0
351,1006,1666,1176,1281,575,0
351,1006,1666,1176,1278,571,0
351,1006,1666,1176,1276,568,0
351,1006,1666,1176,1275,566,0
351,1006,1666,1176,1271,561,0
351,1006,1666,1176,1269,559,0
351,1006,1666,1176,1268,557,0
351,1006,1666,1176,1265,553,0
351,1006,1666,1176,1264,551,0
351,1006,1666,1176,1261,548,0
351,1006,1666,1176,1260,546,0
351,1006,1666,1176,1259,544,0
351,1006,1666,1176,1256,540,0
351,1006,1666,1176,1254,538,0
351,1006,1666,1176,1251,534,0
351,1006,1666,1176,1249,532,0
351,1006,1666,1176,1247,529,0
351,1006,1666,1176,1243,525,0
351,1006,1666,1176,1241,523,0
351,1006,1666,1176,1237,519,0
351,1006,1666,1176,1236,518,0
351,1006,1666,1176,1234,516,0
351,1006,1666,1176,1231,514,0
351,1006,1666,1176,1229,512,0
351,1006,1666,1176,1226,510,0
351,1006,1666,1176,1225,509,0
351,1006,1666,1176,1225,509,0
351,1006,1666,1176,1223,507,0
351,1006,1666,1176,1223,507,0
351,1006,1666,1176,1221,506,0
351,1006,1666,1176,1221,505,0
351,1006,1666,1176,1219,504,0
351,1006,1666,1176,1216,501,0
351,1006,1666,1176,1213,500,0
351,1006,1666,1176,1212,499,0
351,1006,1666,1176,1207,495,0
351,1006,1666,1176,1203,493,0
351,1006,1666,1176,1196,488,0
351,1006,1666,1176,1193,487,0
351,1006,1666,1176,1190,485,0
351,1006,1666,1176,1187,483,0
351,1006,1666,1176,1187,483,0
351,1006,1666,1176,1187,483,0
351,1006,1666,1176,1187,483,0
351,1006,1666,1176,1187,483,0
351,1006,1666,1176,1187,483,0
351,1006,1666,1176,1187,483,0
351,1006,1666,1176,1185,481,0
351,1006,1666,1176,1183,478,0
351,1006,1666,1176,1180,475,0
351,1006,1666,1176,1176,469,0
351,1006,1666,1176,1173,467,0
351,1006,1666,1176,1169,463,0
351,1006,1666,1176,1167,462,0
351,1006,1666,1176,1166,460,0
351,1006,1666,1176,1164,459,0
351,1006,1666,1176,1163,457,0
351,1006,1666,1176,1162,456,0
351,1006,1666,1176,1159,452,0
351,1006,1666,1176,1157,451,0
351,1006,1666,1176,1155,448,0
351,1006,1666,1176,1154,448,0
351,1006,1666,1176,1154,447,0
351,1006,1666,1176,1152,445,0
351,1006,1666,1176,1152,445,0
351,1006,1666,1176,1149,442,0
351,1006,1666,1176,1148,441,0
351,1006,1666,1176,1147,440,0
351,1006,1666,1176,1144,437,0
351,1006,1666,1176,1143,436,0
351,1006,1666,1176,1140,433,0
351,1006,1666,1176,1138,431,0
351,1006,1666,1176,1137,430,0
351,1006,1666,1176,1133,427,0
351,1006,1666,1176,1132,426,0
351,1006,1666,1176,1129,424,0
351,1006,1666,1176,1129,424,0
351,1006,1666,1176,1126,421,0
351,1006,1666,1176,1125,420,0
351,1006,1666,1176,1124,419,0
351,1006,1666,1176,1122,418,0
351,1006,1666,1176,1120,417,0
351,1006,1666,1176,1118,416,0
351,1006,1666,1176,1114,414,0
351,1006,1666,1176,1114,413,0
351,1006,1666,1176,1112,412,0
351,1006,1666,1176,1112,412,0
351,1006,1666,1176,1111,412,0
351,1006,1666,1176,1109,410,0
351,1006,1666,1176,1107,409,0
351,1006,1666,1176,1102,406,0
351,1006,1666,1176,1099,404,0
351,1006,1666,1176,1097,403,0
351,1006,1666,1176,1094,402,0
351,1006,1666,1176,1093,402,0
351,1006,1666,1176,1092,401,0
351,1006,1666,1176,1091,401,0
351,1006,1666,1176,1090,400,0
351,1006,1666,1176,1086,397,0
351,1006,1666,1176,1085,396,0
351,1006,1666,1176,1081,394,0
351,1006,1666,1176,1079,393,0
351,1006,1666,1176,1077,391,0
351,1006,1666,1176,1074,389,0
351,1006,1666,1176,1073,388,0
351,1006,1666,1176,1072,387,0
351,1006,1666,1176,1071,387,0
351,1006,1666,1176,1071,387,0
351,1006,1666,1176,1071,387,0
351,1006,1666,1176,1069,386,0
351,1006,1666,1176,1067,385,0
351,1006,1666,1176,1064,383,0
351,1006,1666,1176,1062,383,0
351,1006,1666,1176,1062,383,0
351,1006,1666,1176,1062,383,0
351,1006,1666,1176,1062,383,0
351,1006,1666,1176,1062,383,0
351,1006,1666,1176,1062,382,0
351,1006,1666,1176,1062,382,0
