486,1040,1393,1085,879,384,0
486,1040,1393,1085,879,384,0
486,1040,1393,1085,879,384,0
486,1040,1393,1085,879,384,0
486,1040,1393,1085,879,384,0
486,1040,1393,1085,879,384,0
486,1040,1393,1085,879,384,0
486,1040,1393,1085,879,384,0
486,1040,1393,1085,879,384,0
486,1040,1393,1085,879,384,0
486,1040,1393,1085,879,384,0
486,1040,1393,1085,879,384,0
486,1040,1393,1085,879,384,0
486,1040,1393,1085,879,384,0
486,1040,1393,1085,879,384,0
486,1040,1393,1085,879,384,0
486,1040,1393,1085,879,384,0
486,1040,1393,1085,879,384,0
486,1040,1393,1085,879,384,0
486,1040,1393,1085,879,384,0
486,1040,1393,1085,879,384,0
486,1040,1393,1085,879,385,0
486,1040,1393,1085,879,389,0
486,1040,1393,1085,879,392,0
486,1040,1393,1085,879,395,0
486,1040,1393,1085,878,402,0
486,1040,1393,1085,878,406,0
486,1040,1393,1085,879,411,0
486,1040,1393,1085,879,414,0
486,1040,1393,1085,880,418,0
486,1040,1393,1085,879,419,0
486,1040,1393,1085,879,421,0
486,1040,1393,1085,879,427,0
486,1040,1393,1085,879,430,0
486,1040,1393,1085,879,434,0
486,1040,1393,1085,878,442,0
486,1040,1393,1085,877,446,0
486,1040,1393,1085,876,459,0
486,1040,1393,1085,875,463,0
486,1040,1393,1085,874,466,0
486,1040,1393,1085,872,472,0
486,1040,1393,1085,871,476,0
486,1040,1393,1085,870,482,0
486,1040,1393,1085,869,487,0
486,1040,1393,1085,868,489,0
486,1040,1393,1085,867,490,0
486,1040,1393,1085,866,495,0
486,1040,1393,1085,866,497,0
486,1040,1393,1085,864,501,0
486,1040,1393,1085,864,503,0
486,1040,1393,1085,862,508,0
486,1040,1393,1085,862,510,0
486,1040,1393,1085,862,513,0
486,1040,1393,1085,861,519,0
486,1040,1393,1085,860,522,0
486,1040,1393,1085,859,529,0
486,1040,1393,1085,859,532,0
486,1040,1393,1085,857,540,0
486,1040,1393,1085,855,544,0
486,1040,1393,1085,854,547,0
486,1040,1393,1085,852,554,0
486,1040,1393,1085,851,557,0
486,1040,1393,1085,851,559,0
486,1040,1393,1085,850,564,0
486,1040,1393,1085,850,566,0
486,1040,1393,1085,849,570,0
486,1040,1393,1085,848,573,0
486,1040,1393,1085,847,576,0
486,1040,1393,1085,845,582,0
486,1040,1393,1085,844,585,0
486,1040,1393,1085,843,590,0
486,1040,1393,1085,842,592,0
486,1040,1393,1085,841,596,0
486,1040,1393,1085,840,598,0
486,1040,1393,1085,838,603,0
486,1040,1393,1085,837,605,0
486,1040,1393,1085,835,608,0
486,1040,1393,1085,833,614,0
486,1040,1393,1085,831,617,0
486,1040,1393,1085,828,624,0
486,1040,1393,1085,826,627,0
486,1040,1393,1085,824,630,0
486,1040,1393,1085,822,635,0
486,1040,1393,1085,820,638,0
486,1040,1393,1085,818,642,0
486,1040,1393,1085,817,645,0
486,1040,1393,1085,816,647,0
486,1040,1393,1085,813,651,0
486,1040,1393,1085,812,653,0
486,1040,1393,1085,809,656,0
486,1040,1393,1085,808,659,0
486,1040,1393,1085,806,661,0
486,1040,1393,1085,803,667,0
486,1040,1393,1085,802,670,0
486,1040,1393,1085,799,674,0
486,1040,1393,1085,799,676,0
486,1040,1393,1085,798,677,0
486,1040,1393,1085,797,680,0
486,1040,1393,1085,796,681,0
486,1040,1393,1085,795,684,0
486,1040,1393,1085,795,685,0
486,1040,1393,1085,794,686,0
486,1040,1393,1085,793,689,0
486,1040,1393,1085,792,691,0
486,1040,1393,1085,791,694,0
486,1040,1393,1085,788,699,0
486,1040,1393,1085,787,701,0
486,1040,1393,1085,783,707,0
486,1040,1393,1085,781,709,0
486,1040,1393,1085,779,714,0
486,1040,1393,1085,778,715,0
486,1040,1393,1085,777,718,0
486,1040,1393,1085,774,723,0
486,1040,1393,1085,773,726,0
486,1040,1393,1085,769,732,0
486,1040,1393,1085,768,735,0
486,1040,1393,1085,765,741,0
486,1040,1393,1085,763,744,0
486,1040,1393,1085,762,747,0
486,1040,1393,1085,758,754,0
486,1040,1393,1085,756,757,0
486,1040,1393,1085,752,764,0
486,1040,1393,1085,750,768,0
486,1040,1393,1085,747,773,0
486,1040,1393,1085,744,779,0
486,1040,1393,1085,743,782,0
486,1040,1393,1085,742,785,0
486,1040,1393,1085,739,791,0
486,1040,1393,1085,737,793,0
486,1040,1393,1085,735,799,0
486,1040,1393,1085,734,802,0
486,1040,1393,1085,732,804,0
486,1040,1393,1085,730,810,0
486,1040,1393,1085,729,813,0
486,1040,1393,1085,728,815,0
486,1040,1393,1085,727,820,0
486,1040,1393,1085,727,822,0
486,1040,1393,1085,726,827,0
486,1040,1393,1085,725,829,0
486,1040,1393,1085,725,832,0
486,1040,1393,1085,724,837,0
486,1040,1393,1085,723,840,0
486,1040,1393,1085,723,843,0
486,1040,1393,1085,723,850,0
486,1040,1393,1085,723,852,0
486,1040,1393,1085,723,855,0
486,1040,1393,1085,722,862,0
486,1040,1393,1085,721,866,0
486,1040,1393,1085,720,874,0
486,1040,1393,1085,720,879,0
486,1040,1393,1085,720,883,0
486,1040,1393,1085,720,893,0
486,1040,1393,1085,720,897,0
486,1040,1393,1085,719,907,0
486,1040,1393,1085,719,911,0
486,1040,1393,1085,719,915,0
486,1040,1393,1085,717,926,0
486,1040,1393,1085,716,930,0
486,1040,1393,1085,715,934,0
486,1040,1393,1085,712,940,0
486,1040,1393,1085,711,943,0
486,1040,1393,1085,706,948,0
486,1040,1393,1085,704,951,0
486,1040,1393,1085,700,954,0
486,1040,1393,1085,699,955,0
486,1040,1393,1085,698,957,0
486,1040,1393,1085,695,959,0
486,1040,1393,1085,695,961,0
486,1040,1393,1085,694,963,0
486,1040,1393,1085,692,966,0
486,1040,1393,1085,691,968,0
486,1040,1393,1085,689,969,0
486,1040,1393,1085,687,974,0
486,1040,1393,1085,686,976,0
486,1040,1393,1085,686,978,0
486,1040,1393,1085,684,983,0
486,1040,1393,1085,684,985,0
486,1040,1393,1085,684,989,0
486,1040,1393,1085,683,992,0
486,1040,1393,1085,683,995,0
486,1040,1393,1085,682,1003,0
486,1040,1393,1085,681,1007,0
486,1040,1393,1085,680,1014,0
486,1040,1393,1085,680,1017,0
486,1040,1393,1085,679,1018,0
486,1040,1393,1085,679,1020,0
486,1040,1393,1085,679,1021,0
486,1040,1393,1085,679,1022,0
486,1040,1393,1085,677,1026,0
486,1040,1393,1085,676,1028,0
486,1040,1393,1085,675,1033,0
486,1040,1393,1085,674,1035,0
486,1040,1393,1085,674,1038,0
486,1040,1393,1085,673,1042,0
486,1040,1393,1085,672,1043,0
486,1040,1393,1085,672,1044,0
486,1040,1393,1085,672,1047,0
486,1040,1393,1085,672,1048,0
486,1040,1393,1085,671,1051,0
486,1040,1393,1085,670,1052,0
486,1040,1393,1085,670,1054,0
486,1040,1393,1085,670,1057,0
486,1040,1393,1085,669,1059,0
486,1040,1393,1085,669,1062,0
486,1040,1393,1085,668,1068,0
486,1040,1393,1085,668,1071,0
486,1040,1393,1085,667,1075,0
486,1040,1393,1085,667,1077,0
486,1040,1393,1085,666,1079,0
486,1040,1393,1085,666,1082,0
486,1040,1393,1085,665,1084,0
486,1040,1393,1085,665,1087,0
486,1040,1393,1085,664,1090,0
486,1040,1393,1085,664,1092,0
486,1040,1393,1085,662,1097,0
486,1040,1393,1085,661,1099,0
486,1040,1393,1085,660,1104,0
486,1040,1393,1085,660,1106,0
486,1040,1393,1085,660,1108,0
486,1040,1393,1085,659,1110,0
486,1040,1393,1085,659,1112,0
486,1040,1393,1085,659,1113,0
486,1040,1393,1085,658,1115,0
486,1040,1393,1085,658,1116,0
486,1040,1393,1085,658,1118,0
486,1040,1393,1085,657,1120,0
486,1040,1393,1085,656,1121,0
486,1040,1393,1085,656,1121,0
486,1040,1393,1085,656,1122,0
486,1040,1393,1085,656,1122,0
486,1040,1393,1085,656,1123,0
486,1040,1393,1085,655,1124,0
486,1040,1393,1085,654,1126,0
486,1040,1393,1085,653,1127,0
486,1040,1393,1085,652,1128,0
486,1040,1393,1085,650,1131,0
486,1040,1393,1085,649,1132,0
486,1040,1393,1085,647,1133,0
486,1040,1393,1085,646,1135,0
486,1040,1393,1085,644,1136,0
486,1040,1393,1085,641,1138,0
486,1040,1393,1085,640,1140,0
486,1040,1393,1085,636,1142,0
486,1040,1393,1085,635,1142,0
486,1040,1393,1085,634,1143,0
486,1040,1393,1085,633,1144,0
486,1040,1393,1085,630,1146,0
486,1040,1393,1085,628,1146,0
486,1040,1393,1085,626,1147,0
486,1040,1393,1085,625,1147,0
486,1040,1393,1085,625,1147,0
486,1040,1393,1085,623,1148,0
486,1040,1393,1085,623,1148,0
486,1040,1393,1085,622,1150,0
486,1040,1393,1085,621,1150,0
486,1040,1393,1085,621,1150,0
486,1040,1393,1085,621,1151,0
486,1040,1393,1085,621,1151,0
486,1040,1393,1085,621,1151,0
486,1040,1393,1085,621,1151,0
486,1040,1393,1085,621,1151,0
486,1040,1393,1085,621,1151,0
486,1040,1393,1085,621,1151,0
486,1040,1393,1085,621,1151,0
486,1040,1393,1085,621,1151,0
486,1040,1393,1085,621,1151,1
486,1040,1393,1085,621,1151,1
486,1040,1393,1085,621,1151,1
486,1040,1393,1085,621,1151,1
486,1040,1393,1085,621,1151,1
486,1040,1393,1085,621,1151,1
486,1040,1393,1085,621,1151,1
486,1040,1393,1085,621,1151,1
486,1040,1393,1085,621,1151,1
486,1040,1393,1085,621,1151,1
486,1040,1393,1085,621,1151,1
486,1040,1393,1085,621,1151,1
486,1040,1393,1085,621,1151,1
486,1040,1393,1085,621,1151,1
486,1040,1393,1085,621,1151,1
486,1040,1393,1085,621,1151,1
486,1040,1393,1085,621,1151,1
486,1040,1393,1085,622,1151,1
486,1040,1393,1085,622,1151,1
486,1040,1393,1085,625,1150,1
486,1040,1393,1085,627,1149,1
486,1040,1393,1085,629,1148,1
486,1040,1393,1085,631,1148,1
486,1040,1393,1085,633,1147,1
486,1040,1393,1085,637,1147,1
486,1040,1393,1085,639,1146,1
486,1040,1393,1085,642,1146,1
486,1040,1393,1085,647,1145,1
486,1040,1393,1085,649,1145,1
486,1040,1393,1085,650,1145,1
486,1040,1393,1085,654,1144,1
486,1040,1393,1085,656,1144,1
486,1040,1393,1085,657,1144,1
486,1040,1393,1085,660,1143,1
486,1040,1393,1085,662,1143,1
486,1040,1393,1085,664,1142,1
486,1040,1393,1085,670,1141,1
486,1040,1393,1085,672,1141,1
486,1040,1393,1085,677,1140,1
486,1040,1393,1085,680,1140,1
486,1040,1393,1085,682,1140,1
486,1040,1393,1085,687,1139,1
486,1040,1393,1085,690,1139,1
486,1040,1393,1085,694,1139,1
486,1040,1393,1085,699,1139,1
486,1040,1393,1085,709,1138,1
486,1040,1393,1085,718,1138,1
486,1040,1393,1085,721,1138,1
486,1040,1393,1085,725,1138,1
486,1040,1393,1085,730,1138,1
486,1040,1393,1085,732,1138,1
486,1040,1393,1085,736,1137,1
486,1040,1393,1085,738,1137,1
486,1040,1393,1085,743,1136,1
486,1040,1393,1085,745,1135,1
486,1040,1393,1085,747,1135,1
486,1040,1393,1085,752,1133,1
486,1040,1393,1085,755,1132,1
486,1040,1393,1085,757,1132,1
486,1040,1393,1085,764,1130,1
486,1040,1393,1085,767,1129,1
486,1040,1393,1085,774,1127,1
486,1040,1393,1085,777,1126,1
486,1040,1393,1085,780,1126,1
486,1040,1393,1085,786,1125,1
486,1040,1393,1085,790,1125,1
486,1040,1393,1085,794,1124,1
486,1040,1393,1085,803,1123,1
486,1040,1393,1085,808,1122,1
486,1040,1393,1085,818,1121,1
486,1040,1393,1085,821,1120,1
486,1040,1393,1085,825,1120,1
486,1040,1393,1085,831,1119,1
486,1040,1393,1085,834,1120,1
486,1040,1393,1085,841,1120,1
486,1040,1393,1085,844,1120,1
486,1040,1393,1085,846,1120,1
486,1040,1393,1085,851,1120,1
486,1040,1393,1085,854,1120,1
486,1040,1393,1085,857,1120,1
486,1040,1393,1085,864,1120,1
486,1040,1393,1085,866,1120,1
486,1040,1393,1085,868,1120,1
486,1040,1393,1085,872,1120,1
486,1040,1393,1085,875,1120,1
486,1040,1393,1085,881,1120,1
486,1040,1393,1085,885,1120,1
486,1040,1393,1085,888,1120,1
486,1040,1393,1085,893,1120,1
486,1040,1393,1085,895,1120,1
486,1040,1393,1085,897,1119,1
486,1040,1393,1085,903,1119,1
486,1040,1393,1085,906,1119,1
486,1040,1393,1085,916,1119,1
486,1040,1393,1085,921,1119,1
486,1040,1393,1085,926,1119,1
486,1040,1393,1085,936,1118,1
486,1040,1393,1085,940,1118,1
486,1040,1393,1085,947,1117,1
486,1040,1393,1085,952,1117,1
486,1040,1393,1085,964,1114,1
486,1040,1393,1085,970,1114,1
486,1040,1393,1085,975,1113,1
486,1040,1393,1085,989,1112,1
486,1040,1393,1085,994,1112,1
486,1040,1393,1085,1000,1112,1
486,1040,1393,1085,1008,1112,1
486,1040,1393,1085,1013,1112,1
486,1040,1393,1085,1016,1111,1
486,1040,1393,1085,1023,1111,1
486,1040,1393,1085,1026,1111,1
486,1040,1393,1085,1030,1111,1
486,1040,1393,1085,1036,1110,1
486,1040,1393,1085,1040,1110,1
486,1040,1393,1085,1047,1110,1
486,1040,1393,1085,1050,1109,1
486,1040,1393,1085,1054,1109,1
486,1040,1393,1085,1062,1107,1
486,1040,1393,1085,1066,1107,1
486,1040,1393,1085,1076,1106,1
486,1040,1393,1085,1082,1105,1
486,1040,1393,1085,1090,1105,1
486,1040,1393,1085,1095,1105,1
486,1040,1393,1085,1099,1105,1
486,1040,1393,1085,1108,1105,1
486,1040,1393,1085,1113,1105,1
486,1040,1393,1085,1124,1105,1
486,1040,1393,1085,1130,1105,1
486,1040,1393,1085,1135,1105,1
486,1040,1393,1085,1144,1105,1
486,1040,1393,1085,1147,1105,1
486,1040,1393,1085,1156,1106,1
486,1040,1393,1085,1162,1106,1
486,1040,1393,1085,1168,1106,1
486,1040,1393,1085,1180,1106,1
486,1040,1393,1085,1186,1106,1
486,1040,1393,1085,1191,1106,1
486,1040,1393,1085,1198,1106,1
486,1040,1393,1085,1201,1106,1
486,1040,1393,1085,1205,1106,1
486,1040,1393,1085,1214,1106,1
486,1040,1393,1085,1218,1106,1
486,1040,1393,1085,1228,1105,1
486,1040,1393,1085,1234,1105,1
486,1040,1393,1085,1240,1105,1
486,1040,1393,1085,1249,1105,1
486,1040,1393,1085,1253,1103,1
486,1040,1393,1085,1261,1102,1
486,1040,1393,1085,1265,1102,1
486,1040,1393,1085,1271,1101,1
486,1040,1393,1085,1281,1100,1
486,1040,1393,1085,1281,1100,1
486,1040,1393,1085,1281,1100,1
486,1040,1393,1085,1285,1099,1
486,1040,1393,1085,1311,1095,1
486,1040,1393,1085,1314,1094,1
486,1040,1393,1085,1321,1093,1
486,1040,1393,1085,1325,1093,1
486,1040,1393,1085,1329,1092,1
486,1040,1393,1085,1335,1092,1
486,1040,1393,1085,1343,1092,1
486,1040,1393,1085,1348,1091,1
486,1040,1393,1085,1353,1091,1
486,1040,1393,1085,1356,1090,1
486,1040,1393,1085,1362,1089,1
486,1040,1393,1085,1365,1089,1
486,1040,1393,1085,1367,1089,1
486,1040,1393,1085,1373,1088,1
486,1040,1393,1085,1376,1088,1
486,1040,1393,1085,1380,1088,1
486,1040,1393,1085,1380,1088,1
486,1040,1393,1085,1380,1088,1
486,1040,1393,1085,1383,1088,1
486,1040,1393,1085,1387,1088,1
486,1040,1393,1085,1398,1088,1
486,1040,1393,1085,1402,1088,1
486,1040,1393,1085,1410,1088,1
486,1040,1393,1085,1415,1088,1
486,1040,1393,1085,1419,1088,1
486,1040,1393,1085,1427,1088,1
486,1040,1393,1085,1431,1088,1
486,1040,1393,1085,1434,1088,1
486,1040,1393,1085,1441,1088,1
486,1040,1393,1085,1444,1087,1
486,1040,1393,1085,1447,1087,1
486,1040,1393,1085,1453,1086,1
486,1040,1393,1085,1458,1085,1
486,1040,1393,1085,1461,1085,1
486,1040,1393,1085,1462,1084,1
486,1040,1393,1085,1467,1083,1
486,1040,1393,1085,1470,1083,1
486,1040,1393,1085,1472,1082,1
486,1040,1393,1085,1477,1082,1
486,1040,1393,1085,1480,1081,1
486,1040,1393,1085,1481,1081,1
486,1040,1393,1085,1485,1080,1
486,1040,1393,1085,1486,1080,1
486,1040,1393,1085,1490,1079,1
486,1040,1393,1085,1492,1079,1
486,1040,1393,1085,1495,1079,1
486,1040,1393,1085,1502,1079,1
486,1040,1393,1085,1506,1079,1
486,1040,1393,1085,1510,1079,1
486,1040,1393,1085,1513,1079,1
486,1040,1393,1085,1515,1079,1
486,1040,1393,1085,1519,1079,1
486,1040,1393,1085,1521,1079,1
486,1040,1393,1085,1524,1079,1
486,1040,1393,1085,1529,1080,1
486,1040,1393,1085,1532,1080,1
486,1040,1393,1085,1535,1080,1
486,1040,1393,1085,1536,1080,1
486,1040,1393,1085,1536,1080,1
486,1040,1393,1085,1538,1080,1
486,1040,1393,1085,1539,1080,1
486,1040,1393,1085,1541,1080,1
486,1040,1393,1085,1546,1080,1
486,1040,1393,1085,1548,1080,1
486,1040,1393,1085,1550,1079,1
486,1040,1393,1085,1553,1079,1
486,1040,1393,1085,1554,1079,1
486,1040,1393,1085,1555,1078,1
486,1040,1393,1085,1558,1078,1
486,1040,1393,1085,1560,1077,1
486,1040,1393,1085,1562,1077,1
486,1040,1393,1085,1566,1075,1
486,1040,1393,1085,1569,1074,1
486,1040,1393,1085,1574,1073,1
486,1040,1393,1085,1577,1072,1
486,1040,1393,1085,1579,1070,1
486,1040,1393,1085,1584,1069,1
486,1040,1393,1085,1586,1068,1
486,1040,1393,1085,1588,1067,1
486,1040,1393,1085,1589,1067,1
486,1040,1393,1085,1589,1066,1
486,1040,1393,1085,1591,1065,1
486,1040,1393,1085,1592,1064,1
486,1040,1393,1085,1593,1063,1
486,1040,1393,1085,1595,1061,1
486,1040,1393,1085,1596,1059,1
486,1040,1393,1085,1596,1059,1
486,1040,1393,1085,1597,1057,1
486,1040,1393,1085,1598,1057,1
486,1040,1393,1085,1599,1056,1
486,1040,1393,1085,1599,1056,1
486,1040,1393,1085,1599,1056,1
486,1040,1393,1085,1599,1055,1
486,1040,1393,1085,1600,1055,1
486,1040,1393,1085,1601,1054,1
486,1040,1393,1085,1601,1053,1
486,1040,1393,1085,1601,1053,1
486,1040,1393,1085,1601,1053,1
486,1040,1393,1085,1601,1053,1
486,1040,1393,1085,1601,1053,1
486,1040,1393,1085,1601,1053,1
486,1040,1393,1085,1601,1053,1
486,1040,1393,1085,1601,1053,1
486,1040,1393,1085,1601,1053,1
486,1040,1393,1085,1601,1053,1
486,1040,1393,1085,1601,1053,1
486,1040,1393,1085,1601,1053,0
486,1040,1393,1085,1601,1053,0
486,1040,1393,1085,1601,1053,0
486,1040,1393,1085,1600,1052,0
486,1040,1393,1085,1600,1052,0
486,1040,1393,1085,1600,1052,0
486,1040,1393,1085,1600,1052,0
486,1040,1393,1085,1600,1052,0
486,1040,1393,1085,1600,1052,0
486,1040,1393,1085,1600,1052,0
486,1040,1393,1085,1600,1052,0
486,1040,1393,1085,1600,1052,0
486,1040,1393,1085,1600,1052,0
486,1040,1393,1085,1600,1052,0
486,1040,1393,1085,1600,1052,0
486,1040,1393,1085,1600,1052,0
486,1040,1393,1085,1600,1052,0
486,1040,1393,1085,1600,1052,0
486,1040,1393,1085,1600,1052,0
486,1040,1393,1085,1600,1052,0
486,1040,1393,1085,1600,1052,0
486,1040,1393,1085,1600,1052,0
486,1040,1393,1085,1600,1052,0
486,1040,1393,1085,1599,1051,0
486,1040,1393,1085,1597,1049,0
486,1040,1393,1085,1595,1047,0
486,1040,1393,1085,1593,1046,0
486,1040,1393,1085,1591,1045,0
486,1040,1393,1085,1588,1042,0
486,1040,1393,1085,1586,1041,0
486,1040,1393,1085,1581,1037,0
486,1040,1393,1085,1578,1035,0
486,1040,1393,1085,1575,1033,0
486,1040,1393,1085,1569,1028,0
486,1040,1393,1085,1567,1026,0
486,1040,1393,1085,1565,1024,0
486,1040,1393,1085,1560,1022,0
486,1040,1393,1085,1557,1020,0
486,1040,1393,1085,1552,1017,0
486,1040,1393,1085,1550,1015,0
486,1040,1393,1085,1545,1011,0
486,1040,1393,1085,1543,1010,0
486,1040,1393,1085,1540,1008,0
486,1040,1393,1085,1536,1006,0
486,1040,1393,1085,1532,1003,0
486,1040,1393,1085,1530,1001,0
486,1040,1393,1085,1529,1001,0
486,1040,1393,1085,1527,998,0
486,1040,1393,1085,1526,998,0
486,1040,1393,1085,1524,996,0
486,1040,1393,1085,1522,993,0
486,1040,1393,1085,1522,992,0
486,1040,1393,1085,1521,991,0
486,1040,1393,1085,1518,987,0
486,1040,1393,1085,1517,985,0
486,1040,1393,1085,1513,978,0
486,1040,1393,1085,1510,974,0
486,1040,1393,1085,1507,970,0
486,1040,1393,1085,1502,961,0
486,1040,1393,1085,1499,956,0
486,1040,1393,1085,1492,945,0
486,1040,1393,1085,1489,937,0
486,1040,1393,1085,1477,919,0
486,1040,1393,1085,1472,908,0
486,1040,1393,1085,1466,897,0
486,1040,1393,1085,1456,880,0
486,1040,1393,1085,1452,872,0
486,1040,1393,1085,1449,866,0
486,1040,1393,1085,1441,854,0
486,1040,1393,1085,1437,849,0
486,1040,1393,1085,1431,843,0
486,1040,1393,1085,1422,831,0
486,1040,1393,1085,1418,827,0
486,1040,1393,1085,1412,820,0
486,1040,1393,1085,1411,817,0
486,1040,1393,1085,1411,816,0
486,1040,1393,1085,1409,811,0
486,1040,1393,1085,1406,810,0
486,1040,1393,1085,1405,808,0
486,1040,1393,1085,1401,804,0
486,1040,1393,1085,1398,802,0
486,1040,1393,1085,1394,799,0
486,1040,1393,1085,1386,793,0
486,1040,1393,1085,1383,790,0
486,1040,1393,1085,1375,784,0
486,1040,1393,1085,1372,781,0
486,1040,1393,1085,1370,779,0
486,1040,1393,1085,1367,776,0
486,1040,1393,1085,1366,775,0
486,1040,1393,1085,1365,772,0
486,1040,1393,1085,1364,771,0
486,1040,1393,1085,1363,769,0
486,1040,1393,1085,1361,766,0
486,1040,1393,1085,1360,764,0
486,1040,1393,1085,1358,761,0
486,1040,1393,1085,1358,760,0
486,1040,1393,1085,1358,760,0
486,1040,1393,1085,1357,759,0
486,1040,1393,1085,1356,758,0
486,1040,1393,1085,1356,757,0
486,1040,1393,1085,1353,754,0
486,1040,1393,1085,1352,752,0
486,1040,1393,1085,1349,749,0
486,1040,1393,1085,1343,743,0
486,1040,1393,1085,1340,739,0
486,1040,1393,1085,1336,733,0
486,1040,1393,1085,1334,730,0
486,1040,1393,1085,1329,723,0
486,1040,1393,1085,1327,721,0
486,1040,1393,1085,1325,718,0
486,1040,1393,1085,1321,711,0
486,1040,1393,1085,1319,709,0
486,1040,1393,1085,1317,706,0
486,1040,1393,1085,1312,700,0
486,1040,1393,1085,1310,696,0
486,1040,1393,1085,1306,691,0
486,1040,1393,1085,1305,688,0
486,1040,1393,1085,1303,686,0
486,1040,1393,1085,1301,682,0
486,1040,1393,1085,1300,681,0
486,1040,1393,1085,1297,677,0
486,1040,1393,1085,1296,675,0
486,1040,1393,1085,1295,673,0
486,1040,1393,1085,1291,668,0
486,1040,1393,1085,1290,666,0
486,1040,1393,1085,1288,663,0
486,1040,1393,1085,1287,661,0
486,1040,1393,1085,1286,660,0
486,1040,1393,1085,1284,658,0
486,1040,1393,1085,1284,657,0
486,1040,1393,1085,1281,653,0
486,1040,1393,1085,1280,651,0
486,1040,1393,1085,1279,649,0
486,1040,1393,1085,1277,646,0
486,1040,1393,1085,1275,644,0
486,1040,1393,1085,1274,642,0
486,1040,1393,1085,1271,637,0
486,1040,1393,1085,1269,635,0
486,1040,1393,1085,1264,629,0
486,1040,1393,1085,1262,626,0
486,1040,1393,1085,1259,623,0
486,1040,1393,1085,1255,617,0
486,1040,1393,1085,1253,614,0
486,1040,1393,1085,1250,611,0
486,1040,1393,1085,1246,606,0
486,1040,1393,1085,1244,603,0
486,1040,1393,1085,1240,598,0
486,1040,1393,1085,1239,596,0
486,1040,1393,1085,1237,592,0
486,1040,1393,1085,1234,589,0
486,1040,1393,1085,1233,588,0
486,1040,1393,1085,1232,586,0
486,1040,1393,1085,1231,585,0
486,1040,1393,1085,1230,584,0
486,1040,1393,1085,1228,582,0
486,1040,1393,1085,1227,581,0
486,1040,1393,1085,1226,581,0
486,1040,1393,1085,1223,579,0
486,1040,1393,1085,1222,578,0
486,1040,1393,1085,1218,575,0
486,1040,1393,1085,1216,574,0
486,1040,1393,1085,1214,572,0
486,1040,1393,1085,1208,568,0
486,1040,1393,1085,1205,567,0
486,1040,1393,1085,1202,566,0
486,1040,1393,1085,1198,563,0
486,1040,1393,1085,1197,562,0
486,1040,1393,1085,1194,561,0
486,1040,1393,1085,1194,560,0
486,1040,1393,1085,1191,558,0
486,1040,1393,1085,1188,555,0
486,1040,1393,1085,1186,553,0
486,1040,1393,1085,1183,551,0
486,1040,1393,1085,1181,549,0
486,1040,1393,1085,1178,546,0
486,1040,1393,1085,1175,544,0
486,1040,1393,1085,1172,541,0
486,1040,1393,1085,1169,538,0
486,1040,1393,1085,1164,532,0
486,1040,1393,1085,1161,530,0
486,1040,1393,1085,1155,525,0
486,1040,1393,1085,1152,523,0
486,1040,1393,1085,1150,521,0
486,1040,1393,1085,1145,517,0
486,1040,1393,1085,1143,515,0
486,1040,1393,1085,1141,512,0
486,1040,1393,1085,1136,508,0
486,1040,1393,1085,1134,505,0
486,1040,1393,1085,1131,502,0
486,1040,1393,1085,1130,501,0
486,1040,1393,1085,1128,500,0
486,1040,1393,1085,1126,498,0
486,1040,1393,1085,1125,497,0
486,1040,1393,1085,1124,496,0
486,1040,1393,1085,1123,494,0
486,1040,1393,1085,1120,491,0
486,1040,1393,1085,1119,490,0
486,1040,1393,1085,1117,488,0
486,1040,1393,1085,1114,483,0
486,1040,1393,1085,1113,481,0
486,1040,1393,1085,1110,476,0
486,1040,1393,1085,1109,474,0
486,1040,1393,1085,1107,472,0
486,1040,1393,1085,1106,470,0
486,1040,1393,1085,1104,466,0
486,1040,1393,1085,1104,463,0
486,1040,1393,1085,1102,458,0
486,1040,1393,1085,1101,456,0
486,1040,1393,1085,1101,454,0
486,1040,1393,1085,1099,450,0
486,1040,1393,1085,1099,448,0
486,1040,1393,1085,1098,446,0
486,1040,1393,1085,1097,444,0
486,1040,1393,1085,1097,444,0
486,1040,1393,1085,1097,443,0
486,1040,1393,1085,1096,442,0
486,1040,1393,1085,1096,442,0
486,1040,1393,1085,1096,440,0
486,1040,1393,1085,1095,439,0
486,1040,1393,1085,1093,437,0
486,1040,1393,1085,1092,434,0
486,1040,1393,1085,1091,432,0
486,1040,1393,1085,1091,431,0
486,1040,1393,1085,1088,426,0
486,1040,1393,1085,1087,424,0
486,1040,1393,1085,1085,419,0
486,1040,1393,1085,1084,417,0
486,1040,1393,1085,1083,414,0
486,1040,1393,1085,1081,410,0
486,1040,1393,1085,1079,407,0
486,1040,1393,1085,1078,405,0
486,1040,1393,1085,1076,400,0
486,1040,1393,1085,1075,398,0
486,1040,1393,1085,1074,396,0
486,1040,1393,1085,1073,392,0
486,1040,1393,1085,1072,391,0
486,1040,1393,1085,1071,390,0
486,1040,1393,1085,1070,388,0
486,1040,1393,1085,1070,387,0
486,1040,1393,1085,1069,386,0
486,1040,1393,1085,1069,386,0
486,1040,1393,1085,1068,385,0
486,1040,1393,1085,1068,385,0
486,1040,1393,1085,1067,384,0
486,1040,1393,1085,1066,382,0
486,1040,1393,1085,1065,381,0
486,1040,1393,1085,1065,380,0
486,1040,1393,1085,1063,377,0
486,1040,1393,1085,1063,376,0
486,1040,1393,1085,1062,374,0
486,1040,1393,1085,1062,374,0
486,1040,1393,1085,1062,374,0
486,1040,1393,1085,1062,373,0
486,1040,1393,1085,1062,373,0
486,1040,1393,1085,1062,373,0
486,1040,1393,1085,1062,373,0
486,1040,1393,1085,1062,373,0
486,1040,1393,1085,1062,373,0
486,1040,1393,1085,1062,373,0
