351,1006,1666,1176,865,367,0
351,1006,1666,1176,865,367,0
351,1006,1666,1176,865,367,0
351,1006,1666,1176,865,367,0
351,1006,1666,1176,865,367,0
351,1006,1666,1176,865,367,0
351,1006,1666,1176,865,367,0
351,1006,1666,1176,865,367,0
351,1006,1666,1176,865,367,0
351,1006,1666,1176,865,367,0
351,1006,1666,1176,865,367,0
351,1006,1666,1176,865,367,0
351,1006,1666,1176,865,367,0
351,1006,1666,1176,865,367,0
351,1006,1666,1176,865,367,0
351,1006,1666,1176,865,367,0
351,1006,1666,1176,865,367,0
351,1006,1666,1176,865,367,0
351,1006,1666,1176,865,367,0
351,1006,1666,1176,865,367,0
351,1006,1666,1176,865,367,0
351,1006,1666,1176,865,367,0
351,1006,1666,1176,865,367,0
351,1006,1666,1176,864,368,0
351,1006,1666,1176,863,371,0
351,1006,1666,1176,859,377,0
351,1006,1666,1176,857,379,0
351,1006,1666,1176,855,382,0
351,1006,1666,1176,854,382,0
351,1006,1666,1176,853,384,0
351,1006,1666,1176,852,385,0
351,1006,1666,1176,851,386,0
351,1006,1666,1176,850,388,0
351,1006,1666,1176,849,389,0
351,1006,1666,1176,848,391,0
351,1006,1666,1176,846,393,0
351,1006,1666,1176,844,396,0
351,1006,1666,1176,844,396,0
351,1006,1666,1176,842,397,0
351,1006,1666,1176,841,398,0
351,1006,1666,1176,840,398,0
351,1006,1666,1176,839,399,0
351,1006,1666,1176,838,400,0
351,1006,1666,1176,836,401,0
351,1006,1666,1176,834,402,0
351,1006,1666,1176,831,404,0
351,1006,1666,1176,830,405,0
351,1006,1666,1176,826,406,0
351,1006,1666,1176,825,407,0
351,1006,1666,1176,822,409,0
351,1006,1666,1176,821,410,0
351,1006,1666,1176,820,410,0
351,1006,1666,1176,818,412,0
351,1006,1666,1176,816,413,0
351,1006,1666,1176,813,415,0
351,1006,1666,1176,812,416,0
351,1006,1666,1176,807,419,0
351,1006,1666,1176,806,420,0
351,1006,1666,1176,803,421,0
351,1006,1666,1176,800,424,0
351,1006,1666,1176,798,425,0
351,1006,1666,1176,796,427,0
351,1006,1666,1176,795,428,0
351,1006,1666,1176,792,431,0
351,1006,1666,1176,791,432,0
351,1006,1666,1176,789,435,0
351,1006,1666,1176,788,436,0
351,1006,1666,1176,787,438,0
351,1006,1666,1176,786,440,0
351,1006,1666,1176,785,441,0
351,1006,1666,1176,783,444,0
351,1006,1666,1176,782,446,0
351,1006,1666,1176,782,448,0
351,1006,1666,1176,781,450,0
351,1006,1666,1176,780,451,0
351,1006,1666,1176,778,454,0
351,1006,1666,1176,777,456,0
351,1006,1666,1176,776,459,0
351,1006,1666,1176,775,460,0
351,1006,1666,1176,774,462,0
351,1006,1666,1176,772,466,0
351,1006,1666,1176,771,468,0
351,1006,1666,1176,769,472,0
351,1006,1666,1176,768,474,0
351,1006,1666,1176,767,475,0
351,1006,1666,1176,765,479,0
351,1006,1666,1176,764,482,0
351,1006,1666,1176,762,486,0
351,1006,1666,1176,761,487,0
351,1006,1666,1176,760,489,0
351,1006,1666,1176,758,493,0
351,1006,1666,1176,757,495,0
351,1006,1666,1176,755,499,0
351,1006,1666,1176,754,501,0
351,1006,1666,1176,753,504,0
351,1006,1666,1176,752,508,0
351,1006,1666,1176,752,509,0
351,1006,1666,1176,750,513,0
351,1006,1666,1176,750,515,0
351,1006,1666,1176,749,517,0
351,1006,1666,1176,747,520,0
351,1006,1666,1176,746,523,0
351,1006,1666,1176,745,527,0
351,1006,1666,1176,745,528,0
351,1006,1666,1176,745,531,0
351,1006,1666,1176,743,535,0
351,1006,1666,1176,743,537,0
351,1006,1666,1176,742,539,0
351,1006,1666,1176,742,541,0
351,1006,1666,1176,742,542,0
351,1006,1666,1176,740,544,0
351,1006,1666,1176,740,546,0
351,1006,1666,1176,740,548,0
351,1006,1666,1176,739,551,0
351,1006,1666,1176,739,553,0
351,1006,1666,1176,739,556,0
351,1006,1666,1176,739,558,0
351,1006,1666,1176,738,562,0
351,1006,1666,1176,738,563,0
351,1006,1666,1176,738,564,0
351,1006,1666,1176,738,567,0
351,1006,1666,1176,738,570,0
351,1006,1666,1176,738,572,0
351,1006,1666,1176,738,574,0
351,1006,1666,1176,738,576,0
351,1006,1666,1176,737,579,0
351,1006,1666,1176,737,581,0
351,1006,1666,1176,737,583,0
351,1006,1666,1176,736,586,0
351,1006,1666,1176,735,588,0
351,1006,1666,1176,735,590,0
351,1006,1666,1176,734,594,0
351,1006,1666,1176,734,598,0
351,1006,1666,1176,733,600,0
351,1006,1666,1176,733,602,0
351,1006,1666,1176,732,606,0
351,1006,1666,1176,731,608,0
351,1006,1666,1176,730,611,0
351,1006,1666,1176,728,616,0
351,1006,1666,1176,728,619,0
351,1006,1666,1176,726,623,0
351,1006,1666,1176,726,626,0
351,1006,1666,1176,725,627,0
351,1006,1666,1176,725,631,0
351,1006,1666,1176,724,634,0
351,1006,1666,1176,723,638,0
351,1006,1666,1176,723,640,0
351,1006,1666,1176,722,642,0
351,1006,1666,1176,721,647,0
351,1006,1666,1176,721,650,0
351,1006,1666,1176,720,655,0
351,1006,1666,1176,719,657,0
351,1006,1666,1176,719,660,0
351,1006,1666,1176,719,665,0
351,1006,1666,1176,718,668,0
351,1006,1666,1176,718,670,0
351,1006,1666,1176,717,674,0
351,1006,1666,1176,717,677,0
351,1006,1666,1176,716,679,0
351,1006,1666,1176,716,680,0
351,1006,1666,1176,716,682,0
351,1006,1666,1176,715,686,0
351,1006,1666,1176,715,689,0
351,1006,1666,1176,714,693,0
351,1006,1666,1176,714,695,0
351,1006,1666,1176,714,697,0
351,1006,1666,1176,713,700,0
351,1006,1666,1176,713,702,0
351,1006,1666,1176,712,706,0
351,1006,1666,1176,712,708,0
351,1006,1666,1176,711,710,0
351,1006,1666,1176,710,714,0
351,1006,1666,1176,710,716,0
351,1006,1666,1176,708,722,0
351,1006,1666,1176,707,725,0
351,1006,1666,1176,707,727,0
351,1006,1666,1176,706,732,0
351,1006,1666,1176,706,734,0
351,1006,1666,1176,705,738,0
351,1006,1666,1176,705,740,0
351,1006,1666,1176,704,742,0
351,1006,1666,1176,703,746,0
351,1006,1666,1176,703,749,0
351,1006,1666,1176,702,751,0
351,1006,1666,1176,701,756,0
351,1006,1666,1176,700,758,0
351,1006,1666,1176,700,764,0
351,1006,1666,1176,699,766,0
351,1006,1666,1176,699,768,0
351,1006,1666,1176,698,771,0
351,1006,1666,1176,698,774,0
351,1006,1666,1176,697,778,0
351,1006,1666,1176,697,780,0
351,1006,1666,1176,696,785,0
351,1006,1666,1176,696,787,0
351,1006,1666,1176,696,790,0
351,1006,1666,1176,695,795,0
351,1006,1666,1176,695,797,0
351,1006,1666,1176,695,802,0
351,1006,1666,1176,695,804,0
351,1006,1666,1176,695,807,0
351,1006,1666,1176,695,812,0
351,1006,1666,1176,695,815,0
351,1006,1666,1176,695,820,0
351,1006,1666,1176,695,822,0
351,1006,1666,1176,694,824,0
351,1006,1666,1176,694,828,0
351,1006,1666,1176,694,830,0
351,1006,1666,1176,693,834,0
351,1006,1666,1176,693,837,0
351,1006,1666,1176,692,839,0
351,1006,1666,1176,692,843,0
351,1006,1666,1176,691,845,0
351,1006,1666,1176,691,847,0
351,1006,1666,1176,690,851,0
351,1006,1666,1176,690,853,0
351,1006,1666,1176,689,858,0
351,1006,1666,1176,689,860,0
351,1006,1666,1176,688,864,0
351,1006,1666,1176,687,866,0
351,1006,1666,1176,687,869,0
351,1006,1666,1176,686,873,0
351,1006,1666,1176,686,876,0
351,1006,1666,1176,685,881,0
351,1006,1666,1176,684,884,0
351,1006,1666,1176,684,886,0
351,1006,1666,1176,684,891,0
351,1006,1666,1176,684,893,0
351,1006,1666,1176,683,898,0
351,1006,1666,1176,683,900,0
351,1006,1666,1176,682,905,0
351,1006,1666,1176,682,907,0
351,1006,1666,1176,682,909,0
351,1006,1666,1176,681,912,0
351,1006,1666,1176,681,916,0
351,1006,1666,1176,681,919,0
351,1006,1666,1176,680,923,0
351,1006,1666,1176,680,925,0
351,1006,1666,1176,679,927,0
351,1006,1666,1176,679,930,0
351,1006,1666,1176,679,931,0
351,1006,1666,1176,679,933,0
351,1006,1666,1176,679,935,0
351,1006,1666,1176,678,938,0
351,1006,1666,1176,678,940,0
351,1006,1666,1176,678,942,0
351,1006,1666,1176,677,949,0
351,1006,1666,1176,676,951,0
351,1006,1666,1176,676,954,0
351,1006,1666,1176,676,958,0
351,1006,1666,1176,676,959,0
351,1006,1666,1176,676,961,0
351,1006,1666,1176,675,964,0
351,1006,1666,1176,675,966,0
351,1006,1666,1176,674,969,0
351,1006,1666,1176,674,971,0
351,1006,1666,1176,673,975,0
351,1006,1666,1176,673,978,0
351,1006,1666,1176,673,981,0
351,1006,1666,1176,672,985,0
351,1006,1666,1176,671,987,0
351,1006,1666,1176,671,990,0
351,1006,1666,1176,670,993,0
351,1006,1666,1176,670,996,0
351,1006,1666,1176,669,1000,0
351,1006,1666,1176,669,1002,0
351,1006,1666,1176,669,1003,0
351,1006,1666,1176,669,1005,0
351,1006,1666,1176,669,1006,0
351,1006,1666,1176,669,1007,0
351,1006,1666,1176,669,1007,0
351,1006,1666,1176,669,1008,0
351,1006,1666,1176,669,1011,0
351,1006,1666,1176,669,1013,0
351,1006,1666,1176,669,1017,0
351,1006,1666,1176,669,1019,0
351,1006,1666,1176,669,1021,0
351,1006,1666,1176,669,1025,0
351,1006,1666,1176,669,1026,0
351,1006,1666,1176,669,1028,0
351,1006,1666,1176,669,1029,0
351,1006,1666,1176,669,1030,0
351,1006,1666,1176,669,1032,0
351,1006,1666,1176,669,1034,0
351,1006,1666,1176,669,1037,0
351,1006,1666,1176,669,1039,0
351,1006,1666,1176,669,1040,0
351,1006,1666,1176,670,1043,0
351,1006,1666,1176,670,1044,0
351,1006,1666,1176,670,1047,0
351,1006,1666,1176,670,1048,0
351,1006,1666,1176,670,1048,0
351,1006,1666,1176,670,1050,0
351,1006,1666,1176,670,1050,0
351,1006,1666,1176,670,1052,0
351,1006,1666,1176,670,1052,0
351,1006,1666,1176,670,1052,0
351,1006,1666,1176,670,1052,0
351,1006,1666,1176,670,1053,0
351,1006,1666,1176,670,1053,0
351,1006,1666,1176,670,1054,0
351,1006,1666,1176,670,1059,0
351,1006,1666,1176,670,1062,0
351,1006,1666,1176,670,1064,0
351,1006,1666,1176,670,1067,0
351,1006,1666,1176,670,1069,0
351,1006,1666,1176,670,1070,0
351,1006,1666,1176,670,1071,0
351,1006,1666,1176,670,1072,0
351,1006,1666,1176,670,1073,0
351,1006,1666,1176,670,1074,0
351,1006,1666,1176,670,1077,0
351,1006,1666,1176,670,1078,0
351,1006,1666,1176,670,1079,0
351,1006,1666,1176,670,1081,0
351,1006,1666,1176,670,1082,0
351,1006,1666,1176,670,1083,0
351,1006,1666,1176,670,1084,0
351,1006,1666,1176,669,1086,0
351,1006,1666,1176,669,1086,0
351,1006,1666,1176,669,1087,0
351,1006,1666,1176,669,1088,0
351,1006,1666,1176,669,1088,0
351,1006,1666,1176,669,1089,0
351,1006,1666,1176,669,1090,0
351,1006,1666,1176,669,1091,0
351,1006,1666,1176,669,1092,0
351,1006,1666,1176,669,1092,0
351,1006,1666,1176,669,1092,0
351,1006,1666,1176,669,1093,0
351,1006,1666,1176,669,1093,0
351,1006,1666,1176,669,1093,0
351,1006,1666,1176,669,1095,0
351,1006,1666,1176,669,1097,0
351,1006,1666,1176,669,1098,0
351,1006,1666,1176,669,1099,0
351,1006,1666,1176,669,1100,0
351,1006,1666,1176,669,1100,0
351,1006,1666,1176,669,1101,0
351,1006,1666,1176,669,1103,0
351,1006,1666,1176,669,1103,0
351,1006,1666,1176,669,1105,0
351,1006,1666,1176,669,1105,0
351,1006,1666,1176,669,1105,0
351,1006,1666,1176,669,1105,0
351,1006,1666,1176,669,1105,0
351,1006,1666,1176,669,1105,0
351,1006,1666,1176,669,1105,0
351,1006,1666,1176,669,1105,0
351,1006,1666,1176,669,1105,0
351,1006,1666,1176,669,1105,0
351,1006,1666,1176,669,1106,0
351,1006,1666,1176,669,1106,0
351,1006,1666,1176,669,1106,0
351,1006,1666,1176,669,1106,0
351,1006,1666,1176,669,1106,0
351,1006,1666,1176,669,1106,0
351,1006,1666,1176,669,1106,0
351,1006,1666,1176,669,1106,0
351,1006,1666,1176,669,1106,0
351,1006,1666,1176,669,1106,0
351,1006,1666,1176,669,1106,0
351,1006,1666,1176,669,1106,0
351,1006,1666,1176,669,1106,0
351,1006,1666,1176,669,1106,0
351,1006,1666,1176,669,1106,0
351,1006,1666,1176,669,1109,0
351,1006,1666,1176,669,1110,0
351,1006,1666,1176,669,1110,0
351,1006,1666,1176,669,1111,0
351,1006,1666,1176,669,1111,0
351,1006,1666,1176,669,1111,0
351,1006,1666,1176,669,1111,0
351,1006,1666,1176,669,1111,0
351,1006,1666,1176,669,1111,0
351,1006,1666,1176,669,1111,0
351,1006,1666,1176,669,1111,0
351,1006,1666,1176,669,1111,0
351,1006,1666,1176,669,1111,0
351,1006,1666,1176,669,1111,0
351,1006,1666,1176,669,1111,0
351,1006,1666,1176,669,1111,1
351,1006,1666,1176,669,1111,1
351,1006,1666,1176,669,1111,1
351,1006,1666,1176,669,1111,1
351,1006,1666,1176,669,1111,1
351,1006,1666,1176,669,1111,1
351,1006,1666,1176,669,1111,1
351,1006,1666,1176,669,1111,1
351,1006,1666,1176,669,1111,1
351,1006,1666,1176,669,1111,1
351,1006,1666,1176,669,1111,1
351,1006,1666,1176,669,1111,1
351,1006,1666,1176,669,1111,1
351,1006,1666,1176,669,1111,1
351,1006,1666,1176,669,1111,1
351,1006,1666,1176,669,1111,1
351,1006,1666,1176,669,1111,1
351,1006,1666,1176,669,1111,1
351,1006,1666,1176,669,1111,1
351,1006,1666,1176,669,1111,1
351,1006,1666,1176,669,1111,1
351,1006,1666,1176,669,1111,1
351,1006,1666,1176,669,1111,1
351,1006,1666,1176,669,1111,1
351,1006,1666,1176,672,1111,1
351,1006,1666,1176,678,1114,1
351,1006,1666,1176,680,1115,1
351,1006,1666,1176,683,1116,1
351,1006,1666,1176,690,1118,1
351,1006,1666,1176,694,1119,1
351,1006,1666,1176,699,1120,1
351,1006,1666,1176,710,1121,1
351,1006,1666,1176,714,1122,1
351,1006,1666,1176,718,1122,1
351,1006,1666,1176,725,1122,1
351,1006,1666,1176,726,1122,1
351,1006,1666,1176,728,1122,1
351,1006,1666,1176,729,1122,1
351,1006,1666,1176,730,1122,1
351,1006,1666,1176,732,1122,1
351,1006,1666,1176,734,1122,1
351,1006,1666,1176,737,1122,1
351,1006,1666,1176,743,1122,1
351,1006,1666,1176,746,1122,1
351,1006,1666,1176,753,1122,1
351,1006,1666,1176,756,1122,1
351,1006,1666,1176,761,1122,1
351,1006,1666,1176,763,1122,1
351,1006,1666,1176,766,1122,1
351,1006,1666,1176,770,1122,1
351,1006,1666,1176,776,1122,1
351,1006,1666,1176,779,1121,1
351,1006,1666,1176,782,1121,1
351,1006,1666,1176,787,1121,1
351,1006,1666,1176,790,1120,1
351,1006,1666,1176,793,1120,1
351,1006,1666,1176,801,1119,1
351,1006,1666,1176,805,1119,1
351,1006,1666,1176,813,1119,1
351,1006,1666,1176,819,1119,1
351,1006,1666,1176,821,1119,1
351,1006,1666,1176,825,1119,1
351,1006,1666,1176,828,1119,1
351,1006,1666,1176,830,1119,1
351,1006,1666,1176,832,1119,1
351,1006,1666,1176,836,1119,1
351,1006,1666,1176,839,1119,1
351,1006,1666,1176,845,1119,1
351,1006,1666,1176,848,1119,1
351,1006,1666,1176,850,1119,1
351,1006,1666,1176,855,1119,1
351,1006,1666,1176,857,1119,1
351,1006,1666,1176,863,1119,1
351,1006,1666,1176,866,1119,1
351,1006,1666,1176,869,1120,1
351,1006,1666,1176,875,1121,1
351,1006,1666,1176,878,1121,1
351,1006,1666,1176,881,1122,1
351,1006,1666,1176,888,1124,1
351,1006,1666,1176,892,1125,1
351,1006,1666,1176,899,1127,1
351,1006,1666,1176,903,1128,1
351,1006,1666,1176,906,1128,1
351,1006,1666,1176,915,1130,1
351,1006,1666,1176,921,1130,1
351,1006,1666,1176,933,1131,1
351,1006,1666,1176,939,1133,1
351,1006,1666,1176,949,1134,1
351,1006,1666,1176,954,1134,1
351,1006,1666,1176,960,1134,1
351,1006,1666,1176,968,1134,1
351,1006,1666,1176,973,1135,1
351,1006,1666,1176,981,1135,1
351,1006,1666,1176,986,1136,1
351,1006,1666,1176,990,1136,1
351,1006,1666,1176,1002,1137,1
351,1006,1666,1176,1008,1137,1
351,1006,1666,1176,1013,1137,1
351,1006,1666,1176,1025,1137,1
351,1006,1666,1176,1032,1137,1
351,1006,1666,1176,1042,1137,1
351,1006,1666,1176,1046,1136,1
351,1006,1666,1176,1053,1136,1
351,1006,1666,1176,1057,1136,1
351,1006,1666,1176,1061,1136,1
351,1006,1666,1176,1070,1136,1
351,1006,1666,1176,1074,1136,1
351,1006,1666,1176,1084,1136,1
351,1006,1666,1176,1090,1136,1
351,1006,1666,1176,1096,1136,1
351,1006,1666,1176,1107,1136,1
351,1006,1666,1176,1113,1136,1
351,1006,1666,1176,1122,1136,1
351,1006,1666,1176,1126,1136,1
351,1006,1666,1176,1131,1136,1
351,1006,1666,1176,1140,1136,1
351,1006,1666,1176,1144,1136,1
351,1006,1666,1176,1153,1136,1
351,1006,1666,1176,1156,1136,1
351,1006,1666,1176,1163,1136,1
351,1006,1666,1176,1166,1136,1
351,1006,1666,1176,1170,1136,1
351,1006,1666,1176,1178,1137,1
351,1006,1666,1176,1182,1137,1
351,1006,1666,1176,1186,1138,1
351,1006,1666,1176,1195,1138,1
351,1006,1666,1176,1198,1138,1
351,1006,1666,1176,1203,1138,1
351,1006,1666,1176,1206,1139,1
351,1006,1666,1176,1208,1139,1
351,1006,1666,1176,1213,1140,1
351,1006,1666,1176,1217,1140,1
351,1006,1666,1176,1224,1141,1
351,1006,1666,1176,1228,1142,1
351,1006,1666,1176,1235,1143,1
351,1006,1666,1176,1238,1143,1
351,1006,1666,1176,1242,1144,1
351,1006,1666,1176,1248,1145,1
351,1006,1666,1176,1251,1145,1
351,1006,1666,1176,1255,1145,1
351,1006,1666,1176,1258,1145,1
351,1006,1666,1176,1260,1145,1
351,1006,1666,1176,1266,1145,1
351,1006,1666,1176,1270,1145,1
351,1006,1666,1176,1277,1145,1
351,1006,1666,1176,1280,1145,1
351,1006,1666,1176,1282,1145,1
351,1006,1666,1176,1288,1145,1
351,1006,1666,1176,1290,1145,1
351,1006,1666,1176,1295,1145,1
351,1006,1666,1176,1298,1145,1
351,1006,1666,1176,1301,1145,1
351,1006,1666,1176,1308,1145,1
351,1006,1666,1176,1311,1145,1
351,1006,1666,1176,1315,1145,1
351,1006,1666,1176,1322,1145,1
351,1006,1666,1176,1326,1145,1
351,1006,1666,1176,1334,1145,1
351,1006,1666,1176,1338,1145,1
351,1006,1666,1176,1341,1145,1
351,1006,1666,1176,1350,1145,1
351,1006,1666,1176,1355,1145,1
351,1006,1666,1176,1364,1145,1
351,1006,1666,1176,1368,1145,1
351,1006,1666,1176,1377,1146,1
351,1006,1666,1176,1383,1146,1
351,1006,1666,1176,1389,1147,1
351,1006,1666,1176,1403,1147,1
351,1006,1666,1176,1410,1147,1
351,1006,1666,1176,1421,1147,1
351,1006,1666,1176,1426,1147,1
351,1006,1666,1176,1429,1147,1
351,1006,1666,1176,1433,1147,1
351,1006,1666,1176,1434,1147,1
351,1006,1666,1176,1435,1147,1
351,1006,1666,1176,1439,1147,1
351,1006,1666,1176,1441,1146,1
351,1006,1666,1176,1447,1146,1
351,1006,1666,1176,1450,1145,1
351,1006,1666,1176,1453,1145,1
351,1006,1666,1176,1458,1145,1
351,1006,1666,1176,1460,1145,1
351,1006,1666,1176,1463,1145,1
351,1006,1666,1176,1464,1145,1
351,1006,1666,1176,1467,1145,1
351,1006,1666,1176,1469,1145,1
351,1006,1666,1176,1472,1145,1
351,1006,1666,1176,1478,1145,1
351,1006,1666,1176,1482,1145,1
351,1006,1666,1176,1491,1146,1
351,1006,1666,1176,1494,1146,1
351,1006,1666,1176,1498,1146,1
351,1006,1666,1176,1501,1146,1
351,1006,1666,1176,1502,1146,1
351,1006,1666,1176,1504,1146,1
351,1006,1666,1176,1506,1145,1
351,1006,1666,1176,1510,1145,1
351,1006,1666,1176,1513,1145,1
351,1006,1666,1176,1516,1145,1
351,1006,1666,1176,1523,1145,1
351,1006,1666,1176,1526,1145,1
351,1006,1666,1176,1529,1145,1
351,1006,1666,1176,1535,1145,1
351,1006,1666,1176,1537,1145,1
351,1006,1666,1176,1539,1145,1
351,1006,1666,1176,1540,1145,1
351,1006,1666,1176,1541,1145,1
351,1006,1666,1176,1544,1145,1
351,1006,1666,1176,1545,1145,1
351,1006,1666,1176,1549,1145,1
351,1006,1666,1176,1551,1146,1
351,1006,1666,1176,1554,1146,1
351,1006,1666,1176,1559,1146,1
351,1006,1666,1176,1561,1146,1
351,1006,1666,1176,1562,1146,1
351,1006,1666,1176,1562,1146,1
351,1006,1666,1176,1563,1146,1
351,1006,1666,1176,1566,1145,1
351,1006,1666,1176,1569,1145,1
351,1006,1666,1176,1573,1144,1
351,1006,1666,1176,1575,1144,1
351,1006,1666,1176,1578,1144,1
351,1006,1666,1176,1579,1144,1
351,1006,1666,1176,1581,1144,1
351,1006,1666,1176,1583,1144,1
351,1006,1666,1176,1585,1144,1
351,1006,1666,1176,1587,1144,1
351,1006,1666,1176,1588,1144,1
351,1006,1666,1176,1590,1144,1
351,1006,1666,1176,1594,1143,1
351,1006,1666,1176,1597,1143,1
351,1006,1666,1176,1603,1142,1
351,1006,1666,1176,1606,1141,1
351,1006,1666,1176,1608,1141,1
351,1006,1666,1176,1613,1140,1
351,1006,1666,1176,1615,1141,1
351,1006,1666,1176,1619,1140,1
351,1006,1666,1176,1619,1140,1
351,1006,1666,1176,1619,1140,1
351,1006,1666,1176,1619,1140,1
351,1006,1666,1176,1620,1139,1
351,1006,1666,1176,1621,1139,1
351,1006,1666,1176,1625,1138,1
351,1006,1666,1176,1628,1136,1
351,1006,1666,1176,1630,1136,1
351,1006,1666,1176,1634,1135,1
351,1006,1666,1176,1636,1134,1
351,1006,1666,1176,1638,1133,1
351,1006,1666,1176,1638,1133,1
351,1006,1666,1176,1638,1133,1
351,1006,1666,1176,1638,1133,1
351,1006,1666,1176,1638,1133,1
351,1006,1666,1176,1638,1133,1
351,1006,1666,1176,1640,1133,1
351,1006,1666,1176,1642,1131,1
351,1006,1666,1176,1644,1129,1
351,1006,1666,1176,1644,1128,1
351,1006,1666,1176,1645,1127,1
351,1006,1666,1176,1647,1125,1
351,1006,1666,1176,1648,1124,1
351,1006,1666,1176,1649,1122,1
351,1006,1666,1176,1650,1120,1
351,1006,1666,1176,1651,1117,1
351,1006,1666,1176,1652,1116,1
351,1006,1666,1176,1652,1115,1
351,1006,1666,1176,1652,1113,1
351,1006,1666,1176,1652,1111,1
351,1006,1666,1176,1652,1109,1
351,1006,1666,1176,1652,1108,1
351,1006,1666,1176,1652,1107,1
351,1006,1666,1176,1652,1104,1
351,1006,1666,1176,1652,1103,1
351,1006,1666,1176,1652,1101,1
351,1006,1666,1176,1652,1099,1
351,1006,1666,1176,1652,1097,1
351,1006,1666,1176,1652,1095,1
351,1006,1666,1176,1652,1093,1
351,1006,1666,1176,1652,1092,1
351,1006,1666,1176,1652,1089,1
351,1006,1666,1176,1652,1089,1
351,1006,1666,1176,1652,1087,1
351,1006,1666,1176,1652,1086,1
351,1006,1666,1176,1652,1084,1
351,1006,1666,1176,1652,1083,1
351,1006,1666,1176,1652,1082,1
351,1006,1666,1176,1652,1079,1
351,1006,1666,1176,1652,1078,1
351,1006,1666,1176,1652,1076,1
351,1006,1666,1176,1652,1075,1
351,1006,1666,1176,1652,1074,1
351,1006,1666,1176,1652,1071,1
351,1006,1666,1176,1652,1069,1
351,1006,1666,1176,1651,1067,1
351,1006,1666,1176,1651,1066,1
351,1006,1666,1176,1650,1064,1
351,1006,1666,1176,1649,1062,1
351,1006,1666,1176,1649,1060,1
351,1006,1666,1176,1649,1058,1
351,1006,1666,1176,1649,1057,1
351,1006,1666,1176,1649,1057,1
351,1006,1666,1176,1648,1056,1
351,1006,1666,1176,1648,1056,1
351,1006,1666,1176,1647,1054,1
351,1006,1666,1176,1647,1054,1
351,1006,1666,1176,1647,1054,1
351,1006,1666,1176,1647,1054,1
351,1006,1666,1176,1647,1052,1
351,1006,1666,1176,1646,1050,1
351,1006,1666,1176,1646,1050,1
351,1006,1666,1176,1645,1048,1
351,1006,1666,1176,1645,1048,1
351,1006,1666,1176,1644,1047,1
351,1006,1666,1176,1644,1045,1
351,1006,1666,1176,1643,1044,1
351,1006,1666,1176,1643,1042,1
351,1006,1666,1176,1642,1042,1
351,1006,1666,1176,1642,1041,1
351,1006,1666,1176,1642,1040,1
351,1006,1666,1176,1642,1040,1
351,1006,1666,1176,1642,1039,1
351,1006,1666,1176,1642,1038,1
351,1006,1666,1176,1642,1037,1
351,1006,1666,1176,1641,1035,1
351,1006,1666,1176,1641,1034,1
351,1006,1666,1176,1641,1034,1
351,1006,1666,1176,1641,1033,1
351,1006,1666,1176,1641,1033,1
351,1006,1666,1176,1641,1033,1
351,1006,1666,1176,1641,1033,1
351,1006,1666,1176,1641,1033,1
351,1006,1666,1176,1641,1033,1
351,1006,1666,1176,1641,1033,1
351,1006,1666,1176,1641,1033,1
351,1006,1666,1176,1641,1033,1
351,1006,1666,1176,1641,1033,1
351,1006,1666,1176,1641,1033,1
351,1006,1666,1176,1641,1033,1
351,1006,1666,1176,1641,1033,0
351,1006,1666,1176,1641,1033,0
351,1006,1666,1176,1641,1033,0
351,1006,1666,1176,1641,1033,0
351,1006,1666,1176,1641,1033,0
351,1006,1666,1176,1641,1033,0
351,1006,1666,1176,1641,1033,0
351,1006,1666,1176,1641,1033,0
351,1006,1666,1176,1641,1033,0
351,1006,1666,1176,1641,1033,0
351,1006,1666,1176,1641,1033,0
351,1006,1666,1176,1641,1033,0
351,1006,1666,1176,1641,1033,0
351,1006,1666,1176,1641,1033,0
351,1006,1666,1176,1641,1033,0
351,1006,1666,1176,1641,1033,0
351,1006,1666,1176,1641,1033,0
351,1006,1666,1176,1641,1034,0
351,1006,1666,1176,1641,1034,0
351,1006,1666,1176,1641,1034,0
351,1006,1666,1176,1641,1034,0
351,1006,1666,1176,1641,1034,0
351,1006,1666,1176,1641,1034,0
351,1006,1666,1176,1641,1034,0
351,1006,1666,1176,1641,1034,0
351,1006,1666,1176,1641,1034,0
351,1006,1666,1176,1641,1034,0
351,1006,1666,1176,1641,1034,0
351,1006,1666,1176,1637,1026,0
351,1006,1666,1176,1633,1021,0
351,1006,1666,1176,1631,1018,0
351,1006,1666,1176,1627,1012,0
351,1006,1666,1176,1626,1011,0
351,1006,1666,1176,1626,1009,0
351,1006,1666,1176,1624,1007,0
351,1006,1666,1176,1624,1006,0
351,1006,1666,1176,1623,1004,0
351,1006,1666,1176,1622,1003,0
351,1006,1666,1176,1622,1002,0
351,1006,1666,1176,1620,1000,0
351,1006,1666,1176,1620,999,0
351,1006,1666,1176,1619,997,0
351,1006,1666,1176,1618,996,0
351,1006,1666,1176,1618,995,0
351,1006,1666,1176,1616,993,0
351,1006,1666,1176,1616,991,0
351,1006,1666,1176,1614,989,0
351,1006,1666,1176,1613,988,0
351,1006,1666,1176,1613,986,0
351,1006,1666,1176,1610,983,0
351,1006,1666,1176,1609,981,0
351,1006,1666,1176,1607,977,0
351,1006,1666,1176,1606,974,0
351,1006,1666,1176,1604,970,0
351,1006,1666,1176,1604,967,0
351,1006,1666,1176,1603,965,0
351,1006,1666,1176,1602,961,0
351,1006,1666,1176,1601,958,0
351,1006,1666,1176,1599,954,0
351,1006,1666,1176,1599,953,0
351,1006,1666,1176,1599,951,0
351,1006,1666,1176,1597,948,0
351,1006,1666,1176,1597,947,0
351,1006,1666,1176,1597,944,0
351,1006,1666,1176,1597,943,0
351,1006,1666,1176,1597,940,0
351,1006,1666,1176,1598,938,0
351,1006,1666,1176,1598,936,0
351,1006,1666,1176,1598,933,0
351,1006,1666,1176,1599,931,0
351,1006,1666,1176,1599,927,0
351,1006,1666,1176,1600,925,0
351,1006,1666,1176,1600,923,0
351,1006,1666,1176,1600,919,0
351,1006,1666,1176,1601,916,0
351,1006,1666,1176,1601,911,0
351,1006,1666,1176,1601,908,0
351,1006,1666,1176,1601,904,0
351,1006,1666,1176,1601,902,0
351,1006,1666,1176,1601,900,0
351,1006,1666,1176,1602,894,0
351,1006,1666,1176,1602,891,0
351,1006,1666,1176,1603,886,0
351,1006,1666,1176,1603,883,0
351,1006,1666,1176,1603,880,0
351,1006,1666,1176,1603,877,0
351,1006,1666,1176,1604,872,0
351,1006,1666,1176,1604,870,0
351,1006,1666,1176,1605,866,0
351,1006,1666,1176,1605,864,0
351,1006,1666,1176,1606,861,0
351,1006,1666,1176,1606,859,0
351,1006,1666,1176,1606,856,0
351,1006,1666,1176,1607,850,0
351,1006,1666,1176,1607,846,0
351,1006,1666,1176,1609,839,0
351,1006,1666,1176,1609,835,0
351,1006,1666,1176,1610,832,0
351,1006,1666,1176,1611,825,0
351,1006,1666,1176,1611,822,0
351,1006,1666,1176,1611,816,0
351,1006,1666,1176,1612,812,0
351,1006,1666,1176,1613,805,0
351,1006,1666,1176,1613,801,0
351,1006,1666,1176,1613,797,0
351,1006,1666,1176,1614,788,0
351,1006,1666,1176,1615,785,0
351,1006,1666,1176,1615,777,0
351,1006,1666,1176,1615,773,0
351,1006,1666,1176,1615,768,0
351,1006,1666,1176,1616,761,0
351,1006,1666,1176,1616,758,0
351,1006,1666,1176,1617,754,0
351,1006,1666,1176,1618,749,0
351,1006,1666,1176,1618,747,0
351,1006,1666,1176,1619,742,0
351,1006,1666,1176,1619,740,0
351,1006,1666,1176,1620,735,0
351,1006,1666,1176,1621,733,0
351,1006,1666,1176,1621,730,0
351,1006,1666,1176,1622,725,0
351,1006,1666,1176,1623,723,0
351,1006,1666,1176,1624,719,0
351,1006,1666,1176,1625,717,0
351,1006,1666,1176,1625,716,0
351,1006,1666,1176,1625,714,0
351,1006,1666,1176,1625,714,0
351,1006,1666,1176,1626,711,0
351,1006,1666,1176,1626,709,0
351,1006,1666,1176,1626,707,0
351,1006,1666,1176,1628,702,0
351,1006,1666,1176,1629,699,0
351,1006,1666,1176,1630,695,0
351,1006,1666,1176,1631,693,0
351,1006,1666,1176,1632,691,0
351,1006,1666,1176,1633,687,0
351,1006,1666,1176,1633,685,0
351,1006,1666,1176,1634,681,0
351,1006,1666,1176,1635,679,0
351,1006,1666,1176,1635,677,0
351,1006,1666,1176,1637,672,0
351,1006,1666,1176,1637,669,0
351,1006,1666,1176,1638,664,0
351,1006,1666,1176,1638,662,0
351,1006,1666,1176,1638,659,0
351,1006,1666,1176,1639,655,0
351,1006,1666,1176,1639,653,0
351,1006,1666,1176,1640,649,0
351,1006,1666,1176,1640,647,0
351,1006,1666,1176,1640,642,0
351,1006,1666,1176,1640,639,0
351,1006,1666,1176,1640,637,0
351,1006,1666,1176,1640,632,0
351,1006,1666,1176,1640,630,0
351,1006,1666,1176,1640,624,0
351,1006,1666,1176,1640,620,0
351,1006,1666,1176,1640,617,0
351,1006,1666,1176,1640,611,0
351,1006,1666,1176,1640,607,0
351,1006,1666,1176,1640,604,0
351,1006,1666,1176,1640,597,0
351,1006,1666,1176,1640,593,0
351,1006,1666,1176,1640,587,0
351,1006,1666,1176,1640,584,0
351,1006,1666,1176,1640,579,0
351,1006,1666,1176,1640,577,0
351,1006,1666,1176,1640,574,0
351,1006,1666,1176,1641,569,0
351,1006,1666,1176,1641,566,0
351,1006,1666,1176,1641,560,0
351,1006,1666,1176,1641,558,0
351,1006,1666,1176,1641,555,0
351,1006,1666,1176,1641,550,0
351,1006,1666,1176,1641,547,0
351,1006,1666,1176,1641,542,0
351,1006,1666,1176,1641,540,0
351,1006,1666,1176,1641,538,0
351,1006,1666,1176,1641,533,0
351,1006,1666,1176,1641,531,0
351,1006,1666,1176,1641,526,0
351,1006,1666,1176,1641,524,0
351,1006,1666,1176,1640,519,0
351,1006,1666,1176,1639,516,0
351,1006,1666,1176,1639,514,0
351,1006,1666,1176,1638,510,0
351,1006,1666,1176,1638,508,0
351,1006,1666,1176,1638,506,0
351,1006,1666,1176,1637,500,0
351,1006,1666,1176,1636,498,0
351,1006,1666,1176,1635,492,0
351,1006,1666,1176,1634,489,0
351,1006,1666,1176,1633,486,0
351,1006,1666,1176,1631,480,0
351,1006,1666,1176,1629,476,0
351,1006,1666,1176,1626,470,0
351,1006,1666,1176,1625,467,0
351,1006,1666,1176,1623,465,0
351,1006,1666,1176,1621,459,0
351,1006,1666,1176,1619,455,0
351,1006,1666,1176,1616,448,0
351,1006,1666,1176,1614,445,0
351,1006,1666,1176,1611,440,0
351,1006,1666,1176,1610,437,0
351,1006,1666,1176,1609,434,0
351,1006,1666,1176,1607,431,0
351,1006,1666,1176,1606,430,0
351,1006,1666,1176,1604,427,0
351,1006,1666,1176,1603,426,0
351,1006,1666,1176,1602,425,0
351,1006,1666,1176,1602,425,0
351,1006,1666,1176,1602,425,0
351,1006,1666,1176,1601,424,0
351,1006,1666,1176,1601,424,0
351,1006,1666,1176,1600,423,0
351,1006,1666,1176,1599,422,0
351,1006,1666,1176,1593,420,0
351,1006,1666,1176,1590,419,0
351,1006,1666,1176,1583,417,0
351,1006,1666,1176,1579,416,0
351,1006,1666,1176,1576,416,0
351,1006,1666,1176,1573,416,0
351,1006,1666,1176,1572,416,0
351,1006,1666,1176,1570,416,0
351,1006,1666,1176,1566,416,0
351,1006,1666,1176,1564,416,0
351,1006,1666,1176,1558,416,0
351,1006,1666,1176,1555,416,0
351,1006,1666,1176,1548,416,0
351,1006,1666,1176,1545,416,0
351,1006,1666,1176,1541,416,0
351,1006,1666,1176,1535,416,0
351,1006,1666,1176,1532,415,0
351,1006,1666,1176,1526,415,0
351,1006,1666,1176,1523,414,0
351,1006,1666,1176,1520,414,0
351,1006,1666,1176,1513,413,0
351,1006,1666,1176,1509,412,0
351,1006,1666,1176,1506,411,0
351,1006,1666,1176,1498,410,0
351,1006,1666,1176,1494,410,0
351,1006,1666,1176,1487,410,0
351,1006,1666,1176,1483,410,0
351,1006,1666,1176,1475,409,0
351,1006,1666,1176,1472,408,0
351,1006,1666,1176,1469,408,0
351,1006,1666,1176,1461,408,0
351,1006,1666,1176,1457,408,0
351,1006,1666,1176,1449,407,0
351,1006,1666,1176,1445,407,0
351,1006,1666,1176,1439,407,0
351,1006,1666,1176,1435,407,0
351,1006,1666,1176,1432,407,0
351,1006,1666,1176,1426,407,0
351,1006,1666,1176,1423,407,0
351,1006,1666,1176,1417,407,0
351,1006,1666,1176,1414,407,0
351,1006,1666,1176,1411,407,0
351,1006,1666,1176,1406,407,0
351,1006,1666,1176,1404,407,0
351,1006,1666,1176,1401,407,0
351,1006,1666,1176,1395,407,0
351,1006,1666,1176,1390,407,0
351,1006,1666,1176,1382,406,0
351,1006,1666,1176,1378,406,0
351,1006,1666,1176,1374,406,0
351,1006,1666,1176,1365,405,0
351,1006,1666,1176,1361,405,0
351,1006,1666,1176,1352,405,0
351,1006,1666,1176,1349,405,0
351,1006,1666,1176,1345,404,0
351,1006,1666,1176,1336,403,0
351,1006,1666,1176,1331,403,0
351,1006,1666,1176,1320,402,0
351,1006,1666,1176,1315,402,0
351,1006,1666,1176,1303,400,0
351,1006,1666,1176,1297,400,0
351,1006,1666,1176,1293,399,0
351,1006,1666,1176,1286,399,0
351,1006,1666,1176,1282,399,0
351,1006,1666,1176,1278,399,0
351,1006,1666,1176,1276,399,0
351,1006,1666,1176,1274,399,0
351,1006,1666,1176,1269,397,0
351,1006,1666,1176,1267,397,0
351,1006,1666,1176,1261,396,0
351,1006,1666,1176,1257,395,0
351,1006,1666,1176,1253,394,0
351,1006,1666,1176,1247,394,0
351,1006,1666,1176,1244,393,0
351,1006,1666,1176,1240,393,0
351,1006,1666,1176,1238,392,0
351,1006,1666,1176,1236,392,0
351,1006,1666,1176,1232,391,0
351,1006,1666,1176,1229,391,0
351,1006,1666,1176,1223,391,0
351,1006,1666,1176,1220,391,0
351,1006,1666,1176,1217,391,0
351,1006,1666,1176,1212,390,0
351,1006,1666,1176,1210,390,0
351,1006,1666,1176,1207,390,0
351,1006,1666,1176,1206,390,0
351,1006,1666,1176,1203,390,0
351,1006,1666,1176,1201,390,0
351,1006,1666,1176,1199,390,0
351,1006,1666,1176,1195,389,0
351,1006,1666,1176,1193,389,0
351,1006,1666,1176,1191,389,0
351,1006,1666,1176,1186,389,0
351,1006,1666,1176,1184,388,0
351,1006,1666,1176,1178,388,0
351,1006,1666,1176,1176,388,0
351,1006,1666,1176,1172,388,0
351,1006,1666,1176,1166,387,0
351,1006,1666,1176,1163,386,0
351,1006,1666,1176,1157,385,0
351,1006,1666,1176,1154,385,0
351,1006,1666,1176,1147,384,0
351,1006,1666,1176,1144,384,0
351,1006,1666,1176,1141,383,0
351,1006,1666,1176,1135,383,0
351,1006,1666,1176,1132,383,0
351,1006,1666,1176,1127,383,0
351,1006,1666,1176,1125,383,0
351,1006,1666,1176,1122,383,0
351,1006,1666,1176,1118,383,0
351,1006,1666,1176,1116,382,0
351,1006,1666,1176,1111,382,0
351,1006,1666,1176,1109,382,0
351,1006,1666,1176,1105,382,0
351,1006,1666,1176,1098,382,0
351,1006,1666,1176,1095,382,0
351,1006,1666,1176,1092,382,0
351,1006,1666,1176,1088,382,0
351,1006,1666,1176,1086,382,0
351,1006,1666,1176,1085,382,0
351,1006,1666,1176,1082,383,0
351,1006,1666,1176,1081,383,0
351,1006,1666,1176,1078,383,0
351,1006,1666,1176,1077,383,0
351,1006,1666,1176,1076,383,0
351,1006,1666,1176,1074,383,0
351,1006,1666,1176,1073,383,0
351,1006,1666,1176,1071,384,0
351,1006,1666,1176,1070,384,0
351,1006,1666,1176,1068,384,0
351,1006,1666,1176,1067,384,0
351,1006,1666,1176,1066,384,0
351,1006,1666,1176,1062,384,0
351,1006,1666,1176,1061,384,0
351,1006,1666,1176,1059,384,0
351,1006,1666,1176,1058,384,0
351,1006,1666,1176,1057,384,0
351,1006,1666,1176,1056,384,0
351,1006,1666,1176,1055,384,0
351,1006,1666,1176,1051,384,0
351,1006,1666,1176,1049,384,0
351,1006,1666,1176,1047,384,0
351,1006,1666,1176,1046,383,0
351,1006,1666,1176,1046,383,0
351,1006,1666,1176,1046,383,0
