351,1006,1666,1176,926,376,0
351,1006,1666,1176,926,376,0
351,1006,1666,1176,926,376,0
351,1006,1666,1176,926,376,0
351,1006,1666,1176,926,376,0
351,1006,1666,1176,926,376,0
351,1006,1666,1176,926,376,0
351,1006,1666,1176,926,376,0
351,1006,1666,1176,926,376,0
351,1006,1666,1176,926,376,0
351,1006,1666,1176,926,376,0
351,1006,1666,1176,926,376,0
351,1006,1666,1176,926,376,0
351,1006,1666,1176,927,376,0
351,1006,1666,1176,926,376,0
351,1006,1666,1176,926,376,0
351,1006,1666,1176,926,376,0
351,1006,1666,1176,926,376,0
351,1006,1666,1176,926,376,0
351,1006,1666,1176,926,376,0
351,1006,1666,1176,926,376,0
351,1006,1666,1176,926,376,0
351,1006,1666,1176,926,376,0
351,1006,1666,1176,926,376,0
351,1006,1666,1176,924,379,0
351,1006,1666,1176,920,386,0
351,1006,1666,1176,912,403,0
351,1006,1666,1176,908,409,0
351,1006,1666,1176,903,418,0
351,1006,1666,1176,901,420,0
351,1006,1666,1176,898,424,0
351,1006,1666,1176,897,425,0
351,1006,1666,1176,896,428,0
351,1006,1666,1176,895,429,0
351,1006,1666,1176,891,434,0
351,1006,1666,1176,890,437,0
351,1006,1666,1176,887,441,0
351,1006,1666,1176,883,447,0
351,1006,1666,1176,881,450,0
351,1006,1666,1176,876,456,0
351,1006,1666,1176,873,459,0
351,1006,1666,1176,869,465,0
351,1006,1666,1176,867,469,0
351,1006,1666,1176,862,474,0
351,1006,1666,1176,857,478,0
351,1006,1666,1176,852,486,0
351,1006,1666,1176,848,489,0
351,1006,1666,1176,842,497,0
351,1006,1666,1176,838,501,0
351,1006,1666,1176,834,507,0
351,1006,1666,1176,828,513,0
351,1006,1666,1176,821,520,0
351,1006,1666,1176,819,523,0
351,1006,1666,1176,811,531,0
351,1006,1666,1176,808,536,0
351,1006,1666,1176,804,540,0
351,1006,1666,1176,796,548,0
351,1006,1666,1176,794,550,0
351,1006,1666,1176,787,557,0
351,1006,1666,1176,785,561,0
351,1006,1666,1176,779,565,0
351,1006,1666,1176,777,568,0
351,1006,1666,1176,773,572,0
351,1006,1666,1176,771,574,0
351,1006,1666,1176,768,576,0
351,1006,1666,1176,764,580,0
351,1006,1666,1176,762,582,0
351,1006,1666,1176,756,586,0
351,1006,1666,1176,753,587,0
351,1006,1666,1176,746,591,0
351,1006,1666,1176,742,593,0
351,1006,1666,1176,736,597,0
351,1006,1666,1176,733,599,0
351,1006,1666,1176,731,601,0
351,1006,1666,1176,724,605,0
351,1006,1666,1176,722,608,0
351,1006,1666,1176,716,612,0
351,1006,1666,1176,712,614,0
351,1006,1666,1176,707,618,0
351,1006,1666,1176,701,621,0
351,1006,1666,1176,698,623,0
351,1006,1666,1176,696,625,0
351,1006,1666,1176,691,629,0
351,1006,1666,1176,689,631,0
351,1006,1666,1176,684,635,0
351,1006,1666,1176,682,637,0
351,1006,1666,1176,680,639,0
351,1006,1666,1176,676,642,0
351,1006,1666,1176,674,644,0
351,1006,1666,1176,671,647,0
351,1006,1666,1176,669,649,0
351,1006,1666,1176,665,653,0
351,1006,1666,1176,663,655,0
351,1006,1666,1176,660,659,0
351,1006,1666,1176,658,662,0
351,1006,1666,1176,656,664,0
351,1006,1666,1176,651,668,0
351,1006,1666,1176,648,670,0
351,1006,1666,1176,644,674,0
351,1006,1666,1176,641,675,0
351,1006,1666,1176,640,677,0
351,1006,1666,1176,636,680,0
351,1006,1666,1176,634,682,0
351,1006,1666,1176,628,686,0
351,1006,1666,1176,625,689,0
351,1006,1666,1176,622,691,0
351,1006,1666,1176,616,695,0
351,1006,1666,1176,613,697,0
351,1006,1666,1176,608,700,0
351,1006,1666,1176,606,701,0
351,1006,1666,1176,600,705,0
351,1006,1666,1176,598,707,0
351,1006,1666,1176,594,709,0
351,1006,1666,1176,587,714,0
351,1006,1666,1176,584,716,0
351,1006,1666,1176,578,720,0
351,1006,1666,1176,574,723,0
351,1006,1666,1176,568,727,0
351,1006,1666,1176,564,730,0
351,1006,1666,1176,560,732,0
351,1006,1666,1176,555,738,0
351,1006,1666,1176,552,741,0
351,1006,1666,1176,546,749,0
351,1006,1666,1176,542,753,0
351,1006,1666,1176,534,762,0
351,1006,1666,1176,530,767,0
351,1006,1666,1176,527,771,0
351,1006,1666,1176,521,781,0
351,1006,1666,1176,517,785,0
351,1006,1666,1176,514,790,0
351,1006,1666,1176,508,800,0
351,1006,1666,1176,502,808,0
351,1006,1666,1176,498,813,0
351,1006,1666,1176,496,817,0
351,1006,1666,1176,490,825,0
351,1006,1666,1176,486,829,0
351,1006,1666,1176,483,832,0
351,1006,1666,1176,477,839,0
351,1006,1666,1176,473,843,0
351,1006,1666,1176,466,850,0
351,1006,1666,1176,463,853,0
351,1006,1666,1176,460,856,0
351,1006,1666,1176,454,862,0
351,1006,1666,1176,452,865,0
351,1006,1666,1176,447,871,0
351,1006,1666,1176,445,874,0
351,1006,1666,1176,442,881,0
351,1006,1666,1176,440,884,0
351,1006,1666,1176,439,886,0
351,1006,1666,1176,436,892,0
351,1006,1666,1176,434,894,0
351,1006,1666,1176,432,898,0
351,1006,1666,1176,430,900,0
351,1006,1666,1176,429,902,0
351,1006,1666,1176,426,907,0
351,1006,1666,1176,424,909,0
351,1006,1666,1176,422,914,0
351,1006,1666,1176,420,916,0
351,1006,1666,1176,417,921,0
351,1006,1666,1176,416,923,0
351,1006,1666,1176,414,926,0
351,1006,1666,1176,411,931,0
351,1006,1666,1176,409,934,0
351,1006,1666,1176,407,938,0
351,1006,1666,1176,403,945,0
351,1006,1666,1176,401,949,0
351,1006,1666,1176,396,956,0
351,1006,1666,1176,395,959,0
351,1006,1666,1176,392,964,0
351,1006,1666,1176,391,967,0
351,1006,1666,1176,390,969,0
351,1006,1666,1176,387,975,0
351,1006,1666,1176,386,978,0
351,1006,1666,1176,382,985,0
351,1006,1666,1176,381,989,0
351,1006,1666,1176,377,996,0
351,1006,1666,1176,376,998,0
351,1006,1666,1176,374,1002,0
351,1006,1666,1176,373,1003,0
351,1006,1666,1176,372,1004,0
351,1006,1666,1176,371,1007,0
351,1006,1666,1176,371,1009,0
351,1006,1666,1176,371,1010,0
351,1006,1666,1176,369,1014,0
351,1006,1666,1176,369,1016,0
351,1006,1666,1176,367,1019,0
351,1006,1666,1176,367,1021,0
351,1006,1666,1176,366,1023,0
351,1006,1666,1176,364,1026,0
351,1006,1666,1176,363,1028,0
351,1006,1666,1176,362,1031,0
351,1006,1666,1176,361,1032,0
351,1006,1666,1176,360,1034,0
351,1006,1666,1176,358,1037,0
351,1006,1666,1176,357,1039,0
351,1006,1666,1176,355,1042,0
351,1006,1666,1176,355,1043,0
351,1006,1666,1176,353,1045,0
351,1006,1666,1176,352,1047,0
351,1006,1666,1176,350,1049,0
351,1006,1666,1176,348,1053,0
351,1006,1666,1176,347,1055,0
351,1006,1666,1176,345,1058,0
351,1006,1666,1176,345,1060,0
351,1006,1666,1176,343,1063,0
351,1006,1666,1176,342,1064,0
351,1006,1666,1176,341,1066,0
351,1006,1666,1176,339,1069,0
351,1006,1666,1176,338,1070,0
351,1006,1666,1176,337,1071,0
351,1006,1666,1176,336,1074,0
351,1006,1666,1176,335,1075,0
351,1006,1666,1176,334,1076,0
351,1006,1666,1176,334,1077,0
351,1006,1666,1176,332,1079,0
351,1006,1666,1176,332,1080,0
351,1006,1666,1176,330,1082,0
351,1006,1666,1176,328,1085,0
351,1006,1666,1176,328,1086,0
351,1006,1666,1176,326,1090,0
351,1006,1666,1176,324,1092,0
351,1006,1666,1176,323,1094,0
351,1006,1666,1176,322,1095,0
351,1006,1666,1176,321,1096,0
351,1006,1666,1176,320,1098,0
351,1006,1666,1176,320,1099,0
351,1006,1666,1176,318,1102,0
351,1006,1666,1176,317,1103,0
351,1006,1666,1176,316,1104,0
351,1006,1666,1176,314,1106,0
351,1006,1666,1176,314,1107,0
351,1006,1666,1176,312,1108,0
351,1006,1666,1176,311,1110,0
351,1006,1666,1176,310,1110,0
351,1006,1666,1176,309,1112,0
351,1006,1666,1176,309,1112,0
351,1006,1666,1176,308,1113,0
351,1006,1666,1176,308,1113,0
351,1006,1666,1176,307,1114,0
351,1006,1666,1176,306,1114,0
351,1006,1666,1176,306,1114,0
351,1006,1666,1176,306,1114,0
351,1006,1666,1176,306,1114,0
351,1006,1666,1176,306,1114,0
351,1006,1666,1176,306,1114,0
351,1006,1666,1176,306,1114,0
351,1006,1666,1176,306,1114,0
351,1006,1666,1176,306,1114,0
351,1006,1666,1176,306,1114,1
351,1006,1666,1176,306,1114,1
351,1006,1666,1176,306,1114,1
351,1006,1666,1176,306,1114,1
351,1006,1666,1176,306,1114,1
351,1006,1666,1176,306,1114,1
351,1006,1666,1176,306,1114,1
351,1006,1666,1176,306,1114,1
351,1006,1666,1176,306,1114,1
351,1006,1666,1176,306,1114,1
351,1006,1666,1176,306,1114,1
351,1006,1666,1176,306,1114,1
351,1006,1666,1176,306,1114,1
351,1006,1666,1176,307,1114,1
351,1006,1666,1176,307,1113,1
351,1006,1666,1176,309,1112,1
351,1006,1666,1176,311,1112,1
351,1006,1666,1176,313,1111,1
351,1006,1666,1176,319,1110,1
351,1006,1666,1176,324,1110,1
351,1006,1666,1176,335,1110,1
351,1006,1666,1176,340,1110,1
351,1006,1666,1176,346,1110,1
351,1006,1666,1176,356,1110,1
351,1006,1666,1176,361,1109,1
351,1006,1666,1176,369,1109,1
351,1006,1666,1176,372,1109,1
351,1006,1666,1176,378,1108,1
351,1006,1666,1176,381,1107,1
351,1006,1666,1176,385,1107,1
351,1006,1666,1176,388,1107,1
351,1006,1666,1176,397,1107,1
351,1006,1666,1176,402,1107,1
351,1006,1666,1176,411,1107,1
351,1006,1666,1176,415,1107,1
351,1006,1666,1176,421,1107,1
351,1006,1666,1176,425,1107,1
351,1006,1666,1176,427,1107,1
351,1006,1666,1176,434,1107,1
351,1006,1666,1176,438,1107,1
351,1006,1666,1176,443,1108,1
351,1006,1666,1176,445,1108,1
351,1006,1666,1176,448,1109,1
351,1006,1666,1176,450,1109,1
351,1006,1666,1176,451,1109,1
351,1006,1666,1176,455,1109,1
351,1006,1666,1176,457,1110,1
351,1006,1666,1176,463,1110,1
351,1006,1666,1176,466,1110,1
351,1006,1666,1176,470,1110,1
351,1006,1666,1176,476,1110,1
351,1006,1666,1176,479,1111,1
351,1006,1666,1176,483,1111,1
351,1006,1666,1176,484,1111,1
351,1006,1666,1176,487,1111,1
351,1006,1666,1176,489,1111,1
351,1006,1666,1176,491,1111,1
351,1006,1666,1176,496,1111,1
351,1006,1666,1176,499,1111,1
351,1006,1666,1176,502,1111,1
351,1006,1666,1176,509,1110,1
351,1006,1666,1176,512,1110,1
351,1006,1666,1176,518,1110,1
351,1006,1666,1176,521,1110,1
351,1006,1666,1176,526,1110,1
351,1006,1666,1176,529,1110,1
351,1006,1666,1176,532,1110,1
351,1006,1666,1176,538,1110,1
351,1006,1666,1176,545,1110,1
351,1006,1666,1176,553,1110,1
351,1006,1666,1176,557,1110,1
351,1006,1666,1176,563,1110,1
351,1006,1666,1176,566,1110,1
351,1006,1666,1176,569,1110,1
351,1006,1666,1176,576,1110,1
351,1006,1666,1176,579,1110,1
351,1006,1666,1176,587,1111,1
351,1006,1666,1176,591,1111,1
351,1006,1666,1176,595,1111,1
351,1006,1666,1176,604,1112,1
351,1006,1666,1176,607,1113,1
351,1006,1666,1176,611,1114,1
351,1006,1666,1176,621,1115,1
351,1006,1666,1176,626,1116,1
351,1006,1666,1176,637,1118,1
351,1006,1666,1176,643,1119,1
351,1006,1666,1176,647,1120,1
351,1006,1666,1176,655,1122,1
351,1006,1666,1176,659,1123,1
351,1006,1666,1176,663,1123,1
351,1006,1666,1176,666,1124,1
351,1006,1666,1176,673,1126,1
351,1006,1666,1176,676,1127,1
351,1006,1666,1176,684,1129,1
351,1006,1666,1176,687,1130,1
351,1006,1666,1176,689,1130,1
351,1006,1666,1176,695,1131,1
351,1006,1666,1176,697,1131,1
351,1006,1666,1176,701,1132,1
351,1006,1666,1176,703,1132,1
351,1006,1666,1176,710,1134,1
351,1006,1666,1176,714,1135,1
351,1006,1666,1176,718,1136,1
351,1006,1666,1176,725,1137,1
351,1006,1666,1176,730,1138,1
351,1006,1666,1176,734,1138,1
351,1006,1666,1176,744,1140,1
351,1006,1666,1176,754,1141,1
351,1006,1666,1176,760,1142,1
351,1006,1666,1176,766,1142,1
351,1006,1666,1176,776,1145,1
351,1006,1666,1176,781,1145,1
351,1006,1666,1176,785,1146,1
351,1006,1666,1176,795,1147,1
351,1006,1666,1176,799,1148,1
351,1006,1666,1176,812,1149,1
351,1006,1666,1176,818,1152,1
351,1006,1666,1176,832,1153,1
351,1006,1666,1176,838,1154,1
351,1006,1666,1176,843,1155,1
351,1006,1666,1176,853,1157,1
351,1006,1666,1176,860,1158,1
351,1006,1666,1176,873,1160,1
351,1006,1666,1176,881,1162,1
351,1006,1666,1176,888,1162,1
351,1006,1666,1176,902,1163,1
351,1006,1666,1176,907,1164,1
351,1006,1666,1176,916,1164,1
351,1006,1666,1176,920,1165,1
351,1006,1666,1176,924,1165,1
351,1006,1666,1176,931,1165,1
351,1006,1666,1176,935,1167,1
351,1006,1666,1176,944,1168,1
351,1006,1666,1176,949,1169,1
351,1006,1666,1176,953,1170,1
351,1006,1666,1176,963,1171,1
351,1006,1666,1176,970,1171,1
351,1006,1666,1176,980,1172,1
351,1006,1666,1176,984,1173,1
351,1006,1666,1176,994,1174,1
351,1006,1666,1176,999,1174,1
351,1006,1666,1176,1003,1175,1
351,1006,1666,1176,1013,1177,1
351,1006,1666,1176,1018,1177,1
351,1006,1666,1176,1030,1179,1
351,1006,1666,1176,1036,1179,1
351,1006,1666,1176,1042,1180,1
351,1006,1666,1176,1055,1181,1
351,1006,1666,1176,1061,1183,1
351,1006,1666,1176,1073,1184,1
351,1006,1666,1176,1078,1185,1
351,1006,1666,1176,1088,1185,1
351,1006,1666,1176,1093,1185,1
351,1006,1666,1176,1103,1186,1
351,1006,1666,1176,1107,1187,1
351,1006,1666,1176,1112,1187,1
351,1006,1666,1176,1123,1187,1
351,1006,1666,1176,1128,1189,1
351,1006,1666,1176,1135,1190,1
351,1006,1666,1176,1147,1191,1
351,1006,1666,1176,1153,1192,1
351,1006,1666,1176,1165,1193,1
351,1006,1666,1176,1169,1194,1
351,1006,1666,1176,1178,1196,1
351,1006,1666,1176,1181,1196,1
351,1006,1666,1176,1186,1196,1
351,1006,1666,1176,1194,1197,1
351,1006,1666,1176,1200,1196,1
351,1006,1666,1176,1212,1197,1
351,1006,1666,1176,1219,1197,1
351,1006,1666,1176,1229,1198,1
351,1006,1666,1176,1234,1198,1
351,1006,1666,1176,1238,1199,1
351,1006,1666,1176,1248,1200,1
351,1006,1666,1176,1253,1200,1
351,1006,1666,1176,1262,1201,1
351,1006,1666,1176,1267,1201,1
351,1006,1666,1176,1276,1201,1
351,1006,1666,1176,1281,1201,1
351,1006,1666,1176,1287,1201,1
351,1006,1666,1176,1298,1201,1
351,1006,1666,1176,1303,1201,1
351,1006,1666,1176,1306,1201,1
351,1006,1666,1176,1311,1201,1
351,1006,1666,1176,1312,1201,1
351,1006,1666,1176,1316,1201,1
351,1006,1666,1176,1318,1201,1
351,1006,1666,1176,1322,1201,1
351,1006,1666,1176,1332,1201,1
351,1006,1666,1176,1336,1201,1
351,1006,1666,1176,1341,1201,1
351,1006,1666,1176,1347,1201,1
351,1006,1666,1176,1349,1201,1
351,1006,1666,1176,1350,1201,1
351,1006,1666,1176,1350,1201,1
351,1006,1666,1176,1350,1201,1
351,1006,1666,1176,1350,1201,1
351,1006,1666,1176,1350,1201,1
351,1006,1666,1176,1351,1201,1
351,1006,1666,1176,1353,1201,1
351,1006,1666,1176,1357,1200,1
351,1006,1666,1176,1360,1200,1
351,1006,1666,1176,1364,1200,1
351,1006,1666,1176,1366,1200,1
351,1006,1666,1176,1368,1200,1
351,1006,1666,1176,1373,1200,1
351,1006,1666,1176,1375,1200,1
351,1006,1666,1176,1378,1200,1
351,1006,1666,1176,1383,1200,1
351,1006,1666,1176,1385,1200,1
351,1006,1666,1176,1389,1199,1
351,1006,1666,1176,1391,1199,1
351,1006,1666,1176,1392,1199,1
351,1006,1666,1176,1394,1199,1
351,1006,1666,1176,1396,1199,1
351,1006,1666,1176,1401,1199,1
351,1006,1666,1176,1405,1199,1
351,1006,1666,1176,1410,1199,1
351,1006,1666,1176,1413,1198,1
351,1006,1666,1176,1415,1198,1
351,1006,1666,1176,1418,1197,1
351,1006,1666,1176,1419,1197,1
351,1006,1666,1176,1422,1197,1
351,1006,1666,1176,1424,1197,1
351,1006,1666,1176,1429,1196,1
351,1006,1666,1176,1432,1196,1
351,1006,1666,1176,1436,1196,1
351,1006,1666,1176,1443,1196,1
351,1006,1666,1176,1446,1196,1
351,1006,1666,1176,1448,1196,1
351,1006,1666,1176,1452,1196,1
351,1006,1666,1176,1453,1196,1
351,1006,1666,1176,1456,1196,1
351,1006,1666,1176,1458,1196,1
351,1006,1666,1176,1463,1195,1
351,1006,1666,1176,1466,1194,1
351,1006,1666,1176,1468,1194,1
351,1006,1666,1176,1473,1194,1
351,1006,1666,1176,1475,1194,1
351,1006,1666,1176,1480,1193,1
351,1006,1666,1176,1482,1193,1
351,1006,1666,1176,1487,1193,1
351,1006,1666,1176,1490,1193,1
351,1006,1666,1176,1493,1193,1
351,1006,1666,1176,1500,1193,1
351,1006,1666,1176,1503,1193,1
351,1006,1666,1176,1511,1193,1
351,1006,1666,1176,1514,1193,1
351,1006,1666,1176,1519,1193,1
351,1006,1666,1176,1522,1193,1
351,1006,1666,1176,1524,1193,1
351,1006,1666,1176,1532,1193,1
351,1006,1666,1176,1535,1193,1
351,1006,1666,1176,1541,1192,1
351,1006,1666,1176,1543,1192,1
351,1006,1666,1176,1546,1191,1
351,1006,1666,1176,1550,1191,1
351,1006,1666,1176,1552,1191,1
351,1006,1666,1176,1556,1191,1
351,1006,1666,1176,1558,1191,1
351,1006,1666,1176,1561,1190,1
351,1006,1666,1176,1565,1190,1
351,1006,1666,1176,1566,1189,1
351,1006,1666,1176,1569,1189,1
351,1006,1666,1176,1571,1189,1
351,1006,1666,1176,1573,1189,1
351,1006,1666,1176,1578,1189,1
351,1006,1666,1176,1581,1189,1
351,1006,1666,1176,1586,1188,1
351,1006,1666,1176,1588,1188,1
351,1006,1666,1176,1591,1188,1
351,1006,1666,1176,1593,1188,1
351,1006,1666,1176,1594,1188,1
351,1006,1666,1176,1596,1188,1
351,1006,1666,1176,1602,1188,1
351,1006,1666,1176,1605,1188,1
351,1006,1666,1176,1610,1188,1
351,1006,1666,1176,1611,1188,1
351,1006,1666,1176,1612,1188,1
351,1006,1666,1176,1612,1188,1
351,1006,1666,1176,1612,1188,1
351,1006,1666,1176,1614,1188,1
351,1006,1666,1176,1616,1188,1
351,1006,1666,1176,1621,1187,1
351,1006,1666,1176,1623,1187,1
351,1006,1666,1176,1624,1186,1
351,1006,1666,1176,1626,1186,1
351,1006,1666,1176,1626,1186,1
351,1006,1666,1176,1626,1186,1
351,1006,1666,1176,1626,1186,1
351,1006,1666,1176,1629,1185,1
351,1006,1666,1176,1632,1184,1
351,1006,1666,1176,1634,1184,1
351,1006,1666,1176,1635,1183,1
351,1006,1666,1176,1635,1183,1
351,1006,1666,1176,1635,1183,1
351,1006,1666,1176,1636,1183,1
351,1006,1666,1176,1636,1183,1
351,1006,1666,1176,1638,1183,1
351,1006,1666,1176,1638,1182,1
351,1006,1666,1176,1638,1182,1
351,1006,1666,1176,1638,1182,1
351,1006,1666,1176,1638,1182,1
351,1006,1666,1176,1638,1182,1
351,1006,1666,1176,1638,1182,0
351,1006,1666,1176,1638,1182,0
351,1006,1666,1176,1638,1182,0
351,1006,1666,1176,1638,1182,0
351,1006,1666,1176,1638,1181,0
351,1006,1666,1176,1638,1181,0
351,1006,1666,1176,1638,1181,0
351,1006,1666,1176,1638,1181,0
351,1006,1666,1176,1638,1181,0
351,1006,1666,1176,1638,1182,0
351,1006,1666,1176,1638,1182,0
351,1006,1666,1176,1638,1182,0
351,1006,1666,1176,1638,1182,0
351,1006,1666,1176,1638,1182,0
351,1006,1666,1176,1638,1182,0
351,1006,1666,1176,1638,1182,0
351,1006,1666,1176,1638,1182,0
351,1006,1666,1176,1638,1182,0
351,1006,1666,1176,1638,1182,0
351,1006,1666,1176,1638,1182,0
351,1006,1666,1176,1638,1182,0
351,1006,1666,1176,1638,1182,0
351,1006,1666,1176,1638,1182,0
351,1006,1666,1176,1638,1182,0
351,1006,1666,1176,1638,1182,0
351,1006,1666,1176,1638,1182,0
351,1006,1666,1176,1638,1182,0
351,1006,1666,1176,1638,1182,0
351,1006,1666,1176,1638,1182,0
351,1006,1666,1176,1636,1181,0
351,1006,1666,1176,1635,1178,0
351,1006,1666,1176,1631,1174,0
351,1006,1666,1176,1629,1172,0
351,1006,1666,1176,1625,1166,0
351,1006,1666,1176,1623,1163,0
351,1006,1666,1176,1621,1160,0
351,1006,1666,1176,1618,1155,0
351,1006,1666,1176,1617,1153,0
351,1006,1666,1176,1615,1150,0
351,1006,1666,1176,1614,1149,0
351,1006,1666,1176,1613,1148,0
351,1006,1666,1176,1612,1146,0
351,1006,1666,1176,1611,1144,0
351,1006,1666,1176,1608,1140,0
351,1006,1666,1176,1607,1138,0
351,1006,1666,1176,1604,1134,0
351,1006,1666,1176,1603,1132,0
351,1006,1666,1176,1601,1129,0
351,1006,1666,1176,1597,1124,0
351,1006,1666,1176,1595,1121,0
351,1006,1666,1176,1592,1114,0
351,1006,1666,1176,1591,1111,0
351,1006,1666,1176,1589,1108,0
351,1006,1666,1176,1586,1102,0
351,1006,1666,1176,1584,1100,0
351,1006,1666,1176,1581,1095,0
351,1006,1666,1176,1579,1091,0
351,1006,1666,1176,1576,1089,0
351,1006,1666,1176,1572,1082,0
351,1006,1666,1176,1570,1078,0
351,1006,1666,1176,1565,1069,0
351,1006,1666,1176,1563,1065,0
351,1006,1666,1176,1557,1056,0
351,1006,1666,1176,1555,1053,0
351,1006,1666,1176,1551,1045,0
351,1006,1666,1176,1550,1042,0
351,1006,1666,1176,1547,1040,0
351,1006,1666,1176,1543,1032,0
351,1006,1666,1176,1541,1029,0
351,1006,1666,1176,1536,1022,0
351,1006,1666,1176,1534,1019,0
351,1006,1666,1176,1527,1010,0
351,1006,1666,1176,1525,1005,0
351,1006,1666,1176,1522,1001,0
351,1006,1666,1176,1519,995,0
351,1006,1666,1176,1518,991,0
351,1006,1666,1176,1514,987,0
351,1006,1666,1176,1512,984,0
351,1006,1666,1176,1510,982,0
351,1006,1666,1176,1505,974,0
351,1006,1666,1176,1502,971,0
351,1006,1666,1176,1496,965,0
351,1006,1666,1176,1494,962,0
351,1006,1666,1176,1492,959,0
351,1006,1666,1176,1487,953,0
351,1006,1666,1176,1486,950,0
351,1006,1666,1176,1482,945,0
351,1006,1666,1176,1480,943,0
351,1006,1666,1176,1477,938,0
351,1006,1666,1176,1475,936,0
351,1006,1666,1176,1474,934,0
351,1006,1666,1176,1471,930,0
351,1006,1666,1176,1469,927,0
351,1006,1666,1176,1464,920,0
351,1006,1666,1176,1460,916,0
351,1006,1666,1176,1451,906,0
351,1006,1666,1176,1446,900,0
351,1006,1666,1176,1441,895,0
351,1006,1666,1176,1434,887,0
351,1006,1666,1176,1433,886,0
351,1006,1666,1176,1431,884,0
351,1006,1666,1176,1427,880,0
351,1006,1666,1176,1426,879,0
351,1006,1666,1176,1422,875,0
351,1006,1666,1176,1420,871,0
351,1006,1666,1176,1417,868,0
351,1006,1666,1176,1412,862,0
351,1006,1666,1176,1410,860,0
351,1006,1666,1176,1406,855,0
351,1006,1666,1176,1404,853,0
351,1006,1666,1176,1402,849,0
351,1006,1666,1176,1400,847,0
351,1006,1666,1176,1398,844,0
351,1006,1666,1176,1397,843,0
351,1006,1666,1176,1396,841,0
351,1006,1666,1176,1393,837,0
351,1006,1666,1176,1391,835,0
351,1006,1666,1176,1388,832,0
351,1006,1666,1176,1387,830,0
351,1006,1666,1176,1383,825,0
351,1006,1666,1176,1381,823,0
351,1006,1666,1176,1379,820,0
351,1006,1666,1176,1376,816,0
351,1006,1666,1176,1374,813,0
351,1006,1666,1176,1373,811,0
351,1006,1666,1176,1370,806,0
351,1006,1666,1176,1368,804,0
351,1006,1666,1176,1365,799,0
351,1006,1666,1176,1363,796,0
351,1006,1666,1176,1359,788,0
351,1006,1666,1176,1357,784,0
351,1006,1666,1176,1356,781,0
351,1006,1666,1176,1352,772,0
351,1006,1666,1176,1350,768,0
351,1006,1666,1176,1347,761,0
351,1006,1666,1176,1345,757,0
351,1006,1666,1176,1341,750,0
351,1006,1666,1176,1339,746,0
351,1006,1666,1176,1335,737,0
351,1006,1666,1176,1332,732,0
351,1006,1666,1176,1327,724,0
351,1006,1666,1176,1326,721,0
351,1006,1666,1176,1322,714,0
351,1006,1666,1176,1320,710,0
351,1006,1666,1176,1318,706,0
351,1006,1666,1176,1313,700,0
351,1006,1666,1176,1312,697,0
351,1006,1666,1176,1309,690,0
351,1006,1666,1176,1307,687,0
351,1006,1666,1176,1303,681,0
351,1006,1666,1176,1302,677,0
351,1006,1666,1176,1300,674,0
351,1006,1666,1176,1295,668,0
351,1006,1666,1176,1294,665,0
351,1006,1666,1176,1291,659,0
351,1006,1666,1176,1289,657,0
351,1006,1666,1176,1286,651,0
351,1006,1666,1176,1285,648,0
351,1006,1666,1176,1283,646,0
351,1006,1666,1176,1280,639,0
351,1006,1666,1176,1278,636,0
351,1006,1666,1176,1275,630,0
351,1006,1666,1176,1273,627,0
351,1006,1666,1176,1268,620,0
351,1006,1666,1176,1266,616,0
351,1006,1666,1176,1264,613,0
351,1006,1666,1176,1260,606,0
351,1006,1666,1176,1258,602,0
351,1006,1666,1176,1252,594,0
351,1006,1666,1176,1250,589,0
351,1006,1666,1176,1243,580,0
351,1006,1666,1176,1240,575,0
351,1006,1666,1176,1236,570,0
351,1006,1666,1176,1229,558,0
351,1006,1666,1176,1224,551,0
351,1006,1666,1176,1212,537,0
351,1006,1666,1176,1205,531,0
351,1006,1666,1176,1199,523,0
351,1006,1666,1176,1196,520,0
351,1006,1666,1176,1195,518,0
351,1006,1666,1176,1191,513,0
351,1006,1666,1176,1189,509,0
351,1006,1666,1176,1183,501,0
351,1006,1666,1176,1179,496,0
351,1006,1666,1176,1172,487,0
351,1006,1666,1176,1170,484,0
351,1006,1666,1176,1166,479,0
351,1006,1666,1176,1164,476,0
351,1006,1666,1176,1163,473,0
351,1006,1666,1176,1162,471,0
351,1006,1666,1176,1161,470,0
351,1006,1666,1176,1159,468,0
351,1006,1666,1176,1159,467,0
351,1006,1666,1176,1157,464,0
351,1006,1666,1176,1156,463,0
351,1006,1666,1176,1154,461,0
351,1006,1666,1176,1153,460,0
351,1006,1666,1176,1151,457,0
351,1006,1666,1176,1150,456,0
351,1006,1666,1176,1149,455,0
351,1006,1666,1176,1147,453,0
351,1006,1666,1176,1146,451,0
351,1006,1666,1176,1144,449,0
351,1006,1666,1176,1141,447,0
351,1006,1666,1176,1140,446,0
351,1006,1666,1176,1137,444,0
351,1006,1666,1176,1136,442,0
351,1006,1666,1176,1133,439,0
351,1006,1666,1176,1131,437,0
351,1006,1666,1176,1129,435,0
351,1006,1666,1176,1123,430,0
351,1006,1666,1176,1120,428,0
351,1006,1666,1176,1116,424,0
351,1006,1666,1176,1115,423,0
351,1006,1666,1176,1114,422,0
351,1006,1666,1176,1113,421,0
351,1006,1666,1176,1111,420,0
351,1006,1666,1176,1110,418,0
351,1006,1666,1176,1108,417,0
351,1006,1666,1176,1105,414,0
351,1006,1666,1176,1103,413,0
351,1006,1666,1176,1100,410,0
351,1006,1666,1176,1099,410,0
351,1006,1666,1176,1099,409,0
351,1006,1666,1176,1098,408,0
351,1006,1666,1176,1097,407,0
351,1006,1666,1176,1095,406,0
351,1006,1666,1176,1094,405,0
351,1006,1666,1176,1091,403,0
351,1006,1666,1176,1090,403,0
351,1006,1666,1176,1089,402,0
351,1006,1666,1176,1087,400,0
351,1006,1666,1176,1085,399,0
351,1006,1666,1176,1083,397,0
351,1006,1666,1176,1082,396,0
351,1006,1666,1176,1081,394,0
351,1006,1666,1176,1080,393,0
351,1006,1666,1176,1077,391,0
351,1006,1666,1176,1075,389,0
351,1006,1666,1176,1071,386,0
351,1006,1666,1176,1070,385,0
351,1006,1666,1176,1068,383,0
351,1006,1666,1176,1066,383,0
351,1006,1666,1176,1065,381,0
351,1006,1666,1176,1062,379,0
351,1006,1666,1176,1061,379,0
351,1006,1666,1176,1059,377,0
351,1006,1666,1176,1058,377,0
351,1006,1666,1176,1057,376,0
351,1006,1666,1176,1056,375,0
351,1006,1666,1176,1056,375,0
351,1006,1666,1176,1056,375,0
