351,1006,1666,1176,864,370,0
351,1006,1666,1176,864,370,0
351,1006,1666,1176,864,370,0
351,1006,1666,1176,864,370,0
351,1006,1666,1176,864,370,0
351,1006,1666,1176,864,370,0
351,1006,1666,1176,864,370,0
351,1006,1666,1176,864,370,0
351,1006,1666,1176,864,370,0
351,1006,1666,1176,864,370,0
351,1006,1666,1176,864,370,0
351,1006,1666,1176,864,370,0
351,1006,1666,1176,864,370,0
351,1006,1666,1176,864,370,0
351,1006,1666,1176,864,370,0
351,1006,1666,1176,864,370,0
351,1006,1666,1176,864,370,0
351,1006,1666,1176,864,370,0
351,1006,1666,1176,864,370,0
351,1006,1666,1176,864,370,0
351,1006,1666,1176,864,370,0
351,1006,1666,1176,864,370,0
351,1006,1666,1176,864,370,0
351,1006,1666,1176,864,370,0
351,1006,1666,1176,864,370,0
351,1006,1666,1176,864,370,0
351,1006,1666,1176,864,370,0
351,1006,1666,1176,864,370,0
351,1006,1666,1176,864,370,0
351,1006,1666,1176,864,370,0
351,1006,1666,1176,864,370,0
351,1006,1666,1176,863,371,0
351,1006,1666,1176,860,375,0
351,1006,1666,1176,859,378,0
351,1006,1666,1176,857,382,0
351,1006,1666,1176,855,388,0
351,1006,1666,1176,853,390,0
351,1006,1666,1176,851,393,0
351,1006,1666,1176,851,395,0
351,1006,1666,1176,850,396,0
351,1006,1666,1176,850,397,0
351,1006,1666,1176,849,397,0
351,1006,1666,1176,848,399,0
351,1006,1666,1176,848,400,0
351,1006,1666,1176,846,402,0
351,1006,1666,1176,846,403,0
351,1006,1666,1176,845,405,0
351,1006,1666,1176,844,407,0
351,1006,1666,1176,843,408,0
351,1006,1666,1176,842,410,0
351,1006,1666,1176,841,411,0
351,1006,1666,1176,840,412,0
351,1006,1666,1176,839,413,0
351,1006,1666,1176,839,414,0
351,1006,1666,1176,838,415,0
351,1006,1666,1176,838,416,0
351,1006,1666,1176,837,417,0
351,1006,1666,1176,835,418,0
351,1006,1666,1176,835,419,0
351,1006,1666,1176,832,421,0
351,1006,1666,1176,832,423,0
351,1006,1666,1176,830,425,0
351,1006,1666,1176,829,426,0
351,1006,1666,1176,828,427,0
351,1006,1666,1176,827,429,0
351,1006,1666,1176,826,431,0
351,1006,1666,1176,825,432,0
351,1006,1666,1176,824,434,0
351,1006,1666,1176,823,435,0
351,1006,1666,1176,821,437,0
351,1006,1666,1176,821,438,0
351,1006,1666,1176,819,440,0
351,1006,1666,1176,818,442,0
351,1006,1666,1176,817,444,0
351,1006,1666,1176,815,447,0
351,1006,1666,1176,814,449,0
351,1006,1666,1176,811,452,0
351,1006,1666,1176,810,453,0
351,1006,1666,1176,808,457,0
351,1006,1666,1176,806,459,0
351,1006,1666,1176,805,461,0
351,1006,1666,1176,801,467,0
351,1006,1666,1176,800,469,0
351,1006,1666,1176,797,473,0
351,1006,1666,1176,796,474,0
351,1006,1666,1176,795,476,0
351,1006,1666,1176,793,479,0
351,1006,1666,1176,792,481,0
351,1006,1666,1176,790,483,0
351,1006,1666,1176,789,485,0
351,1006,1666,1176,788,487,0
351,1006,1666,1176,786,491,0
351,1006,1666,1176,785,493,0
351,1006,1666,1176,783,495,0
351,1006,1666,1176,782,498,0
351,1006,1666,1176,782,500,0
351,1006,1666,1176,781,502,0
351,1006,1666,1176,780,504,0
351,1006,1666,1176,779,507,0
351,1006,1666,1176,779,508,0
351,1006,1666,1176,778,509,0
351,1006,1666,1176,777,514,0
351,1006,1666,1176,777,516,0
351,1006,1666,1176,776,518,0
351,1006,1666,1176,774,523,0
351,1006,1666,1176,773,527,0
351,1006,1666,1176,772,533,0
351,1006,1666,1176,772,534,0
351,1006,1666,1176,771,539,0
351,1006,1666,1176,770,541,0
351,1006,1666,1176,769,544,0
351,1006,1666,1176,768,549,0
351,1006,1666,1176,767,551,0
351,1006,1666,1176,765,556,0
351,1006,1666,1176,765,558,0
351,1006,1666,1176,764,561,0
351,1006,1666,1176,762,567,0
351,1006,1666,1176,761,570,0
351,1006,1666,1176,758,577,0
351,1006,1666,1176,757,581,0
351,1006,1666,1176,755,585,0
351,1006,1666,1176,752,593,0
351,1006,1666,1176,751,599,0
351,1006,1666,1176,748,607,0
351,1006,1666,1176,747,611,0
351,1006,1666,1176,746,615,0
351,1006,1666,1176,743,621,0
351,1006,1666,1176,742,625,0
351,1006,1666,1176,739,631,0
351,1006,1666,1176,738,634,0
351,1006,1666,1176,737,638,0
351,1006,1666,1176,736,644,0
351,1006,1666,1176,735,647,0
351,1006,1666,1176,732,653,0
351,1006,1666,1176,731,658,0
351,1006,1666,1176,727,665,0
351,1006,1666,1176,724,669,0
351,1006,1666,1176,722,672,0
351,1006,1666,1176,719,678,0
351,1006,1666,1176,717,681,0
351,1006,1666,1176,715,686,0
351,1006,1666,1176,713,689,0
351,1006,1666,1176,712,693,0
351,1006,1666,1176,709,698,0
351,1006,1666,1176,708,701,0
351,1006,1666,1176,705,705,0
351,1006,1666,1176,703,708,0
351,1006,1666,1176,701,711,0
351,1006,1666,1176,696,717,0
351,1006,1666,1176,693,720,0
351,1006,1666,1176,689,726,0
351,1006,1666,1176,688,728,0
351,1006,1666,1176,687,730,0
351,1006,1666,1176,686,733,0
351,1006,1666,1176,686,734,0
351,1006,1666,1176,685,735,0
351,1006,1666,1176,685,736,0
351,1006,1666,1176,685,737,0
351,1006,1666,1176,685,738,0
351,1006,1666,1176,685,739,0
351,1006,1666,1176,685,742,0
351,1006,1666,1176,685,744,0
351,1006,1666,1176,684,749,0
351,1006,1666,1176,684,752,0
351,1006,1666,1176,684,754,0
351,1006,1666,1176,684,758,0
351,1006,1666,1176,684,760,0
351,1006,1666,1176,684,764,0
351,1006,1666,1176,684,766,0
351,1006,1666,1176,684,768,0
351,1006,1666,1176,684,773,0
351,1006,1666,1176,684,775,0
351,1006,1666,1176,684,780,0
351,1006,1666,1176,684,782,0
351,1006,1666,1176,684,784,0
351,1006,1666,1176,684,789,0
351,1006,1666,1176,684,792,0
351,1006,1666,1176,684,796,0
351,1006,1666,1176,684,799,0
351,1006,1666,1176,683,805,0
351,1006,1666,1176,683,808,0
351,1006,1666,1176,682,811,0
351,1006,1666,1176,681,816,0
351,1006,1666,1176,681,820,0
351,1006,1666,1176,680,827,0
351,1006,1666,1176,679,830,0
351,1006,1666,1176,678,835,0
351,1006,1666,1176,678,838,0
351,1006,1666,1176,677,841,0
351,1006,1666,1176,676,848,0
351,1006,1666,1176,675,852,0
351,1006,1666,1176,674,855,0
351,1006,1666,1176,672,863,0
351,1006,1666,1176,672,867,0
351,1006,1666,1176,672,873,0
351,1006,1666,1176,672,876,0
351,1006,1666,1176,672,879,0
351,1006,1666,1176,672,884,0
351,1006,1666,1176,672,886,0
351,1006,1666,1176,672,890,0
351,1006,1666,1176,672,892,0
351,1006,1666,1176,672,896,0
351,1006,1666,1176,671,898,0
351,1006,1666,1176,671,899,0
351,1006,1666,1176,670,904,0
351,1006,1666,1176,669,906,0
351,1006,1666,1176,667,910,0
351,1006,1666,1176,666,912,0
351,1006,1666,1176,666,915,0
351,1006,1666,1176,663,919,0
351,1006,1666,1176,662,921,0
351,1006,1666,1176,660,924,0
351,1006,1666,1176,659,926,0
351,1006,1666,1176,656,930,0
351,1006,1666,1176,655,932,0
351,1006,1666,1176,654,934,0
351,1006,1666,1176,651,938,0
351,1006,1666,1176,650,940,0
351,1006,1666,1176,649,941,0
351,1006,1666,1176,647,944,0
351,1006,1666,1176,645,946,0
351,1006,1666,1176,642,950,0
351,1006,1666,1176,641,952,0
351,1006,1666,1176,639,954,0
351,1006,1666,1176,635,958,0
351,1006,1666,1176,634,959,0
351,1006,1666,1176,631,961,0
351,1006,1666,1176,631,963,0
351,1006,1666,1176,630,964,0
351,1006,1666,1176,628,967,0
351,1006,1666,1176,627,968,0
351,1006,1666,1176,625,971,0
351,1006,1666,1176,624,972,0
351,1006,1666,1176,622,975,0
351,1006,1666,1176,621,976,0
351,1006,1666,1176,620,978,0
351,1006,1666,1176,618,980,0
351,1006,1666,1176,618,981,0
351,1006,1666,1176,616,983,0
351,1006,1666,1176,616,984,0
351,1006,1666,1176,616,985,0
351,1006,1666,1176,614,987,0
351,1006,1666,1176,613,988,0
351,1006,1666,1176,611,991,0
351,1006,1666,1176,611,992,0
351,1006,1666,1176,610,992,0
351,1006,1666,1176,610,993,0
351,1006,1666,1176,610,993,0
351,1006,1666,1176,610,993,0
351,1006,1666,1176,610,993,0
351,1006,1666,1176,610,993,0
351,1006,1666,1176,610,993,0
351,1006,1666,1176,610,994,0
351,1006,1666,1176,608,998,0
351,1006,1666,1176,607,1000,0
351,1006,1666,1176,606,1002,0
351,1006,1666,1176,603,1005,0
351,1006,1666,1176,602,1006,0
351,1006,1666,1176,599,1009,0
351,1006,1666,1176,598,1011,0
351,1006,1666,1176,597,1013,0
351,1006,1666,1176,596,1013,0
351,1006,1666,1176,596,1015,0
351,1006,1666,1176,595,1016,0
351,1006,1666,1176,594,1018,0
351,1006,1666,1176,594,1019,0
351,1006,1666,1176,592,1020,0
351,1006,1666,1176,592,1021,0
351,1006,1666,1176,591,1022,0
351,1006,1666,1176,590,1024,0
351,1006,1666,1176,590,1025,0
351,1006,1666,1176,589,1026,0
351,1006,1666,1176,589,1026,0
351,1006,1666,1176,588,1028,0
351,1006,1666,1176,588,1029,0
351,1006,1666,1176,587,1030,0
351,1006,1666,1176,587,1031,0
351,1006,1666,1176,587,1032,0
351,1006,1666,1176,587,1032,0
351,1006,1666,1176,586,1032,0
351,1006,1666,1176,586,1034,0
351,1006,1666,1176,586,1035,0
351,1006,1666,1176,585,1038,0
351,1006,1666,1176,584,1040,0
351,1006,1666,1176,584,1041,0
351,1006,1666,1176,583,1042,0
351,1006,1666,1176,583,1042,0
351,1006,1666,1176,583,1042,0
351,1006,1666,1176,583,1043,0
351,1006,1666,1176,583,1043,0
351,1006,1666,1176,582,1044,0
351,1006,1666,1176,581,1045,0
351,1006,1666,1176,581,1046,0
351,1006,1666,1176,580,1047,0
351,1006,1666,1176,580,1048,0
351,1006,1666,1176,580,1049,0
351,1006,1666,1176,579,1050,0
351,1006,1666,1176,578,1052,1
351,1006,1666,1176,577,1054,1
351,1006,1666,1176,577,1055,1
351,1006,1666,1176,576,1056,1
351,1006,1666,1176,574,1059,1
351,1006,1666,1176,574,1060,1
351,1006,1666,1176,573,1061,1
351,1006,1666,1176,573,1061,1
351,1006,1666,1176,573,1061,1
351,1006,1666,1176,573,1061,1
351,1006,1666,1176,573,1061,1
351,1006,1666,1176,573,1061,1
351,1006,1666,1176,573,1061,1
351,1006,1666,1176,573,1061,1
351,1006,1666,1176,573,1061,1
351,1006,1666,1176,573,1061,1
351,1006,1666,1176,573,1061,1
351,1006,1666,1176,573,1061,1
351,1006,1666,1176,573,1061,1
351,1006,1666,1176,573,1061,1
351,1006,1666,1176,573,1061,1
351,1006,1666,1176,573,1061,1
351,1006,1666,1176,573,1061,1
351,1006,1666,1176,573,1060,1
351,1006,1666,1176,573,1060,1
351,1006,1666,1176,573,1060,1
351,1006,1666,1176,573,1060,1
351,1006,1666,1176,573,1060,1
351,1006,1666,1176,573,1060,1
351,1006,1666,1176,573,1059,1
351,1006,1666,1176,575,1056,1
351,1006,1666,1176,577,1054,1
351,1006,1666,1176,578,1053,1
351,1006,1666,1176,581,1050,1
351,1006,1666,1176,583,1048,1
351,1006,1666,1176,589,1044,1
351,1006,1666,1176,591,1043,1
351,1006,1666,1176,594,1040,1
351,1006,1666,1176,595,1040,1
351,1006,1666,1176,598,1038,1
351,1006,1666,1176,600,1037,1
351,1006,1666,1176,603,1036,1
351,1006,1666,1176,608,1034,1
351,1006,1666,1176,610,1033,1
351,1006,1666,1176,618,1030,1
351,1006,1666,1176,622,1029,1
351,1006,1666,1176,630,1026,1
351,1006,1666,1176,633,1025,1
351,1006,1666,1176,638,1023,1
351,1006,1666,1176,640,1022,1
351,1006,1666,1176,641,1021,1
351,1006,1666,1176,644,1020,1
351,1006,1666,1176,645,1020,1
351,1006,1666,1176,650,1019,1
351,1006,1666,1176,658,1016,1
351,1006,1666,1176,662,1015,1
351,1006,1666,1176,669,1013,1
351,1006,1666,1176,675,1011,1
351,1006,1666,1176,676,1011,1
351,1006,1666,1176,679,1010,1
351,1006,1666,1176,680,1009,1
351,1006,1666,1176,682,1009,1
351,1006,1666,1176,688,1007,1
351,1006,1666,1176,691,1007,1
351,1006,1666,1176,695,1006,1
351,1006,1666,1176,702,1004,1
351,1006,1666,1176,705,1003,1
351,1006,1666,1176,711,1003,1
351,1006,1666,1176,713,1002,1
351,1006,1666,1176,718,1001,1
351,1006,1666,1176,721,1001,1
351,1006,1666,1176,723,1001,1
351,1006,1666,1176,728,1000,1
351,1006,1666,1176,731,1000,1
351,1006,1666,1176,738,999,1
351,1006,1666,1176,742,999,1
351,1006,1666,1176,745,998,1
351,1006,1666,1176,750,998,1
351,1006,1666,1176,753,997,1
351,1006,1666,1176,757,996,1
351,1006,1666,1176,760,996,1
351,1006,1666,1176,766,995,1
351,1006,1666,1176,768,995,1
351,1006,1666,1176,771,994,1
351,1006,1666,1176,778,993,1
351,1006,1666,1176,781,993,1
351,1006,1666,1176,784,993,1
351,1006,1666,1176,791,991,1
351,1006,1666,1176,794,991,1
351,1006,1666,1176,800,990,1
351,1006,1666,1176,803,990,1
351,1006,1666,1176,809,989,1
351,1006,1666,1176,812,988,1
351,1006,1666,1176,819,987,1
351,1006,1666,1176,822,986,1
351,1006,1666,1176,826,986,1
351,1006,1666,1176,834,984,1
351,1006,1666,1176,837,984,1
351,1006,1666,1176,843,983,1
351,1006,1666,1176,846,982,1
351,1006,1666,1176,849,982,1
351,1006,1666,1176,856,981,1
351,1006,1666,1176,859,980,1
351,1006,1666,1176,865,980,1
351,1006,1666,1176,869,980,1
351,1006,1666,1176,875,980,1
351,1006,1666,1176,879,980,1
351,1006,1666,1176,882,980,1
351,1006,1666,1176,888,980,1
351,1006,1666,1176,891,980,1
351,1006,1666,1176,897,980,1
351,1006,1666,1176,900,980,1
351,1006,1666,1176,903,980,1
351,1006,1666,1176,909,980,1
351,1006,1666,1176,912,980,1
351,1006,1666,1176,915,980,1
351,1006,1666,1176,922,980,1
351,1006,1666,1176,926,980,1
351,1006,1666,1176,934,980,1
351,1006,1666,1176,938,980,1
351,1006,1666,1176,946,980,1
351,1006,1666,1176,950,980,1
351,1006,1666,1176,959,980,1
351,1006,1666,1176,962,980,1
351,1006,1666,1176,965,981,1
351,1006,1666,1176,972,981,1
351,1006,1666,1176,977,981,1
351,1006,1666,1176,984,981,1
351,1006,1666,1176,989,980,1
351,1006,1666,1176,994,980,1
351,1006,1666,1176,1005,980,1
351,1006,1666,1176,1010,980,1
351,1006,1666,1176,1023,980,1
351,1006,1666,1176,1031,980,1
351,1006,1666,1176,1045,980,1
351,1006,1666,1176,1051,979,1
351,1006,1666,1176,1059,979,1
351,1006,1666,1176,1074,977,1
351,1006,1666,1176,1082,977,1
351,1006,1666,1176,1089,977,1
351,1006,1666,1176,1106,977,1
351,1006,1666,1176,1115,977,1
351,1006,1666,1176,1133,977,1
351,1006,1666,1176,1141,977,1
351,1006,1666,1176,1154,977,1
351,1006,1666,1176,1159,977,1
351,1006,1666,1176,1163,976,1
351,1006,1666,1176,1168,976,1
351,1006,1666,1176,1171,976,1
351,1006,1666,1176,1175,976,1
351,1006,1666,1176,1177,976,1
351,1006,1666,1176,1179,975,1
351,1006,1666,1176,1181,975,1
351,1006,1666,1176,1183,975,1
351,1006,1666,1176,1190,975,1
351,1006,1666,1176,1195,975,1
351,1006,1666,1176,1205,975,1
351,1006,1666,1176,1210,975,1
351,1006,1666,1176,1214,975,1
351,1006,1666,1176,1219,975,1
351,1006,1666,1176,1221,975,1
351,1006,1666,1176,1221,975,1
351,1006,1666,1176,1221,975,1
351,1006,1666,1176,1221,975,1
351,1006,1666,1176,1221,975,1
351,1006,1666,1176,1221,975,1
351,1006,1666,1176,1225,975,1
351,1006,1666,1176,1229,975,1
351,1006,1666,1176,1233,975,1
351,1006,1666,1176,1241,975,1
351,1006,1666,1176,1245,975,1
351,1006,1666,1176,1251,975,1
351,1006,1666,1176,1253,974,1
351,1006,1666,1176,1255,974,1
351,1006,1666,1176,1255,974,1
351,1006,1666,1176,1256,974,1
351,1006,1666,1176,1257,974,1
351,1006,1666,1176,1258,974,1
351,1006,1666,1176,1262,974,1
351,1006,1666,1176,1264,974,1
351,1006,1666,1176,1268,973,1
351,1006,1666,1176,1269,973,1
351,1006,1666,1176,1272,972,1
351,1006,1666,1176,1274,971,1
351,1006,1666,1176,1276,971,1
351,1006,1666,1176,1280,970,1
351,1006,1666,1176,1283,970,1
351,1006,1666,1176,1290,969,1
351,1006,1666,1176,1293,968,1
351,1006,1666,1176,1297,968,1
351,1006,1666,1176,1304,967,1
351,1006,1666,1176,1307,966,1
351,1006,1666,1176,1314,965,1
351,1006,1666,1176,1316,965,1
351,1006,1666,1176,1318,965,1
351,1006,1666,1176,1322,964,1
351,1006,1666,1176,1324,963,1
351,1006,1666,1176,1329,961,1
351,1006,1666,1176,1332,960,1
351,1006,1666,1176,1340,957,1
351,1006,1666,1176,1344,956,1
351,1006,1666,1176,1349,955,1
351,1006,1666,1176,1357,952,1
351,1006,1666,1176,1361,951,1
351,1006,1666,1176,1366,948,1
351,1006,1666,1176,1368,947,1
351,1006,1666,1176,1369,946,1
351,1006,1666,1176,1372,944,1
351,1006,1666,1176,1373,944,1
351,1006,1666,1176,1374,942,1
351,1006,1666,1176,1375,942,1
351,1006,1666,1176,1375,942,1
351,1006,1666,1176,1377,940,1
351,1006,1666,1176,1378,940,1
351,1006,1666,1176,1379,938,1
351,1006,1666,1176,1381,937,1
351,1006,1666,1176,1382,936,1
351,1006,1666,1176,1386,934,1
351,1006,1666,1176,1388,932,1
351,1006,1666,1176,1392,930,1
351,1006,1666,1176,1394,929,1
351,1006,1666,1176,1398,927,1
351,1006,1666,1176,1399,926,1
351,1006,1666,1176,1400,926,1
351,1006,1666,1176,1402,925,1
351,1006,1666,1176,1403,924,1
351,1006,1666,1176,1406,923,1
351,1006,1666,1176,1408,923,1
351,1006,1666,1176,1413,922,1
351,1006,1666,1176,1415,922,1
351,1006,1666,1176,1419,922,1
351,1006,1666,1176,1422,921,1
351,1006,1666,1176,1424,921,1
351,1006,1666,1176,1427,920,1
351,1006,1666,1176,1429,920,1
351,1006,1666,1176,1429,920,1
351,1006,1666,1176,1433,920,1
351,1006,1666,1176,1435,920,1
351,1006,1666,1176,1439,919,1
351,1006,1666,1176,1442,919,1
351,1006,1666,1176,1444,919,1
351,1006,1666,1176,1449,919,1
351,1006,1666,1176,1451,919,1
351,1006,1666,1176,1454,919,1
351,1006,1666,1176,1455,919,1
351,1006,1666,1176,1455,919,1
351,1006,1666,1176,1455,919,1
351,1006,1666,1176,1455,919,1
351,1006,1666,1176,1458,919,1
351,1006,1666,1176,1461,919,1
351,1006,1666,1176,1467,919,1
351,1006,1666,1176,1471,919,1
351,1006,1666,1176,1477,919,1
351,1006,1666,1176,1480,919,1
351,1006,1666,1176,1481,919,1
351,1006,1666,1176,1482,919,1
351,1006,1666,1176,1482,919,1
351,1006,1666,1176,1482,919,1
351,1006,1666,1176,1482,919,1
351,1006,1666,1176,1482,919,1
351,1006,1666,1176,1482,919,1
351,1006,1666,1176,1482,919,1
351,1006,1666,1176,1482,919,1
351,1006,1666,1176,1482,919,1
351,1006,1666,1176,1482,919,1
351,1006,1666,1176,1482,919,1
351,1006,1666,1176,1482,919,1
351,1006,1666,1176,1482,919,1
351,1006,1666,1176,1482,919,1
351,1006,1666,1176,1482,919,1
351,1006,1666,1176,1486,919,1
351,1006,1666,1176,1490,919,1
351,1006,1666,1176,1496,919,1
351,1006,1666,1176,1499,919,1
351,1006,1666,1176,1502,919,1
351,1006,1666,1176,1503,919,1
351,1006,1666,1176,1503,919,1
351,1006,1666,1176,1503,919,1
351,1006,1666,1176,1503,919,1
351,1006,1666,1176,1503,919,1
351,1006,1666,1176,1503,919,1
351,1006,1666,1176,1503,919,1
351,1006,1666,1176,1503,919,1
351,1006,1666,1176,1503,919,1
351,1006,1666,1176,1503,919,0
351,1006,1666,1176,1502,918,0
351,1006,1666,1176,1502,918,0
351,1006,1666,1176,1503,918,0
351,1006,1666,1176,1503,918,0
351,1006,1666,1176,1503,918,0
351,1006,1666,1176,1503,918,0
351,1006,1666,1176,1503,918,0
351,1006,1666,1176,1503,918,0
351,1006,1666,1176,1503,918,0
351,1006,1666,1176,1503,918,0
351,1006,1666,1176,1503,918,0
351,1006,1666,1176,1503,919,0
351,1006,1666,1176,1503,919,0
351,1006,1666,1176,1503,919,0
351,1006,1666,1176,1502,919,0
351,1006,1666,1176,1502,919,0
351,1006,1666,1176,1502,919,0
351,1006,1666,1176,1502,919,0
351,1006,1666,1176,1502,919,0
351,1006,1666,1176,1498,913,0
351,1006,1666,1176,1495,911,0
351,1006,1666,1176,1490,906,0
351,1006,1666,1176,1488,904,0
351,1006,1666,1176,1483,900,0
351,1006,1666,1176,1481,898,0
351,1006,1666,1176,1480,897,0
351,1006,1666,1176,1478,896,0
351,1006,1666,1176,1477,895,0
351,1006,1666,1176,1476,894,0
351,1006,1666,1176,1475,893,0
351,1006,1666,1176,1472,891,0
351,1006,1666,1176,1471,890,0
351,1006,1666,1176,1469,890,0
351,1006,1666,1176,1466,887,0
351,1006,1666,1176,1463,886,0
351,1006,1666,1176,1458,882,0
351,1006,1666,1176,1455,881,0
351,1006,1666,1176,1452,879,0
351,1006,1666,1176,1446,875,0
351,1006,1666,1176,1443,873,0
351,1006,1666,1176,1438,869,0
351,1006,1666,1176,1435,867,0
351,1006,1666,1176,1431,864,0
351,1006,1666,1176,1429,862,0
351,1006,1666,1176,1427,860,0
351,1006,1666,1176,1423,857,0
351,1006,1666,1176,1421,855,0
351,1006,1666,1176,1417,851,0
351,1006,1666,1176,1414,848,0
351,1006,1666,1176,1408,842,0
351,1006,1666,1176,1405,839,0
351,1006,1666,1176,1401,836,0
351,1006,1666,1176,1394,830,0
351,1006,1666,1176,1389,827,0
351,1006,1666,1176,1386,823,0
351,1006,1666,1176,1380,817,0
351,1006,1666,1176,1377,814,0
351,1006,1666,1176,1373,810,0
351,1006,1666,1176,1371,807,0
351,1006,1666,1176,1366,802,0
351,1006,1666,1176,1364,800,0
351,1006,1666,1176,1362,795,0
351,1006,1666,1176,1357,788,0
351,1006,1666,1176,1355,784,0
351,1006,1666,1176,1349,776,0
351,1006,1666,1176,1348,773,0
351,1006,1666,1176,1345,763,0
351,1006,1666,1176,1343,759,0
351,1006,1666,1176,1341,753,0
351,1006,1666,1176,1336,741,0
351,1006,1666,1176,1334,734,0
351,1006,1666,1176,1328,719,0
351,1006,1666,1176,1324,710,0
351,1006,1666,1176,1316,693,0
351,1006,1666,1176,1313,687,0
351,1006,1666,1176,1309,680,0
351,1006,1666,1176,1304,671,0
351,1006,1666,1176,1301,667,0
351,1006,1666,1176,1297,659,0
351,1006,1666,1176,1295,655,0
351,1006,1666,1176,1292,652,0
351,1006,1666,1176,1288,646,0
351,1006,1666,1176,1286,643,0
351,1006,1666,1176,1283,638,0
351,1006,1666,1176,1282,636,0
351,1006,1666,1176,1279,633,0
351,1006,1666,1176,1277,631,0
351,1006,1666,1176,1276,629,0
351,1006,1666,1176,1273,626,0
351,1006,1666,1176,1272,624,0
351,1006,1666,1176,1270,621,0
351,1006,1666,1176,1269,620,0
351,1006,1666,1176,1267,619,0
351,1006,1666,1176,1265,616,0
351,1006,1666,1176,1263,615,0
351,1006,1666,1176,1261,612,0
351,1006,1666,1176,1259,611,0
351,1006,1666,1176,1256,607,0
351,1006,1666,1176,1254,606,0
351,1006,1666,1176,1251,604,0
351,1006,1666,1176,1247,600,0
351,1006,1666,1176,1245,598,0
351,1006,1666,1176,1241,594,0
351,1006,1666,1176,1239,592,0
351,1006,1666,1176,1237,591,0
351,1006,1666,1176,1234,587,0
351,1006,1666,1176,1232,585,0
351,1006,1666,1176,1229,581,0
351,1006,1666,1176,1226,579,0
351,1006,1666,1176,1222,574,0
351,1006,1666,1176,1220,572,0
351,1006,1666,1176,1218,569,0
351,1006,1666,1176,1213,564,0
351,1006,1666,1176,1210,561,0
351,1006,1666,1176,1206,556,0
351,1006,1666,1176,1204,554,0
351,1006,1666,1176,1199,549,0
351,1006,1666,1176,1197,547,0
351,1006,1666,1176,1196,544,0
351,1006,1666,1176,1194,541,0
351,1006,1666,1176,1192,539,0
351,1006,1666,1176,1190,534,0
351,1006,1666,1176,1188,532,0
351,1006,1666,1176,1187,529,0
351,1006,1666,1176,1184,522,0
351,1006,1666,1176,1183,518,0
351,1006,1666,1176,1182,514,0
351,1006,1666,1176,1181,506,0
351,1006,1666,1176,1179,501,0
351,1006,1666,1176,1178,492,0
351,1006,1666,1176,1178,483,0
351,1006,1666,1176,1178,480,0
351,1006,1666,1176,1178,474,0
351,1006,1666,1176,1178,469,0
351,1006,1666,1176,1178,467,0
351,1006,1666,1176,1178,464,0
351,1006,1666,1176,1177,461,0
351,1006,1666,1176,1177,457,0
351,1006,1666,1176,1176,455,0
351,1006,1666,1176,1174,450,0
351,1006,1666,1176,1172,446,0
351,1006,1666,1176,1171,443,0
351,1006,1666,1176,1170,441,0
351,1006,1666,1176,1169,440,0
351,1006,1666,1176,1167,437,0
351,1006,1666,1176,1166,435,0
351,1006,1666,1176,1164,433,0
351,1006,1666,1176,1163,432,0
351,1006,1666,1176,1162,431,0
351,1006,1666,1176,1160,428,0
351,1006,1666,1176,1159,427,0
351,1006,1666,1176,1156,424,0
351,1006,1666,1176,1155,422,0
351,1006,1666,1176,1153,420,0
351,1006,1666,1176,1152,418,0
351,1006,1666,1176,1149,416,0
351,1006,1666,1176,1148,414,0
351,1006,1666,1176,1145,411,0
351,1006,1666,1176,1143,410,0
351,1006,1666,1176,1140,408,0
351,1006,1666,1176,1139,406,0
351,1006,1666,1176,1135,405,0
351,1006,1666,1176,1134,403,0
351,1006,1666,1176,1131,402,0
351,1006,1666,1176,1130,401,0
351,1006,1666,1176,1126,399,0
351,1006,1666,1176,1122,396,0
351,1006,1666,1176,1120,395,0
351,1006,1666,1176,1115,393,0
351,1006,1666,1176,1113,392,0
351,1006,1666,1176,1111,391,0
351,1006,1666,1176,1107,390,0
351,1006,1666,1176,1105,389,0
351,1006,1666,1176,1102,389,0
351,1006,1666,1176,1101,389,0
351,1006,1666,1176,1099,388,0
351,1006,1666,1176,1097,388,0
351,1006,1666,1176,1095,388,0
351,1006,1666,1176,1093,387,0
351,1006,1666,1176,1091,387,0
351,1006,1666,1176,1088,386,0
351,1006,1666,1176,1087,386,0
351,1006,1666,1176,1085,386,0
351,1006,1666,1176,1084,386,0
351,1006,1666,1176,1083,386,0
351,1006,1666,1176,1083,386,0
351,1006,1666,1176,1081,386,0
351,1006,1666,1176,1081,387,0
351,1006,1666,1176,1080,387,0
351,1006,1666,1176,1079,387,0
351,1006,1666,1176,1078,387,0
351,1006,1666,1176,1078,387,0
351,1006,1666,1176,1076,387,0
351,1006,1666,1176,1075,387,0
351,1006,1666,1176,1072,387,0
351,1006,1666,1176,1071,387,0
351,1006,1666,1176,1070,387,0
351,1006,1666,1176,1070,387,0
351,1006,1666,1176,1070,386,0
351,1006,1666,1176,1070,386,0
351,1006,1666,1176,1070,386,0
351,1006,1666,1176,1070,386,0
351,1006,1666,1176,1070,386,0
351,1006,1666,1176,1070,386,0
