351,1006,1666,1176,943,370,0
351,1006,1666,1176,943,370,0
351,1006,1666,1176,943,370,0
351,1006,1666,1176,943,370,0
351,1006,1666,1176,943,370,0
351,1006,1666,1176,943,370,0
351,1006,1666,1176,943,370,0
351,1006,1666,1176,943,370,0
351,1006,1666,1176,943,370,0
351,1006,1666,1176,943,370,0
351,1006,1666,1176,943,370,0
351,1006,1666,1176,943,370,0
351,1006,1666,1176,943,370,0
351,1006,1666,1176,943,370,0
351,1006,1666,1176,943,370,0
351,1006,1666,1176,943,370,0
351,1006,1666,1176,943,370,0
351,1006,1666,1176,943,370,0
351,1006,1666,1176,943,370,0
351,1006,1666,1176,943,370,0
351,1006,1666,1176,943,370,0
351,1006,1666,1176,943,370,0
351,1006,1666,1176,943,370,0
351,1006,1666,1176,943,370,0
351,1006,1666,1176,942,372,0
351,1006,1666,1176,925,385,0
351,1006,1666,1176,914,393,0
351,1006,1666,1176,904,400,0
351,1006,1666,1176,894,406,0
351,1006,1666,1176,875,417,0
351,1006,1666,1176,869,420,0
351,1006,1666,1176,858,426,0
351,1006,1666,1176,854,428,0
351,1006,1666,1176,854,428,0
351,1006,1666,1176,854,428,0
351,1006,1666,1176,854,428,0
351,1006,1666,1176,854,428,0
351,1006,1666,1176,854,428,0
351,1006,1666,1176,854,428,0
351,1006,1666,1176,852,429,0
351,1006,1666,1176,850,429,0
351,1006,1666,1176,843,432,0
351,1006,1666,1176,840,433,0
351,1006,1666,1176,833,436,0
351,1006,1666,1176,827,438,0
351,1006,1666,1176,824,440,0
351,1006,1666,1176,822,441,0
351,1006,1666,1176,817,444,0
351,1006,1666,1176,814,445,0
351,1006,1666,1176,807,448,0
351,1006,1666,1176,804,450,0
351,1006,1666,1176,800,452,0
351,1006,1666,1176,795,456,0
351,1006,1666,1176,792,458,0
351,1006,1666,1176,786,462,0
351,1006,1666,1176,784,464,0
351,1006,1666,1176,782,466,0
351,1006,1666,1176,777,470,0
351,1006,1666,1176,775,472,0
351,1006,1666,1176,771,476,0
351,1006,1666,1176,769,478,0
351,1006,1666,1176,765,483,0
351,1006,1666,1176,763,485,0
351,1006,1666,1176,760,487,0
351,1006,1666,1176,757,493,0
351,1006,1666,1176,756,496,0
351,1006,1666,1176,753,501,0
351,1006,1666,1176,751,503,0
351,1006,1666,1176,750,506,0
351,1006,1666,1176,747,512,0
351,1006,1666,1176,745,514,0
351,1006,1666,1176,742,520,0
351,1006,1666,1176,741,523,0
351,1006,1666,1176,739,526,0
351,1006,1666,1176,736,532,0
351,1006,1666,1176,734,534,0
351,1006,1666,1176,732,541,0
351,1006,1666,1176,731,543,0
351,1006,1666,1176,730,546,0
351,1006,1666,1176,729,552,0
351,1006,1666,1176,728,555,0
351,1006,1666,1176,727,558,0
351,1006,1666,1176,724,564,0
351,1006,1666,1176,723,568,0
351,1006,1666,1176,721,575,0
351,1006,1666,1176,721,578,0
351,1006,1666,1176,719,584,0
351,1006,1666,1176,718,588,0
351,1006,1666,1176,718,592,0
351,1006,1666,1176,716,601,0
351,1006,1666,1176,715,605,0
351,1006,1666,1176,714,613,0
351,1006,1666,1176,713,617,0
351,1006,1666,1176,711,626,0
351,1006,1666,1176,710,630,0
351,1006,1666,1176,710,634,0
351,1006,1666,1176,709,644,0
351,1006,1666,1176,708,648,0
351,1006,1666,1176,707,657,0
351,1006,1666,1176,705,660,0
351,1006,1666,1176,705,665,0
351,1006,1666,1176,705,669,0
351,1006,1666,1176,704,678,0
351,1006,1666,1176,703,681,0
351,1006,1666,1176,701,690,0
351,1006,1666,1176,700,693,0
351,1006,1666,1176,698,700,0
351,1006,1666,1176,697,703,0
351,1006,1666,1176,695,707,0
351,1006,1666,1176,693,714,0
351,1006,1666,1176,691,717,0
351,1006,1666,1176,689,724,0
351,1006,1666,1176,688,727,0
351,1006,1666,1176,687,730,0
351,1006,1666,1176,685,737,0
351,1006,1666,1176,684,740,0
351,1006,1666,1176,682,747,0
351,1006,1666,1176,681,750,0
351,1006,1666,1176,680,753,0
351,1006,1666,1176,679,758,0
351,1006,1666,1176,678,760,0
351,1006,1666,1176,676,767,0
351,1006,1666,1176,674,771,0
351,1006,1666,1176,672,779,0
351,1006,1666,1176,671,783,0
351,1006,1666,1176,670,786,0
351,1006,1666,1176,667,793,0
351,1006,1666,1176,666,796,0
351,1006,1666,1176,664,803,0
351,1006,1666,1176,663,806,0
351,1006,1666,1176,662,809,0
351,1006,1666,1176,660,816,0
351,1006,1666,1176,659,819,0
351,1006,1666,1176,656,825,0
351,1006,1666,1176,656,827,0
351,1006,1666,1176,655,829,0
351,1006,1666,1176,655,833,0
351,1006,1666,1176,654,835,0
351,1006,1666,1176,653,838,0
351,1006,1666,1176,653,840,0
351,1006,1666,1176,653,842,0
351,1006,1666,1176,652,846,0
351,1006,1666,1176,651,848,0
351,1006,1666,1176,650,852,0
351,1006,1666,1176,650,854,0
351,1006,1666,1176,648,856,0
351,1006,1666,1176,648,857,0
351,1006,1666,1176,647,859,0
351,1006,1666,1176,647,860,0
351,1006,1666,1176,646,862,0
351,1006,1666,1176,646,863,0
351,1006,1666,1176,646,864,0
351,1006,1666,1176,646,865,0
351,1006,1666,1176,645,866,0
351,1006,1666,1176,645,866,0
351,1006,1666,1176,645,866,0
351,1006,1666,1176,645,867,0
351,1006,1666,1176,645,867,0
351,1006,1666,1176,645,868,0
351,1006,1666,1176,645,868,0
351,1006,1666,1176,644,869,0
351,1006,1666,1176,644,870,0
351,1006,1666,1176,644,871,0
351,1006,1666,1176,643,871,0
351,1006,1666,1176,643,871,0
351,1006,1666,1176,643,872,0
351,1006,1666,1176,643,872,0
351,1006,1666,1176,643,873,0
351,1006,1666,1176,643,873,0
351,1006,1666,1176,643,873,0
351,1006,1666,1176,642,874,0
351,1006,1666,1176,642,874,0
351,1006,1666,1176,642,874,0
351,1006,1666,1176,642,874,0
351,1006,1666,1176,642,874,1
351,1006,1666,1176,642,874,1
351,1006,1666,1176,642,874,1
351,1006,1666,1176,642,874,1
351,1006,1666,1176,642,874,1
351,1006,1666,1176,642,874,1
351,1006,1666,1176,642,874,1
351,1006,1666,1176,642,874,1
351,1006,1666,1176,642,874,1
351,1006,1666,1176,642,874,1
351,1006,1666,1176,642,874,1
351,1006,1666,1176,642,874,1
351,1006,1666,1176,642,874,1
351,1006,1666,1176,642,874,1
351,1006,1666,1176,642,874,1
351,1006,1666,1176,642,874,1
351,1006,1666,1176,642,874,1
351,1006,1666,1176,642,874,1
351,1006,1666,1176,642,874,1
351,1006,1666,1176,642,874,1
351,1006,1666,1176,642,874,1
351,1006,1666,1176,642,874,1
351,1006,1666,1176,642,874,1
351,1006,1666,1176,643,874,1
351,1006,1666,1176,650,876,1
351,1006,1666,1176,656,877,1
351,1006,1666,1176,662,878,1
351,1006,1666,1176,673,879,1
351,1006,1666,1176,678,880,1
351,1006,1666,1176,689,880,1
351,1006,1666,1176,694,881,1
351,1006,1666,1176,700,881,1
351,1006,1666,1176,710,882,1
351,1006,1666,1176,714,882,1
351,1006,1666,1176,722,882,1
351,1006,1666,1176,727,882,1
351,1006,1666,1176,737,882,1
351,1006,1666,1176,742,882,1
351,1006,1666,1176,747,883,1
351,1006,1666,1176,760,883,1
351,1006,1666,1176,766,883,1
351,1006,1666,1176,779,883,1
351,1006,1666,1176,785,883,1
351,1006,1666,1176,791,883,1
351,1006,1666,1176,801,883,1
351,1006,1666,1176,807,883,1
351,1006,1666,1176,810,883,1
351,1006,1666,1176,815,883,1
351,1006,1666,1176,825,884,1
351,1006,1666,1176,832,884,1
351,1006,1666,1176,839,884,1
351,1006,1666,1176,851,885,1
351,1006,1666,1176,858,885,1
351,1006,1666,1176,868,885,1
351,1006,1666,1176,874,885,1
351,1006,1666,1176,878,885,1
351,1006,1666,1176,888,885,1
351,1006,1666,1176,893,885,1
351,1006,1666,1176,905,885,1
351,1006,1666,1176,912,885,1
351,1006,1666,1176,926,885,1
351,1006,1666,1176,934,885,1
351,1006,1666,1176,940,885,1
351,1006,1666,1176,949,885,1
351,1006,1666,1176,953,885,1
351,1006,1666,1176,959,885,1
351,1006,1666,1176,963,885,1
351,1006,1666,1176,969,885,1
351,1006,1666,1176,974,885,1
351,1006,1666,1176,978,885,1
351,1006,1666,1176,989,885,1
351,1006,1666,1176,996,885,1
351,1006,1666,1176,1008,887,1
351,1006,1666,1176,1015,887,1
351,1006,1666,1176,1022,887,1
351,1006,1666,1176,1033,888,1
351,1006,1666,1176,1040,888,1
351,1006,1666,1176,1047,889,1
351,1006,1666,1176,1060,890,1
351,1006,1666,1176,1067,890,1
351,1006,1666,1176,1081,893,1
351,1006,1666,1176,1089,893,1
351,1006,1666,1176,1095,895,1
351,1006,1666,1176,1108,897,1
351,1006,1666,1176,1114,898,1
351,1006,1666,1176,1125,901,1
351,1006,1666,1176,1129,901,1
351,1006,1666,1176,1140,903,1
351,1006,1666,1176,1145,903,1
351,1006,1666,1176,1150,904,1
351,1006,1666,1176,1161,905,1
351,1006,1666,1176,1167,907,1
351,1006,1666,1176,1177,908,1
351,1006,1666,1176,1183,909,1
351,1006,1666,1176,1188,910,1
351,1006,1666,1176,1199,911,1
351,1006,1666,1176,1205,913,1
351,1006,1666,1176,1216,914,1
351,1006,1666,1176,1222,915,1
351,1006,1666,1176,1226,916,1
351,1006,1666,1176,1234,916,1
351,1006,1666,1176,1238,917,1
351,1006,1666,1176,1245,918,1
351,1006,1666,1176,1249,920,1
351,1006,1666,1176,1251,921,1
351,1006,1666,1176,1255,923,1
351,1006,1666,1176,1258,923,1
351,1006,1666,1176,1265,926,1
351,1006,1666,1176,1268,928,1
351,1006,1666,1176,1275,931,1
351,1006,1666,1176,1279,932,1
351,1006,1666,1176,1282,933,1
351,1006,1666,1176,1291,936,1
351,1006,1666,1176,1295,937,1
351,1006,1666,1176,1305,940,1
351,1006,1666,1176,1312,942,1
351,1006,1666,1176,1326,946,1
351,1006,1666,1176,1331,948,1
351,1006,1666,1176,1336,949,1
351,1006,1666,1176,1346,953,1
351,1006,1666,1176,1350,954,1
351,1006,1666,1176,1355,955,1
351,1006,1666,1176,1358,957,1
351,1006,1666,1176,1360,957,1
351,1006,1666,1176,1364,959,1
351,1006,1666,1176,1365,959,1
351,1006,1666,1176,1368,960,1
351,1006,1666,1176,1372,961,1
351,1006,1666,1176,1374,962,1
351,1006,1666,1176,1376,963,1
351,1006,1666,1176,1377,964,1
351,1006,1666,1176,1382,965,1
351,1006,1666,1176,1385,967,1
351,1006,1666,1176,1388,968,1
351,1006,1666,1176,1394,971,1
351,1006,1666,1176,1397,972,1
351,1006,1666,1176,1402,975,1
351,1006,1666,1176,1405,976,1
351,1006,1666,1176,1410,978,1
351,1006,1666,1176,1412,979,1
351,1006,1666,1176,1415,981,1
351,1006,1666,1176,1421,983,1
351,1006,1666,1176,1424,984,1
351,1006,1666,1176,1432,986,1
351,1006,1666,1176,1435,987,1
351,1006,1666,1176,1439,988,1
351,1006,1666,1176,1441,989,1
351,1006,1666,1176,1442,989,1
351,1006,1666,1176,1446,989,1
351,1006,1666,1176,1447,989,1
351,1006,1666,1176,1449,989,1
351,1006,1666,1176,1453,989,1
351,1006,1666,1176,1456,989,1
351,1006,1666,1176,1462,989,1
351,1006,1666,1176,1465,989,1
351,1006,1666,1176,1468,989,1
351,1006,1666,1176,1468,989,1
351,1006,1666,1176,1468,989,1
351,1006,1666,1176,1468,989,1
351,1006,1666,1176,1468,989,1
351,1006,1666,1176,1468,989,1
351,1006,1666,1176,1468,989,1
351,1006,1666,1176,1468,989,1
351,1006,1666,1176,1469,989,1
351,1006,1666,1176,1471,989,1
351,1006,1666,1176,1478,989,1
351,1006,1666,1176,1482,989,1
351,1006,1666,1176,1490,989,1
351,1006,1666,1176,1494,989,1
351,1006,1666,1176,1498,989,1
351,1006,1666,1176,1504,988,1
351,1006,1666,1176,1506,988,1
351,1006,1666,1176,1508,988,1
351,1006,1666,1176,1510,986,1
351,1006,1666,1176,1511,985,1
351,1006,1666,1176,1513,984,1
351,1006,1666,1176,1515,983,1
351,1006,1666,1176,1519,982,1
351,1006,1666,1176,1522,981,1
351,1006,1666,1176,1524,981,1
351,1006,1666,1176,1529,980,1
351,1006,1666,1176,1531,980,1
351,1006,1666,1176,1536,980,1
351,1006,1666,1176,1538,980,1
351,1006,1666,1176,1540,980,1
351,1006,1666,1176,1543,980,1
351,1006,1666,1176,1545,979,1
351,1006,1666,1176,1547,979,1
351,1006,1666,1176,1553,979,1
351,1006,1666,1176,1557,979,1
351,1006,1666,1176,1563,979,1
351,1006,1666,1176,1565,979,1
351,1006,1666,1176,1567,979,1
351,1006,1666,1176,1568,979,1
351,1006,1666,1176,1568,979,1
351,1006,1666,1176,1569,979,1
351,1006,1666,1176,1569,979,1
351,1006,1666,1176,1570,979,1
351,1006,1666,1176,1570,979,1
351,1006,1666,1176,1570,979,1
351,1006,1666,1176,1570,979,1
351,1006,1666,1176,1570,979,1
351,1006,1666,1176,1570,979,1
351,1006,1666,1176,1570,979,1
351,1006,1666,1176,1570,979,1
351,1006,1666,1176,1573,978,1
351,1006,1666,1176,1575,977,1
351,1006,1666,1176,1577,977,1
351,1006,1666,1176,1579,975,1
351,1006,1666,1176,1580,975,1
351,1006,1666,1176,1580,975,1
351,1006,1666,1176,1580,975,1
351,1006,1666,1176,1580,975,1
351,1006,1666,1176,1580,975,1
351,1006,1666,1176,1580,975,1
351,1006,1666,1176,1580,975,1
351,1006,1666,1176,1580,975,1
351,1006,1666,1176,1580,975,1
351,1006,1666,1176,1580,975,0
351,1006,1666,1176,1580,975,0
351,1006,1666,1176,1580,975,0
351,1006,1666,1176,1580,975,0
351,1006,1666,1176,1580,975,0
351,1006,1666,1176,1580,975,0
351,1006,1666,1176,1580,975,0
351,1006,1666,1176,1580,975,0
351,1006,1666,1176,1580,975,0
351,1006,1666,1176,1580,975,0
351,1006,1666,1176,1580,975,0
351,1006,1666,1176,1580,975,0
351,1006,1666,1176,1580,975,0
351,1006,1666,1176,1580,975,0
351,1006,1666,1176,1580,975,0
351,1006,1666,1176,1580,975,0
351,1006,1666,1176,1579,975,0
351,1006,1666,1176,1579,975,0
351,1006,1666,1176,1579,975,0
351,1006,1666,1176,1579,975,0
351,1006,1666,1176,1579,975,0
351,1006,1666,1176,1579,975,0
351,1006,1666,1176,1579,975,0
351,1006,1666,1176,1579,975,0
351,1006,1666,1176,1577,974,0
351,1006,1666,1176,1576,973,0
351,1006,1666,1176,1570,968,0
351,1006,1666,1176,1567,966,0
351,1006,1666,1176,1564,963,0
351,1006,1666,1176,1559,957,0
351,1006,1666,1176,1556,954,0
351,1006,1666,1176,1551,948,0
351,1006,1666,1176,1549,945,0
351,1006,1666,1176,1546,942,0
351,1006,1666,1176,1541,938,0
351,1006,1666,1176,1538,936,0
351,1006,1666,1176,1535,930,0
351,1006,1666,1176,1532,928,0
351,1006,1666,1176,1530,925,0
351,1006,1666,1176,1525,920,0
351,1006,1666,1176,1522,917,0
351,1006,1666,1176,1517,911,0
351,1006,1666,1176,1513,907,0
351,1006,1666,1176,1509,904,0
351,1006,1666,1176,1501,898,0
351,1006,1666,1176,1496,894,0
351,1006,1666,1176,1487,887,0
351,1006,1666,1176,1484,883,0
351,1006,1666,1176,1482,881,0
351,1006,1666,1176,1477,878,0
351,1006,1666,1176,1476,875,0
351,1006,1666,1176,1470,870,0
351,1006,1666,1176,1467,868,0
351,1006,1666,1176,1464,864,0
351,1006,1666,1176,1456,855,0
351,1006,1666,1176,1452,851,0
351,1006,1666,1176,1443,842,0
351,1006,1666,1176,1438,838,0
351,1006,1666,1176,1434,833,0
351,1006,1666,1176,1423,824,0
351,1006,1666,1176,1417,819,0
351,1006,1666,1176,1411,813,0
351,1006,1666,1176,1394,799,0
351,1006,1666,1176,1387,793,0
351,1006,1666,1176,1380,786,0
351,1006,1666,1176,1370,778,0
351,1006,1666,1176,1367,776,0
351,1006,1666,1176,1364,773,0
351,1006,1666,1176,1363,772,0
351,1006,1666,1176,1362,770,0
351,1006,1666,1176,1358,767,0
351,1006,1666,1176,1356,766,0
351,1006,1666,1176,1354,764,0
351,1006,1666,1176,1353,763,0
351,1006,1666,1176,1350,761,0
351,1006,1666,1176,1348,760,0
351,1006,1666,1176,1347,759,0
351,1006,1666,1176,1342,756,0
351,1006,1666,1176,1338,754,0
351,1006,1666,1176,1330,749,0
351,1006,1666,1176,1325,747,0
351,1006,1666,1176,1321,745,0
351,1006,1666,1176,1313,740,0
351,1006,1666,1176,1309,737,0
351,1006,1666,1176,1305,734,0
351,1006,1666,1176,1297,730,0
351,1006,1666,1176,1294,728,0
351,1006,1666,1176,1287,723,0
351,1006,1666,1176,1283,721,0
351,1006,1666,1176,1279,719,0
351,1006,1666,1176,1271,712,0
351,1006,1666,1176,1266,709,0
351,1006,1666,1176,1258,702,0
351,1006,1666,1176,1255,698,0
351,1006,1666,1176,1249,693,0
351,1006,1666,1176,1247,690,0
351,1006,1666,1176,1245,688,0
351,1006,1666,1176,1240,684,0
351,1006,1666,1176,1239,682,0
351,1006,1666,1176,1236,677,0
351,1006,1666,1176,1234,675,0
351,1006,1666,1176,1231,670,0
351,1006,1666,1176,1229,667,0
351,1006,1666,1176,1228,665,0
351,1006,1666,1176,1224,660,0
351,1006,1666,1176,1223,657,0
351,1006,1666,1176,1221,655,0
351,1006,1666,1176,1219,650,0
351,1006,1666,1176,1217,648,0
351,1006,1666,1176,1214,643,0
351,1006,1666,1176,1213,640,0
351,1006,1666,1176,1210,635,0
351,1006,1666,1176,1209,632,0
351,1006,1666,1176,1208,629,0
351,1006,1666,1176,1207,624,0
351,1006,1666,1176,1206,622,0
351,1006,1666,1176,1205,618,0
351,1006,1666,1176,1205,615,0
351,1006,1666,1176,1204,613,0
351,1006,1666,1176,1202,607,0
351,1006,1666,1176,1201,604,0
351,1006,1666,1176,1199,598,0
351,1006,1666,1176,1198,594,0
351,1006,1666,1176,1195,587,0
351,1006,1666,1176,1193,584,0
351,1006,1666,1176,1192,580,0
351,1006,1666,1176,1188,572,0
351,1006,1666,1176,1186,568,0
351,1006,1666,1176,1182,560,0
351,1006,1666,1176,1179,556,0
351,1006,1666,1176,1177,552,0
351,1006,1666,1176,1173,544,0
351,1006,1666,1176,1172,541,0
351,1006,1666,1176,1170,539,0
351,1006,1666,1176,1167,533,0
351,1006,1666,1176,1165,530,0
351,1006,1666,1176,1162,525,0
351,1006,1666,1176,1161,523,0
351,1006,1666,1176,1159,521,0
351,1006,1666,1176,1155,515,0
351,1006,1666,1176,1153,512,0
351,1006,1666,1176,1150,508,0
351,1006,1666,1176,1148,507,0
351,1006,1666,1176,1147,506,0
351,1006,1666,1176,1147,506,0
351,1006,1666,1176,1147,506,0
351,1006,1666,1176,1147,506,0
351,1006,1666,1176,1147,506,0
351,1006,1666,1176,1147,506,0
351,1006,1666,1176,1143,504,0
351,1006,1666,1176,1139,502,0
351,1006,1666,1176,1131,496,0
351,1006,1666,1176,1127,494,0
351,1006,1666,1176,1123,492,0
351,1006,1666,1176,1117,488,0
351,1006,1666,1176,1115,487,0
351,1006,1666,1176,1110,483,0
351,1006,1666,1176,1108,481,0
351,1006,1666,1176,1104,476,0
351,1006,1666,1176,1102,474,0
351,1006,1666,1176,1100,471,0
351,1006,1666,1176,1095,465,0
351,1006,1666,1176,1091,462,0
351,1006,1666,1176,1086,456,0
351,1006,1666,1176,1084,454,0
351,1006,1666,1176,1082,451,0
351,1006,1666,1176,1079,447,0
351,1006,1666,1176,1077,445,0
351,1006,1666,1176,1075,441,0
351,1006,1666,1176,1074,440,0
351,1006,1666,1176,1070,434,0
351,1006,1666,1176,1068,431,0
351,1006,1666,1176,1066,428,0
351,1006,1666,1176,1064,423,0
351,1006,1666,1176,1063,421,0
351,1006,1666,1176,1061,416,0
351,1006,1666,1176,1060,413,0
351,1006,1666,1176,1059,411,0
351,1006,1666,1176,1058,409,0
351,1006,1666,1176,1056,405,0
351,1006,1666,1176,1056,403,0
351,1006,1666,1176,1055,399,0
351,1006,1666,1176,1054,397,0
351,1006,1666,1176,1054,393,0
351,1006,1666,1176,1053,391,0
351,1006,1666,1176,1053,390,0
351,1006,1666,1176,1052,387,0
351,1006,1666,1176,1052,386,0
351,1006,1666,1176,1052,384,0
351,1006,1666,1176,1052,384,0
351,1006,1666,1176,1052,383,0
351,1006,1666,1176,1052,383,0
351,1006,1666,1176,1052,383,0
351,1006,1666,1176,1052,383,0
351,1006,1666,1176,1052,383,0
351,1006,1666,1176,1052,383,0
351,1006,1666,1176,1052,382,0
351,1006,1666,1176,1052,381,0
351,1006,1666,1176,1052,381,0
351,1006,1666,1176,1052,381,0
