351,1006,1666,1176,877,371,0
351,1006,1666,1176,877,371,0
351,1006,1666,1176,877,371,0
351,1006,1666,1176,877,371,0
351,1006,1666,1176,877,371,0
351,1006,1666,1176,877,371,0
351,1006,1666,1176,877,371,0
351,1006,1666,1176,877,371,0
351,1006,1666,1176,877,371,0
351,1006,1666,1176,877,371,0
351,1006,1666,1176,877,371,0
351,1006,1666,1176,877,371,0
351,1006,1666,1176,877,371,0
351,1006,1666,1176,877,371,0
351,1006,1666,1176,877,371,0
351,1006,1666,1176,877,371,0
351,1006,1666,1176,877,371,0
351,1006,1666,1176,877,372,0
351,1006,1666,1176,877,372,0
351,1006,1666,1176,876,375,0
351,1006,1666,1176,874,380,0
351,1006,1666,1176,869,390,0
351,1006,1666,1176,868,396,0
351,1006,1666,1176,863,405,0
351,1006,1666,1176,861,408,0
351,1006,1666,1176,858,416,0
351,1006,1666,1176,857,421,0
351,1006,1666,1176,855,429,0
351,1006,1666,1176,853,432,0
351,1006,1666,1176,852,440,0
351,1006,1666,1176,851,443,0
351,1006,1666,1176,850,447,0
351,1006,1666,1176,848,453,0
351,1006,1666,1176,848,456,0
351,1006,1666,1176,846,462,0
351,1006,1666,1176,845,466,0
351,1006,1666,1176,844,469,0
351,1006,1666,1176,842,475,0
351,1006,1666,1176,841,479,0
351,1006,1666,1176,840,484,0
351,1006,1666,1176,839,487,0
351,1006,1666,1176,838,489,0
351,1006,1666,1176,836,494,0
351,1006,1666,1176,835,497,0
351,1006,1666,1176,834,500,0
351,1006,1666,1176,831,505,0
351,1006,1666,1176,830,508,0
351,1006,1666,1176,827,514,0
351,1006,1666,1176,826,517,0
351,1006,1666,1176,825,519,0
351,1006,1666,1176,823,524,0
351,1006,1666,1176,822,526,0
351,1006,1666,1176,820,531,0
351,1006,1666,1176,819,533,0
351,1006,1666,1176,818,535,0
351,1006,1666,1176,815,541,0
351,1006,1666,1176,814,544,0
351,1006,1666,1176,811,551,0
351,1006,1666,1176,811,555,0
351,1006,1666,1176,809,560,0
351,1006,1666,1176,808,563,0
351,1006,1666,1176,807,566,0
351,1006,1666,1176,804,572,0
351,1006,1666,1176,803,576,0
351,1006,1666,1176,802,579,0
351,1006,1666,1176,799,587,0
351,1006,1666,1176,798,590,0
351,1006,1666,1176,793,599,0
351,1006,1666,1176,792,603,0
351,1006,1666,1176,790,607,0
351,1006,1666,1176,785,618,0
351,1006,1666,1176,783,624,0
351,1006,1666,1176,779,628,0
351,1006,1666,1176,776,638,0
351,1006,1666,1176,773,643,0
351,1006,1666,1176,771,650,0
351,1006,1666,1176,771,652,0
351,1006,1666,1176,771,655,0
351,1006,1666,1176,770,656,0
351,1006,1666,1176,770,657,0
351,1006,1666,1176,770,659,0
351,1006,1666,1176,769,661,0
351,1006,1666,1176,768,665,0
351,1006,1666,1176,768,668,0
351,1006,1666,1176,767,671,0
351,1006,1666,1176,765,677,0
351,1006,1666,1176,764,682,0
351,1006,1666,1176,761,690,0
351,1006,1666,1176,760,694,0
351,1006,1666,1176,759,698,0
351,1006,1666,1176,757,704,0
351,1006,1666,1176,756,707,0
351,1006,1666,1176,754,711,0
351,1006,1666,1176,754,713,0
351,1006,1666,1176,752,716,0
351,1006,1666,1176,750,721,0
351,1006,1666,1176,748,723,0
351,1006,1666,1176,747,726,0
351,1006,1666,1176,745,730,0
351,1006,1666,1176,744,732,0
351,1006,1666,1176,743,736,0
351,1006,1666,1176,742,738,0
351,1006,1666,1176,740,743,0
351,1006,1666,1176,738,746,0
351,1006,1666,1176,737,749,0
351,1006,1666,1176,734,756,0
351,1006,1666,1176,733,758,0
351,1006,1666,1176,730,765,0
351,1006,1666,1176,729,768,0
351,1006,1666,1176,728,771,0
351,1006,1666,1176,726,776,0
351,1006,1666,1176,725,779,0
351,1006,1666,1176,724,784,0
351,1006,1666,1176,723,786,0
351,1006,1666,1176,722,789,0
351,1006,1666,1176,721,793,0
351,1006,1666,1176,720,795,0
351,1006,1666,1176,720,797,0
351,1006,1666,1176,718,802,0
351,1006,1666,1176,718,804,0
351,1006,1666,1176,716,807,0
351,1006,1666,1176,715,809,0
351,1006,1666,1176,714,811,0
351,1006,1666,1176,713,814,0
351,1006,1666,1176,713,816,0
351,1006,1666,1176,711,820,0
351,1006,1666,1176,710,821,0
351,1006,1666,1176,710,823,0
351,1006,1666,1176,707,827,0
351,1006,1666,1176,706,829,0
351,1006,1666,1176,703,833,0
351,1006,1666,1176,702,836,0
351,1006,1666,1176,701,838,0
351,1006,1666,1176,699,842,0
351,1006,1666,1176,699,843,0
351,1006,1666,1176,698,846,0
351,1006,1666,1176,697,846,0
351,1006,1666,1176,697,847,0
351,1006,1666,1176,696,849,0
351,1006,1666,1176,696,850,0
351,1006,1666,1176,695,853,0
351,1006,1666,1176,694,855,0
351,1006,1666,1176,693,856,0
351,1006,1666,1176,691,860,0
351,1006,1666,1176,690,862,0
351,1006,1666,1176,689,864,0
351,1006,1666,1176,687,868,0
351,1006,1666,1176,686,869,0
351,1006,1666,1176,685,870,0
351,1006,1666,1176,685,871,0
351,1006,1666,1176,685,871,0
351,1006,1666,1176,685,871,0
351,1006,1666,1176,685,871,0
351,1006,1666,1176,684,872,0
351,1006,1666,1176,681,877,0
351,1006,1666,1176,679,881,0
351,1006,1666,1176,677,885,0
351,1006,1666,1176,673,893,0
351,1006,1666,1176,672,896,0
351,1006,1666,1176,670,901,0
351,1006,1666,1176,669,903,0
351,1006,1666,1176,669,904,0
351,1006,1666,1176,668,905,0
351,1006,1666,1176,668,905,0
351,1006,1666,1176,668,905,0
351,1006,1666,1176,668,905,0
351,1006,1666,1176,668,905,0
351,1006,1666,1176,668,905,0
351,1006,1666,1176,668,905,0
351,1006,1666,1176,668,905,0
351,1006,1666,1176,668,905,0
351,1006,1666,1176,668,905,0
351,1006,1666,1176,668,905,0
351,1006,1666,1176,668,905,0
351,1006,1666,1176,668,905,0
351,1006,1666,1176,668,905,0
351,1006,1666,1176,668,905,0
351,1006,1666,1176,668,905,1
351,1006,1666,1176,668,905,1
351,1006,1666,1176,668,905,1
351,1006,1666,1176,668,905,1
351,1006,1666,1176,668,905,1
351,1006,1666,1176,668,905,1
351,1006,1666,1176,668,905,1
351,1006,1666,1176,668,905,1
351,1006,1666,1176,668,905,1
351,1006,1666,1176,668,906,1
351,1006,1666,1176,668,906,1
351,1006,1666,1176,668,906,1
351,1006,1666,1176,668,906,1
351,1006,1666,1176,668,906,1
351,1006,1666,1176,668,906,1
351,1006,1666,1176,668,906,1
351,1006,1666,1176,668,906,1
351,1006,1666,1176,668,906,1
351,1006,1666,1176,669,906,1
351,1006,1666,1176,669,906,1
351,1006,1666,1176,679,906,1
351,1006,1666,1176,685,907,1
351,1006,1666,1176,694,907,1
351,1006,1666,1176,709,907,1
351,1006,1666,1176,716,907,1
351,1006,1666,1176,731,907,1
351,1006,1666,1176,736,907,1
351,1006,1666,1176,741,907,1
351,1006,1666,1176,748,907,1
351,1006,1666,1176,751,907,1
351,1006,1666,1176,755,907,1
351,1006,1666,1176,759,907,1
351,1006,1666,1176,761,907,1
351,1006,1666,1176,769,908,1
351,1006,1666,1176,773,908,1
351,1006,1666,1176,784,909,1
351,1006,1666,1176,791,909,1
351,1006,1666,1176,796,909,1
351,1006,1666,1176,804,909,1
351,1006,1666,1176,809,909,1
351,1006,1666,1176,814,910,1
351,1006,1666,1176,824,911,1
351,1006,1666,1176,830,910,1
351,1006,1666,1176,840,910,1
351,1006,1666,1176,848,910,1
351,1006,1666,1176,852,910,1
351,1006,1666,1176,862,909,1
351,1006,1666,1176,866,909,1
351,1006,1666,1176,871,909,1
351,1006,1666,1176,873,909,1
351,1006,1666,1176,880,909,1
351,1006,1666,1176,883,909,1
351,1006,1666,1176,889,910,1
351,1006,1666,1176,902,911,1
351,1006,1666,1176,909,911,1
351,1006,1666,1176,925,912,1
351,1006,1666,1176,933,912,1
351,1006,1666,1176,942,912,1
351,1006,1666,1176,955,912,1
351,1006,1666,1176,963,912,1
351,1006,1666,1176,976,912,1
351,1006,1666,1176,982,912,1
351,1006,1666,1176,988,912,1
351,1006,1666,1176,1001,912,1
351,1006,1666,1176,1007,912,1
351,1006,1666,1176,1011,912,1
351,1006,1666,1176,1019,912,1
351,1006,1666,1176,1021,912,1
351,1006,1666,1176,1027,912,1
351,1006,1666,1176,1029,912,1
351,1006,1666,1176,1035,912,1
351,1006,1666,1176,1039,912,1
351,1006,1666,1176,1042,912,1
351,1006,1666,1176,1050,912,1
351,1006,1666,1176,1054,912,1
351,1006,1666,1176,1060,912,1
351,1006,1666,1176,1062,912,1
351,1006,1666,1176,1064,912,1
351,1006,1666,1176,1068,912,1
351,1006,1666,1176,1069,912,1
351,1006,1666,1176,1072,912,1
351,1006,1666,1176,1073,912,1
351,1006,1666,1176,1075,912,1
351,1006,1666,1176,1078,912,1
351,1006,1666,1176,1080,912,1
351,1006,1666,1176,1085,913,1
351,1006,1666,1176,1088,913,1
351,1006,1666,1176,1095,913,1
351,1006,1666,1176,1098,913,1
351,1006,1666,1176,1101,914,1
351,1006,1666,1176,1108,914,1
351,1006,1666,1176,1111,914,1
351,1006,1666,1176,1114,914,1
351,1006,1666,1176,1120,915,1
351,1006,1666,1176,1124,915,1
351,1006,1666,1176,1131,916,1
351,1006,1666,1176,1135,916,1
351,1006,1666,1176,1137,916,1
351,1006,1666,1176,1141,917,1
351,1006,1666,1176,1143,917,1
351,1006,1666,1176,1147,918,1
351,1006,1666,1176,1149,918,1
351,1006,1666,1176,1151,918,1
351,1006,1666,1176,1157,919,1
351,1006,1666,1176,1160,919,1
351,1006,1666,1176,1166,919,1
351,1006,1666,1176,1168,919,1
351,1006,1666,1176,1170,919,1
351,1006,1666,1176,1174,919,1
351,1006,1666,1176,1177,919,1
351,1006,1666,1176,1182,919,1
351,1006,1666,1176,1184,919,1
351,1006,1666,1176,1187,919,1
351,1006,1666,1176,1195,919,1
351,1006,1666,1176,1199,919,1
351,1006,1666,1176,1203,919,1
351,1006,1666,1176,1211,919,1
351,1006,1666,1176,1214,919,1
351,1006,1666,1176,1219,919,1
351,1006,1666,1176,1222,919,1
351,1006,1666,1176,1224,919,1
351,1006,1666,1176,1231,919,1
351,1006,1666,1176,1234,919,1
351,1006,1666,1176,1242,919,1
351,1006,1666,1176,1246,919,1
351,1006,1666,1176,1252,919,1
351,1006,1666,1176,1255,919,1
351,1006,1666,1176,1257,919,1
351,1006,1666,1176,1260,919,1
351,1006,1666,1176,1262,919,1
351,1006,1666,1176,1266,920,1
351,1006,1666,1176,1269,920,1
351,1006,1666,1176,1272,921,1
351,1006,1666,1176,1279,922,1
351,1006,1666,1176,1282,922,1
351,1006,1666,1176,1288,922,1
351,1006,1666,1176,1291,922,1
351,1006,1666,1176,1293,922,1
351,1006,1666,1176,1298,922,1
351,1006,1666,1176,1300,922,1
351,1006,1666,1176,1302,922,1
351,1006,1666,1176,1307,922,1
351,1006,1666,1176,1309,923,1
351,1006,1666,1176,1314,923,1
351,1006,1666,1176,1315,924,1
351,1006,1666,1176,1316,924,1
351,1006,1666,1176,1317,924,1
351,1006,1666,1176,1317,924,1
351,1006,1666,1176,1317,924,1
351,1006,1666,1176,1317,924,1
351,1006,1666,1176,1319,924,1
351,1006,1666,1176,1325,926,1
351,1006,1666,1176,1329,927,1
351,1006,1666,1176,1336,928,1
351,1006,1666,1176,1340,928,1
351,1006,1666,1176,1348,929,1
351,1006,1666,1176,1352,929,1
351,1006,1666,1176,1355,929,1
351,1006,1666,1176,1363,930,1
351,1006,1666,1176,1367,931,1
351,1006,1666,1176,1376,932,1
351,1006,1666,1176,1380,932,1
351,1006,1666,1176,1391,932,1
351,1006,1666,1176,1397,932,1
351,1006,1666,1176,1403,932,1
351,1006,1666,1176,1411,931,1
351,1006,1666,1176,1414,931,1
351,1006,1666,1176,1419,931,1
351,1006,1666,1176,1421,931,1
351,1006,1666,1176,1423,931,1
351,1006,1666,1176,1428,931,1
351,1006,1666,1176,1430,931,1
351,1006,1666,1176,1432,931,1
351,1006,1666,1176,1436,931,1
351,1006,1666,1176,1438,931,1
351,1006,1666,1176,1442,931,1
351,1006,1666,1176,1445,931,1
351,1006,1666,1176,1448,931,1
351,1006,1666,1176,1453,931,1
351,1006,1666,1176,1456,931,1
351,1006,1666,1176,1462,930,1
351,1006,1666,1176,1465,930,1
351,1006,1666,1176,1467,930,1
351,1006,1666,1176,1470,930,1
351,1006,1666,1176,1472,930,1
351,1006,1666,1176,1477,930,1
351,1006,1666,1176,1480,930,1
351,1006,1666,1176,1483,930,1
351,1006,1666,1176,1488,930,1
351,1006,1666,1176,1490,930,1
351,1006,1666,1176,1494,930,1
351,1006,1666,1176,1496,930,1
351,1006,1666,1176,1500,930,1
351,1006,1666,1176,1502,930,1
351,1006,1666,1176,1502,930,1
351,1006,1666,1176,1502,930,1
351,1006,1666,1176,1502,930,1
351,1006,1666,1176,1502,930,1
351,1006,1666,1176,1502,930,1
351,1006,1666,1176,1502,930,1
351,1006,1666,1176,1502,930,1
351,1006,1666,1176,1502,930,1
351,1006,1666,1176,1502,930,1
351,1006,1666,1176,1503,930,1
351,1006,1666,1176,1504,930,1
351,1006,1666,1176,1509,931,1
351,1006,1666,1176,1511,932,1
351,1006,1666,1176,1515,932,1
351,1006,1666,1176,1517,932,1
351,1006,1666,1176,1520,933,1
351,1006,1666,1176,1521,933,1
351,1006,1666,1176,1522,933,1
351,1006,1666,1176,1524,934,1
351,1006,1666,1176,1525,934,1
351,1006,1666,1176,1527,934,1
351,1006,1666,1176,1530,935,1
351,1006,1666,1176,1532,935,1
351,1006,1666,1176,1538,936,1
351,1006,1666,1176,1542,937,1
351,1006,1666,1176,1545,937,1
351,1006,1666,1176,1550,938,1
351,1006,1666,1176,1551,939,1
351,1006,1666,1176,1553,939,1
351,1006,1666,1176,1553,939,1
351,1006,1666,1176,1553,939,1
351,1006,1666,1176,1554,939,1
351,1006,1666,1176,1554,939,1
351,1006,1666,1176,1554,939,1
351,1006,1666,1176,1555,939,1
351,1006,1666,1176,1562,939,1
351,1006,1666,1176,1570,939,1
351,1006,1666,1176,1572,938,1
351,1006,1666,1176,1573,938,1
351,1006,1666,1176,1573,938,1
351,1006,1666,1176,1573,938,1
351,1006,1666,1176,1573,938,1
351,1006,1666,1176,1573,938,1
351,1006,1666,1176,1573,938,1
351,1006,1666,1176,1573,938,1
351,1006,1666,1176,1573,938,1
351,1006,1666,1176,1573,938,1
351,1006,1666,1176,1573,938,1
351,1006,1666,1176,1573,938,1
351,1006,1666,1176,1573,938,1
351,1006,1666,1176,1573,938,0
351,1006,1666,1176,1573,938,0
351,1006,1666,1176,1573,938,0
351,1006,1666,1176,1573,938,0
351,1006,1666,1176,1573,938,0
351,1006,1666,1176,1573,938,0
351,1006,1666,1176,1573,938,0
351,1006,1666,1176,1573,938,0
351,1006,1666,1176,1573,938,0
351,1006,1666,1176,1573,938,0
351,1006,1666,1176,1573,938,0
351,1006,1666,1176,1573,938,0
351,1006,1666,1176,1573,938,0
351,1006,1666,1176,1573,938,0
351,1006,1666,1176,1573,938,0
351,1006,1666,1176,1573,938,0
351,1006,1666,1176,1573,938,0
351,1006,1666,1176,1573,938,0
351,1006,1666,1176,1573,938,0
351,1006,1666,1176,1573,938,0
351,1006,1666,1176,1573,938,0
351,1006,1666,1176,1573,938,0
351,1006,1666,1176,1573,938,0
351,1006,1666,1176,1573,938,0
351,1006,1666,1176,1573,938,0
351,1006,1666,1176,1573,938,0
351,1006,1666,1176,1573,938,0
351,1006,1666,1176,1573,938,0
351,1006,1666,1176,1573,938,0
351,1006,1666,1176,1573,938,0
351,1006,1666,1176,1573,938,0
351,1006,1666,1176,1573,938,0
351,1006,1666,1176,1573,938,0
351,1006,1666,1176,1573,938,0
351,1006,1666,1176,1573,938,0
351,1006,1666,1176,1570,937,0
351,1006,1666,1176,1565,932,0
351,1006,1666,1176,1556,925,0
351,1006,1666,1176,1542,914,0
351,1006,1666,1176,1537,911,0
351,1006,1666,1176,1530,907,0
351,1006,1666,1176,1528,906,0
351,1006,1666,1176,1526,904,0
351,1006,1666,1176,1524,902,0
351,1006,1666,1176,1523,902,0
351,1006,1666,1176,1522,901,0
351,1006,1666,1176,1520,900,0
351,1006,1666,1176,1518,900,0
351,1006,1666,1176,1515,898,0
351,1006,1666,1176,1513,897,0
351,1006,1666,1176,1511,896,0
351,1006,1666,1176,1508,895,0
351,1006,1666,1176,1506,894,0
351,1006,1666,1176,1504,892,0
351,1006,1666,1176,1502,891,0
351,1006,1666,1176,1500,891,0
351,1006,1666,1176,1496,888,0
351,1006,1666,1176,1493,886,0
351,1006,1666,1176,1487,882,0
351,1006,1666,1176,1485,881,0
351,1006,1666,1176,1480,878,0
351,1006,1666,1176,1479,877,0
351,1006,1666,1176,1477,875,0
351,1006,1666,1176,1477,875,0
351,1006,1666,1176,1476,875,0
351,1006,1666,1176,1474,873,0
351,1006,1666,1176,1473,872,0
351,1006,1666,1176,1471,870,0
351,1006,1666,1176,1466,866,0
351,1006,1666,1176,1463,863,0
351,1006,1666,1176,1460,861,0
351,1006,1666,1176,1455,856,0
351,1006,1666,1176,1452,854,0
351,1006,1666,1176,1449,852,0
351,1006,1666,1176,1447,851,0
351,1006,1666,1176,1446,850,0
351,1006,1666,1176,1444,848,0
351,1006,1666,1176,1443,847,0
351,1006,1666,1176,1441,845,0
351,1006,1666,1176,1440,844,0
351,1006,1666,1176,1439,842,0
351,1006,1666,1176,1437,839,0
351,1006,1666,1176,1435,836,0
351,1006,1666,1176,1430,831,0
351,1006,1666,1176,1427,828,0
351,1006,1666,1176,1421,822,0
351,1006,1666,1176,1419,819,0
351,1006,1666,1176,1414,814,0
351,1006,1666,1176,1411,809,0
351,1006,1666,1176,1409,806,0
351,1006,1666,1176,1406,802,0
351,1006,1666,1176,1404,799,0
351,1006,1666,1176,1403,797,0
351,1006,1666,1176,1401,795,0
351,1006,1666,1176,1400,794,0
351,1006,1666,1176,1397,790,0
351,1006,1666,1176,1395,788,0
351,1006,1666,1176,1394,786,0
351,1006,1666,1176,1393,785,0
351,1006,1666,1176,1392,784,0
351,1006,1666,1176,1391,782,0
351,1006,1666,1176,1390,781,0
351,1006,1666,1176,1387,778,0
351,1006,1666,1176,1386,776,0
351,1006,1666,1176,1384,775,0
351,1006,1666,1176,1382,771,0
351,1006,1666,1176,1380,770,0
351,1006,1666,1176,1377,766,0
351,1006,1666,1176,1373,761,0
351,1006,1666,1176,1372,759,0
351,1006,1666,1176,1370,756,0
351,1006,1666,1176,1367,748,0
351,1006,1666,1176,1365,745,0
351,1006,1666,1176,1362,737,0
351,1006,1666,1176,1360,734,0
351,1006,1666,1176,1359,731,0
351,1006,1666,1176,1356,726,0
351,1006,1666,1176,1355,724,0
351,1006,1666,1176,1355,722,0
351,1006,1666,1176,1353,719,0
351,1006,1666,1176,1352,718,0
351,1006,1666,1176,1350,714,0
351,1006,1666,1176,1348,712,0
351,1006,1666,1176,1347,710,0
351,1006,1666,1176,1344,706,0
351,1006,1666,1176,1343,704,0
351,1006,1666,1176,1340,700,0
351,1006,1666,1176,1339,699,0
351,1006,1666,1176,1338,696,0
351,1006,1666,1176,1337,695,0
351,1006,1666,1176,1336,693,0
351,1006,1666,1176,1332,688,0
351,1006,1666,1176,1331,685,0
351,1006,1666,1176,1326,678,0
351,1006,1666,1176,1323,674,0
351,1006,1666,1176,1321,670,0
351,1006,1666,1176,1317,663,0
351,1006,1666,1176,1315,660,0
351,1006,1666,1176,1312,655,0
351,1006,1666,1176,1310,653,0
351,1006,1666,1176,1309,650,0
351,1006,1666,1176,1306,646,0
351,1006,1666,1176,1306,643,0
351,1006,1666,1176,1303,638,0
351,1006,1666,1176,1301,636,0
351,1006,1666,1176,1300,635,0
351,1006,1666,1176,1297,631,0
351,1006,1666,1176,1296,628,0
351,1006,1666,1176,1293,625,0
351,1006,1666,1176,1289,619,0
351,1006,1666,1176,1287,617,0
351,1006,1666,1176,1283,611,0
351,1006,1666,1176,1282,609,0
351,1006,1666,1176,1280,607,0
351,1006,1666,1176,1278,603,0
351,1006,1666,1176,1277,602,0
351,1006,1666,1176,1274,598,0
351,1006,1666,1176,1273,596,0
351,1006,1666,1176,1272,595,0
351,1006,1666,1176,1269,591,0
351,1006,1666,1176,1267,589,0
351,1006,1666,1176,1264,585,0
351,1006,1666,1176,1263,583,0
351,1006,1666,1176,1262,582,0
351,1006,1666,1176,1260,578,0
351,1006,1666,1176,1258,576,0
351,1006,1666,1176,1256,573,0
351,1006,1666,1176,1255,572,0
351,1006,1666,1176,1254,570,0
351,1006,1666,1176,1252,568,0
351,1006,1666,1176,1251,567,0
351,1006,1666,1176,1249,564,0
351,1006,1666,1176,1248,563,0
351,1006,1666,1176,1247,562,0
351,1006,1666,1176,1245,559,0
351,1006,1666,1176,1244,557,0
351,1006,1666,1176,1241,554,0
351,1006,1666,1176,1239,552,0
351,1006,1666,1176,1238,549,0
351,1006,1666,1176,1234,545,0
351,1006,1666,1176,1231,542,0
351,1006,1666,1176,1226,536,0
351,1006,1666,1176,1223,533,0
351,1006,1666,1176,1217,526,0
351,1006,1666,1176,1214,524,0
351,1006,1666,1176,1210,520,0
351,1006,1666,1176,1202,513,0
351,1006,1666,1176,1198,510,0
351,1006,1666,1176,1193,506,0
351,1006,1666,1176,1184,499,0
351,1006,1666,1176,1180,496,0
351,1006,1666,1176,1174,490,0
351,1006,1666,1176,1171,487,0
351,1006,1666,1176,1170,486,0
351,1006,1666,1176,1165,482,0
351,1006,1666,1176,1163,479,0
351,1006,1666,1176,1162,477,0
351,1006,1666,1176,1156,472,0
351,1006,1666,1176,1153,470,0
351,1006,1666,1176,1149,465,0
351,1006,1666,1176,1147,462,0
351,1006,1666,1176,1143,458,0
351,1006,1666,1176,1141,455,0
351,1006,1666,1176,1140,454,0
351,1006,1666,1176,1137,450,0
351,1006,1666,1176,1136,448,0
351,1006,1666,1176,1132,444,0
351,1006,1666,1176,1130,442,0
351,1006,1666,1176,1128,440,0
351,1006,1666,1176,1125,436,0
351,1006,1666,1176,1124,434,0
351,1006,1666,1176,1121,431,0
351,1006,1666,1176,1120,430,0
351,1006,1666,1176,1118,428,0
351,1006,1666,1176,1116,426,0
351,1006,1666,1176,1115,424,0
351,1006,1666,1176,1112,421,0
351,1006,1666,1176,1111,420,0
351,1006,1666,1176,1109,419,0
351,1006,1666,1176,1107,416,0
351,1006,1666,1176,1106,414,0
351,1006,1666,1176,1104,413,0
351,1006,1666,1176,1102,409,0
351,1006,1666,1176,1100,407,0
351,1006,1666,1176,1096,402,0
351,1006,1666,1176,1094,400,0
351,1006,1666,1176,1091,398,0
351,1006,1666,1176,1087,394,0
351,1006,1666,1176,1085,392,0
351,1006,1666,1176,1081,389,0
351,1006,1666,1176,1079,387,0
351,1006,1666,1176,1076,385,0
351,1006,1666,1176,1073,381,0
351,1006,1666,1176,1072,380,0
351,1006,1666,1176,1069,377,0
351,1006,1666,1176,1069,376,0
351,1006,1666,1176,1068,376,0
351,1006,1666,1176,1068,376,0
351,1006,1666,1176,1068,376,0
351,1006,1666,1176,1068,376,0
351,1006,1666,1176,1068,376,0
351,1006,1666,1176,1068,376,0
351,1006,1666,1176,1068,376,0
351,1006,1666,1176,1068,376,0
