351,1006,1666,1176,888,373,0
351,1006,1666,1176,888,373,0
351,1006,1666,1176,888,373,0
351,1006,1666,1176,888,373,0
351,1006,1666,1176,888,373,0
351,1006,1666,1176,888,373,0
351,1006,1666,1176,888,373,0
351,1006,1666,1176,888,373,0
351,1006,1666,1176,888,373,0
351,1006,1666,1176,888,373,0
351,1006,1666,1176,888,373,0
351,1006,1666,1176,888,373,0
351,1006,1666,1176,888,373,0
351,1006,1666,1176,888,373,0
351,1006,1666,1176,888,373,0
351,1006,1666,1176,888,374,0
351,1006,1666,1176,888,374,0
351,1006,1666,1176,888,374,0
351,1006,1666,1176,888,374,0
351,1006,1666,1176,888,374,0
351,1006,1666,1176,888,374,0
351,1006,1666,1176,888,375,0
351,1006,1666,1176,886,386,0
351,1006,1666,1176,884,393,0
351,1006,1666,1176,880,407,0
351,1006,1666,1176,879,413,0
351,1006,1666,1176,877,422,0
351,1006,1666,1176,876,427,0
351,1006,1666,1176,873,437,0
351,1006,1666,1176,872,440,0
351,1006,1666,1176,870,448,0
351,1006,1666,1176,868,452,0
351,1006,1666,1176,867,456,0
351,1006,1666,1176,863,463,0
351,1006,1666,1176,862,466,0
351,1006,1666,1176,861,470,0
351,1006,1666,1176,857,477,0
351,1006,1666,1176,855,481,0
351,1006,1666,1176,853,487,0
351,1006,1666,1176,851,490,0
351,1006,1666,1176,850,492,0
351,1006,1666,1176,848,497,0
351,1006,1666,1176,847,499,0
351,1006,1666,1176,845,503,0
351,1006,1666,1176,845,505,0
351,1006,1666,1176,844,507,0
351,1006,1666,1176,842,512,0
351,1006,1666,1176,841,515,0
351,1006,1666,1176,839,521,0
351,1006,1666,1176,838,524,0
351,1006,1666,1176,837,526,0
351,1006,1666,1176,835,531,0
351,1006,1666,1176,834,534,0
351,1006,1666,1176,833,537,0
351,1006,1666,1176,831,542,0
351,1006,1666,1176,830,545,0
351,1006,1666,1176,829,548,0
351,1006,1666,1176,826,555,0
351,1006,1666,1176,825,558,0
351,1006,1666,1176,823,565,0
351,1006,1666,1176,822,567,0
351,1006,1666,1176,821,570,0
351,1006,1666,1176,820,575,0
351,1006,1666,1176,819,578,0
351,1006,1666,1176,818,584,0
351,1006,1666,1176,817,586,0
351,1006,1666,1176,816,589,0
351,1006,1666,1176,814,596,0
351,1006,1666,1176,813,599,0
351,1006,1666,1176,810,606,0
351,1006,1666,1176,809,609,0
351,1006,1666,1176,808,612,0
351,1006,1666,1176,805,619,0
351,1006,1666,1176,804,622,0
351,1006,1666,1176,801,629,0
351,1006,1666,1176,799,632,0
351,1006,1666,1176,798,635,0
351,1006,1666,1176,795,640,0
351,1006,1666,1176,794,643,0
351,1006,1666,1176,791,649,0
351,1006,1666,1176,789,652,0
351,1006,1666,1176,788,655,0
351,1006,1666,1176,786,661,0
351,1006,1666,1176,785,664,0
351,1006,1666,1176,784,666,0
351,1006,1666,1176,782,671,0
351,1006,1666,1176,782,673,0
351,1006,1666,1176,779,678,0
351,1006,1666,1176,778,681,0
351,1006,1666,1176,777,684,0
351,1006,1666,1176,774,689,0
351,1006,1666,1176,773,692,0
351,1006,1666,1176,771,696,0
351,1006,1666,1176,770,699,0
351,1006,1666,1176,770,700,0
351,1006,1666,1176,768,705,0
351,1006,1666,1176,766,708,0
351,1006,1666,1176,765,710,0
351,1006,1666,1176,762,716,0
351,1006,1666,1176,760,719,0
351,1006,1666,1176,757,726,0
351,1006,1666,1176,755,729,0
351,1006,1666,1176,753,733,0
351,1006,1666,1176,750,739,0
351,1006,1666,1176,749,742,0
351,1006,1666,1176,747,745,0
351,1006,1666,1176,742,752,0
351,1006,1666,1176,740,757,0
351,1006,1666,1176,736,764,0
351,1006,1666,1176,734,768,0
351,1006,1666,1176,732,771,0
351,1006,1666,1176,726,780,0
351,1006,1666,1176,724,784,0
351,1006,1666,1176,720,790,0
351,1006,1666,1176,718,794,0
351,1006,1666,1176,715,798,0
351,1006,1666,1176,712,804,0
351,1006,1666,1176,710,808,0
351,1006,1666,1176,708,811,0
351,1006,1666,1176,704,817,0
351,1006,1666,1176,702,820,0
351,1006,1666,1176,697,827,0
351,1006,1666,1176,694,832,0
351,1006,1666,1176,690,835,0
351,1006,1666,1176,685,840,0
351,1006,1666,1176,683,842,0
351,1006,1666,1176,682,845,0
351,1006,1666,1176,682,846,0
351,1006,1666,1176,681,847,0
351,1006,1666,1176,680,849,0
351,1006,1666,1176,679,851,0
351,1006,1666,1176,678,852,0
351,1006,1666,1176,676,855,0
351,1006,1666,1176,675,856,0
351,1006,1666,1176,674,858,0
351,1006,1666,1176,674,859,0
351,1006,1666,1176,673,860,0
351,1006,1666,1176,673,861,0
351,1006,1666,1176,672,863,0
351,1006,1666,1176,670,866,0
351,1006,1666,1176,668,868,0
351,1006,1666,1176,667,870,0
351,1006,1666,1176,664,873,0
351,1006,1666,1176,662,875,0
351,1006,1666,1176,661,877,0
351,1006,1666,1176,658,880,0
351,1006,1666,1176,657,882,0
351,1006,1666,1176,654,885,0
351,1006,1666,1176,653,887,0
351,1006,1666,1176,652,888,0
351,1006,1666,1176,650,891,0
351,1006,1666,1176,649,893,0
351,1006,1666,1176,646,897,0
351,1006,1666,1176,644,900,0
351,1006,1666,1176,643,902,0
351,1006,1666,1176,640,906,0
351,1006,1666,1176,639,908,0
351,1006,1666,1176,637,911,0
351,1006,1666,1176,635,915,0
351,1006,1666,1176,634,917,0
351,1006,1666,1176,631,920,0
351,1006,1666,1176,630,922,0
351,1006,1666,1176,629,924,0
351,1006,1666,1176,628,927,0
351,1006,1666,1176,627,929,0
351,1006,1666,1176,625,932,0
351,1006,1666,1176,623,934,0
351,1006,1666,1176,621,938,0
351,1006,1666,1176,620,940,0
351,1006,1666,1176,619,942,0
351,1006,1666,1176,617,945,0
351,1006,1666,1176,616,947,0
351,1006,1666,1176,616,948,0
351,1006,1666,1176,614,951,0
351,1006,1666,1176,613,953,0
351,1006,1666,1176,612,955,0
351,1006,1666,1176,611,957,0
351,1006,1666,1176,610,958,0
351,1006,1666,1176,608,961,0
351,1006,1666,1176,607,962,0
351,1006,1666,1176,606,963,0
351,1006,1666,1176,605,966,0
351,1006,1666,1176,604,967,0
351,1006,1666,1176,602,969,0
351,1006,1666,1176,602,971,0
351,1006,1666,1176,601,972,0
351,1006,1666,1176,599,974,0
351,1006,1666,1176,599,976,0
351,1006,1666,1176,597,978,0
351,1006,1666,1176,596,980,0
351,1006,1666,1176,595,981,0
351,1006,1666,1176,594,983,0
351,1006,1666,1176,593,985,0
351,1006,1666,1176,592,986,0
351,1006,1666,1176,591,987,0
351,1006,1666,1176,591,988,0
351,1006,1666,1176,589,990,0
351,1006,1666,1176,588,992,0
351,1006,1666,1176,587,993,0
351,1006,1666,1176,585,995,0
351,1006,1666,1176,584,997,0
351,1006,1666,1176,581,1001,0
351,1006,1666,1176,580,1002,0
351,1006,1666,1176,579,1004,0
351,1006,1666,1176,576,1007,0
351,1006,1666,1176,575,1009,0
351,1006,1666,1176,574,1010,0
351,1006,1666,1176,573,1013,0
351,1006,1666,1176,572,1015,0
351,1006,1666,1176,570,1017,0
351,1006,1666,1176,569,1019,0
351,1006,1666,1176,569,1020,0
351,1006,1666,1176,567,1023,0
351,1006,1666,1176,566,1024,0
351,1006,1666,1176,564,1027,0
351,1006,1666,1176,564,1028,0
351,1006,1666,1176,563,1029,0
351,1006,1666,1176,563,1030,0
351,1006,1666,1176,562,1030,0
351,1006,1666,1176,562,1031,0
351,1006,1666,1176,562,1033,0
351,1006,1666,1176,561,1034,0
351,1006,1666,1176,561,1034,0
351,1006,1666,1176,561,1034,0
351,1006,1666,1176,561,1034,0
351,1006,1666,1176,561,1034,0
351,1006,1666,1176,561,1034,0
351,1006,1666,1176,561,1034,0
351,1006,1666,1176,561,1034,0
351,1006,1666,1176,561,1034,0
351,1006,1666,1176,561,1035,0
351,1006,1666,1176,560,1040,0
351,1006,1666,1176,560,1042,0
351,1006,1666,1176,559,1045,0
351,1006,1666,1176,559,1046,0
351,1006,1666,1176,559,1047,0
351,1006,1666,1176,559,1050,0
351,1006,1666,1176,559,1051,0
351,1006,1666,1176,559,1052,0
351,1006,1666,1176,558,1054,0
351,1006,1666,1176,558,1054,0
351,1006,1666,1176,558,1056,0
351,1006,1666,1176,558,1057,0
351,1006,1666,1176,557,1058,0
351,1006,1666,1176,557,1060,0
351,1006,1666,1176,557,1061,0
351,1006,1666,1176,556,1063,0
351,1006,1666,1176,556,1063,0
351,1006,1666,1176,556,1064,0
351,1006,1666,1176,556,1065,0
351,1006,1666,1176,556,1066,0
351,1006,1666,1176,556,1067,0
351,1006,1666,1176,555,1068,0
351,1006,1666,1176,555,1069,0
351,1006,1666,1176,555,1070,0
351,1006,1666,1176,555,1070,0
351,1006,1666,1176,555,1070,0
351,1006,1666,1176,555,1071,0
351,1006,1666,1176,555,1072,0
351,1006,1666,1176,555,1073,0
351,1006,1666,1176,555,1073,0
351,1006,1666,1176,555,1074,0
351,1006,1666,1176,555,1075,0
351,1006,1666,1176,555,1075,0
351,1006,1666,1176,555,1075,0
351,1006,1666,1176,555,1075,0
351,1006,1666,1176,555,1075,0
351,1006,1666,1176,555,1075,0
351,1006,1666,1176,555,1075,0
351,1006,1666,1176,555,1075,0
351,1006,1666,1176,555,1075,0
351,1006,1666,1176,555,1075,0
351,1006,1666,1176,555,1075,0
351,1006,1666,1176,555,1077,1
351,1006,1666,1176,555,1079,1
351,1006,1666,1176,555,1080,1
351,1006,1666,1176,555,1083,1
351,1006,1666,1176,555,1084,1
351,1006,1666,1176,555,1086,1
351,1006,1666,1176,555,1086,1
351,1006,1666,1176,555,1086,1
351,1006,1666,1176,555,1086,1
351,1006,1666,1176,555,1086,1
351,1006,1666,1176,555,1086,1
351,1006,1666,1176,555,1086,1
351,1006,1666,1176,555,1086,1
351,1006,1666,1176,555,1086,1
351,1006,1666,1176,555,1086,1
351,1006,1666,1176,555,1086,1
351,1006,1666,1176,555,1086,1
351,1006,1666,1176,555,1086,1
351,1006,1666,1176,555,1086,1
351,1006,1666,1176,555,1086,1
351,1006,1666,1176,555,1086,1
351,1006,1666,1176,555,1086,1
351,1006,1666,1176,555,1086,1
351,1006,1666,1176,555,1085,1
351,1006,1666,1176,556,1085,1
351,1006,1666,1176,556,1085,1
351,1006,1666,1176,557,1085,1
351,1006,1666,1176,565,1082,1
351,1006,1666,1176,571,1079,1
351,1006,1666,1176,577,1077,1
351,1006,1666,1176,589,1072,1
351,1006,1666,1176,595,1070,1
351,1006,1666,1176,606,1064,1
351,1006,1666,1176,611,1063,1
351,1006,1666,1176,614,1061,1
351,1006,1666,1176,622,1057,1
351,1006,1666,1176,627,1055,1
351,1006,1666,1176,635,1051,1
351,1006,1666,1176,640,1049,1
351,1006,1666,1176,645,1048,1
351,1006,1666,1176,651,1044,1
351,1006,1666,1176,653,1043,1
351,1006,1666,1176,659,1041,1
351,1006,1666,1176,662,1040,1
351,1006,1666,1176,665,1039,1
351,1006,1666,1176,673,1037,1
351,1006,1666,1176,679,1035,1
351,1006,1666,1176,690,1031,1
351,1006,1666,1176,696,1030,1
351,1006,1666,1176,701,1029,1
351,1006,1666,1176,708,1028,1
351,1006,1666,1176,710,1028,1
351,1006,1666,1176,716,1027,1
351,1006,1666,1176,718,1027,1
351,1006,1666,1176,720,1027,1
351,1006,1666,1176,727,1026,1
351,1006,1666,1176,732,1025,1
351,1006,1666,1176,741,1023,1
351,1006,1666,1176,746,1022,1
351,1006,1666,1176,750,1020,1
351,1006,1666,1176,759,1018,1
351,1006,1666,1176,763,1018,1
351,1006,1666,1176,767,1016,1
351,1006,1666,1176,774,1013,1
351,1006,1666,1176,779,1012,1
351,1006,1666,1176,783,1011,1
351,1006,1666,1176,795,1009,1
351,1006,1666,1176,800,1008,1
351,1006,1666,1176,812,1005,1
351,1006,1666,1176,817,1005,1
351,1006,1666,1176,822,1004,1
351,1006,1666,1176,826,1003,1
351,1006,1666,1176,827,1003,1
351,1006,1666,1176,830,1003,1
351,1006,1666,1176,831,1003,1
351,1006,1666,1176,833,1003,1
351,1006,1666,1176,839,1002,1
351,1006,1666,1176,842,1001,1
351,1006,1666,1176,850,1000,1
351,1006,1666,1176,854,999,1
351,1006,1666,1176,856,998,1
351,1006,1666,1176,859,997,1
351,1006,1666,1176,861,996,1
351,1006,1666,1176,863,996,1
351,1006,1666,1176,864,996,1
351,1006,1666,1176,865,996,1
351,1006,1666,1176,867,995,1
351,1006,1666,1176,874,994,1
351,1006,1666,1176,877,994,1
351,1006,1666,1176,884,992,1
351,1006,1666,1176,888,991,1
351,1006,1666,1176,894,990,1
351,1006,1666,1176,898,990,1
351,1006,1666,1176,901,989,1
351,1006,1666,1176,910,988,1
351,1006,1666,1176,915,987,1
351,1006,1666,1176,920,986,1
351,1006,1666,1176,933,984,1
351,1006,1666,1176,937,983,1
351,1006,1666,1176,946,982,1
351,1006,1666,1176,950,981,1
351,1006,1666,1176,953,979,1
351,1006,1666,1176,961,977,1
351,1006,1666,1176,965,976,1
351,1006,1666,1176,976,975,1
351,1006,1666,1176,983,975,1
351,1006,1666,1176,989,974,1
351,1006,1666,1176,1004,971,1
351,1006,1666,1176,1011,971,1
351,1006,1666,1176,1018,970,1
351,1006,1666,1176,1030,970,1
351,1006,1666,1176,1036,969,1
351,1006,1666,1176,1048,969,1
351,1006,1666,1176,1054,969,1
351,1006,1666,1176,1060,969,1
351,1006,1666,1176,1072,968,1
351,1006,1666,1176,1077,968,1
351,1006,1666,1176,1082,968,1
351,1006,1666,1176,1094,968,1
351,1006,1666,1176,1099,968,1
351,1006,1666,1176,1105,968,1
351,1006,1666,1176,1114,968,1
351,1006,1666,1176,1119,968,1
351,1006,1666,1176,1131,968,1
351,1006,1666,1176,1136,968,1
351,1006,1666,1176,1140,968,1
351,1006,1666,1176,1148,968,1
351,1006,1666,1176,1151,966,1
351,1006,1666,1176,1156,966,1
351,1006,1666,1176,1158,966,1
351,1006,1666,1176,1161,966,1
351,1006,1666,1176,1167,965,1
351,1006,1666,1176,1170,965,1
351,1006,1666,1176,1178,965,1
351,1006,1666,1176,1183,964,1
351,1006,1666,1176,1187,964,1
351,1006,1666,1176,1195,963,1
351,1006,1666,1176,1199,963,1
351,1006,1666,1176,1202,963,1
351,1006,1666,1176,1209,962,1
351,1006,1666,1176,1212,962,1
351,1006,1666,1176,1221,961,1
351,1006,1666,1176,1225,961,1
351,1006,1666,1176,1229,961,1
351,1006,1666,1176,1237,960,1
351,1006,1666,1176,1241,960,1
351,1006,1666,1176,1248,959,1
351,1006,1666,1176,1252,959,1
351,1006,1666,1176,1255,959,1
351,1006,1666,1176,1261,959,1
351,1006,1666,1176,1264,959,1
351,1006,1666,1176,1269,959,1
351,1006,1666,1176,1272,959,1
351,1006,1666,1176,1275,959,1
351,1006,1666,1176,1281,959,1
351,1006,1666,1176,1284,959,1
351,1006,1666,1176,1287,959,1
351,1006,1666,1176,1291,959,1
351,1006,1666,1176,1291,959,1
351,1006,1666,1176,1291,959,1
351,1006,1666,1176,1291,959,1
351,1006,1666,1176,1291,959,1
351,1006,1666,1176,1291,959,1
351,1006,1666,1176,1291,959,1
351,1006,1666,1176,1291,959,1
351,1006,1666,1176,1291,959,1
351,1006,1666,1176,1291,959,1
351,1006,1666,1176,1291,959,1
351,1006,1666,1176,1291,959,1
351,1006,1666,1176,1291,959,1
351,1006,1666,1176,1291,959,1
351,1006,1666,1176,1291,959,1
351,1006,1666,1176,1291,959,1
351,1006,1666,1176,1292,959,1
351,1006,1666,1176,1293,958,1
351,1006,1666,1176,1295,956,1
351,1006,1666,1176,1298,955,1
351,1006,1666,1176,1304,953,1
351,1006,1666,1176,1307,952,1
351,1006,1666,1176,1309,951,1
351,1006,1666,1176,1313,949,1
351,1006,1666,1176,1315,948,1
351,1006,1666,1176,1317,947,1
351,1006,1666,1176,1317,947,1
351,1006,1666,1176,1317,947,1
351,1006,1666,1176,1317,947,1
351,1006,1666,1176,1317,947,1
351,1006,1666,1176,1317,946,1
351,1006,1666,1176,1318,946,1
351,1006,1666,1176,1319,946,1
351,1006,1666,1176,1320,945,1
351,1006,1666,1176,1322,943,1
351,1006,1666,1176,1322,943,1
351,1006,1666,1176,1323,942,1
351,1006,1666,1176,1323,942,1
351,1006,1666,1176,1323,942,1
351,1006,1666,1176,1324,941,1
351,1006,1666,1176,1325,941,1
351,1006,1666,1176,1325,941,1
351,1006,1666,1176,1326,941,1
351,1006,1666,1176,1326,941,1
351,1006,1666,1176,1329,940,1
351,1006,1666,1176,1331,939,1
351,1006,1666,1176,1333,938,1
351,1006,1666,1176,1333,938,1
351,1006,1666,1176,1333,938,1
351,1006,1666,1176,1333,938,1
351,1006,1666,1176,1333,938,0
351,1006,1666,1176,1333,937,0
351,1006,1666,1176,1333,937,0
351,1006,1666,1176,1333,937,0
351,1006,1666,1176,1333,937,0
351,1006,1666,1176,1333,937,0
351,1006,1666,1176,1333,937,0
351,1006,1666,1176,1333,937,0
351,1006,1666,1176,1333,937,0
351,1006,1666,1176,1333,937,0
351,1006,1666,1176,1333,938,0
351,1006,1666,1176,1333,938,0
351,1006,1666,1176,1333,938,0
351,1006,1666,1176,1333,938,0
351,1006,1666,1176,1333,938,0
351,1006,1666,1176,1333,938,0
351,1006,1666,1176,1333,938,0
351,1006,1666,1176,1333,938,0
351,1006,1666,1176,1333,938,0
351,1006,1666,1176,1333,938,0
351,1006,1666,1176,1333,938,0
351,1006,1666,1176,1333,938,0
351,1006,1666,1176,1333,938,0
351,1006,1666,1176,1333,938,0
351,1006,1666,1176,1333,938,0
351,1006,1666,1176,1333,938,0
351,1006,1666,1176,1333,938,0
351,1006,1666,1176,1333,938,0
351,1006,1666,1176,1330,933,0
351,1006,1666,1176,1328,927,0
351,1006,1666,1176,1320,917,0
351,1006,1666,1176,1319,913,0
351,1006,1666,1176,1316,910,0
351,1006,1666,1176,1311,903,0
351,1006,1666,1176,1309,899,0
351,1006,1666,1176,1307,897,0
351,1006,1666,1176,1306,896,0
351,1006,1666,1176,1305,895,0
351,1006,1666,1176,1304,893,0
351,1006,1666,1176,1303,891,0
351,1006,1666,1176,1301,889,0
351,1006,1666,1176,1300,887,0
351,1006,1666,1176,1298,885,0
351,1006,1666,1176,1294,880,0
351,1006,1666,1176,1292,877,0
351,1006,1666,1176,1289,873,0
351,1006,1666,1176,1288,871,0
351,1006,1666,1176,1287,869,0
351,1006,1666,1176,1285,866,0
351,1006,1666,1176,1284,863,0
351,1006,1666,1176,1282,856,0
351,1006,1666,1176,1279,853,0
351,1006,1666,1176,1278,849,0
351,1006,1666,1176,1274,840,0
351,1006,1666,1176,1272,835,0
351,1006,1666,1176,1270,831,0
351,1006,1666,1176,1267,824,0
351,1006,1666,1176,1266,820,0
351,1006,1666,1176,1265,818,0
351,1006,1666,1176,1264,815,0
351,1006,1666,1176,1263,813,0
351,1006,1666,1176,1261,810,0
351,1006,1666,1176,1260,807,0
351,1006,1666,1176,1258,805,0
351,1006,1666,1176,1254,799,0
351,1006,1666,1176,1252,795,0
351,1006,1666,1176,1248,788,0
351,1006,1666,1176,1246,785,0
351,1006,1666,1176,1245,781,0
351,1006,1666,1176,1242,776,0
351,1006,1666,1176,1241,773,0
351,1006,1666,1176,1238,769,0
351,1006,1666,1176,1237,766,0
351,1006,1666,1176,1236,764,0
351,1006,1666,1176,1233,758,0
351,1006,1666,1176,1232,755,0
351,1006,1666,1176,1230,751,0
351,1006,1666,1176,1227,744,0
351,1006,1666,1176,1225,740,0
351,1006,1666,1176,1223,734,0
351,1006,1666,1176,1222,732,0
351,1006,1666,1176,1221,729,0
351,1006,1666,1176,1219,725,0
351,1006,1666,1176,1218,723,0
351,1006,1666,1176,1216,719,0
351,1006,1666,1176,1215,717,0
351,1006,1666,1176,1214,714,0
351,1006,1666,1176,1211,708,0
351,1006,1666,1176,1210,706,0
351,1006,1666,1176,1208,700,0
351,1006,1666,1176,1206,698,0
351,1006,1666,1176,1205,695,0
351,1006,1666,1176,1202,689,0
351,1006,1666,1176,1201,686,0
351,1006,1666,1176,1200,682,0
351,1006,1666,1176,1199,680,0
351,1006,1666,1176,1198,679,0
351,1006,1666,1176,1197,675,0
351,1006,1666,1176,1196,673,0
351,1006,1666,1176,1194,669,0
351,1006,1666,1176,1193,666,0
351,1006,1666,1176,1192,664,0
351,1006,1666,1176,1190,659,0
351,1006,1666,1176,1188,657,0
351,1006,1666,1176,1187,654,0
351,1006,1666,1176,1185,648,0
351,1006,1666,1176,1184,645,0
351,1006,1666,1176,1181,640,0
351,1006,1666,1176,1180,636,0
351,1006,1666,1176,1179,634,0
351,1006,1666,1176,1177,627,0
351,1006,1666,1176,1175,625,0
351,1006,1666,1176,1173,618,0
351,1006,1666,1176,1172,615,0
351,1006,1666,1176,1170,611,0
351,1006,1666,1176,1165,602,0
351,1006,1666,1176,1164,599,0
351,1006,1666,1176,1163,595,0
351,1006,1666,1176,1160,588,0
351,1006,1666,1176,1159,582,0
351,1006,1666,1176,1156,571,0
351,1006,1666,1176,1154,567,0
351,1006,1666,1176,1152,563,0
351,1006,1666,1176,1148,552,0
351,1006,1666,1176,1146,548,0
351,1006,1666,1176,1142,538,0
351,1006,1666,1176,1140,534,0
351,1006,1666,1176,1139,530,0
351,1006,1666,1176,1136,524,0
351,1006,1666,1176,1135,521,0
351,1006,1666,1176,1133,518,0
351,1006,1666,1176,1128,511,0
351,1006,1666,1176,1126,506,0
351,1006,1666,1176,1123,500,0
351,1006,1666,1176,1121,497,0
351,1006,1666,1176,1119,494,0
351,1006,1666,1176,1115,488,0
351,1006,1666,1176,1114,485,0
351,1006,1666,1176,1112,480,0
351,1006,1666,1176,1110,477,0
351,1006,1666,1176,1109,475,0
351,1006,1666,1176,1107,472,0
351,1006,1666,1176,1106,470,0
351,1006,1666,1176,1102,465,0
351,1006,1666,1176,1101,463,0
351,1006,1666,1176,1100,460,0
351,1006,1666,1176,1097,455,0
351,1006,1666,1176,1096,453,0
351,1006,1666,1176,1094,449,0
351,1006,1666,1176,1093,448,0
351,1006,1666,1176,1092,446,0
351,1006,1666,1176,1089,441,0
351,1006,1666,1176,1087,439,0
351,1006,1666,1176,1086,437,0
351,1006,1666,1176,1083,432,0
351,1006,1666,1176,1083,429,0
351,1006,1666,1176,1080,424,0
351,1006,1666,1176,1079,422,0
351,1006,1666,1176,1078,419,0
351,1006,1666,1176,1076,415,0
351,1006,1666,1176,1075,413,0
351,1006,1666,1176,1073,408,0
351,1006,1666,1176,1071,405,0
351,1006,1666,1176,1069,402,0
351,1006,1666,1176,1067,397,0
351,1006,1666,1176,1066,395,0
351,1006,1666,1176,1064,391,0
351,1006,1666,1176,1063,388,0
351,1006,1666,1176,1061,386,0
351,1006,1666,1176,1059,383,0
351,1006,1666,1176,1059,381,0
351,1006,1666,1176,1058,380,0
351,1006,1666,1176,1058,379,0
351,1006,1666,1176,1057,378,0
351,1006,1666,1176,1057,378,0
351,1006,1666,1176,1056,377,0
351,1006,1666,1176,1056,376,0
351,1006,1666,1176,1055,375,0
351,1006,1666,1176,1055,374,0
351,1006,1666,1176,1055,374,0
351,1006,1666,1176,1055,374,0
351,1006,1666,1176,1055,374,0
351,1006,1666,1176,1055,374,0
351,1006,1666,1176,1055,374,0
351,1006,1666,1176,1055,374,0
351,1006,1666,1176,1055,374,0
351,1006,1666,1176,1055,374,0
