351,1006,1666,1176,925,380,0
351,1006,1666,1176,925,380,0
351,1006,1666,1176,925,380,0
351,1006,1666,1176,925,380,0
351,1006,1666,1176,925,380,0
351,1006,1666,1176,925,380,0
351,1006,1666,1176,925,380,0
351,1006,1666,1176,925,380,0
351,1006,1666,1176,925,380,0
351,1006,1666,1176,925,380,0
351,1006,1666,1176,925,380,0
351,1006,1666,1176,925,380,0
351,1006,1666,1176,925,380,0
351,1006,1666,1176,925,380,0
351,1006,1666,1176,925,380,0
351,1006,1666,1176,925,380,0
351,1006,1666,1176,925,380,0
351,1006,1666,1176,925,380,0
351,1006,1666,1176,925,380,0
351,1006,1666,1176,925,380,0
351,1006,1666,1176,925,382,0
351,1006,1666,1176,925,387,0
351,1006,1666,1176,925,395,0
351,1006,1666,1176,922,416,0
351,1006,1666,1176,920,429,0
351,1006,1666,1176,913,451,0
351,1006,1666,1176,910,462,0
351,1006,1666,1176,905,480,0
351,1006,1666,1176,902,485,0
351,1006,1666,1176,901,491,0
351,1006,1666,1176,899,500,0
351,1006,1666,1176,898,502,0
351,1006,1666,1176,898,505,0
351,1006,1666,1176,895,512,0
351,1006,1666,1176,895,514,0
351,1006,1666,1176,893,520,0
351,1006,1666,1176,892,523,0
351,1006,1666,1176,891,525,0
351,1006,1666,1176,889,531,0
351,1006,1666,1176,889,535,0
351,1006,1666,1176,886,540,0
351,1006,1666,1176,885,543,0
351,1006,1666,1176,884,550,0
351,1006,1666,1176,883,553,0
351,1006,1666,1176,882,556,0
351,1006,1666,1176,880,562,0
351,1006,1666,1176,879,565,0
351,1006,1666,1176,877,572,0
351,1006,1666,1176,876,575,0
351,1006,1666,1176,873,582,0
351,1006,1666,1176,872,585,0
351,1006,1666,1176,871,589,0
351,1006,1666,1176,868,595,0
351,1006,1666,1176,868,598,0
351,1006,1666,1176,867,600,0
351,1006,1666,1176,865,605,0
351,1006,1666,1176,865,607,0
351,1006,1666,1176,864,612,0
351,1006,1666,1176,863,614,0
351,1006,1666,1176,862,618,0
351,1006,1666,1176,861,621,0
351,1006,1666,1176,860,625,0
351,1006,1666,1176,860,627,0
351,1006,1666,1176,859,630,0
351,1006,1666,1176,858,631,0
351,1006,1666,1176,858,633,0
351,1006,1666,1176,857,635,0
351,1006,1666,1176,856,637,0
351,1006,1666,1176,856,639,0
351,1006,1666,1176,855,642,0
351,1006,1666,1176,855,644,0
351,1006,1666,1176,853,647,0
351,1006,1666,1176,853,649,0
351,1006,1666,1176,852,652,0
351,1006,1666,1176,851,653,0
351,1006,1666,1176,851,655,0
351,1006,1666,1176,850,658,0
351,1006,1666,1176,849,660,0
351,1006,1666,1176,848,663,0
351,1006,1666,1176,847,665,0
351,1006,1666,1176,846,667,0
351,1006,1666,1176,845,671,0
351,1006,1666,1176,844,673,0
351,1006,1666,1176,842,677,0
351,1006,1666,1176,841,679,0
351,1006,1666,1176,840,682,0
351,1006,1666,1176,838,686,0
351,1006,1666,1176,837,688,0
351,1006,1666,1176,835,692,0
351,1006,1666,1176,834,695,0
351,1006,1666,1176,833,697,0
351,1006,1666,1176,830,702,0
351,1006,1666,1176,829,704,0
351,1006,1666,1176,828,710,0
351,1006,1666,1176,827,712,0
351,1006,1666,1176,825,716,0
351,1006,1666,1176,825,719,0
351,1006,1666,1176,824,722,0
351,1006,1666,1176,823,728,0
351,1006,1666,1176,822,731,0
351,1006,1666,1176,821,737,0
351,1006,1666,1176,820,740,0
351,1006,1666,1176,820,743,0
351,1006,1666,1176,819,748,0
351,1006,1666,1176,818,751,0
351,1006,1666,1176,818,757,0
351,1006,1666,1176,817,760,0
351,1006,1666,1176,817,763,0
351,1006,1666,1176,816,771,0
351,1006,1666,1176,816,775,0
351,1006,1666,1176,814,782,0
351,1006,1666,1176,814,785,0
351,1006,1666,1176,813,789,0
351,1006,1666,1176,811,795,0
351,1006,1666,1176,810,798,0
351,1006,1666,1176,809,804,0
351,1006,1666,1176,808,807,0
351,1006,1666,1176,806,811,0
351,1006,1666,1176,806,813,0
351,1006,1666,1176,804,818,0
351,1006,1666,1176,804,820,0
351,1006,1666,1176,803,822,0
351,1006,1666,1176,801,827,0
351,1006,1666,1176,801,830,0
351,1006,1666,1176,799,834,0
351,1006,1666,1176,799,836,0
351,1006,1666,1176,798,837,0
351,1006,1666,1176,798,839,0
351,1006,1666,1176,797,841,0
351,1006,1666,1176,797,842,0
351,1006,1666,1176,796,844,0
351,1006,1666,1176,795,845,0
351,1006,1666,1176,793,849,0
351,1006,1666,1176,792,851,0
351,1006,1666,1176,791,853,0
351,1006,1666,1176,789,856,0
351,1006,1666,1176,788,858,0
351,1006,1666,1176,785,862,0
351,1006,1666,1176,783,865,0
351,1006,1666,1176,781,869,0
351,1006,1666,1176,780,872,0
351,1006,1666,1176,779,874,0
351,1006,1666,1176,777,879,0
351,1006,1666,1176,776,881,0
351,1006,1666,1176,772,886,0
351,1006,1666,1176,771,889,0
351,1006,1666,1176,767,893,0
351,1006,1666,1176,766,896,0
351,1006,1666,1176,764,898,0
351,1006,1666,1176,761,903,0
351,1006,1666,1176,759,905,0
351,1006,1666,1176,756,910,0
351,1006,1666,1176,755,911,0
351,1006,1666,1176,753,915,0
351,1006,1666,1176,752,916,0
351,1006,1666,1176,752,917,0
351,1006,1666,1176,750,919,0
351,1006,1666,1176,749,921,0
351,1006,1666,1176,748,922,0
351,1006,1666,1176,745,925,0
351,1006,1666,1176,744,927,0
351,1006,1666,1176,740,930,0
351,1006,1666,1176,739,932,0
351,1006,1666,1176,737,934,0
351,1006,1666,1176,733,939,0
351,1006,1666,1176,731,941,0
351,1006,1666,1176,728,945,0
351,1006,1666,1176,726,947,0
351,1006,1666,1176,724,950,0
351,1006,1666,1176,722,952,0
351,1006,1666,1176,721,953,0
351,1006,1666,1176,718,956,0
351,1006,1666,1176,717,957,0
351,1006,1666,1176,714,960,0
351,1006,1666,1176,713,962,0
351,1006,1666,1176,712,964,0
351,1006,1666,1176,709,968,0
351,1006,1666,1176,708,970,0
351,1006,1666,1176,705,974,0
351,1006,1666,1176,703,976,0
351,1006,1666,1176,702,978,0
351,1006,1666,1176,700,982,0
351,1006,1666,1176,698,983,0
351,1006,1666,1176,696,987,0
351,1006,1666,1176,695,989,0
351,1006,1666,1176,692,993,0
351,1006,1666,1176,691,995,0
351,1006,1666,1176,690,997,0
351,1006,1666,1176,688,1001,0
351,1006,1666,1176,687,1003,0
351,1006,1666,1176,684,1009,0
351,1006,1666,1176,683,1011,0
351,1006,1666,1176,679,1016,0
351,1006,1666,1176,678,1019,0
351,1006,1666,1176,677,1021,0
351,1006,1666,1176,675,1026,0
351,1006,1666,1176,673,1028,0
351,1006,1666,1176,670,1033,0
351,1006,1666,1176,669,1035,0
351,1006,1666,1176,667,1039,0
351,1006,1666,1176,666,1041,0
351,1006,1666,1176,664,1044,0
351,1006,1666,1176,663,1045,0
351,1006,1666,1176,662,1046,0
351,1006,1666,1176,662,1046,0
351,1006,1666,1176,662,1046,0
351,1006,1666,1176,662,1046,0
351,1006,1666,1176,661,1048,0
351,1006,1666,1176,660,1050,0
351,1006,1666,1176,659,1052,0
351,1006,1666,1176,657,1054,0
351,1006,1666,1176,656,1056,0
351,1006,1666,1176,655,1058,0
351,1006,1666,1176,654,1060,0
351,1006,1666,1176,653,1062,0
351,1006,1666,1176,652,1063,0
351,1006,1666,1176,651,1066,0
351,1006,1666,1176,650,1068,0
351,1006,1666,1176,648,1072,0
351,1006,1666,1176,648,1074,0
351,1006,1666,1176,646,1077,0
351,1006,1666,1176,645,1079,0
351,1006,1666,1176,645,1080,0
351,1006,1666,1176,644,1083,0
351,1006,1666,1176,643,1085,0
351,1006,1666,1176,643,1086,0
351,1006,1666,1176,642,1088,0
351,1006,1666,1176,641,1089,0
351,1006,1666,1176,640,1091,0
351,1006,1666,1176,639,1093,0
351,1006,1666,1176,639,1094,0
351,1006,1666,1176,638,1096,0
351,1006,1666,1176,638,1097,0
351,1006,1666,1176,637,1099,0
351,1006,1666,1176,637,1100,0
351,1006,1666,1176,636,1101,0
351,1006,1666,1176,634,1105,0
351,1006,1666,1176,633,1106,0
351,1006,1666,1176,632,1109,0
351,1006,1666,1176,632,1111,0
351,1006,1666,1176,631,1114,0
351,1006,1666,1176,630,1115,0
351,1006,1666,1176,630,1116,0
351,1006,1666,1176,630,1118,0
351,1006,1666,1176,630,1119,0
351,1006,1666,1176,629,1120,0
351,1006,1666,1176,629,1120,0
351,1006,1666,1176,629,1120,0
351,1006,1666,1176,629,1120,0
351,1006,1666,1176,629,1120,0
351,1006,1666,1176,629,1120,0
351,1006,1666,1176,629,1121,0
351,1006,1666,1176,629,1121,0
351,1006,1666,1176,628,1123,0
351,1006,1666,1176,627,1124,0
351,1006,1666,1176,626,1126,0
351,1006,1666,1176,625,1128,0
351,1006,1666,1176,624,1129,0
351,1006,1666,1176,623,1132,0
351,1006,1666,1176,623,1134,0
351,1006,1666,1176,622,1136,0
351,1006,1666,1176,622,1137,0
351,1006,1666,1176,621,1138,0
351,1006,1666,1176,620,1140,0
351,1006,1666,1176,620,1141,0
351,1006,1666,1176,619,1142,0
351,1006,1666,1176,618,1143,0
351,1006,1666,1176,618,1144,0
351,1006,1666,1176,618,1145,0
351,1006,1666,1176,617,1146,0
351,1006,1666,1176,617,1147,0
351,1006,1666,1176,616,1148,0
351,1006,1666,1176,616,1149,0
351,1006,1666,1176,615,1151,0
351,1006,1666,1176,615,1152,0
351,1006,1666,1176,615,1153,0
351,1006,1666,1176,615,1155,0
351,1006,1666,1176,614,1155,0
351,1006,1666,1176,614,1157,0
351,1006,1666,1176,614,1157,0
351,1006,1666,1176,614,1158,0
351,1006,1666,1176,613,1161,0
351,1006,1666,1176,612,1162,0
351,1006,1666,1176,612,1163,0
351,1006,1666,1176,612,1164,0
351,1006,1666,1176,612,1164,0
351,1006,1666,1176,612,1164,0
351,1006,1666,1176,612,1164,0
351,1006,1666,1176,612,1165,0
351,1006,1666,1176,612,1166,0
351,1006,1666,1176,612,1167,0
351,1006,1666,1176,612,1167,0
351,1006,1666,1176,612,1167,0
351,1006,1666,1176,612,1168,0
351,1006,1666,1176,612,1169,0
351,1006,1666,1176,612,1170,0
351,1006,1666,1176,612,1170,0
351,1006,1666,1176,612,1172,0
351,1006,1666,1176,612,1172,0
351,1006,1666,1176,612,1173,0
351,1006,1666,1176,611,1174,0
351,1006,1666,1176,611,1175,0
351,1006,1666,1176,611,1175,0
351,1006,1666,1176,611,1175,0
351,1006,1666,1176,611,1176,0
351,1006,1666,1176,611,1176,0
351,1006,1666,1176,611,1177,0
351,1006,1666,1176,611,1177,0
351,1006,1666,1176,611,1178,0
351,1006,1666,1176,611,1178,0
351,1006,1666,1176,611,1178,0
351,1006,1666,1176,611,1178,0
351,1006,1666,1176,611,1178,0
351,1006,1666,1176,611,1178,0
351,1006,1666,1176,611,1178,0
351,1006,1666,1176,611,1178,0
351,1006,1666,1176,611,1178,0
351,1006,1666,1176,611,1179,0
351,1006,1666,1176,610,1180,0
351,1006,1666,1176,610,1180,0
351,1006,1666,1176,610,1180,0
351,1006,1666,1176,610,1180,0
351,1006,1666,1176,610,1180,0
351,1006,1666,1176,610,1180,0
351,1006,1666,1176,610,1180,0
351,1006,1666,1176,610,1180,0
351,1006,1666,1176,610,1180,0
351,1006,1666,1176,610,1180,0
351,1006,1666,1176,610,1180,0
351,1006,1666,1176,610,1180,0
351,1006,1666,1176,610,1180,0
351,1006,1666,1176,610,1180,1
351,1006,1666,1176,610,1181,1
351,1006,1666,1176,610,1182,1
351,1006,1666,1176,609,1182,1
351,1006,1666,1176,609,1183,1
351,1006,1666,1176,608,1184,1
351,1006,1666,1176,608,1184,1
351,1006,1666,1176,608,1184,1
351,1006,1666,1176,608,1184,1
351,1006,1666,1176,608,1184,1
351,1006,1666,1176,608,1184,1
351,1006,1666,1176,608,1184,1
351,1006,1666,1176,608,1184,1
351,1006,1666,1176,608,1184,1
351,1006,1666,1176,608,1184,1
351,1006,1666,1176,608,1184,1
351,1006,1666,1176,608,1184,1
351,1006,1666,1176,608,1184,1
351,1006,1666,1176,608,1184,1
351,1006,1666,1176,608,1184,1
351,1006,1666,1176,608,1184,1
351,1006,1666,1176,608,1184,1
351,1006,1666,1176,608,1184,1
351,1006,1666,1176,608,1184,1
351,1006,1666,1176,608,1184,1
351,1006,1666,1176,608,1184,1
351,1006,1666,1176,608,1184,1
351,1006,1666,1176,608,1184,1
351,1006,1666,1176,608,1184,1
351,1006,1666,1176,609,1183,1
351,1006,1666,1176,610,1183,1
351,1006,1666,1176,613,1181,1
351,1006,1666,1176,616,1180,1
351,1006,1666,1176,619,1179,1
351,1006,1666,1176,625,1177,1
351,1006,1666,1176,629,1176,1
351,1006,1666,1176,636,1174,1
351,1006,1666,1176,639,1174,1
351,1006,1666,1176,643,1173,1
351,1006,1666,1176,645,1173,1
351,1006,1666,1176,646,1173,1
351,1006,1666,1176,651,1172,1
351,1006,1666,1176,654,1172,1
351,1006,1666,1176,658,1171,1
351,1006,1666,1176,668,1170,1
351,1006,1666,1176,672,1169,1
351,1006,1666,1176,678,1168,1
351,1006,1666,1176,680,1168,1
351,1006,1666,1176,682,1168,1
351,1006,1666,1176,687,1167,1
351,1006,1666,1176,689,1167,1
351,1006,1666,1176,693,1166,1
351,1006,1666,1176,695,1166,1
351,1006,1666,1176,703,1166,1
351,1006,1666,1176,707,1166,1
351,1006,1666,1176,711,1166,1
351,1006,1666,1176,718,1166,1
351,1006,1666,1176,721,1166,1
351,1006,1666,1176,726,1166,1
351,1006,1666,1176,728,1166,1
351,1006,1666,1176,731,1166,1
351,1006,1666,1176,736,1166,1
351,1006,1666,1176,740,1166,1
351,1006,1666,1176,745,1166,1
351,1006,1666,1176,748,1166,1
351,1006,1666,1176,751,1166,1
351,1006,1666,1176,758,1164,1
351,1006,1666,1176,762,1164,1
351,1006,1666,1176,768,1163,1
351,1006,1666,1176,772,1163,1
351,1006,1666,1176,775,1163,1
351,1006,1666,1176,783,1162,1
351,1006,1666,1176,787,1162,1
351,1006,1666,1176,791,1161,1
351,1006,1666,1176,798,1161,1
351,1006,1666,1176,805,1161,1
351,1006,1666,1176,811,1160,1
351,1006,1666,1176,815,1160,1
351,1006,1666,1176,821,1158,1
351,1006,1666,1176,824,1158,1
351,1006,1666,1176,827,1157,1
351,1006,1666,1176,832,1156,1
351,1006,1666,1176,835,1156,1
351,1006,1666,1176,840,1155,1
351,1006,1666,1176,846,1154,1
351,1006,1666,1176,852,1153,1
351,1006,1666,1176,855,1153,1
351,1006,1666,1176,857,1152,1
351,1006,1666,1176,862,1152,1
351,1006,1666,1176,864,1151,1
351,1006,1666,1176,868,1151,1
351,1006,1666,1176,869,1151,1
351,1006,1666,1176,870,1150,1
351,1006,1666,1176,872,1150,1
351,1006,1666,1176,874,1150,1
351,1006,1666,1176,875,1150,1
351,1006,1666,1176,878,1149,1
351,1006,1666,1176,880,1149,1
351,1006,1666,1176,886,1149,1
351,1006,1666,1176,890,1149,1
351,1006,1666,1176,894,1149,1
351,1006,1666,1176,903,1149,1
351,1006,1666,1176,906,1149,1
351,1006,1666,1176,912,1148,1
351,1006,1666,1176,914,1148,1
351,1006,1666,1176,918,1147,1
351,1006,1666,1176,920,1147,1
351,1006,1666,1176,922,1147,1
351,1006,1666,1176,927,1147,1
351,1006,1666,1176,930,1147,1
351,1006,1666,1176,937,1146,1
351,1006,1666,1176,940,1146,1
351,1006,1666,1176,944,1146,1
351,1006,1666,1176,951,1145,1
351,1006,1666,1176,954,1145,1
351,1006,1666,1176,958,1145,1
351,1006,1666,1176,966,1145,1
351,1006,1666,1176,972,1145,1
351,1006,1666,1176,980,1145,1
351,1006,1666,1176,983,1145,1
351,1006,1666,1176,986,1145,1
351,1006,1666,1176,994,1145,1
351,1006,1666,1176,996,1145,1
351,1006,1666,1176,1002,1145,1
351,1006,1666,1176,1005,1144,1
351,1006,1666,1176,1010,1144,1
351,1006,1666,1176,1013,1144,1
351,1006,1666,1176,1015,1144,1
351,1006,1666,1176,1018,1144,1
351,1006,1666,1176,1020,1144,1
351,1006,1666,1176,1021,1144,1
351,1006,1666,1176,1022,1144,1
351,1006,1666,1176,1023,1144,1
351,1006,1666,1176,1025,1144,1
351,1006,1666,1176,1026,1144,1
351,1006,1666,1176,1030,1144,1
351,1006,1666,1176,1033,1144,1
351,1006,1666,1176,1037,1144,1
351,1006,1666,1176,1045,1144,1
351,1006,1666,1176,1049,1144,1
351,1006,1666,1176,1053,1144,1
351,1006,1666,1176,1060,1144,1
351,1006,1666,1176,1067,1144,1
351,1006,1666,1176,1071,1144,1
351,1006,1666,1176,1075,1144,1
351,1006,1666,1176,1079,1144,1
351,1006,1666,1176,1090,1144,1
351,1006,1666,1176,1096,1144,1
351,1006,1666,1176,1104,1144,1
351,1006,1666,1176,1108,1144,1
351,1006,1666,1176,1115,1144,1
351,1006,1666,1176,1119,1144,1
351,1006,1666,1176,1125,1144,1
351,1006,1666,1176,1128,1144,1
351,1006,1666,1176,1135,1144,1
351,1006,1666,1176,1138,1144,1
351,1006,1666,1176,1144,1143,1
351,1006,1666,1176,1148,1143,1
351,1006,1666,1176,1155,1143,1
351,1006,1666,1176,1158,1143,1
351,1006,1666,1176,1161,1143,1
351,1006,1666,1176,1168,1143,1
351,1006,1666,1176,1172,1143,1
351,1006,1666,1176,1182,1143,1
351,1006,1666,1176,1186,1143,1
351,1006,1666,1176,1194,1143,1
351,1006,1666,1176,1198,1143,1
351,1006,1666,1176,1202,1143,1
351,1006,1666,1176,1210,1143,1
351,1006,1666,1176,1213,1143,1
351,1006,1666,1176,1218,1143,1
351,1006,1666,1176,1226,1143,1
351,1006,1666,1176,1232,1143,1
351,1006,1666,1176,1241,1143,1
351,1006,1666,1176,1244,1143,1
351,1006,1666,1176,1247,1142,1
351,1006,1666,1176,1249,1142,1
351,1006,1666,1176,1250,1142,1
351,1006,1666,1176,1253,1141,1
351,1006,1666,1176,1255,1141,1
351,1006,1666,1176,1259,1141,1
351,1006,1666,1176,1263,1140,1
351,1006,1666,1176,1267,1140,1
351,1006,1666,1176,1277,1140,1
351,1006,1666,1176,1282,1139,1
351,1006,1666,1176,1292,1138,1
351,1006,1666,1176,1297,1138,1
351,1006,1666,1176,1301,1138,1
351,1006,1666,1176,1312,1138,1
351,1006,1666,1176,1316,1138,1
351,1006,1666,1176,1321,1138,1
351,1006,1666,1176,1330,1139,1
351,1006,1666,1176,1334,1139,1
351,1006,1666,1176,1342,1139,1
351,1006,1666,1176,1347,1139,1
351,1006,1666,1176,1351,1139,1
351,1006,1666,1176,1358,1139,1
351,1006,1666,1176,1361,1139,1
351,1006,1666,1176,1366,1139,1
351,1006,1666,1176,1369,1140,1
351,1006,1666,1176,1378,1139,1
351,1006,1666,1176,1382,1140,1
351,1006,1666,1176,1386,1140,1
351,1006,1666,1176,1394,1140,1
351,1006,1666,1176,1398,1140,1
351,1006,1666,1176,1407,1140,1
351,1006,1666,1176,1411,1140,1
351,1006,1666,1176,1417,1141,1
351,1006,1666,1176,1420,1141,1
351,1006,1666,1176,1425,1142,1
351,1006,1666,1176,1432,1143,1
351,1006,1666,1176,1435,1143,1
351,1006,1666,1176,1442,1143,1
351,1006,1666,1176,1444,1143,1
351,1006,1666,1176,1445,1143,1
351,1006,1666,1176,1446,1143,1
351,1006,1666,1176,1446,1143,1
351,1006,1666,1176,1447,1143,1
351,1006,1666,1176,1448,1143,1
351,1006,1666,1176,1452,1143,1
351,1006,1666,1176,1455,1142,1
351,1006,1666,1176,1462,1141,1
351,1006,1666,1176,1465,1140,1
351,1006,1666,1176,1469,1140,1
351,1006,1666,1176,1474,1139,1
351,1006,1666,1176,1476,1139,1
351,1006,1666,1176,1479,1138,1
351,1006,1666,1176,1480,1138,1
351,1006,1666,1176,1483,1137,1
351,1006,1666,1176,1485,1137,1
351,1006,1666,1176,1488,1137,1
351,1006,1666,1176,1494,1136,1
351,1006,1666,1176,1497,1135,1
351,1006,1666,1176,1501,1134,1
351,1006,1666,1176,1502,1134,1
351,1006,1666,1176,1503,1134,1
351,1006,1666,1176,1503,1134,1
351,1006,1666,1176,1503,1134,1
351,1006,1666,1176,1505,1134,1
351,1006,1666,1176,1506,1134,1
351,1006,1666,1176,1508,1134,1
351,1006,1666,1176,1513,1133,1
351,1006,1666,1176,1515,1133,1
351,1006,1666,1176,1520,1133,1
351,1006,1666,1176,1520,1133,1
351,1006,1666,1176,1521,1133,1
351,1006,1666,1176,1521,1133,1
351,1006,1666,1176,1521,1133,1
351,1006,1666,1176,1521,1133,1
351,1006,1666,1176,1521,1133,1
351,1006,1666,1176,1521,1133,1
351,1006,1666,1176,1521,1133,1
351,1006,1666,1176,1522,1133,1
351,1006,1666,1176,1524,1132,1
351,1006,1666,1176,1525,1132,1
351,1006,1666,1176,1525,1132,1
351,1006,1666,1176,1525,1132,1
351,1006,1666,1176,1525,1132,1
351,1006,1666,1176,1525,1132,1
351,1006,1666,1176,1525,1132,1
351,1006,1666,1176,1525,1132,1
351,1006,1666,1176,1525,1132,1
351,1006,1666,1176,1526,1132,1
351,1006,1666,1176,1530,1132,1
351,1006,1666,1176,1532,1132,1
351,1006,1666,1176,1533,1132,1
351,1006,1666,1176,1534,1132,1
351,1006,1666,1176,1536,1131,1
351,1006,1666,1176,1539,1131,1
351,1006,1666,1176,1542,1130,1
351,1006,1666,1176,1548,1129,1
351,1006,1666,1176,1550,1129,1
351,1006,1666,1176,1553,1127,1
351,1006,1666,1176,1553,1127,1
351,1006,1666,1176,1553,1127,1
351,1006,1666,1176,1553,1127,1
351,1006,1666,1176,1553,1127,1
351,1006,1666,1176,1553,1127,1
351,1006,1666,1176,1553,1127,1
351,1006,1666,1176,1553,1127,1
351,1006,1666,1176,1554,1127,1
351,1006,1666,1176,1555,1126,1
351,1006,1666,1176,1556,1125,1
351,1006,1666,1176,1556,1125,1
351,1006,1666,1176,1556,1125,1
351,1006,1666,1176,1556,1125,1
351,1006,1666,1176,1556,1125,1
351,1006,1666,1176,1556,1125,1
351,1006,1666,1176,1556,1125,1
351,1006,1666,1176,1556,1125,1
351,1006,1666,1176,1556,1125,1
351,1006,1666,1176,1555,1125,0
351,1006,1666,1176,1555,1125,0
351,1006,1666,1176,1555,1125,0
351,1006,1666,1176,1555,1125,0
351,1006,1666,1176,1555,1125,0
351,1006,1666,1176,1555,1125,0
351,1006,1666,1176,1555,1125,0
351,1006,1666,1176,1555,1125,0
351,1006,1666,1176,1555,1125,0
351,1006,1666,1176,1555,1125,0
351,1006,1666,1176,1555,1125,0
351,1006,1666,1176,1555,1125,0
351,1006,1666,1176,1555,1125,0
351,1006,1666,1176,1555,1125,0
351,1006,1666,1176,1555,1125,0
351,1006,1666,1176,1555,1125,0
351,1006,1666,1176,1555,1125,0
351,1006,1666,1176,1555,1125,0
351,1006,1666,1176,1555,1125,0
351,1006,1666,1176,1555,1125,0
351,1006,1666,1176,1555,1125,0
351,1006,1666,1176,1555,1125,0
351,1006,1666,1176,1554,1123,0
351,1006,1666,1176,1551,1120,0
351,1006,1666,1176,1546,1116,0
351,1006,1666,1176,1545,1114,0
351,1006,1666,1176,1542,1111,0
351,1006,1666,1176,1540,1109,0
351,1006,1666,1176,1538,1107,0
351,1006,1666,1176,1535,1103,0
351,1006,1666,1176,1534,1101,0
351,1006,1666,1176,1532,1098,0
351,1006,1666,1176,1530,1096,0
351,1006,1666,1176,1527,1091,0
351,1006,1666,1176,1525,1088,0
351,1006,1666,1176,1523,1085,0
351,1006,1666,1176,1517,1079,0
351,1006,1666,1176,1514,1076,0
351,1006,1666,1176,1510,1071,0
351,1006,1666,1176,1509,1069,0
351,1006,1666,1176,1508,1067,0
351,1006,1666,1176,1506,1064,0
351,1006,1666,1176,1505,1063,0
351,1006,1666,1176,1503,1060,0
351,1006,1666,1176,1502,1058,0
351,1006,1666,1176,1500,1056,0
351,1006,1666,1176,1497,1051,0
351,1006,1666,1176,1494,1048,0
351,1006,1666,1176,1491,1045,0
351,1006,1666,1176,1486,1040,0
351,1006,1666,1176,1483,1037,0
351,1006,1666,1176,1479,1032,0
351,1006,1666,1176,1477,1030,0
351,1006,1666,1176,1474,1025,0
351,1006,1666,1176,1472,1022,0
351,1006,1666,1176,1470,1020,0
351,1006,1666,1176,1467,1015,0
351,1006,1666,1176,1464,1012,0
351,1006,1666,1176,1457,1004,0
351,1006,1666,1176,1453,999,0
351,1006,1666,1176,1444,990,0
351,1006,1666,1176,1442,987,0
351,1006,1666,1176,1440,984,0
351,1006,1666,1176,1437,981,0
351,1006,1666,1176,1437,981,0
351,1006,1666,1176,1436,979,0
351,1006,1666,1176,1435,978,0
351,1006,1666,1176,1435,977,0
351,1006,1666,1176,1433,976,0
351,1006,1666,1176,1433,975,0
351,1006,1666,1176,1432,974,0
351,1006,1666,1176,1430,972,0
351,1006,1666,1176,1430,972,0
351,1006,1666,1176,1430,971,0
351,1006,1666,1176,1429,971,0
351,1006,1666,1176,1429,971,0
351,1006,1666,1176,1429,971,0
351,1006,1666,1176,1429,971,0
351,1006,1666,1176,1429,970,0
351,1006,1666,1176,1428,969,0
351,1006,1666,1176,1424,964,0
351,1006,1666,1176,1422,961,0
351,1006,1666,1176,1420,959,0
351,1006,1666,1176,1416,954,0
351,1006,1666,1176,1413,952,0
351,1006,1666,1176,1408,948,0
351,1006,1666,1176,1406,945,0
351,1006,1666,1176,1401,939,0
351,1006,1666,1176,1398,936,0
351,1006,1666,1176,1395,934,0
351,1006,1666,1176,1390,928,0
351,1006,1666,1176,1388,925,0
351,1006,1666,1176,1383,918,0
351,1006,1666,1176,1381,916,0
351,1006,1666,1176,1379,913,0
351,1006,1666,1176,1375,907,0
351,1006,1666,1176,1373,905,0
351,1006,1666,1176,1371,903,0
351,1006,1666,1176,1368,899,0
351,1006,1666,1176,1367,896,0
351,1006,1666,1176,1363,892,0
351,1006,1666,1176,1362,890,0
351,1006,1666,1176,1359,887,0
351,1006,1666,1176,1358,886,0
351,1006,1666,1176,1356,883,0
351,1006,1666,1176,1355,881,0
351,1006,1666,1176,1353,879,0
351,1006,1666,1176,1352,877,0
351,1006,1666,1176,1350,876,0
351,1006,1666,1176,1348,871,0
351,1006,1666,1176,1344,868,0
351,1006,1666,1176,1343,866,0
351,1006,1666,1176,1341,864,0
351,1006,1666,1176,1339,861,0
351,1006,1666,1176,1337,858,0
351,1006,1666,1176,1336,856,0
351,1006,1666,1176,1335,855,0
351,1006,1666,1176,1333,852,0
351,1006,1666,1176,1332,850,0
351,1006,1666,1176,1330,848,0
351,1006,1666,1176,1327,844,0
351,1006,1666,1176,1325,842,0
351,1006,1666,1176,1323,840,0
351,1006,1666,1176,1319,835,0
351,1006,1666,1176,1318,833,0
351,1006,1666,1176,1315,827,0
351,1006,1666,1176,1313,825,0
351,1006,1666,1176,1312,823,0
351,1006,1666,1176,1308,818,0
351,1006,1666,1176,1307,815,0
351,1006,1666,1176,1303,809,0
351,1006,1666,1176,1301,806,0
351,1006,1666,1176,1300,803,0
351,1006,1666,1176,1297,797,0
351,1006,1666,1176,1296,794,0
351,1006,1666,1176,1293,788,0
351,1006,1666,1176,1291,785,0
351,1006,1666,1176,1288,778,0
351,1006,1666,1176,1287,775,0
351,1006,1666,1176,1285,772,0
351,1006,1666,1176,1281,764,0
351,1006,1666,1176,1279,760,0
351,1006,1666,1176,1275,752,0
351,1006,1666,1176,1271,748,0
351,1006,1666,1176,1269,745,0
351,1006,1666,1176,1265,736,0
351,1006,1666,1176,1263,732,0
351,1006,1666,1176,1260,726,0
351,1006,1666,1176,1259,722,0
351,1006,1666,1176,1258,719,0
351,1006,1666,1176,1256,714,0
351,1006,1666,1176,1255,712,0
351,1006,1666,1176,1253,706,0
351,1006,1666,1176,1252,702,0
351,1006,1666,1176,1250,699,0
351,1006,1666,1176,1247,690,0
351,1006,1666,1176,1245,686,0
351,1006,1666,1176,1242,678,0
351,1006,1666,1176,1241,674,0
351,1006,1666,1176,1237,668,0
351,1006,1666,1176,1236,664,0
351,1006,1666,1176,1233,657,0
351,1006,1666,1176,1232,654,0
351,1006,1666,1176,1230,650,0
351,1006,1666,1176,1227,643,0
351,1006,1666,1176,1224,640,0
351,1006,1666,1176,1221,633,0
351,1006,1666,1176,1220,630,0
351,1006,1666,1176,1218,627,0
351,1006,1666,1176,1216,621,0
351,1006,1666,1176,1214,617,0
351,1006,1666,1176,1211,609,0
351,1006,1666,1176,1209,605,0
351,1006,1666,1176,1207,601,0
351,1006,1666,1176,1202,594,0
351,1006,1666,1176,1200,591,0
351,1006,1666,1176,1198,588,0
351,1006,1666,1176,1194,583,0
351,1006,1666,1176,1193,580,0
351,1006,1666,1176,1190,573,0
351,1006,1666,1176,1188,569,0
351,1006,1666,1176,1184,564,0
351,1006,1666,1176,1183,561,0
351,1006,1666,1176,1179,555,0
351,1006,1666,1176,1177,551,0
351,1006,1666,1176,1174,548,0
351,1006,1666,1176,1170,541,0
351,1006,1666,1176,1168,538,0
351,1006,1666,1176,1165,532,0
351,1006,1666,1176,1163,529,0
351,1006,1666,1176,1158,522,0
351,1006,1666,1176,1156,519,0
351,1006,1666,1176,1155,517,0
351,1006,1666,1176,1153,514,0
351,1006,1666,1176,1151,511,0
351,1006,1666,1176,1148,507,0
351,1006,1666,1176,1147,505,0
351,1006,1666,1176,1146,503,0
351,1006,1666,1176,1144,500,0
351,1006,1666,1176,1143,498,0
351,1006,1666,1176,1143,497,0
351,1006,1666,1176,1140,492,0
351,1006,1666,1176,1138,488,0
351,1006,1666,1176,1135,480,0
351,1006,1666,1176,1132,476,0
351,1006,1666,1176,1129,472,0
351,1006,1666,1176,1125,466,0
351,1006,1666,1176,1122,463,0
351,1006,1666,1176,1118,457,0
351,1006,1666,1176,1117,454,0
351,1006,1666,1176,1114,447,0
351,1006,1666,1176,1112,444,0
351,1006,1666,1176,1108,440,0
351,1006,1666,1176,1105,433,0
351,1006,1666,1176,1102,430,0
351,1006,1666,1176,1098,423,0
351,1006,1666,1176,1095,421,0
351,1006,1666,1176,1094,419,0
351,1006,1666,1176,1091,415,0
351,1006,1666,1176,1090,413,0
351,1006,1666,1176,1088,411,0
351,1006,1666,1176,1085,406,0
351,1006,1666,1176,1082,403,0
351,1006,1666,1176,1082,401,0
351,1006,1666,1176,1080,398,0
351,1006,1666,1176,1079,397,0
351,1006,1666,1176,1077,394,0
351,1006,1666,1176,1076,393,0
351,1006,1666,1176,1074,391,0
351,1006,1666,1176,1073,389,0
351,1006,1666,1176,1072,388,0
351,1006,1666,1176,1071,385,0
351,1006,1666,1176,1068,382,0
351,1006,1666,1176,1067,380,0
351,1006,1666,1176,1067,379,0
351,1006,1666,1176,1066,379,0
351,1006,1666,1176,1066,378,0
351,1006,1666,1176,1066,378,0
351,1006,1666,1176,1066,378,0
351,1006,1666,1176,1066,378,0
351,1006,1666,1176,1066,378,0
351,1006,1666,1176,1066,378,0
351,1006,1666,1176,1066,378,0
351,1006,1666,1176,1066,378,0
351,1006,1666,1176,1066,378,0
351,1006,1666,1176,1066,378,0
351,1006,1666,1176,1066,378,0
