351,1006,1666,1176,867,377,0
351,1006,1666,1176,867,376,0
351,1006,1666,1176,867,376,0
351,1006,1666,1176,867,376,0
351,1006,1666,1176,867,376,0
351,1006,1666,1176,867,376,0
351,1006,1666,1176,867,376,0
351,1006,1666,1176,867,376,0
351,1006,1666,1176,867,376,0
351,1006,1666,1176,867,376,0
351,1006,1666,1176,867,376,0
351,1006,1666,1176,867,377,0
351,1006,1666,1176,867,377,0
351,1006,1666,1176,867,377,0
351,1006,1666,1176,867,377,0
351,1006,1666,1176,867,377,0
351,1006,1666,1176,867,377,0
351,1006,1666,1176,866,377,0
351,1006,1666,1176,865,377,0
351,1006,1666,1176,862,377,0
351,1006,1666,1176,860,377,0
351,1006,1666,1176,857,377,0
351,1006,1666,1176,852,377,0
351,1006,1666,1176,850,377,0
351,1006,1666,1176,847,377,0
351,1006,1666,1176,843,376,0
351,1006,1666,1176,841,376,0
351,1006,1666,1176,837,376,0
351,1006,1666,1176,835,376,0
351,1006,1666,1176,829,375,0
351,1006,1666,1176,820,374,0
351,1006,1666,1176,817,373,0
351,1006,1666,1176,811,373,0
351,1006,1666,1176,809,373,0
351,1006,1666,1176,805,374,0
351,1006,1666,1176,803,374,0
351,1006,1666,1176,801,375,0
351,1006,1666,1176,795,375,0
351,1006,1666,1176,792,376,0
351,1006,1666,1176,787,378,0
351,1006,1666,1176,784,378,0
351,1006,1666,1176,778,380,0
351,1006,1666,1176,776,380,0
351,1006,1666,1176,775,380,0
351,1006,1666,1176,770,381,0
351,1006,1666,1176,769,381,0
351,1006,1666,1176,766,382,0
351,1006,1666,1176,764,382,0
351,1006,1666,1176,763,382,0
351,1006,1666,1176,759,382,0
351,1006,1666,1176,757,382,0
351,1006,1666,1176,751,384,0
351,1006,1666,1176,749,385,0
351,1006,1666,1176,745,386,0
351,1006,1666,1176,742,387,0
351,1006,1666,1176,736,389,0
351,1006,1666,1176,735,389,0
351,1006,1666,1176,732,390,0
351,1006,1666,1176,729,391,0
351,1006,1666,1176,728,391,0
351,1006,1666,1176,722,394,0
351,1006,1666,1176,720,395,0
351,1006,1666,1176,715,397,0
351,1006,1666,1176,713,399,0
351,1006,1666,1176,707,403,0
351,1006,1666,1176,704,403,0
351,1006,1666,1176,699,406,0
351,1006,1666,1176,696,407,0
351,1006,1666,1176,693,409,0
351,1006,1666,1176,688,413,0
351,1006,1666,1176,686,414,0
351,1006,1666,1176,684,415,0
351,1006,1666,1176,678,419,0
351,1006,1666,1176,676,421,0
351,1006,1666,1176,670,425,0
351,1006,1666,1176,667,427,0
351,1006,1666,1176,661,431,0
351,1006,1666,1176,659,433,0
351,1006,1666,1176,654,437,0
351,1006,1666,1176,651,439,0
351,1006,1666,1176,647,442,0
351,1006,1666,1176,645,444,0
351,1006,1666,1176,642,446,0
351,1006,1666,1176,638,450,0
351,1006,1666,1176,635,452,0
351,1006,1666,1176,630,456,0
351,1006,1666,1176,628,458,0
351,1006,1666,1176,628,458,0
351,1006,1666,1176,628,458,0
351,1006,1666,1176,626,459,0
351,1006,1666,1176,619,466,0
351,1006,1666,1176,618,468,0
351,1006,1666,1176,614,472,0
351,1006,1666,1176,612,474,0
351,1006,1666,1176,608,478,0
351,1006,1666,1176,606,481,0
351,1006,1666,1176,601,486,0
351,1006,1666,1176,599,488,0
351,1006,1666,1176,597,490,0
351,1006,1666,1176,595,494,0
351,1006,1666,1176,594,496,0
351,1006,1666,1176,591,499,0
351,1006,1666,1176,591,500,0
351,1006,1666,1176,588,504,0
351,1006,1666,1176,587,506,0
351,1006,1666,1176,584,510,0
351,1006,1666,1176,582,513,0
351,1006,1666,1176,581,516,0
351,1006,1666,1176,578,522,0
351,1006,1666,1176,576,525,0
351,1006,1666,1176,573,531,0
351,1006,1666,1176,571,534,0
351,1006,1666,1176,567,541,0
351,1006,1666,1176,566,544,0
351,1006,1666,1176,564,548,0
351,1006,1666,1176,560,555,0
351,1006,1666,1176,559,558,0
351,1006,1666,1176,556,564,0
351,1006,1666,1176,555,567,0
351,1006,1666,1176,554,571,0
351,1006,1666,1176,546,585,0
351,1006,1666,1176,545,590,0
351,1006,1666,1176,542,597,0
351,1006,1666,1176,541,599,0
351,1006,1666,1176,540,602,0
351,1006,1666,1176,539,604,0
351,1006,1666,1176,539,607,0
351,1006,1666,1176,536,616,0
351,1006,1666,1176,536,619,0
351,1006,1666,1176,536,623,0
351,1006,1666,1176,535,630,0
351,1006,1666,1176,535,633,0
351,1006,1666,1176,535,640,0
351,1006,1666,1176,534,644,0
351,1006,1666,1176,533,650,0
351,1006,1666,1176,533,653,0
351,1006,1666,1176,532,659,0
351,1006,1666,1176,531,662,0
351,1006,1666,1176,530,665,0
351,1006,1666,1176,529,671,0
351,1006,1666,1176,529,673,0
351,1006,1666,1176,527,679,0
351,1006,1666,1176,527,682,0
351,1006,1666,1176,526,688,0
351,1006,1666,1176,526,691,0
351,1006,1666,1176,525,694,0
351,1006,1666,1176,525,699,0
351,1006,1666,1176,524,702,0
351,1006,1666,1176,524,708,0
351,1006,1666,1176,524,711,0
351,1006,1666,1176,523,713,0
351,1006,1666,1176,522,719,0
351,1006,1666,1176,521,722,0
351,1006,1666,1176,520,729,0
351,1006,1666,1176,520,733,0
351,1006,1666,1176,520,739,0
351,1006,1666,1176,520,742,0
351,1006,1666,1176,519,748,0
351,1006,1666,1176,518,752,0
351,1006,1666,1176,518,760,0
351,1006,1666,1176,518,764,0
351,1006,1666,1176,517,769,0
351,1006,1666,1176,517,776,0
351,1006,1666,1176,517,779,0
351,1006,1666,1176,516,786,0
351,1006,1666,1176,516,790,0
351,1006,1666,1176,516,798,0
351,1006,1666,1176,516,801,0
351,1006,1666,1176,516,808,0
351,1006,1666,1176,515,813,0
351,1006,1666,1176,515,816,0
351,1006,1666,1176,514,823,0
351,1006,1666,1176,513,826,0
351,1006,1666,1176,511,833,0
351,1006,1666,1176,511,835,0
351,1006,1666,1176,511,838,0
351,1006,1666,1176,511,842,0
351,1006,1666,1176,511,844,0
351,1006,1666,1176,510,848,0
351,1006,1666,1176,509,852,0
351,1006,1666,1176,507,857,0
351,1006,1666,1176,507,860,0
351,1006,1666,1176,506,864,0
351,1006,1666,1176,506,868,0
351,1006,1666,1176,505,870,0
351,1006,1666,1176,505,875,0
351,1006,1666,1176,504,878,0
351,1006,1666,1176,504,882,0
351,1006,1666,1176,503,885,0
351,1006,1666,1176,502,890,0
351,1006,1666,1176,502,892,0
351,1006,1666,1176,501,898,0
351,1006,1666,1176,501,900,0
351,1006,1666,1176,500,903,0
351,1006,1666,1176,500,907,0
351,1006,1666,1176,499,909,0
351,1006,1666,1176,499,913,0
351,1006,1666,1176,499,915,0
351,1006,1666,1176,499,921,0
351,1006,1666,1176,499,925,0
351,1006,1666,1176,499,929,0
351,1006,1666,1176,499,936,0
351,1006,1666,1176,499,939,0
351,1006,1666,1176,499,946,0
351,1006,1666,1176,499,949,0
351,1006,1666,1176,499,954,0
351,1006,1666,1176,499,959,0
351,1006,1666,1176,499,961,0
351,1006,1666,1176,499,964,0
351,1006,1666,1176,499,969,0
351,1006,1666,1176,499,971,0
351,1006,1666,1176,499,976,0
351,1006,1666,1176,499,979,0
351,1006,1666,1176,498,984,0
351,1006,1666,1176,498,986,0
351,1006,1666,1176,497,990,0
351,1006,1666,1176,497,992,0
351,1006,1666,1176,497,994,0
351,1006,1666,1176,496,997,0
351,1006,1666,1176,496,998,0
351,1006,1666,1176,496,999,0
351,1006,1666,1176,496,1003,0
351,1006,1666,1176,495,1006,0
351,1006,1666,1176,494,1010,0
351,1006,1666,1176,493,1013,0
351,1006,1666,1176,493,1017,0
351,1006,1666,1176,492,1019,0
351,1006,1666,1176,492,1021,0
351,1006,1666,1176,492,1024,0
351,1006,1666,1176,492,1026,0
351,1006,1666,1176,492,1028,0
351,1006,1666,1176,492,1029,0
351,1006,1666,1176,492,1031,0
351,1006,1666,1176,492,1032,0
351,1006,1666,1176,492,1034,0
351,1006,1666,1176,492,1035,0
351,1006,1666,1176,492,1036,0
351,1006,1666,1176,491,1040,0
351,1006,1666,1176,491,1041,0
351,1006,1666,1176,490,1045,0
351,1006,1666,1176,490,1046,0
351,1006,1666,1176,490,1048,0
351,1006,1666,1176,490,1049,0
351,1006,1666,1176,490,1050,0
351,1006,1666,1176,490,1053,0
351,1006,1666,1176,490,1055,0
351,1006,1666,1176,490,1058,0
351,1006,1666,1176,490,1059,0
351,1006,1666,1176,489,1062,0
351,1006,1666,1176,489,1064,0
351,1006,1666,1176,489,1065,0
351,1006,1666,1176,488,1067,0
351,1006,1666,1176,488,1069,0
351,1006,1666,1176,488,1071,0
351,1006,1666,1176,488,1072,0
351,1006,1666,1176,487,1073,0
351,1006,1666,1176,487,1073,0
351,1006,1666,1176,487,1073,0
351,1006,1666,1176,487,1073,0
351,1006,1666,1176,487,1073,0
351,1006,1666,1176,487,1073,0
351,1006,1666,1176,487,1074,0
351,1006,1666,1176,487,1074,0
351,1006,1666,1176,487,1077,0
351,1006,1666,1176,487,1079,0
351,1006,1666,1176,487,1080,0
351,1006,1666,1176,487,1081,0
351,1006,1666,1176,487,1082,0
351,1006,1666,1176,487,1083,0
351,1006,1666,1176,487,1084,0
351,1006,1666,1176,486,1086,0
351,1006,1666,1176,486,1087,0
351,1006,1666,1176,486,1088,0
351,1006,1666,1176,486,1089,0
351,1006,1666,1176,486,1090,0
351,1006,1666,1176,485,1092,0
351,1006,1666,1176,485,1092,0
351,1006,1666,1176,484,1094,0
351,1006,1666,1176,484,1095,0
351,1006,1666,1176,483,1095,0
351,1006,1666,1176,483,1097,0
351,1006,1666,1176,483,1097,0
351,1006,1666,1176,481,1099,0
351,1006,1666,1176,480,1101,0
351,1006,1666,1176,479,1102,0
351,1006,1666,1176,478,1103,0
351,1006,1666,1176,477,1104,0
351,1006,1666,1176,476,1107,0
351,1006,1666,1176,475,1108,0
351,1006,1666,1176,473,1110,0
351,1006,1666,1176,472,1111,0
351,1006,1666,1176,471,1112,0
351,1006,1666,1176,471,1112,0
351,1006,1666,1176,471,1113,0
351,1006,1666,1176,471,1113,0
351,1006,1666,1176,471,1113,0
351,1006,1666,1176,470,1113,0
351,1006,1666,1176,470,1113,0
351,1006,1666,1176,470,1113,0
351,1006,1666,1176,467,1116,0
351,1006,1666,1176,466,1117,0
351,1006,1666,1176,465,1117,0
351,1006,1666,1176,465,1117,0
351,1006,1666,1176,465,1117,0
351,1006,1666,1176,465,1117,0
351,1006,1666,1176,465,1117,0
351,1006,1666,1176,465,1117,0
351,1006,1666,1176,465,1117,0
351,1006,1666,1176,465,1117,0
351,1006,1666,1176,465,1117,0
351,1006,1666,1176,465,1117,0
351,1006,1666,1176,465,1118,0
351,1006,1666,1176,465,1118,0
351,1006,1666,1176,465,1118,1
351,1006,1666,1176,465,1118,1
351,1006,1666,1176,465,1118,1
351,1006,1666,1176,465,1118,1
351,1006,1666,1176,465,1118,1
351,1006,1666,1176,465,1118,1
351,1006,1666,1176,465,1118,1
351,1006,1666,1176,465,1118,1
351,1006,1666,1176,465,1118,1
351,1006,1666,1176,465,1118,1
351,1006,1666,1176,466,1118,1
351,1006,1666,1176,466,1118,1
351,1006,1666,1176,466,1118,1
351,1006,1666,1176,465,1118,1
351,1006,1666,1176,465,1117,1
351,1006,1666,1176,465,1117,1
351,1006,1666,1176,466,1117,1
351,1006,1666,1176,466,1117,1
351,1006,1666,1176,466,1117,1
351,1006,1666,1176,466,1117,1
351,1006,1666,1176,467,1116,1
351,1006,1666,1176,469,1115,1
351,1006,1666,1176,471,1114,1
351,1006,1666,1176,477,1112,1
351,1006,1666,1176,479,1112,1
351,1006,1666,1176,482,1111,1
351,1006,1666,1176,487,1110,1
351,1006,1666,1176,489,1109,1
351,1006,1666,1176,495,1109,1
351,1006,1666,1176,500,1109,1
351,1006,1666,1176,504,1109,1
351,1006,1666,1176,511,1109,1
351,1006,1666,1176,514,1109,1
351,1006,1666,1176,519,1109,1
351,1006,1666,1176,521,1109,1
351,1006,1666,1176,524,1109,1
351,1006,1666,1176,526,1109,1
351,1006,1666,1176,528,1109,1
351,1006,1666,1176,533,1109,1
351,1006,1666,1176,537,1109,1
351,1006,1666,1176,543,1109,1
351,1006,1666,1176,547,1109,1
351,1006,1666,1176,554,1109,1
351,1006,1666,1176,558,1109,1
351,1006,1666,1176,562,1109,1
351,1006,1666,1176,570,1109,1
351,1006,1666,1176,574,1109,1
351,1006,1666,1176,583,1109,1
351,1006,1666,1176,586,1109,1
351,1006,1666,1176,588,1109,1
351,1006,1666,1176,594,1109,1
351,1006,1666,1176,597,1109,1
351,1006,1666,1176,604,1109,1
351,1006,1666,1176,610,1109,1
351,1006,1666,1176,615,1110,1
351,1006,1666,1176,627,1110,1
351,1006,1666,1176,632,1110,1
351,1006,1666,1176,643,1110,1
351,1006,1666,1176,648,1110,1
351,1006,1666,1176,655,1110,1
351,1006,1666,1176,660,1110,1
351,1006,1666,1176,665,1110,1
351,1006,1666,1176,674,1110,1
351,1006,1666,1176,680,1110,1
351,1006,1666,1176,690,1111,1
351,1006,1666,1176,696,1113,1
351,1006,1666,1176,708,1113,1
351,1006,1666,1176,712,1113,1
351,1006,1666,1176,722,1113,1
351,1006,1666,1176,726,1113,1
351,1006,1666,1176,730,1113,1
351,1006,1666,1176,738,1113,1
351,1006,1666,1176,742,1113,1
351,1006,1666,1176,751,1113,1
351,1006,1666,1176,757,1113,1
351,1006,1666,1176,766,1114,1
351,1006,1666,1176,772,1114,1
351,1006,1666,1176,783,1116,1
351,1006,1666,1176,788,1116,1
351,1006,1666,1176,794,1116,1
351,1006,1666,1176,803,1116,1
351,1006,1666,1176,808,1116,1
351,1006,1666,1176,816,1117,1
351,1006,1666,1176,820,1118,1
351,1006,1666,1176,830,1118,1
351,1006,1666,1176,833,1118,1
351,1006,1666,1176,841,1118,1
351,1006,1666,1176,844,1118,1
351,1006,1666,1176,848,1118,1
351,1006,1666,1176,852,1118,1
351,1006,1666,1176,859,1119,1
351,1006,1666,1176,864,1120,1
351,1006,1666,1176,873,1121,1
351,1006,1666,1176,883,1122,1
351,1006,1666,1176,886,1122,1
351,1006,1666,1176,892,1122,1
351,1006,1666,1176,895,1123,1
351,1006,1666,1176,896,1123,1
351,1006,1666,1176,897,1123,1
351,1006,1666,1176,899,1124,1
351,1006,1666,1176,904,1125,1
351,1006,1666,1176,907,1126,1
351,1006,1666,1176,913,1128,1
351,1006,1666,1176,918,1129,1
351,1006,1666,1176,920,1129,1
351,1006,1666,1176,922,1130,1
351,1006,1666,1176,926,1131,1
351,1006,1666,1176,928,1132,1
351,1006,1666,1176,935,1133,1
351,1006,1666,1176,939,1133,1
351,1006,1666,1176,945,1134,1
351,1006,1666,1176,948,1135,1
351,1006,1666,1176,953,1136,1
351,1006,1666,1176,955,1136,1
351,1006,1666,1176,957,1136,1
351,1006,1666,1176,959,1137,1
351,1006,1666,1176,961,1137,1
351,1006,1666,1176,965,1138,1
351,1006,1666,1176,967,1139,1
351,1006,1666,1176,970,1139,1
351,1006,1666,1176,974,1141,1
351,1006,1666,1176,977,1141,1
351,1006,1666,1176,983,1143,1
351,1006,1666,1176,987,1144,1
351,1006,1666,1176,996,1146,1
351,1006,1666,1176,1001,1147,1
351,1006,1666,1176,1010,1149,1
351,1006,1666,1176,1014,1150,1
351,1006,1666,1176,1022,1151,1
351,1006,1666,1176,1027,1152,1
351,1006,1666,1176,1035,1154,1
351,1006,1666,1176,1039,1154,1
351,1006,1666,1176,1048,1155,1
351,1006,1666,1176,1057,1157,1
351,1006,1666,1176,1063,1157,1
351,1006,1666,1176,1067,1158,1
351,1006,1666,1176,1077,1159,1
351,1006,1666,1176,1082,1160,1
351,1006,1666,1176,1090,1163,1
351,1006,1666,1176,1093,1163,1
351,1006,1666,1176,1095,1163,1
351,1006,1666,1176,1102,1164,1
351,1006,1666,1176,1105,1164,1
351,1006,1666,1176,1109,1165,1
351,1006,1666,1176,1113,1165,1
351,1006,1666,1176,1116,1166,1
351,1006,1666,1176,1123,1167,1
351,1006,1666,1176,1126,1167,1
351,1006,1666,1176,1131,1167,1
351,1006,1666,1176,1133,1167,1
351,1006,1666,1176,1136,1168,1
351,1006,1666,1176,1142,1168,1
351,1006,1666,1176,1148,1169,1
351,1006,1666,1176,1152,1170,1
351,1006,1666,1176,1156,1171,1
351,1006,1666,1176,1164,1172,1
351,1006,1666,1176,1168,1172,1
351,1006,1666,1176,1175,1172,1
351,1006,1666,1176,1178,1172,1
351,1006,1666,1176,1181,1172,1
351,1006,1666,1176,1187,1173,1
351,1006,1666,1176,1189,1173,1
351,1006,1666,1176,1196,1173,1
351,1006,1666,1176,1199,1174,1
351,1006,1666,1176,1205,1174,1
351,1006,1666,1176,1208,1174,1
351,1006,1666,1176,1211,1174,1
351,1006,1666,1176,1218,1174,1
351,1006,1666,1176,1221,1174,1
351,1006,1666,1176,1223,1174,1
351,1006,1666,1176,1227,1174,1
351,1006,1666,1176,1228,1173,1
351,1006,1666,1176,1231,1174,1
351,1006,1666,1176,1233,1173,1
351,1006,1666,1176,1236,1173,1
351,1006,1666,1176,1239,1173,1
351,1006,1666,1176,1242,1173,1
351,1006,1666,1176,1247,1173,1
351,1006,1666,1176,1249,1173,1
351,1006,1666,1176,1253,1173,1
351,1006,1666,1176,1254,1173,1
351,1006,1666,1176,1255,1173,1
351,1006,1666,1176,1258,1173,1
351,1006,1666,1176,1259,1173,1
351,1006,1666,1176,1262,1173,1
351,1006,1666,1176,1264,1173,1
351,1006,1666,1176,1269,1173,1
351,1006,1666,1176,1272,1173,1
351,1006,1666,1176,1274,1173,1
351,1006,1666,1176,1276,1173,1
351,1006,1666,1176,1277,1173,1
351,1006,1666,1176,1279,1173,1
351,1006,1666,1176,1281,1172,1
351,1006,1666,1176,1282,1172,1
351,1006,1666,1176,1285,1172,1
351,1006,1666,1176,1286,1172,1
351,1006,1666,1176,1287,1171,1
351,1006,1666,1176,1289,1171,1
351,1006,1666,1176,1289,1171,1
351,1006,1666,1176,1291,1170,1
351,1006,1666,1176,1292,1170,1
351,1006,1666,1176,1296,1169,1
351,1006,1666,1176,1299,1168,1
351,1006,1666,1176,1302,1168,1
351,1006,1666,1176,1305,1168,1
351,1006,1666,1176,1306,1168,1
351,1006,1666,1176,1308,1168,1
351,1006,1666,1176,1309,1168,1
351,1006,1666,1176,1309,1168,1
351,1006,1666,1176,1309,1168,1
351,1006,1666,1176,1309,1168,0
351,1006,1666,1176,1309,1168,0
351,1006,1666,1176,1309,1168,0
351,1006,1666,1176,1309,1168,0
351,1006,1666,1176,1309,1168,0
351,1006,1666,1176,1309,1168,0
351,1006,1666,1176,1309,1168,0
351,1006,1666,1176,1309,1168,0
351,1006,1666,1176,1309,1168,0
351,1006,1666,1176,1309,1168,0
351,1006,1666,1176,1309,1168,0
351,1006,1666,1176,1309,1168,0
351,1006,1666,1176,1309,1168,0
351,1006,1666,1176,1309,1168,0
351,1006,1666,1176,1309,1168,0
351,1006,1666,1176,1309,1168,0
351,1006,1666,1176,1309,1168,0
351,1006,1666,1176,1309,1168,0
351,1006,1666,1176,1309,1168,0
351,1006,1666,1176,1309,1168,0
351,1006,1666,1176,1309,1168,0
351,1006,1666,1176,1310,1168,0
351,1006,1666,1176,1311,1168,0
351,1006,1666,1176,1311,1168,0
351,1006,1666,1176,1311,1165,0
351,1006,1666,1176,1311,1163,0
351,1006,1666,1176,1310,1162,0
351,1006,1666,1176,1309,1158,0
351,1006,1666,1176,1308,1156,0
351,1006,1666,1176,1307,1154,0
351,1006,1666,1176,1306,1149,0
351,1006,1666,1176,1305,1143,0
351,1006,1666,1176,1304,1140,0
351,1006,1666,1176,1304,1137,0
351,1006,1666,1176,1303,1132,0
351,1006,1666,1176,1303,1129,0
351,1006,1666,1176,1302,1127,0
351,1006,1666,1176,1301,1122,0
351,1006,1666,1176,1300,1120,0
351,1006,1666,1176,1298,1115,0
351,1006,1666,1176,1297,1113,0
351,1006,1666,1176,1295,1108,0
351,1006,1666,1176,1294,1106,0
351,1006,1666,1176,1293,1104,0
351,1006,1666,1176,1292,1099,0
351,1006,1666,1176,1291,1097,0
351,1006,1666,1176,1290,1094,0
351,1006,1666,1176,1289,1091,0
351,1006,1666,1176,1288,1089,0
351,1006,1666,1176,1287,1084,0
351,1006,1666,1176,1286,1081,0
351,1006,1666,1176,1284,1075,0
351,1006,1666,1176,1283,1072,0
351,1006,1666,1176,1281,1066,0
351,1006,1666,1176,1279,1063,0
351,1006,1666,1176,1278,1060,0
351,1006,1666,1176,1276,1055,0
351,1006,1666,1176,1276,1052,0
351,1006,1666,1176,1274,1047,0
351,1006,1666,1176,1273,1045,0
351,1006,1666,1176,1272,1042,0
351,1006,1666,1176,1269,1038,0
351,1006,1666,1176,1268,1035,0
351,1006,1666,1176,1266,1030,0
351,1006,1666,1176,1265,1028,0
351,1006,1666,1176,1264,1024,0
351,1006,1666,1176,1263,1022,0
351,1006,1666,1176,1262,1020,0
351,1006,1666,1176,1260,1015,0
351,1006,1666,1176,1259,1012,0
351,1006,1666,1176,1257,1006,0
351,1006,1666,1176,1256,1003,0
351,1006,1666,1176,1254,1001,0
351,1006,1666,1176,1252,996,0
351,1006,1666,1176,1252,994,0
351,1006,1666,1176,1250,990,0
351,1006,1666,1176,1250,989,0
351,1006,1666,1176,1249,986,0
351,1006,1666,1176,1248,984,0
351,1006,1666,1176,1248,982,0
351,1006,1666,1176,1247,978,0
351,1006,1666,1176,1246,976,0
351,1006,1666,1176,1246,974,0
351,1006,1666,1176,1244,970,0
351,1006,1666,1176,1243,967,0
351,1006,1666,1176,1239,962,0
351,1006,1666,1176,1238,959,0
351,1006,1666,1176,1235,953,0
351,1006,1666,1176,1233,950,0
351,1006,1666,1176,1232,947,0
351,1006,1666,1176,1230,941,0
351,1006,1666,1176,1229,938,0
351,1006,1666,1176,1227,932,0
351,1006,1666,1176,1226,929,0
351,1006,1666,1176,1223,923,0
351,1006,1666,1176,1222,920,0
351,1006,1666,1176,1220,917,0
351,1006,1666,1176,1218,908,0
351,1006,1666,1176,1217,905,0
351,1006,1666,1176,1214,899,0
351,1006,1666,1176,1213,896,0
351,1006,1666,1176,1211,891,0
351,1006,1666,1176,1211,888,0
351,1006,1666,1176,1210,884,0
351,1006,1666,1176,1208,879,0
351,1006,1666,1176,1207,877,0
351,1006,1666,1176,1205,872,0
351,1006,1666,1176,1204,870,0
351,1006,1666,1176,1203,867,0
351,1006,1666,1176,1202,860,0
351,1006,1666,1176,1201,857,0
351,1006,1666,1176,1201,854,0
351,1006,1666,1176,1199,848,0
351,1006,1666,1176,1199,845,0
351,1006,1666,1176,1198,839,0
351,1006,1666,1176,1197,836,0
351,1006,1666,1176,1195,830,0
351,1006,1666,1176,1193,826,0
351,1006,1666,1176,1192,822,0
351,1006,1666,1176,1190,814,0
351,1006,1666,1176,1188,810,0
351,1006,1666,1176,1187,802,0
351,1006,1666,1176,1186,798,0
351,1006,1666,1176,1185,788,0
351,1006,1666,1176,1184,782,0
351,1006,1666,1176,1183,778,0
351,1006,1666,1176,1182,769,0
351,1006,1666,1176,1182,764,0
351,1006,1666,1176,1181,758,0
351,1006,1666,1176,1179,753,0
351,1006,1666,1176,1178,745,0
351,1006,1666,1176,1177,741,0
351,1006,1666,1176,1176,736,0
351,1006,1666,1176,1174,725,0
351,1006,1666,1176,1173,720,0
351,1006,1666,1176,1172,714,0
351,1006,1666,1176,1168,702,0
351,1006,1666,1176,1167,696,0
351,1006,1666,1176,1164,683,0
351,1006,1666,1176,1161,676,0
351,1006,1666,1176,1155,662,0
351,1006,1666,1176,1152,654,0
351,1006,1666,1176,1150,647,0
351,1006,1666,1176,1144,632,0
351,1006,1666,1176,1142,625,0
351,1006,1666,1176,1139,613,0
351,1006,1666,1176,1139,609,0
351,1006,1666,1176,1137,601,0
351,1006,1666,1176,1135,598,0
351,1006,1666,1176,1133,594,0
351,1006,1666,1176,1130,588,0
351,1006,1666,1176,1128,584,0
351,1006,1666,1176,1125,578,0
351,1006,1666,1176,1123,576,0
351,1006,1666,1176,1121,571,0
351,1006,1666,1176,1120,569,0
351,1006,1666,1176,1118,566,0
351,1006,1666,1176,1116,560,0
351,1006,1666,1176,1114,557,0
351,1006,1666,1176,1113,554,0
351,1006,1666,1176,1110,549,0
351,1006,1666,1176,1109,545,0
351,1006,1666,1176,1105,539,0
351,1006,1666,1176,1104,536,0
351,1006,1666,1176,1103,534,0
351,1006,1666,1176,1101,529,0
351,1006,1666,1176,1099,526,0
351,1006,1666,1176,1097,520,0
351,1006,1666,1176,1096,517,0
351,1006,1666,1176,1093,511,0
351,1006,1666,1176,1091,507,0
351,1006,1666,1176,1089,503,0
351,1006,1666,1176,1085,495,0
351,1006,1666,1176,1083,491,0
351,1006,1666,1176,1079,485,0
351,1006,1666,1176,1078,482,0
351,1006,1666,1176,1074,477,0
351,1006,1666,1176,1073,473,0
351,1006,1666,1176,1071,469,0
351,1006,1666,1176,1068,463,0
351,1006,1666,1176,1067,460,0
351,1006,1666,1176,1066,456,0
351,1006,1666,1176,1062,448,0
351,1006,1666,1176,1060,445,0
351,1006,1666,1176,1058,440,0
351,1006,1666,1176,1057,437,0
351,1006,1666,1176,1056,432,0
351,1006,1666,1176,1055,430,0
351,1006,1666,1176,1055,428,0
351,1006,1666,1176,1053,424,0
351,1006,1666,1176,1053,422,0
351,1006,1666,1176,1051,418,0
351,1006,1666,1176,1051,417,0
351,1006,1666,1176,1050,414,0
351,1006,1666,1176,1049,413,0
351,1006,1666,1176,1049,412,0
351,1006,1666,1176,1048,409,0
351,1006,1666,1176,1047,407,0
351,1006,1666,1176,1046,403,0
351,1006,1666,1176,1045,401,0
351,1006,1666,1176,1044,397,0
351,1006,1666,1176,1043,395,0
351,1006,1666,1176,1043,393,0
351,1006,1666,1176,1042,388,0
351,1006,1666,1176,1041,386,0
351,1006,1666,1176,1041,385,0
351,1006,1666,1176,1040,382,0
351,1006,1666,1176,1040,380,0
351,1006,1666,1176,1040,378,0
351,1006,1666,1176,1040,377,0
351,1006,1666,1176,1040,376,0
351,1006,1666,1176,1040,375,0
351,1006,1666,1176,1040,374,0
351,1006,1666,1176,1040,374,0
351,1006,1666,1176,1040,374,0
351,1006,1666,1176,1040,374,0
351,1006,1666,1176,1040,374,0
351,1006,1666,1176,1040,374,0
