351,1006,1666,1176,947,369,0
351,1006,1666,1176,947,369,0
351,1006,1666,1176,947,369,0
351,1006,1666,1176,947,369,0
351,1006,1666,1176,947,369,0
351,1006,1666,1176,947,369,0
351,1006,1666,1176,947,369,0
351,1006,1666,1176,947,369,0
351,1006,1666,1176,947,369,0
351,1006,1666,1176,947,369,0
351,1006,1666,1176,947,369,0
351,1006,1666,1176,947,369,0
351,1006,1666,1176,947,369,0
351,1006,1666,1176,947,369,0
351,1006,1666,1176,945,370,0
351,1006,1666,1176,944,370,0
351,1006,1666,1176,940,370,0
351,1006,1666,1176,934,371,0
351,1006,1666,1176,932,372,0
351,1006,1666,1176,929,372,0
351,1006,1666,1176,925,372,0
351,1006,1666,1176,924,372,0
351,1006,1666,1176,923,372,0
351,1006,1666,1176,922,372,0
351,1006,1666,1176,922,372,0
351,1006,1666,1176,922,372,0
351,1006,1666,1176,922,372,0
351,1006,1666,1176,922,372,0
351,1006,1666,1176,922,372,0
351,1006,1666,1176,922,372,0
351,1006,1666,1176,921,372,0
351,1006,1666,1176,921,372,0
351,1006,1666,1176,919,373,0
351,1006,1666,1176,912,374,0
351,1006,1666,1176,904,373,0
351,1006,1666,1176,901,373,0
351,1006,1666,1176,897,373,0
351,1006,1666,1176,890,373,0
351,1006,1666,1176,888,372,0
351,1006,1666,1176,884,372,0
351,1006,1666,1176,883,371,0
351,1006,1666,1176,881,371,0
351,1006,1666,1176,879,371,0
351,1006,1666,1176,877,371,0
351,1006,1666,1176,874,371,0
351,1006,1666,1176,872,371,0
351,1006,1666,1176,870,371,0
351,1006,1666,1176,866,371,0
351,1006,1666,1176,863,371,0
351,1006,1666,1176,859,371,0
351,1006,1666,1176,858,371,0
351,1006,1666,1176,856,371,0
351,1006,1666,1176,853,371,0
351,1006,1666,1176,851,371,0
351,1006,1666,1176,848,371,0
351,1006,1666,1176,846,371,0
351,1006,1666,1176,844,371,0
351,1006,1666,1176,839,371,0
351,1006,1666,1176,836,371,0
351,1006,1666,1176,831,371,0
351,1006,1666,1176,827,371,0
351,1006,1666,1176,824,371,0
351,1006,1666,1176,819,371,0
351,1006,1666,1176,817,371,0
351,1006,1666,1176,813,371,0
351,1006,1666,1176,811,371,0
351,1006,1666,1176,810,372,0
351,1006,1666,1176,807,372,0
351,1006,1666,1176,805,372,0
351,1006,1666,1176,803,372,0
351,1006,1666,1176,799,373,0
351,1006,1666,1176,797,373,0
351,1006,1666,1176,795,373,0
351,1006,1666,1176,792,373,0
351,1006,1666,1176,790,374,0
351,1006,1666,1176,787,374,0
351,1006,1666,1176,785,375,0
351,1006,1666,1176,782,375,0
351,1006,1666,1176,779,375,0
351,1006,1666,1176,777,376,0
351,1006,1666,1176,773,377,0
351,1006,1666,1176,772,378,0
351,1006,1666,1176,770,378,0
351,1006,1666,1176,766,380,0
351,1006,1666,1176,764,381,0
351,1006,1666,1176,760,383,0
351,1006,1666,1176,757,384,0
351,1006,1666,1176,755,385,0
351,1006,1666,1176,750,387,0
351,1006,1666,1176,747,388,0
351,1006,1666,1176,742,391,0
351,1006,1666,1176,740,392,0
351,1006,1666,1176,738,394,0
351,1006,1666,1176,734,397,0
351,1006,1666,1176,733,398,0
351,1006,1666,1176,731,400,0
351,1006,1666,1176,728,403,0
351,1006,1666,1176,726,405,0
351,1006,1666,1176,723,408,0
351,1006,1666,1176,721,410,0
351,1006,1666,1176,720,412,0
351,1006,1666,1176,718,415,0
351,1006,1666,1176,717,416,0
351,1006,1666,1176,715,419,0
351,1006,1666,1176,714,420,0
351,1006,1666,1176,713,422,0
351,1006,1666,1176,711,425,0
351,1006,1666,1176,709,427,0
351,1006,1666,1176,706,430,0
351,1006,1666,1176,704,432,0
351,1006,1666,1176,700,436,0
351,1006,1666,1176,699,439,0
351,1006,1666,1176,696,441,0
351,1006,1666,1176,692,446,0
351,1006,1666,1176,690,448,0
351,1006,1666,1176,686,454,0
351,1006,1666,1176,684,456,0
351,1006,1666,1176,682,459,0
351,1006,1666,1176,678,464,0
351,1006,1666,1176,676,467,0
351,1006,1666,1176,672,473,0
351,1006,1666,1176,670,477,0
351,1006,1666,1176,668,480,0
351,1006,1666,1176,663,487,0
351,1006,1666,1176,661,491,0
351,1006,1666,1176,659,494,0
351,1006,1666,1176,653,503,0
351,1006,1666,1176,651,507,0
351,1006,1666,1176,646,513,0
351,1006,1666,1176,644,518,0
351,1006,1666,1176,641,521,0
351,1006,1666,1176,637,527,0
351,1006,1666,1176,635,530,0
351,1006,1666,1176,631,534,0
351,1006,1666,1176,629,538,0
351,1006,1666,1176,627,540,0
351,1006,1666,1176,623,545,0
351,1006,1666,1176,621,547,0
351,1006,1666,1176,617,551,0
351,1006,1666,1176,615,553,0
351,1006,1666,1176,612,555,0
351,1006,1666,1176,608,559,0
351,1006,1666,1176,606,561,0
351,1006,1666,1176,602,566,0
351,1006,1666,1176,601,568,0
351,1006,1666,1176,598,572,0
351,1006,1666,1176,596,573,0
351,1006,1666,1176,595,576,0
351,1006,1666,1176,593,579,0
351,1006,1666,1176,592,581,0
351,1006,1666,1176,589,585,0
351,1006,1666,1176,587,587,0
351,1006,1666,1176,585,590,0
351,1006,1666,1176,583,592,0
351,1006,1666,1176,581,597,0
351,1006,1666,1176,580,599,0
351,1006,1666,1176,578,600,0
351,1006,1666,1176,576,604,0
351,1006,1666,1176,575,606,0
351,1006,1666,1176,573,608,0
351,1006,1666,1176,571,611,0
351,1006,1666,1176,569,613,0
351,1006,1666,1176,566,617,0
351,1006,1666,1176,565,620,0
351,1006,1666,1176,562,623,0
351,1006,1666,1176,561,625,0
351,1006,1666,1176,560,628,0
351,1006,1666,1176,558,629,0
351,1006,1666,1176,556,632,0
351,1006,1666,1176,554,636,0
351,1006,1666,1176,553,637,0
351,1006,1666,1176,552,639,0
351,1006,1666,1176,551,641,0
351,1006,1666,1176,549,645,0
351,1006,1666,1176,548,647,0
351,1006,1666,1176,547,651,0
351,1006,1666,1176,546,654,0
351,1006,1666,1176,546,656,0
351,1006,1666,1176,544,660,0
351,1006,1666,1176,544,661,0
351,1006,1666,1176,544,666,0
351,1006,1666,1176,544,668,0
351,1006,1666,1176,543,673,0
351,1006,1666,1176,542,674,0
351,1006,1666,1176,542,677,0
351,1006,1666,1176,541,683,0
351,1006,1666,1176,540,686,0
351,1006,1666,1176,539,691,0
351,1006,1666,1176,538,693,0
351,1006,1666,1176,538,696,0
351,1006,1666,1176,537,703,0
351,1006,1666,1176,537,706,0
351,1006,1666,1176,535,711,0
351,1006,1666,1176,535,714,0
351,1006,1666,1176,534,717,0
351,1006,1666,1176,533,723,0
351,1006,1666,1176,532,726,0
351,1006,1666,1176,531,728,0
351,1006,1666,1176,530,735,0
351,1006,1666,1176,529,738,0
351,1006,1666,1176,527,744,0
351,1006,1666,1176,526,746,0
351,1006,1666,1176,526,748,0
351,1006,1666,1176,524,753,0
351,1006,1666,1176,523,755,0
351,1006,1666,1176,522,759,0
351,1006,1666,1176,521,761,0
351,1006,1666,1176,519,766,0
351,1006,1666,1176,518,769,0
351,1006,1666,1176,518,773,0
351,1006,1666,1176,515,779,0
351,1006,1666,1176,514,783,0
351,1006,1666,1176,513,786,0
351,1006,1666,1176,511,792,0
351,1006,1666,1176,509,796,0
351,1006,1666,1176,506,803,0
351,1006,1666,1176,505,808,0
351,1006,1666,1176,503,812,0
351,1006,1666,1176,501,820,0
351,1006,1666,1176,498,825,0
351,1006,1666,1176,495,832,0
351,1006,1666,1176,492,836,0
351,1006,1666,1176,490,839,0
351,1006,1666,1176,488,845,0
351,1006,1666,1176,487,847,0
351,1006,1666,1176,486,849,0
351,1006,1666,1176,485,855,0
351,1006,1666,1176,483,857,0
351,1006,1666,1176,481,862,0
351,1006,1666,1176,480,865,0
351,1006,1666,1176,478,868,0
351,1006,1666,1176,475,874,0
351,1006,1666,1176,474,877,0
351,1006,1666,1176,471,882,0
351,1006,1666,1176,470,885,0
351,1006,1666,1176,468,887,0
351,1006,1666,1176,466,892,0
351,1006,1666,1176,464,895,0
351,1006,1666,1176,461,899,0
351,1006,1666,1176,460,901,0
351,1006,1666,1176,457,905,0
351,1006,1666,1176,456,907,0
351,1006,1666,1176,455,908,0
351,1006,1666,1176,455,909,0
351,1006,1666,1176,453,911,0
351,1006,1666,1176,453,912,0
351,1006,1666,1176,452,913,0
351,1006,1666,1176,452,914,0
351,1006,1666,1176,451,915,0
351,1006,1666,1176,450,916,0
351,1006,1666,1176,450,916,0
351,1006,1666,1176,449,919,0
351,1006,1666,1176,449,920,0
351,1006,1666,1176,448,921,0
351,1006,1666,1176,446,924,0
351,1006,1666,1176,445,925,0
351,1006,1666,1176,443,929,0
351,1006,1666,1176,443,931,0
351,1006,1666,1176,442,932,0
351,1006,1666,1176,439,936,0
351,1006,1666,1176,438,937,0
351,1006,1666,1176,436,940,0
351,1006,1666,1176,435,942,0
351,1006,1666,1176,435,943,0
351,1006,1666,1176,434,944,0
351,1006,1666,1176,433,945,0
351,1006,1666,1176,432,947,0
351,1006,1666,1176,432,947,0
351,1006,1666,1176,432,948,0
351,1006,1666,1176,431,950,0
351,1006,1666,1176,431,950,0
351,1006,1666,1176,430,951,0
351,1006,1666,1176,430,952,0
351,1006,1666,1176,429,953,0
351,1006,1666,1176,429,955,0
351,1006,1666,1176,428,955,0
351,1006,1666,1176,428,955,0
351,1006,1666,1176,428,956,0
351,1006,1666,1176,428,956,0
351,1006,1666,1176,428,956,0
351,1006,1666,1176,428,956,0
351,1006,1666,1176,428,956,0
351,1006,1666,1176,428,956,0
351,1006,1666,1176,427,956,0
351,1006,1666,1176,426,959,0
351,1006,1666,1176,425,961,0
351,1006,1666,1176,424,963,0
351,1006,1666,1176,423,964,0
351,1006,1666,1176,422,967,0
351,1006,1666,1176,421,967,0
351,1006,1666,1176,420,969,0
351,1006,1666,1176,419,970,0
351,1006,1666,1176,418,971,0
351,1006,1666,1176,418,972,0
351,1006,1666,1176,418,973,0
351,1006,1666,1176,418,973,0
351,1006,1666,1176,418,973,0
351,1006,1666,1176,418,973,0
351,1006,1666,1176,418,973,0
351,1006,1666,1176,418,973,0
351,1006,1666,1176,417,975,0
351,1006,1666,1176,416,977,0
351,1006,1666,1176,415,979,0
351,1006,1666,1176,414,979,0
351,1006,1666,1176,414,980,0
351,1006,1666,1176,414,980,0
351,1006,1666,1176,414,980,0
351,1006,1666,1176,414,980,0
351,1006,1666,1176,414,980,0
351,1006,1666,1176,414,980,0
351,1006,1666,1176,414,980,0
351,1006,1666,1176,414,980,0
351,1006,1666,1176,413,980,0
351,1006,1666,1176,412,981,0
351,1006,1666,1176,411,981,0
351,1006,1666,1176,411,981,0
351,1006,1666,1176,411,981,0
351,1006,1666,1176,411,981,0
351,1006,1666,1176,411,981,0
351,1006,1666,1176,411,981,0
351,1006,1666,1176,411,981,0
351,1006,1666,1176,411,981,0
351,1006,1666,1176,411,981,0
351,1006,1666,1176,411,981,1
351,1006,1666,1176,411,981,1
351,1006,1666,1176,411,981,1
351,1006,1666,1176,411,981,1
351,1006,1666,1176,411,981,1
351,1006,1666,1176,411,981,1
351,1006,1666,1176,411,981,1
351,1006,1666,1176,411,981,1
351,1006,1666,1176,411,981,1
351,1006,1666,1176,411,981,1
351,1006,1666,1176,411,981,1
351,1006,1666,1176,411,981,1
351,1006,1666,1176,411,981,1
351,1006,1666,1176,411,981,1
351,1006,1666,1176,411,981,1
351,1006,1666,1176,411,981,1
351,1006,1666,1176,411,981,1
351,1006,1666,1176,411,981,1
351,1006,1666,1176,411,981,1
351,1006,1666,1176,411,981,1
351,1006,1666,1176,411,981,1
351,1006,1666,1176,411,981,1
351,1006,1666,1176,412,981,1
351,1006,1666,1176,412,981,1
351,1006,1666,1176,414,983,1
351,1006,1666,1176,418,985,1
351,1006,1666,1176,420,987,1
351,1006,1666,1176,422,988,1
351,1006,1666,1176,427,991,1
351,1006,1666,1176,430,993,1
351,1006,1666,1176,435,996,1
351,1006,1666,1176,437,997,1
351,1006,1666,1176,440,999,1
351,1006,1666,1176,447,1003,1
351,1006,1666,1176,451,1005,1
351,1006,1666,1176,458,1008,1
351,1006,1666,1176,461,1010,1
351,1006,1666,1176,464,1011,1
351,1006,1666,1176,468,1014,1
351,1006,1666,1176,471,1015,1
351,1006,1666,1176,477,1017,1
351,1006,1666,1176,479,1019,1
351,1006,1666,1176,483,1020,1
351,1006,1666,1176,489,1022,1
351,1006,1666,1176,492,1023,1
351,1006,1666,1176,494,1024,1
351,1006,1666,1176,497,1025,1
351,1006,1666,1176,498,1025,1
351,1006,1666,1176,500,1026,1
351,1006,1666,1176,501,1027,1
351,1006,1666,1176,502,1028,1
351,1006,1666,1176,505,1029,1
351,1006,1666,1176,507,1029,1
351,1006,1666,1176,512,1031,1
351,1006,1666,1176,515,1032,1
351,1006,1666,1176,518,1033,1
351,1006,1666,1176,522,1035,1
351,1006,1666,1176,524,1036,1
351,1006,1666,1176,528,1037,1
351,1006,1666,1176,530,1037,1
351,1006,1666,1176,532,1037,1
351,1006,1666,1176,536,1038,1
351,1006,1666,1176,538,1038,1
351,1006,1666,1176,542,1039,1
351,1006,1666,1176,543,1039,1
351,1006,1666,1176,545,1039,1
351,1006,1666,1176,549,1040,1
351,1006,1666,1176,551,1040,1
351,1006,1666,1176,556,1040,1
351,1006,1666,1176,558,1040,1
351,1006,1666,1176,560,1040,1
351,1006,1666,1176,563,1040,1
351,1006,1666,1176,564,1040,1
351,1006,1666,1176,564,1040,1
351,1006,1666,1176,565,1040,1
351,1006,1666,1176,566,1041,1
351,1006,1666,1176,568,1041,1
351,1006,1666,1176,569,1041,1
351,1006,1666,1176,571,1041,1
351,1006,1666,1176,574,1042,1
351,1006,1666,1176,577,1042,1
351,1006,1666,1176,582,1043,1
351,1006,1666,1176,584,1044,1
351,1006,1666,1176,586,1044,1
351,1006,1666,1176,590,1045,1
351,1006,1666,1176,591,1045,1
351,1006,1666,1176,593,1046,1
351,1006,1666,1176,595,1046,1
351,1006,1666,1176,596,1046,1
351,1006,1666,1176,600,1048,1
351,1006,1666,1176,602,1048,1
351,1006,1666,1176,603,1049,1
351,1006,1666,1176,608,1051,1
351,1006,1666,1176,611,1052,1
351,1006,1666,1176,613,1052,1
351,1006,1666,1176,618,1054,1
351,1006,1666,1176,624,1055,1
351,1006,1666,1176,626,1055,1
351,1006,1666,1176,629,1056,1
351,1006,1666,1176,632,1056,1
351,1006,1666,1176,639,1057,1
351,1006,1666,1176,642,1058,1
351,1006,1666,1176,648,1058,1
351,1006,1666,1176,651,1059,1
351,1006,1666,1176,654,1059,1
351,1006,1666,1176,660,1060,1
351,1006,1666,1176,663,1061,1
351,1006,1666,1176,669,1062,1
351,1006,1666,1176,672,1062,1
351,1006,1666,1176,675,1063,1
351,1006,1666,1176,682,1065,1
351,1006,1666,1176,685,1066,1
351,1006,1666,1176,692,1068,1
351,1006,1666,1176,695,1068,1
351,1006,1666,1176,698,1069,1
351,1006,1666,1176,705,1070,1
351,1006,1666,1176,708,1071,1
351,1006,1666,1176,715,1072,1
351,1006,1666,1176,718,1073,1
351,1006,1666,1176,722,1073,1
351,1006,1666,1176,728,1075,1
351,1006,1666,1176,730,1075,1
351,1006,1666,1176,733,1076,1
351,1006,1666,1176,739,1076,1
351,1006,1666,1176,743,1076,1
351,1006,1666,1176,751,1077,1
351,1006,1666,1176,756,1077,1
351,1006,1666,1176,763,1077,1
351,1006,1666,1176,775,1077,1
351,1006,1666,1176,783,1077,1
351,1006,1666,1176,799,1077,1
351,1006,1666,1176,808,1077,1
351,1006,1666,1176,818,1077,1
351,1006,1666,1176,835,1077,1
351,1006,1666,1176,843,1077,1
351,1006,1666,1176,859,1077,1
351,1006,1666,1176,866,1077,1
351,1006,1666,1176,880,1077,1
351,1006,1666,1176,889,1078,1
351,1006,1666,1176,894,1078,1
351,1006,1666,1176,907,1078,1
351,1006,1666,1176,912,1078,1
351,1006,1666,1176,924,1078,1
351,1006,1666,1176,930,1078,1
351,1006,1666,1176,936,1078,1
351,1006,1666,1176,947,1078,1
351,1006,1666,1176,952,1078,1
351,1006,1666,1176,961,1078,1
351,1006,1666,1176,966,1078,1
351,1006,1666,1176,970,1078,1
351,1006,1666,1176,978,1077,1
351,1006,1666,1176,982,1077,1
351,1006,1666,1176,987,1077,1
351,1006,1666,1176,994,1077,1
351,1006,1666,1176,999,1077,1
351,1006,1666,1176,1010,1077,1
351,1006,1666,1176,1015,1076,1
351,1006,1666,1176,1022,1076,1
351,1006,1666,1176,1033,1076,1
351,1006,1666,1176,1040,1076,1
351,1006,1666,1176,1046,1076,1
351,1006,1666,1176,1055,1076,1
351,1006,1666,1176,1060,1076,1
351,1006,1666,1176,1071,1076,1
351,1006,1666,1176,1076,1076,1
351,1006,1666,1176,1085,1076,1
351,1006,1666,1176,1090,1076,1
351,1006,1666,1176,1096,1076,1
351,1006,1666,1176,1108,1076,1
351,1006,1666,1176,1113,1076,1
351,1006,1666,1176,1117,1076,1
351,1006,1666,1176,1125,1076,1
351,1006,1666,1176,1129,1076,1
351,1006,1666,1176,1135,1076,1
351,1006,1666,1176,1138,1076,1
351,1006,1666,1176,1143,1076,1
351,1006,1666,1176,1145,1076,1
351,1006,1666,1176,1148,1076,1
351,1006,1666,1176,1154,1076,1
351,1006,1666,1176,1157,1076,1
351,1006,1666,1176,1163,1076,1
351,1006,1666,1176,1166,1076,1
351,1006,1666,1176,1172,1075,1
351,1006,1666,1176,1175,1075,1
351,1006,1666,1176,1179,1074,1
351,1006,1666,1176,1186,1073,1
351,1006,1666,1176,1190,1071,1
351,1006,1666,1176,1198,1069,1
351,1006,1666,1176,1202,1067,1
351,1006,1666,1176,1207,1066,1
351,1006,1666,1176,1215,1063,1
351,1006,1666,1176,1219,1062,1
351,1006,1666,1176,1227,1060,1
351,1006,1666,1176,1230,1059,1
351,1006,1666,1176,1235,1058,1
351,1006,1666,1176,1238,1057,1
351,1006,1666,1176,1244,1055,1
351,1006,1666,1176,1251,1053,1
351,1006,1666,1176,1254,1052,1
351,1006,1666,1176,1258,1050,1
351,1006,1666,1176,1267,1048,1
351,1006,1666,1176,1271,1047,1
351,1006,1666,1176,1276,1046,1
351,1006,1666,1176,1284,1044,1
351,1006,1666,1176,1289,1043,1
351,1006,1666,1176,1296,1042,1
351,1006,1666,1176,1299,1041,1
351,1006,1666,1176,1304,1041,1
351,1006,1666,1176,1310,1040,1
351,1006,1666,1176,1314,1039,1
351,1006,1666,1176,1319,1038,1
351,1006,1666,1176,1321,1037,1
351,1006,1666,1176,1322,1037,1
351,1006,1666,1176,1325,1035,1
351,1006,1666,1176,1328,1035,1
351,1006,1666,1176,1334,1034,1
351,1006,1666,1176,1337,1034,1
351,1006,1666,1176,1340,1033,1
351,1006,1666,1176,1345,1031,1
351,1006,1666,1176,1347,1030,1
351,1006,1666,1176,1353,1029,1
351,1006,1666,1176,1355,1028,1
351,1006,1666,1176,1358,1027,1
351,1006,1666,1176,1363,1026,1
351,1006,1666,1176,1365,1026,1
351,1006,1666,1176,1368,1025,1
351,1006,1666,1176,1373,1023,1
351,1006,1666,1176,1375,1023,1
351,1006,1666,1176,1379,1021,1
351,1006,1666,1176,1382,1020,1
351,1006,1666,1176,1384,1019,1
351,1006,1666,1176,1388,1017,1
351,1006,1666,1176,1390,1016,1
351,1006,1666,1176,1395,1014,1
351,1006,1666,1176,1398,1014,1
351,1006,1666,1176,1401,1013,1
351,1006,1666,1176,1406,1011,1
351,1006,1666,1176,1409,1010,1
351,1006,1666,1176,1414,1008,1
351,1006,1666,1176,1417,1008,1
351,1006,1666,1176,1419,1007,1
351,1006,1666,1176,1421,1006,1
351,1006,1666,1176,1423,1006,1
351,1006,1666,1176,1426,1005,1
351,1006,1666,1176,1429,1005,1
351,1006,1666,1176,1432,1004,1
351,1006,1666,1176,1437,1003,1
351,1006,1666,1176,1441,1002,1
351,1006,1666,1176,1444,1001,1
351,1006,1666,1176,1450,1000,1
351,1006,1666,1176,1452,999,1
351,1006,1666,1176,1457,998,1
351,1006,1666,1176,1459,997,1
351,1006,1666,1176,1461,996,1
351,1006,1666,1176,1467,995,1
351,1006,1666,1176,1470,994,1
351,1006,1666,1176,1476,994,1
351,1006,1666,1176,1479,993,1
351,1006,1666,1176,1481,992,1
351,1006,1666,1176,1485,990,1
351,1006,1666,1176,1486,990,1
351,1006,1666,1176,1489,989,1
351,1006,1666,1176,1490,988,1
351,1006,1666,1176,1492,988,1
351,1006,1666,1176,1495,987,1
351,1006,1666,1176,1496,986,1
351,1006,1666,1176,1498,985,1
351,1006,1666,1176,1499,984,1
351,1006,1666,1176,1502,983,1
351,1006,1666,1176,1504,982,1
351,1006,1666,1176,1508,980,1
351,1006,1666,1176,1510,979,1
351,1006,1666,1176,1513,977,1
351,1006,1666,1176,1515,976,1
351,1006,1666,1176,1517,974,1
351,1006,1666,1176,1521,972,1
351,1006,1666,1176,1523,971,1
351,1006,1666,1176,1526,970,1
351,1006,1666,1176,1530,968,1
351,1006,1666,1176,1532,967,1
351,1006,1666,1176,1535,964,1
351,1006,1666,1176,1536,962,1
351,1006,1666,1176,1538,962,1
351,1006,1666,1176,1541,960,1
351,1006,1666,1176,1543,960,1
351,1006,1666,1176,1548,958,1
351,1006,1666,1176,1550,958,1
351,1006,1666,1176,1552,958,1
351,1006,1666,1176,1556,957,1
351,1006,1666,1176,1557,957,1
351,1006,1666,1176,1560,956,1
351,1006,1666,1176,1562,956,1
351,1006,1666,1176,1563,955,1
351,1006,1666,1176,1564,955,1
351,1006,1666,1176,1566,954,1
351,1006,1666,1176,1569,954,1
351,1006,1666,1176,1570,954,1
351,1006,1666,1176,1572,953,1
351,1006,1666,1176,1576,953,1
351,1006,1666,1176,1578,953,1
351,1006,1666,1176,1579,952,1
351,1006,1666,1176,1582,952,1
351,1006,1666,1176,1583,952,1
351,1006,1666,1176,1584,951,1
351,1006,1666,1176,1585,951,1
351,1006,1666,1176,1586,951,1
351,1006,1666,1176,1588,951,1
351,1006,1666,1176,1589,951,1
351,1006,1666,1176,1591,950,1
351,1006,1666,1176,1592,950,1
351,1006,1666,1176,1593,950,1
351,1006,1666,1176,1594,949,1
351,1006,1666,1176,1595,950,1
351,1006,1666,1176,1596,949,1
351,1006,1666,1176,1597,949,1
351,1006,1666,1176,1598,949,1
351,1006,1666,1176,1601,949,1
351,1006,1666,1176,1603,948,1
351,1006,1666,1176,1605,948,1
351,1006,1666,1176,1606,948,1
351,1006,1666,1176,1607,948,1
351,1006,1666,1176,1608,947,1
351,1006,1666,1176,1609,947,1
351,1006,1666,1176,1611,947,1
351,1006,1666,1176,1613,947,1
351,1006,1666,1176,1614,946,1
351,1006,1666,1176,1618,946,1
351,1006,1666,1176,1620,946,1
351,1006,1666,1176,1621,945,1
351,1006,1666,1176,1624,945,1
351,1006,1666,1176,1625,945,1
351,1006,1666,1176,1626,945,1
351,1006,1666,1176,1626,945,1
351,1006,1666,1176,1626,944,1
351,1006,1666,1176,1627,944,1
351,1006,1666,1176,1627,944,1
351,1006,1666,1176,1628,944,1
351,1006,1666,1176,1629,944,1
351,1006,1666,1176,1629,944,1
351,1006,1666,1176,1633,944,1
351,1006,1666,1176,1635,944,1
351,1006,1666,1176,1640,944,1
351,1006,1666,1176,1643,944,1
351,1006,1666,1176,1646,944,1
351,1006,1666,1176,1652,943,1
351,1006,1666,1176,1653,943,1
351,1006,1666,1176,1653,943,1
351,1006,1666,1176,1653,943,1
351,1006,1666,1176,1653,943,1
351,1006,1666,1176,1653,943,1
351,1006,1666,1176,1653,943,1
351,1006,1666,1176,1653,943,1
351,1006,1666,1176,1654,943,1
351,1006,1666,1176,1654,943,1
351,1006,1666,1176,1654,943,1
351,1006,1666,1176,1654,943,1
351,1006,1666,1176,1654,943,1
351,1006,1666,1176,1654,943,1
351,1006,1666,1176,1654,943,1
351,1006,1666,1176,1654,943,1
351,1006,1666,1176,1654,943,1
351,1006,1666,1176,1654,943,1
351,1006,1666,1176,1654,943,0
351,1006,1666,1176,1654,943,0
351,1006,1666,1176,1654,943,0
351,1006,1666,1176,1654,943,0
351,1006,1666,1176,1654,943,0
351,1006,1666,1176,1654,943,0
351,1006,1666,1176,1654,943,0
351,1006,1666,1176,1654,943,0
351,1006,1666,1176,1654,943,0
351,1006,1666,1176,1654,943,0
351,1006,1666,1176,1654,943,0
351,1006,1666,1176,1654,943,0
351,1006,1666,1176,1654,943,0
351,1006,1666,1176,1654,943,0
351,1006,1666,1176,1654,943,0
351,1006,1666,1176,1654,944,0
351,1006,1666,1176,1654,944,0
351,1006,1666,1176,1654,944,0
351,1006,1666,1176,1654,944,0
351,1006,1666,1176,1654,944,0
351,1006,1666,1176,1654,944,0
351,1006,1666,1176,1654,944,0
351,1006,1666,1176,1654,944,0
351,1006,1666,1176,1654,944,0
351,1006,1666,1176,1654,944,0
351,1006,1666,1176,1654,944,0
351,1006,1666,1176,1654,944,0
351,1006,1666,1176,1654,943,0
351,1006,1666,1176,1653,941,0
351,1006,1666,1176,1652,940,0
351,1006,1666,1176,1650,938,0
351,1006,1666,1176,1648,934,0
351,1006,1666,1176,1646,932,0
351,1006,1666,1176,1645,931,0
351,1006,1666,1176,1641,926,0
351,1006,1666,1176,1640,925,0
351,1006,1666,1176,1639,923,0
351,1006,1666,1176,1639,923,0
351,1006,1666,1176,1638,922,0
351,1006,1666,1176,1638,922,0
351,1006,1666,1176,1638,922,0
351,1006,1666,1176,1636,920,0
351,1006,1666,1176,1635,919,0
351,1006,1666,1176,1633,918,0
351,1006,1666,1176,1629,914,0
351,1006,1666,1176,1626,912,0
351,1006,1666,1176,1621,908,0
351,1006,1666,1176,1618,906,0
351,1006,1666,1176,1615,904,0
351,1006,1666,1176,1609,900,0
351,1006,1666,1176,1607,899,0
351,1006,1666,1176,1603,896,0
351,1006,1666,1176,1600,895,0
351,1006,1666,1176,1595,891,0
351,1006,1666,1176,1592,888,0
351,1006,1666,1176,1589,886,0
351,1006,1666,1176,1582,879,0
351,1006,1666,1176,1578,875,0
351,1006,1666,1176,1574,873,0
351,1006,1666,1176,1568,868,0
351,1006,1666,1176,1566,866,0
351,1006,1666,1176,1564,864,0
351,1006,1666,1176,1560,861,0
351,1006,1666,1176,1559,859,0
351,1006,1666,1176,1556,856,0
351,1006,1666,1176,1554,855,0
351,1006,1666,1176,1553,853,0
351,1006,1666,1176,1550,849,0
351,1006,1666,1176,1548,848,0
351,1006,1666,1176,1544,844,0
351,1006,1666,1176,1542,842,0
351,1006,1666,1176,1538,838,0
351,1006,1666,1176,1536,836,0
351,1006,1666,1176,1533,833,0
351,1006,1666,1176,1529,829,0
351,1006,1666,1176,1526,827,0
351,1006,1666,1176,1521,822,0
351,1006,1666,1176,1518,819,0
351,1006,1666,1176,1515,816,0
351,1006,1666,1176,1507,808,0
351,1006,1666,1176,1503,805,0
351,1006,1666,1176,1500,801,0
351,1006,1666,1176,1496,798,0
351,1006,1666,1176,1488,790,0
351,1006,1666,1176,1484,785,0
351,1006,1666,1176,1477,779,0
351,1006,1666,1176,1475,777,0
351,1006,1666,1176,1470,772,0
351,1006,1666,1176,1468,770,0
351,1006,1666,1176,1466,767,0
351,1006,1666,1176,1462,762,0
351,1006,1666,1176,1458,759,0
351,1006,1666,1176,1453,754,0
351,1006,1666,1176,1450,751,0
351,1006,1666,1176,1447,748,0
351,1006,1666,1176,1442,743,0
351,1006,1666,1176,1438,741,0
351,1006,1666,1176,1434,739,0
351,1006,1666,1176,1433,737,0
351,1006,1666,1176,1431,736,0
351,1006,1666,1176,1428,734,0
351,1006,1666,1176,1427,733,0
351,1006,1666,1176,1425,732,0
351,1006,1666,1176,1424,731,0
351,1006,1666,1176,1424,731,0
351,1006,1666,1176,1421,729,0
351,1006,1666,1176,1419,728,0
351,1006,1666,1176,1415,725,0
351,1006,1666,1176,1413,724,0
351,1006,1666,1176,1410,722,0
351,1006,1666,1176,1405,719,0
351,1006,1666,1176,1403,718,0
351,1006,1666,1176,1401,717,0
351,1006,1666,1176,1398,716,0
351,1006,1666,1176,1397,715,0
351,1006,1666,1176,1396,714,0
351,1006,1666,1176,1392,712,0
351,1006,1666,1176,1390,710,0
351,1006,1666,1176,1384,706,0
351,1006,1666,1176,1381,704,0
351,1006,1666,1176,1372,699,0
351,1006,1666,1176,1368,695,0
351,1006,1666,1176,1363,692,0
351,1006,1666,1176,1355,686,0
351,1006,1666,1176,1351,683,0
351,1006,1666,1176,1348,681,0
351,1006,1666,1176,1341,675,0
351,1006,1666,1176,1337,673,0
351,1006,1666,1176,1330,667,0
351,1006,1666,1176,1327,664,0
351,1006,1666,1176,1322,660,0
351,1006,1666,1176,1314,651,0
351,1006,1666,1176,1309,645,0
351,1006,1666,1176,1300,634,0
351,1006,1666,1176,1293,628,0
351,1006,1666,1176,1284,615,0
351,1006,1666,1176,1277,609,0
351,1006,1666,1176,1271,602,0
351,1006,1666,1176,1261,592,0
351,1006,1666,1176,1256,588,0
351,1006,1666,1176,1252,584,0
351,1006,1666,1176,1247,577,0
351,1006,1666,1176,1244,574,0
351,1006,1666,1176,1240,569,0
351,1006,1666,1176,1238,567,0
351,1006,1666,1176,1237,563,0
351,1006,1666,1176,1232,558,0
351,1006,1666,1176,1229,555,0
351,1006,1666,1176,1225,550,0
351,1006,1666,1176,1222,548,0
351,1006,1666,1176,1220,546,0
351,1006,1666,1176,1215,541,0
351,1006,1666,1176,1213,539,0
351,1006,1666,1176,1208,534,0
351,1006,1666,1176,1206,532,0
351,1006,1666,1176,1203,529,0
351,1006,1666,1176,1198,525,0
351,1006,1666,1176,1196,522,0
351,1006,1666,1176,1192,517,0
351,1006,1666,1176,1190,514,0
351,1006,1666,1176,1188,512,0
351,1006,1666,1176,1185,508,0
351,1006,1666,1176,1179,501,0
351,1006,1666,1176,1176,498,0
351,1006,1666,1176,1168,488,0
351,1006,1666,1176,1165,484,0
351,1006,1666,1176,1162,480,0
351,1006,1666,1176,1156,475,0
351,1006,1666,1176,1154,472,0
351,1006,1666,1176,1151,468,0
351,1006,1666,1176,1148,466,0
351,1006,1666,1176,1144,461,0
351,1006,1666,1176,1142,459,0
351,1006,1666,1176,1140,456,0
351,1006,1666,1176,1136,451,0
351,1006,1666,1176,1133,448,0
351,1006,1666,1176,1127,443,0
351,1006,1666,1176,1125,440,0
351,1006,1666,1176,1123,439,0
351,1006,1666,1176,1121,437,0
351,1006,1666,1176,1120,436,0
351,1006,1666,1176,1119,435,0
351,1006,1666,1176,1118,434,0
351,1006,1666,1176,1118,433,0
351,1006,1666,1176,1115,432,0
351,1006,1666,1176,1114,430,0
351,1006,1666,1176,1110,427,0
351,1006,1666,1176,1108,425,0
351,1006,1666,1176,1106,424,0
351,1006,1666,1176,1103,422,0
351,1006,1666,1176,1102,421,0
351,1006,1666,1176,1101,420,0
351,1006,1666,1176,1097,418,0
351,1006,1666,1176,1096,417,0
351,1006,1666,1176,1093,414,0
351,1006,1666,1176,1091,413,0
351,1006,1666,1176,1089,412,0
351,1006,1666,1176,1086,410,0
351,1006,1666,1176,1085,409,0
351,1006,1666,1176,1081,406,0
351,1006,1666,1176,1079,405,0
351,1006,1666,1176,1077,404,0
351,1006,1666,1176,1074,402,0
351,1006,1666,1176,1073,400,0
351,1006,1666,1176,1070,398,0
351,1006,1666,1176,1068,396,0
351,1006,1666,1176,1065,395,0
351,1006,1666,1176,1062,392,0
351,1006,1666,1176,1061,391,0
351,1006,1666,1176,1059,390,0
351,1006,1666,1176,1058,389,0
351,1006,1666,1176,1057,389,0
351,1006,1666,1176,1056,388,0
351,1006,1666,1176,1056,388,0
351,1006,1666,1176,1056,388,0
351,1006,1666,1176,1056,388,0
351,1006,1666,1176,1056,388,0
351,1006,1666,1176,1056,388,0
351,1006,1666,1176,1056,388,0
351,1006,1666,1176,1056,388,0
351,1006,1666,1176,1056,388,0
351,1006,1666,1176,1056,388,0
351,1006,1666,1176,1056,388,0
351,1006,1666,1176,1056,388,0
351,1006,1666,1176,1056,388,0
351,1006,1666,1176,1056,388,0
351,1006,1666,1176,1056,388,0
351,1006,1666,1176,1056,388,0
