351,1006,1666,1176,917,374,0
351,1006,1666,1176,917,374,0
351,1006,1666,1176,917,374,0
351,1006,1666,1176,917,374,0
351,1006,1666,1176,917,374,0
351,1006,1666,1176,917,374,0
351,1006,1666,1176,917,374,0
351,1006,1666,1176,917,374,0
351,1006,1666,1176,917,374,0
351,1006,1666,1176,917,374,0
351,1006,1666,1176,917,374,0
351,1006,1666,1176,917,374,0
351,1006,1666,1176,917,374,0
351,1006,1666,1176,917,374,0
351,1006,1666,1176,917,374,0
351,1006,1666,1176,917,374,0
351,1006,1666,1176,917,374,0
351,1006,1666,1176,917,374,0
351,1006,1666,1176,917,374,0
351,1006,1666,1176,917,374,0
351,1006,1666,1176,917,374,0
351,1006,1666,1176,917,374,0
351,1006,1666,1176,916,375,0
351,1006,1666,1176,916,376,0
351,1006,1666,1176,914,379,0
351,1006,1666,1176,912,385,0
351,1006,1666,1176,910,388,0
351,1006,1666,1176,908,393,0
351,1006,1666,1176,906,395,0
351,1006,1666,1176,905,398,0
351,1006,1666,1176,903,402,0
351,1006,1666,1176,902,404,0
351,1006,1666,1176,901,407,0
351,1006,1666,1176,900,409,0
351,1006,1666,1176,899,411,0
351,1006,1666,1176,898,412,0
351,1006,1666,1176,898,413,0
351,1006,1666,1176,896,416,0
351,1006,1666,1176,895,418,0
351,1006,1666,1176,894,421,0
351,1006,1666,1176,893,422,0
351,1006,1666,1176,893,424,0
351,1006,1666,1176,891,427,0
351,1006,1666,1176,891,429,0
351,1006,1666,1176,890,431,0
351,1006,1666,1176,888,435,0
351,1006,1666,1176,887,437,0
351,1006,1666,1176,885,442,0
351,1006,1666,1176,885,444,0
351,1006,1666,1176,884,447,0
351,1006,1666,1176,882,451,0
351,1006,1666,1176,881,454,0
351,1006,1666,1176,879,458,0
351,1006,1666,1176,878,459,0
351,1006,1666,1176,878,461,0
351,1006,1666,1176,876,464,0
351,1006,1666,1176,876,466,0
351,1006,1666,1176,874,469,0
351,1006,1666,1176,874,470,0
351,1006,1666,1176,873,473,0
351,1006,1666,1176,872,475,0
351,1006,1666,1176,871,476,0
351,1006,1666,1176,870,479,0
351,1006,1666,1176,869,481,0
351,1006,1666,1176,867,484,0
351,1006,1666,1176,865,489,0
351,1006,1666,1176,864,491,0
351,1006,1666,1176,861,496,0
351,1006,1666,1176,860,498,0
351,1006,1666,1176,859,501,0
351,1006,1666,1176,856,505,0
351,1006,1666,1176,854,508,0
351,1006,1666,1176,850,514,0
351,1006,1666,1176,848,517,0
351,1006,1666,1176,844,523,0
351,1006,1666,1176,842,526,0
351,1006,1666,1176,840,529,0
351,1006,1666,1176,835,536,0
351,1006,1666,1176,832,540,0
351,1006,1666,1176,829,548,0
351,1006,1666,1176,827,552,0
351,1006,1666,1176,825,556,0
351,1006,1666,1176,821,564,0
351,1006,1666,1176,820,566,0
351,1006,1666,1176,816,572,0
351,1006,1666,1176,814,575,0
351,1006,1666,1176,813,577,0
351,1006,1666,1176,810,580,0
351,1006,1666,1176,809,582,0
351,1006,1666,1176,807,585,0
351,1006,1666,1176,805,588,0
351,1006,1666,1176,802,593,0
351,1006,1666,1176,800,596,0
351,1006,1666,1176,798,599,0
351,1006,1666,1176,794,604,0
351,1006,1666,1176,792,607,0
351,1006,1666,1176,790,610,0
351,1006,1666,1176,786,615,0
351,1006,1666,1176,784,618,0
351,1006,1666,1176,781,622,0
351,1006,1666,1176,779,624,0
351,1006,1666,1176,778,626,0
351,1006,1666,1176,775,630,0
351,1006,1666,1176,773,632,0
351,1006,1666,1176,771,637,0
351,1006,1666,1176,769,639,0
351,1006,1666,1176,768,641,0
351,1006,1666,1176,765,645,0
351,1006,1666,1176,764,647,0
351,1006,1666,1176,761,652,0
351,1006,1666,1176,760,654,0
351,1006,1666,1176,758,658,0
351,1006,1666,1176,757,660,0
351,1006,1666,1176,756,662,0
351,1006,1666,1176,754,667,0
351,1006,1666,1176,753,669,0
351,1006,1666,1176,751,674,0
351,1006,1666,1176,750,676,0
351,1006,1666,1176,748,681,0
351,1006,1666,1176,747,683,0
351,1006,1666,1176,746,685,0
351,1006,1666,1176,744,689,0
351,1006,1666,1176,743,692,0
351,1006,1666,1176,741,694,0
351,1006,1666,1176,739,697,0
351,1006,1666,1176,738,700,0
351,1006,1666,1176,735,703,0
351,1006,1666,1176,734,705,0
351,1006,1666,1176,733,707,0
351,1006,1666,1176,730,710,0
351,1006,1666,1176,729,712,0
351,1006,1666,1176,726,716,0
351,1006,1666,1176,724,718,0
351,1006,1666,1176,722,721,0
351,1006,1666,1176,718,726,0
351,1006,1666,1176,715,730,0
351,1006,1666,1176,712,735,0
351,1006,1666,1176,710,738,0
351,1006,1666,1176,707,743,0
351,1006,1666,1176,705,745,0
351,1006,1666,1176,704,747,0
351,1006,1666,1176,701,751,0
351,1006,1666,1176,700,753,0
351,1006,1666,1176,698,756,0
351,1006,1666,1176,697,758,0
351,1006,1666,1176,696,760,0
351,1006,1666,1176,693,765,0
351,1006,1666,1176,692,767,0
351,1006,1666,1176,690,770,0
351,1006,1666,1176,688,772,0
351,1006,1666,1176,687,774,0
351,1006,1666,1176,685,777,0
351,1006,1666,1176,684,779,0
351,1006,1666,1176,681,783,0
351,1006,1666,1176,680,786,0
351,1006,1666,1176,679,788,0
351,1006,1666,1176,677,792,0
351,1006,1666,1176,675,794,0
351,1006,1666,1176,673,798,0
351,1006,1666,1176,672,800,0
351,1006,1666,1176,669,805,0
351,1006,1666,1176,669,807,0
351,1006,1666,1176,667,811,0
351,1006,1666,1176,666,813,0
351,1006,1666,1176,664,818,0
351,1006,1666,1176,663,820,0
351,1006,1666,1176,662,823,0
351,1006,1666,1176,659,827,0
351,1006,1666,1176,658,830,0
351,1006,1666,1176,656,832,0
351,1006,1666,1176,653,837,0
351,1006,1666,1176,651,840,0
351,1006,1666,1176,647,845,0
351,1006,1666,1176,645,847,0
351,1006,1666,1176,643,850,0
351,1006,1666,1176,639,855,0
351,1006,1666,1176,637,857,0
351,1006,1666,1176,633,862,0
351,1006,1666,1176,632,864,0
351,1006,1666,1176,629,869,0
351,1006,1666,1176,627,872,0
351,1006,1666,1176,625,874,0
351,1006,1666,1176,621,879,0
351,1006,1666,1176,619,881,0
351,1006,1666,1176,616,886,0
351,1006,1666,1176,614,888,0
351,1006,1666,1176,613,890,0
351,1006,1666,1176,609,895,0
351,1006,1666,1176,607,898,0
351,1006,1666,1176,604,903,0
351,1006,1666,1176,602,906,0
351,1006,1666,1176,599,909,0
351,1006,1666,1176,594,915,0
351,1006,1666,1176,592,919,0
351,1006,1666,1176,590,922,0
351,1006,1666,1176,586,927,0
351,1006,1666,1176,585,930,0
351,1006,1666,1176,583,933,0
351,1006,1666,1176,582,934,0
351,1006,1666,1176,581,935,0
351,1006,1666,1176,579,938,0
351,1006,1666,1176,577,941,0
351,1006,1666,1176,573,945,0
351,1006,1666,1176,570,948,0
351,1006,1666,1176,565,953,0
351,1006,1666,1176,563,956,0
351,1006,1666,1176,561,958,0
351,1006,1666,1176,557,963,0
351,1006,1666,1176,555,966,0
351,1006,1666,1176,552,970,0
351,1006,1666,1176,550,972,0
351,1006,1666,1176,547,975,0
351,1006,1666,1176,545,977,0
351,1006,1666,1176,543,979,0
351,1006,1666,1176,540,983,0
351,1006,1666,1176,538,984,0
351,1006,1666,1176,534,988,0
351,1006,1666,1176,532,989,0
351,1006,1666,1176,530,991,0
351,1006,1666,1176,526,994,0
351,1006,1666,1176,524,995,0
351,1006,1666,1176,523,996,0
351,1006,1666,1176,520,998,0
351,1006,1666,1176,519,999,0
351,1006,1666,1176,515,1002,0
351,1006,1666,1176,512,1004,0
351,1006,1666,1176,508,1007,0
351,1006,1666,1176,506,1009,0
351,1006,1666,1176,504,1010,0
351,1006,1666,1176,500,1013,0
351,1006,1666,1176,498,1015,0
351,1006,1666,1176,494,1017,0
351,1006,1666,1176,493,1018,0
351,1006,1666,1176,492,1019,0
351,1006,1666,1176,489,1022,0
351,1006,1666,1176,487,1023,0
351,1006,1666,1176,484,1026,0
351,1006,1666,1176,482,1028,0
351,1006,1666,1176,477,1033,0
351,1006,1666,1176,474,1036,0
351,1006,1666,1176,472,1039,0
351,1006,1666,1176,467,1044,0
351,1006,1666,1176,465,1046,0
351,1006,1666,1176,464,1049,0
351,1006,1666,1176,459,1054,0
351,1006,1666,1176,457,1056,0
351,1006,1666,1176,453,1061,0
351,1006,1666,1176,452,1063,0
351,1006,1666,1176,450,1065,0
351,1006,1666,1176,447,1070,0
351,1006,1666,1176,445,1071,0
351,1006,1666,1176,443,1075,0
351,1006,1666,1176,442,1076,0
351,1006,1666,1176,440,1078,0
351,1006,1666,1176,440,1079,0
351,1006,1666,1176,439,1080,0
351,1006,1666,1176,439,1080,0
351,1006,1666,1176,439,1080,0
351,1006,1666,1176,439,1080,0
351,1006,1666,1176,439,1080,0
351,1006,1666,1176,439,1080,0
351,1006,1666,1176,439,1080,0
351,1006,1666,1176,439,1080,0
351,1006,1666,1176,439,1080,0
351,1006,1666,1176,439,1080,0
351,1006,1666,1176,439,1080,0
351,1006,1666,1176,438,1080,0
351,1006,1666,1176,437,1080,0
351,1006,1666,1176,436,1081,0
351,1006,1666,1176,434,1083,0
351,1006,1666,1176,432,1085,0
351,1006,1666,1176,431,1087,0
351,1006,1666,1176,428,1091,0
351,1006,1666,1176,426,1093,0
351,1006,1666,1176,425,1095,0
351,1006,1666,1176,422,1100,0
351,1006,1666,1176,421,1101,0
351,1006,1666,1176,420,1103,0
351,1006,1666,1176,417,1106,0
351,1006,1666,1176,417,1108,0
351,1006,1666,1176,416,1109,0
351,1006,1666,1176,416,1110,0
351,1006,1666,1176,415,1112,0
351,1006,1666,1176,415,1113,0
351,1006,1666,1176,414,1114,0
351,1006,1666,1176,413,1116,0
351,1006,1666,1176,413,1117,0
351,1006,1666,1176,412,1118,0
351,1006,1666,1176,412,1119,0
351,1006,1666,1176,411,1120,0
351,1006,1666,1176,411,1121,0
351,1006,1666,1176,410,1122,0
351,1006,1666,1176,410,1122,0
351,1006,1666,1176,409,1123,0
351,1006,1666,1176,409,1123,0
351,1006,1666,1176,409,1123,0
351,1006,1666,1176,409,1123,0
351,1006,1666,1176,409,1124,0
351,1006,1666,1176,407,1125,0
351,1006,1666,1176,406,1126,0
351,1006,1666,1176,404,1127,0
351,1006,1666,1176,403,1128,0
351,1006,1666,1176,403,1129,0
351,1006,1666,1176,400,1130,0
351,1006,1666,1176,399,1131,0
351,1006,1666,1176,397,1132,0
351,1006,1666,1176,397,1133,0
351,1006,1666,1176,396,1135,0
351,1006,1666,1176,395,1135,0
351,1006,1666,1176,394,1136,0
351,1006,1666,1176,393,1137,0
351,1006,1666,1176,393,1137,0
351,1006,1666,1176,393,1137,0
351,1006,1666,1176,391,1138,0
351,1006,1666,1176,390,1138,0
351,1006,1666,1176,387,1140,0
351,1006,1666,1176,386,1141,0
351,1006,1666,1176,384,1142,0
351,1006,1666,1176,383,1143,0
351,1006,1666,1176,383,1143,0
351,1006,1666,1176,382,1144,0
351,1006,1666,1176,382,1144,0
351,1006,1666,1176,381,1144,0
351,1006,1666,1176,381,1144,0
351,1006,1666,1176,381,1144,0
351,1006,1666,1176,381,1144,0
351,1006,1666,1176,381,1144,0
351,1006,1666,1176,378,1146,0
351,1006,1666,1176,377,1146,0
351,1006,1666,1176,376,1147,0
351,1006,1666,1176,374,1148,0
351,1006,1666,1176,374,1148,0
351,1006,1666,1176,373,1148,0
351,1006,1666,1176,373,1148,0
351,1006,1666,1176,373,1148,0
351,1006,1666,1176,373,1148,0
351,1006,1666,1176,373,1148,0
351,1006,1666,1176,373,1148,0
351,1006,1666,1176,373,1148,0
351,1006,1666,1176,373,1148,0
351,1006,1666,1176,373,1148,0
351,1006,1666,1176,373,1148,1
351,1006,1666,1176,373,1148,1
351,1006,1666,1176,373,1148,1
351,1006,1666,1176,373,1148,1
351,1006,1666,1176,373,1148,1
351,1006,1666,1176,373,1148,1
351,1006,1666,1176,373,1148,1
351,1006,1666,1176,373,1148,1
351,1006,1666,1176,373,1148,1
351,1006,1666,1176,373,1148,1
351,1006,1666,1176,373,1148,1
351,1006,1666,1176,373,1148,1
351,1006,1666,1176,373,1148,1
351,1006,1666,1176,373,1148,1
351,1006,1666,1176,375,1147,1
351,1006,1666,1176,376,1147,1
351,1006,1666,1176,380,1146,1
351,1006,1666,1176,382,1146,1
351,1006,1666,1176,389,1145,1
351,1006,1666,1176,394,1145,1
351,1006,1666,1176,398,1145,1
351,1006,1666,1176,408,1143,1
351,1006,1666,1176,412,1143,1
351,1006,1666,1176,417,1142,1
351,1006,1666,1176,427,1141,1
351,1006,1666,1176,432,1141,1
351,1006,1666,1176,440,1140,1
351,1006,1666,1176,446,1140,1
351,1006,1666,1176,458,1140,1
351,1006,1666,1176,465,1138,1
351,1006,1666,1176,469,1137,1
351,1006,1666,1176,479,1136,1
351,1006,1666,1176,483,1136,1
351,1006,1666,1176,486,1135,1
351,1006,1666,1176,492,1134,1
351,1006,1666,1176,495,1133,1
351,1006,1666,1176,502,1132,1
351,1006,1666,1176,506,1132,1
351,1006,1666,1176,510,1130,1
351,1006,1666,1176,518,1129,1
351,1006,1666,1176,521,1129,1
351,1006,1666,1176,524,1128,1
351,1006,1666,1176,525,1128,1
351,1006,1666,1176,525,1128,1
351,1006,1666,1176,527,1127,1
351,1006,1666,1176,530,1127,1
351,1006,1666,1176,535,1126,1
351,1006,1666,1176,540,1125,1
351,1006,1666,1176,543,1125,1
351,1006,1666,1176,547,1125,1
351,1006,1666,1176,550,1125,1
351,1006,1666,1176,555,1124,1
351,1006,1666,1176,558,1124,1
351,1006,1666,1176,561,1123,1
351,1006,1666,1176,568,1122,1
351,1006,1666,1176,572,1122,1
351,1006,1666,1176,581,1120,1
351,1006,1666,1176,585,1120,1
351,1006,1666,1176,592,1119,1
351,1006,1666,1176,596,1118,1
351,1006,1666,1176,599,1117,1
351,1006,1666,1176,604,1117,1
351,1006,1666,1176,606,1116,1
351,1006,1666,1176,611,1116,1
351,1006,1666,1176,614,1115,1
351,1006,1666,1176,617,1115,1
351,1006,1666,1176,622,1114,1
351,1006,1666,1176,625,1113,1
351,1006,1666,1176,633,1112,1
351,1006,1666,1176,636,1111,1
351,1006,1666,1176,643,1109,1
351,1006,1666,1176,646,1108,1
351,1006,1666,1176,649,1107,1
351,1006,1666,1176,656,1105,1
351,1006,1666,1176,661,1104,1
351,1006,1666,1176,665,1104,1
351,1006,1666,1176,672,1102,1
351,1006,1666,1176,675,1101,1
351,1006,1666,1176,681,1100,1
351,1006,1666,1176,685,1100,1
351,1006,1666,1176,688,1099,1
351,1006,1666,1176,696,1098,1
351,1006,1666,1176,699,1098,1
351,1006,1666,1176,707,1096,1
351,1006,1666,1176,712,1096,1
351,1006,1666,1176,719,1095,1
351,1006,1666,1176,722,1094,1
351,1006,1666,1176,725,1094,1
351,1006,1666,1176,729,1093,1
351,1006,1666,1176,732,1092,1
351,1006,1666,1176,737,1092,1
351,1006,1666,1176,741,1092,1
351,1006,1666,1176,745,1092,1
351,1006,1666,1176,752,1092,1
351,1006,1666,1176,757,1092,1
351,1006,1666,1176,759,1091,1
351,1006,1666,1176,761,1091,1
351,1006,1666,1176,764,1091,1
351,1006,1666,1176,765,1091,1
351,1006,1666,1176,767,1091,1
351,1006,1666,1176,772,1091,1
351,1006,1666,1176,776,1092,1
351,1006,1666,1176,786,1093,1
351,1006,1666,1176,791,1094,1
351,1006,1666,1176,800,1095,1
351,1006,1666,1176,804,1095,1
351,1006,1666,1176,808,1095,1
351,1006,1666,1176,816,1095,1
351,1006,1666,1176,819,1095,1
351,1006,1666,1176,828,1096,1
351,1006,1666,1176,831,1096,1
351,1006,1666,1176,839,1096,1
351,1006,1666,1176,843,1096,1
351,1006,1666,1176,847,1096,1
351,1006,1666,1176,852,1096,1
351,1006,1666,1176,854,1096,1
351,1006,1666,1176,856,1096,1
351,1006,1666,1176,858,1096,1
351,1006,1666,1176,863,1096,1
351,1006,1666,1176,865,1096,1
351,1006,1666,1176,868,1096,1
351,1006,1666,1176,874,1097,1
351,1006,1666,1176,877,1097,1
351,1006,1666,1176,880,1097,1
351,1006,1666,1176,885,1097,1
351,1006,1666,1176,889,1096,1
351,1006,1666,1176,895,1096,1
351,1006,1666,1176,898,1096,1
351,1006,1666,1176,901,1096,1
351,1006,1666,1176,906,1096,1
351,1006,1666,1176,909,1096,1
351,1006,1666,1176,915,1096,1
351,1006,1666,1176,918,1096,1
351,1006,1666,1176,923,1096,1
351,1006,1666,1176,926,1096,1
351,1006,1666,1176,929,1096,1
351,1006,1666,1176,936,1096,1
351,1006,1666,1176,940,1096,1
351,1006,1666,1176,947,1096,1
351,1006,1666,1176,950,1096,1
351,1006,1666,1176,953,1096,1
351,1006,1666,1176,959,1096,1
351,1006,1666,1176,963,1096,1
351,1006,1666,1176,969,1096,1
351,1006,1666,1176,972,1096,1
351,1006,1666,1176,979,1096,1
351,1006,1666,1176,982,1096,1
351,1006,1666,1176,986,1096,1
351,1006,1666,1176,994,1096,1
351,1006,1666,1176,999,1096,1
351,1006,1666,1176,1003,1096,1
351,1006,1666,1176,1013,1096,1
351,1006,1666,1176,1018,1096,1
351,1006,1666,1176,1024,1096,1
351,1006,1666,1176,1034,1096,1
351,1006,1666,1176,1037,1096,1
351,1006,1666,1176,1043,1096,1
351,1006,1666,1176,1045,1096,1
351,1006,1666,1176,1049,1097,1
351,1006,1666,1176,1052,1097,1
351,1006,1666,1176,1056,1097,1
351,1006,1666,1176,1062,1097,1
351,1006,1666,1176,1064,1097,1
351,1006,1666,1176,1068,1097,1
351,1006,1666,1176,1071,1097,1
351,1006,1666,1176,1076,1097,1
351,1006,1666,1176,1080,1097,1
351,1006,1666,1176,1086,1097,1
351,1006,1666,1176,1099,1097,1
351,1006,1666,1176,1105,1097,1
351,1006,1666,1176,1115,1096,1
351,1006,1666,1176,1119,1095,1
351,1006,1666,1176,1121,1095,1
351,1006,1666,1176,1128,1094,1
351,1006,1666,1176,1131,1094,1
351,1006,1666,1176,1134,1093,1
351,1006,1666,1176,1139,1093,1
351,1006,1666,1176,1141,1091,1
351,1006,1666,1176,1147,1089,1
351,1006,1666,1176,1149,1089,1
351,1006,1666,1176,1152,1088,1
351,1006,1666,1176,1154,1088,1
351,1006,1666,1176,1157,1086,1
351,1006,1666,1176,1162,1085,1
351,1006,1666,1176,1166,1084,1
351,1006,1666,1176,1180,1081,1
351,1006,1666,1176,1183,1080,1
351,1006,1666,1176,1188,1079,1
351,1006,1666,1176,1192,1078,1
351,1006,1666,1176,1195,1078,1
351,1006,1666,1176,1201,1076,1
351,1006,1666,1176,1205,1075,1
351,1006,1666,1176,1213,1074,1
351,1006,1666,1176,1216,1074,1
351,1006,1666,1176,1220,1073,1
351,1006,1666,1176,1225,1073,1
351,1006,1666,1176,1226,1072,1
351,1006,1666,1176,1227,1072,1
351,1006,1666,1176,1230,1072,1
351,1006,1666,1176,1231,1072,1
351,1006,1666,1176,1235,1072,1
351,1006,1666,1176,1237,1072,1
351,1006,1666,1176,1244,1072,1
351,1006,1666,1176,1248,1072,1
351,1006,1666,1176,1256,1072,1
351,1006,1666,1176,1258,1072,1
351,1006,1666,1176,1260,1072,1
351,1006,1666,1176,1262,1072,1
351,1006,1666,1176,1263,1072,1
351,1006,1666,1176,1266,1072,1
351,1006,1666,1176,1269,1072,1
351,1006,1666,1176,1272,1073,1
351,1006,1666,1176,1279,1072,1
351,1006,1666,1176,1282,1072,1
351,1006,1666,1176,1288,1072,1
351,1006,1666,1176,1292,1072,1
351,1006,1666,1176,1300,1072,1
351,1006,1666,1176,1303,1072,1
351,1006,1666,1176,1306,1072,1
351,1006,1666,1176,1309,1072,1
351,1006,1666,1176,1310,1072,1
351,1006,1666,1176,1312,1072,1
351,1006,1666,1176,1316,1072,1
351,1006,1666,1176,1320,1072,1
351,1006,1666,1176,1327,1072,1
351,1006,1666,1176,1330,1073,1
351,1006,1666,1176,1333,1073,1
351,1006,1666,1176,1340,1073,1
351,1006,1666,1176,1343,1073,1
351,1006,1666,1176,1346,1073,1
351,1006,1666,1176,1346,1073,1
351,1006,1666,1176,1346,1073,1
351,1006,1666,1176,1346,1073,1
351,1006,1666,1176,1346,1073,1
351,1006,1666,1176,1348,1073,1
351,1006,1666,1176,1349,1073,1
351,1006,1666,1176,1351,1073,1
351,1006,1666,1176,1355,1073,1
351,1006,1666,1176,1358,1073,1
351,1006,1666,1176,1360,1073,1
351,1006,1666,1176,1360,1073,1
351,1006,1666,1176,1360,1073,1
351,1006,1666,1176,1360,1073,1
351,1006,1666,1176,1360,1073,1
351,1006,1666,1176,1360,1073,1
351,1006,1666,1176,1360,1073,1
351,1006,1666,1176,1362,1073,1
351,1006,1666,1176,1364,1073,1
351,1006,1666,1176,1367,1073,1
351,1006,1666,1176,1373,1073,1
351,1006,1666,1176,1376,1073,1
351,1006,1666,1176,1378,1073,1
351,1006,1666,1176,1382,1073,1
351,1006,1666,1176,1383,1073,1
351,1006,1666,1176,1386,1073,1
351,1006,1666,1176,1387,1073,1
351,1006,1666,1176,1387,1073,1
351,1006,1666,1176,1390,1073,1
351,1006,1666,1176,1393,1074,1
351,1006,1666,1176,1400,1074,1
351,1006,1666,1176,1403,1074,1
351,1006,1666,1176,1410,1074,1
351,1006,1666,1176,1413,1074,1
351,1006,1666,1176,1416,1074,1
351,1006,1666,1176,1419,1074,1
351,1006,1666,1176,1419,1075,1
351,1006,1666,1176,1419,1075,1
351,1006,1666,1176,1419,1075,1
351,1006,1666,1176,1420,1075,1
351,1006,1666,1176,1422,1075,1
351,1006,1666,1176,1425,1075,1
351,1006,1666,1176,1430,1075,1
351,1006,1666,1176,1432,1075,1
351,1006,1666,1176,1434,1075,1
351,1006,1666,1176,1436,1075,1
351,1006,1666,1176,1436,1075,1
351,1006,1666,1176,1439,1075,1
351,1006,1666,1176,1441,1075,1
351,1006,1666,1176,1443,1075,1
351,1006,1666,1176,1446,1075,1
351,1006,1666,1176,1448,1075,1
351,1006,1666,1176,1448,1075,1
351,1006,1666,1176,1448,1075,1
351,1006,1666,1176,1448,1075,1
351,1006,1666,1176,1448,1075,1
351,1006,1666,1176,1450,1075,1
351,1006,1666,1176,1455,1076,1
351,1006,1666,1176,1461,1076,1
351,1006,1666,1176,1465,1076,1
351,1006,1666,1176,1466,1076,1
351,1006,1666,1176,1466,1076,1
351,1006,1666,1176,1466,1076,1
351,1006,1666,1176,1466,1076,1
351,1006,1666,1176,1466,1076,1
351,1006,1666,1176,1466,1076,1
351,1006,1666,1176,1466,1076,1
351,1006,1666,1176,1466,1076,1
351,1006,1666,1176,1466,1076,1
351,1006,1666,1176,1466,1076,0
351,1006,1666,1176,1466,1076,0
351,1006,1666,1176,1466,1076,0
351,1006,1666,1176,1466,1076,0
351,1006,1666,1176,1466,1076,0
351,1006,1666,1176,1466,1076,0
351,1006,1666,1176,1466,1076,0
351,1006,1666,1176,1466,1076,0
351,1006,1666,1176,1466,1076,0
351,1006,1666,1176,1466,1076,0
351,1006,1666,1176,1466,1076,0
351,1006,1666,1176,1466,1077,0
351,1006,1666,1176,1466,1077,0
351,1006,1666,1176,1466,1077,0
351,1006,1666,1176,1466,1077,0
351,1006,1666,1176,1466,1077,0
351,1006,1666,1176,1466,1077,0
351,1006,1666,1176,1466,1077,0
351,1006,1666,1176,1466,1077,0
351,1006,1666,1176,1466,1077,0
351,1006,1666,1176,1466,1077,0
351,1006,1666,1176,1466,1077,0
351,1006,1666,1176,1466,1077,0
351,1006,1666,1176,1466,1077,0
351,1006,1666,1176,1466,1077,0
351,1006,1666,1176,1466,1077,0
351,1006,1666,1176,1466,1077,0
351,1006,1666,1176,1465,1077,0
351,1006,1666,1176,1460,1075,0
351,1006,1666,1176,1458,1074,0
351,1006,1666,1176,1455,1073,0
351,1006,1666,1176,1454,1073,0
351,1006,1666,1176,1453,1072,0
351,1006,1666,1176,1451,1071,0
351,1006,1666,1176,1450,1070,0
351,1006,1666,1176,1448,1069,0
351,1006,1666,1176,1447,1069,0
351,1006,1666,1176,1444,1067,0
351,1006,1666,1176,1442,1066,0
351,1006,1666,1176,1441,1065,0
351,1006,1666,1176,1437,1063,0
351,1006,1666,1176,1435,1062,0
351,1006,1666,1176,1433,1061,0
351,1006,1666,1176,1432,1060,0
351,1006,1666,1176,1432,1060,0
351,1006,1666,1176,1430,1058,0
351,1006,1666,1176,1428,1057,0
351,1006,1666,1176,1426,1056,0
351,1006,1666,1176,1421,1052,0
351,1006,1666,1176,1418,1050,0
351,1006,1666,1176,1414,1047,0
351,1006,1666,1176,1412,1045,0
351,1006,1666,1176,1410,1043,0
351,1006,1666,1176,1406,1038,0
351,1006,1666,1176,1402,1033,0
351,1006,1666,1176,1397,1028,0
351,1006,1666,1176,1394,1024,0
351,1006,1666,1176,1391,1021,0
351,1006,1666,1176,1390,1019,0
351,1006,1666,1176,1389,1016,0
351,1006,1666,1176,1387,1015,0
351,1006,1666,1176,1385,1011,0
351,1006,1666,1176,1383,1009,0
351,1006,1666,1176,1380,1005,0
351,1006,1666,1176,1375,1000,0
351,1006,1666,1176,1373,997,0
351,1006,1666,1176,1372,995,0
351,1006,1666,1176,1370,993,0
351,1006,1666,1176,1367,988,0
351,1006,1666,1176,1365,986,0
351,1006,1666,1176,1362,980,0
351,1006,1666,1176,1360,978,0
351,1006,1666,1176,1356,972,0
351,1006,1666,1176,1354,969,0
351,1006,1666,1176,1352,966,0
351,1006,1666,1176,1346,959,0
351,1006,1666,1176,1344,955,0
351,1006,1666,1176,1338,946,0
351,1006,1666,1176,1336,942,0
351,1006,1666,1176,1331,933,0
351,1006,1666,1176,1330,928,0
351,1006,1666,1176,1328,924,0
351,1006,1666,1176,1325,916,0
351,1006,1666,1176,1323,911,0
351,1006,1666,1176,1321,904,0
351,1006,1666,1176,1319,899,0
351,1006,1666,1176,1319,897,0
351,1006,1666,1176,1317,892,0
351,1006,1666,1176,1316,890,0
351,1006,1666,1176,1315,886,0
351,1006,1666,1176,1315,884,0
351,1006,1666,1176,1314,883,0
351,1006,1666,1176,1313,881,0
351,1006,1666,1176,1313,879,0
351,1006,1666,1176,1312,878,0
351,1006,1666,1176,1310,874,0
351,1006,1666,1176,1309,871,0
351,1006,1666,1176,1307,867,0
351,1006,1666,1176,1306,865,0
351,1006,1666,1176,1305,863,0
351,1006,1666,1176,1303,858,0
351,1006,1666,1176,1302,856,0
351,1006,1666,1176,1300,850,0
351,1006,1666,1176,1298,847,0
351,1006,1666,1176,1296,844,0
351,1006,1666,1176,1293,837,0
351,1006,1666,1176,1292,834,0
351,1006,1666,1176,1290,829,0
351,1006,1666,1176,1289,827,0
351,1006,1666,1176,1287,820,0
351,1006,1666,1176,1285,817,0
351,1006,1666,1176,1284,814,0
351,1006,1666,1176,1280,807,0
351,1006,1666,1176,1279,803,0
351,1006,1666,1176,1277,796,0
351,1006,1666,1176,1276,793,0
351,1006,1666,1176,1275,791,0
351,1006,1666,1176,1274,786,0
351,1006,1666,1176,1272,783,0
351,1006,1666,1176,1271,780,0
351,1006,1666,1176,1267,774,0
351,1006,1666,1176,1266,771,0
351,1006,1666,1176,1264,767,0
351,1006,1666,1176,1264,765,0
351,1006,1666,1176,1263,762,0
351,1006,1666,1176,1262,760,0
351,1006,1666,1176,1261,758,0
351,1006,1666,1176,1258,751,0
351,1006,1666,1176,1257,748,0
351,1006,1666,1176,1253,739,0
351,1006,1666,1176,1252,735,0
351,1006,1666,1176,1247,726,0
351,1006,1666,1176,1245,721,0
351,1006,1666,1176,1243,718,0
351,1006,1666,1176,1241,712,0
351,1006,1666,1176,1240,709,0
351,1006,1666,1176,1239,703,0
351,1006,1666,1176,1238,700,0
351,1006,1666,1176,1233,693,0
351,1006,1666,1176,1230,688,0
351,1006,1666,1176,1225,678,0
351,1006,1666,1176,1221,674,0
351,1006,1666,1176,1219,669,0
351,1006,1666,1176,1215,660,0
351,1006,1666,1176,1214,658,0
351,1006,1666,1176,1213,654,0
351,1006,1666,1176,1211,650,0
351,1006,1666,1176,1211,649,0
351,1006,1666,1176,1211,647,0
351,1006,1666,1176,1211,647,0
351,1006,1666,1176,1211,646,0
351,1006,1666,1176,1210,643,0
351,1006,1666,1176,1209,641,0
351,1006,1666,1176,1207,636,0
351,1006,1666,1176,1205,633,0
351,1006,1666,1176,1200,627,0
351,1006,1666,1176,1197,622,0
351,1006,1666,1176,1193,617,0
351,1006,1666,1176,1184,606,0
351,1006,1666,1176,1180,600,0
351,1006,1666,1176,1170,586,0
351,1006,1666,1176,1164,580,0
351,1006,1666,1176,1159,572,0
351,1006,1666,1176,1147,555,0
351,1006,1666,1176,1141,546,0
351,1006,1666,1176,1129,525,0
351,1006,1666,1176,1123,514,0
351,1006,1666,1176,1117,503,0
351,1006,1666,1176,1106,484,0
351,1006,1666,1176,1102,475,0
351,1006,1666,1176,1098,469,0
351,1006,1666,1176,1092,456,0
351,1006,1666,1176,1090,452,0
351,1006,1666,1176,1085,442,0
351,1006,1666,1176,1083,439,0
351,1006,1666,1176,1079,433,0
351,1006,1666,1176,1078,430,0
351,1006,1666,1176,1078,428,0
351,1006,1666,1176,1076,426,0
351,1006,1666,1176,1076,425,0
351,1006,1666,1176,1075,424,0
351,1006,1666,1176,1075,423,0
351,1006,1666,1176,1075,423,0
351,1006,1666,1176,1075,422,0
351,1006,1666,1176,1075,421,0
351,1006,1666,1176,1073,417,0
351,1006,1666,1176,1073,414,0
351,1006,1666,1176,1072,412,0
351,1006,1666,1176,1071,409,0
351,1006,1666,1176,1070,408,0
351,1006,1666,1176,1070,405,0
351,1006,1666,1176,1070,403,0
351,1006,1666,1176,1069,403,0
351,1006,1666,1176,1069,401,0
351,1006,1666,1176,1069,401,0
351,1006,1666,1176,1069,400,0
351,1006,1666,1176,1069,399,0
351,1006,1666,1176,1069,398,0
351,1006,1666,1176,1069,397,0
351,1006,1666,1176,1069,396,0
351,1006,1666,1176,1069,394,0
351,1006,1666,1176,1069,393,0
351,1006,1666,1176,1069,392,0
351,1006,1666,1176,1069,391,0
351,1006,1666,1176,1069,391,0
351,1006,1666,1176,1069,390,0
351,1006,1666,1176,1068,388,0
351,1006,1666,1176,1068,387,0
351,1006,1666,1176,1066,384,0
351,1006,1666,1176,1066,383,0
351,1006,1666,1176,1065,382,0
351,1006,1666,1176,1065,380,0
351,1006,1666,1176,1064,379,0
351,1006,1666,1176,1064,378,0
351,1006,1666,1176,1064,377,0
351,1006,1666,1176,1064,377,0
351,1006,1666,1176,1064,377,0
351,1006,1666,1176,1064,376,0
351,1006,1666,1176,1063,376,0
351,1006,1666,1176,1063,376,0
351,1006,1666,1176,1063,376,0
351,1006,1666,1176,1063,376,0
351,1006,1666,1176,1063,376,0
