486,1040,1393,1085,890,378,0
486,1040,1393,1085,890,378,0
486,1040,1393,1085,890,378,0
486,1040,1393,1085,890,378,0
486,1040,1393,1085,890,378,0
486,1040,1393,1085,890,378,0
486,1040,1393,1085,890,378,0
486,1040,1393,1085,890,378,0
486,1040,1393,1085,890,378,0
486,1040,1393,1085,890,378,0
486,1040,1393,1085,890,378,0
486,1040,1393,1085,890,378,0
486,1040,1393,1085,890,378,0
486,1040,1393,1085,890,378,0
486,1040,1393,1085,890,378,0
486,1040,1393,1085,890,378,0
486,1040,1393,1085,890,378,0
486,1040,1393,1085,890,379,0
486,1040,1393,1085,890,379,0
486,1040,1393,1085,890,379,0
486,1040,1393,1085,890,379,0
486,1040,1393,1085,890,379,0
486,1040,1393,1085,890,379,0
486,1040,1393,1085,890,379,0
486,1040,1393,1085,890,379,0
486,1040,1393,1085,890,379,0
486,1040,1393,1085,890,379,0
486,1040,1393,1085,890,379,0
486,1040,1393,1085,890,379,0
486,1040,1393,1085,890,379,0
486,1040,1393,1085,890,379,0
486,1040,1393,1085,890,379,0
486,1040,1393,1085,890,381,0
486,1040,1393,1085,889,383,0
486,1040,1393,1085,889,386,0
486,1040,1393,1085,889,392,0
486,1040,1393,1085,889,395,0
486,1040,1393,1085,888,397,0
486,1040,1393,1085,888,402,0
486,1040,1393,1085,887,404,0
486,1040,1393,1085,887,409,0
486,1040,1393,1085,887,410,0
486,1040,1393,1085,887,411,0
486,1040,1393,1085,886,413,0
486,1040,1393,1085,886,415,0
486,1040,1393,1085,885,418,0
486,1040,1393,1085,885,420,0
486,1040,1393,1085,884,424,0
486,1040,1393,1085,883,425,0
486,1040,1393,1085,883,427,0
486,1040,1393,1085,882,429,0
486,1040,1393,1085,881,432,0
486,1040,1393,1085,880,434,0
486,1040,1393,1085,878,438,0
486,1040,1393,1085,877,441,0
486,1040,1393,1085,874,448,0
486,1040,1393,1085,873,451,0
486,1040,1393,1085,871,455,0
486,1040,1393,1085,870,458,0
486,1040,1393,1085,867,465,0
486,1040,1393,1085,866,468,0
486,1040,1393,1085,864,473,0
486,1040,1393,1085,863,476,0
486,1040,1393,1085,862,478,0
486,1040,1393,1085,861,482,0
486,1040,1393,1085,861,483,0
486,1040,1393,1085,860,486,0
486,1040,1393,1085,859,488,0
486,1040,1393,1085,858,492,0
486,1040,1393,1085,858,494,0
486,1040,1393,1085,857,496,0
486,1040,1393,1085,857,499,0
486,1040,1393,1085,856,500,0
486,1040,1393,1085,856,502,0
486,1040,1393,1085,855,506,0
486,1040,1393,1085,855,508,0
486,1040,1393,1085,854,511,0
486,1040,1393,1085,854,513,0
486,1040,1393,1085,852,516,0
486,1040,1393,1085,852,517,0
486,1040,1393,1085,851,518,0
486,1040,1393,1085,850,520,0
486,1040,1393,1085,850,521,0
486,1040,1393,1085,848,523,0
486,1040,1393,1085,847,525,0
486,1040,1393,1085,846,526,0
486,1040,1393,1085,845,527,0
486,1040,1393,1085,844,530,0
486,1040,1393,1085,843,531,0
486,1040,1393,1085,842,533,0
486,1040,1393,1085,841,537,0
486,1040,1393,1085,839,539,0
486,1040,1393,1085,838,543,0
486,1040,1393,1085,836,546,0
486,1040,1393,1085,834,551,0
486,1040,1393,1085,832,554,0
486,1040,1393,1085,832,556,0
486,1040,1393,1085,829,561,0
486,1040,1393,1085,828,564,0
486,1040,1393,1085,827,567,0
486,1040,1393,1085,825,573,0
486,1040,1393,1085,824,576,0
486,1040,1393,1085,822,580,0
486,1040,1393,1085,822,581,0
486,1040,1393,1085,821,582,0
486,1040,1393,1085,819,587,0
486,1040,1393,1085,818,589,0
486,1040,1393,1085,817,591,0
486,1040,1393,1085,816,594,0
486,1040,1393,1085,815,597,0
486,1040,1393,1085,813,601,0
486,1040,1393,1085,812,604,0
486,1040,1393,1085,811,606,0
486,1040,1393,1085,810,610,0
486,1040,1393,1085,809,612,0
486,1040,1393,1085,807,615,0
486,1040,1393,1085,806,617,0
486,1040,1393,1085,805,618,0
486,1040,1393,1085,804,622,0
486,1040,1393,1085,803,623,0
486,1040,1393,1085,803,624,0
486,1040,1393,1085,801,627,0
486,1040,1393,1085,801,628,0
486,1040,1393,1085,799,632,0
486,1040,1393,1085,798,634,0
486,1040,1393,1085,798,636,0
486,1040,1393,1085,796,642,0
486,1040,1393,1085,795,644,0
486,1040,1393,1085,794,647,0
486,1040,1393,1085,794,652,0
486,1040,1393,1085,793,655,0
486,1040,1393,1085,792,661,0
486,1040,1393,1085,791,664,0
486,1040,1393,1085,791,666,0
486,1040,1393,1085,789,672,0
486,1040,1393,1085,789,674,0
486,1040,1393,1085,788,679,0
486,1040,1393,1085,788,681,0
486,1040,1393,1085,787,683,0
486,1040,1393,1085,786,688,0
486,1040,1393,1085,785,691,0
486,1040,1393,1085,785,693,0
486,1040,1393,1085,783,699,0
486,1040,1393,1085,782,701,0
486,1040,1393,1085,782,706,0
486,1040,1393,1085,781,709,0
486,1040,1393,1085,780,712,0
486,1040,1393,1085,779,717,0
486,1040,1393,1085,778,720,0
486,1040,1393,1085,777,723,0
486,1040,1393,1085,776,727,0
486,1040,1393,1085,775,729,0
486,1040,1393,1085,775,732,0
486,1040,1393,1085,775,734,0
486,1040,1393,1085,775,735,0
486,1040,1393,1085,774,739,0
486,1040,1393,1085,774,741,0
486,1040,1393,1085,774,743,0
486,1040,1393,1085,773,746,0
486,1040,1393,1085,773,748,0
486,1040,1393,1085,773,751,0
486,1040,1393,1085,773,753,0
486,1040,1393,1085,773,754,0
486,1040,1393,1085,773,757,0
486,1040,1393,1085,773,759,0
486,1040,1393,1085,772,760,0
486,1040,1393,1085,772,763,0
486,1040,1393,1085,772,765,0
486,1040,1393,1085,771,767,0
486,1040,1393,1085,771,768,0
486,1040,1393,1085,771,769,0
486,1040,1393,1085,770,772,0
486,1040,1393,1085,769,773,0
486,1040,1393,1085,769,774,0
486,1040,1393,1085,769,778,0
486,1040,1393,1085,769,780,0
486,1040,1393,1085,768,782,0
486,1040,1393,1085,768,784,0
486,1040,1393,1085,767,786,0
486,1040,1393,1085,766,790,0
486,1040,1393,1085,765,792,0
486,1040,1393,1085,763,796,0
486,1040,1393,1085,762,797,0
486,1040,1393,1085,762,799,0
486,1040,1393,1085,761,803,0
486,1040,1393,1085,759,805,0
486,1040,1393,1085,758,808,0
486,1040,1393,1085,756,813,0
486,1040,1393,1085,755,815,0
486,1040,1393,1085,755,817,0
486,1040,1393,1085,755,821,0
486,1040,1393,1085,755,823,0
486,1040,1393,1085,755,826,0
486,1040,1393,1085,755,827,0
486,1040,1393,1085,755,828,0
486,1040,1393,1085,754,831,0
486,1040,1393,1085,754,832,0
486,1040,1393,1085,754,834,0
486,1040,1393,1085,753,837,0
486,1040,1393,1085,752,838,0
486,1040,1393,1085,751,841,0
486,1040,1393,1085,751,843,0
486,1040,1393,1085,751,844,0
486,1040,1393,1085,750,847,0
486,1040,1393,1085,750,848,0
486,1040,1393,1085,750,851,0
486,1040,1393,1085,749,853,0
486,1040,1393,1085,749,854,0
486,1040,1393,1085,749,855,0
486,1040,1393,1085,749,855,0
486,1040,1393,1085,749,856,0
486,1040,1393,1085,748,856,0
486,1040,1393,1085,748,857,0
486,1040,1393,1085,746,859,0
486,1040,1393,1085,746,859,0
486,1040,1393,1085,745,861,0
486,1040,1393,1085,745,862,0
486,1040,1393,1085,745,863,0
486,1040,1393,1085,745,864,0
486,1040,1393,1085,745,866,0
486,1040,1393,1085,745,867,0
486,1040,1393,1085,745,868,0
486,1040,1393,1085,745,871,0
486,1040,1393,1085,745,873,0
486,1040,1393,1085,745,874,0
486,1040,1393,1085,745,877,0
486,1040,1393,1085,745,881,0
486,1040,1393,1085,745,883,0
486,1040,1393,1085,746,888,0
486,1040,1393,1085,746,890,0
486,1040,1393,1085,746,892,0
486,1040,1393,1085,746,896,0
486,1040,1393,1085,746,898,0
486,1040,1393,1085,747,900,0
486,1040,1393,1085,747,905,0
486,1040,1393,1085,747,908,0
486,1040,1393,1085,747,910,0
486,1040,1393,1085,748,915,0
486,1040,1393,1085,749,917,0
486,1040,1393,1085,749,920,0
486,1040,1393,1085,750,926,0
486,1040,1393,1085,750,929,0
486,1040,1393,1085,750,936,0
486,1040,1393,1085,750,939,0
486,1040,1393,1085,750,942,0
486,1040,1393,1085,750,950,0
486,1040,1393,1085,750,953,0
486,1040,1393,1085,750,956,0
486,1040,1393,1085,751,963,0
486,1040,1393,1085,751,969,0
486,1040,1393,1085,751,972,0
486,1040,1393,1085,751,975,0
486,1040,1393,1085,750,981,0
486,1040,1393,1085,750,983,0
486,1040,1393,1085,750,985,0
486,1040,1393,1085,750,989,0
486,1040,1393,1085,750,990,0
486,1040,1393,1085,750,994,0
486,1040,1393,1085,750,995,0
486,1040,1393,1085,750,997,0
486,1040,1393,1085,749,1000,0
486,1040,1393,1085,748,1003,0
486,1040,1393,1085,748,1005,0
486,1040,1393,1085,747,1008,0
486,1040,1393,1085,745,1012,0
486,1040,1393,1085,744,1015,0
486,1040,1393,1085,743,1020,0
486,1040,1393,1085,741,1023,0
486,1040,1393,1085,740,1026,0
486,1040,1393,1085,738,1033,0
486,1040,1393,1085,738,1036,0
486,1040,1393,1085,736,1043,0
486,1040,1393,1085,735,1046,0
486,1040,1393,1085,734,1050,0
486,1040,1393,1085,732,1056,0
486,1040,1393,1085,731,1059,0
486,1040,1393,1085,730,1063,0
486,1040,1393,1085,730,1065,0
486,1040,1393,1085,730,1066,0
486,1040,1393,1085,729,1069,0
486,1040,1393,1085,729,1071,0
486,1040,1393,1085,729,1073,0
486,1040,1393,1085,728,1079,0
486,1040,1393,1085,727,1082,0
486,1040,1393,1085,727,1086,0
486,1040,1393,1085,726,1089,0
486,1040,1393,1085,726,1091,0
486,1040,1393,1085,725,1095,0
486,1040,1393,1085,725,1096,0
486,1040,1393,1085,724,1098,0
486,1040,1393,1085,724,1100,0
486,1040,1393,1085,723,1101,0
486,1040,1393,1085,723,1102,0
486,1040,1393,1085,723,1104,0
486,1040,1393,1085,723,1104,0
486,1040,1393,1085,722,1106,0
486,1040,1393,1085,721,1108,0
486,1040,1393,1085,720,1110,0
486,1040,1393,1085,718,1114,0
486,1040,1393,1085,717,1115,0
486,1040,1393,1085,716,1118,0
486,1040,1393,1085,715,1119,0
486,1040,1393,1085,714,1121,0
486,1040,1393,1085,712,1124,0
486,1040,1393,1085,711,1126,0
486,1040,1393,1085,710,1127,0
486,1040,1393,1085,709,1129,0
486,1040,1393,1085,708,1130,0
486,1040,1393,1085,706,1132,0
486,1040,1393,1085,705,1134,0
486,1040,1393,1085,705,1135,0
486,1040,1393,1085,703,1137,0
486,1040,1393,1085,702,1138,0
486,1040,1393,1085,701,1140,0
486,1040,1393,1085,699,1141,0
486,1040,1393,1085,698,1143,0
486,1040,1393,1085,698,1143,0
486,1040,1393,1085,698,1143,0
486,1040,1393,1085,698,1144,0
486,1040,1393,1085,696,1146,0
486,1040,1393,1085,696,1147,0
486,1040,1393,1085,695,1147,0
486,1040,1393,1085,694,1149,0
486,1040,1393,1085,694,1149,0
486,1040,1393,1085,694,1150,0
486,1040,1393,1085,693,1151,0
486,1040,1393,1085,693,1151,0
486,1040,1393,1085,692,1152,0
486,1040,1393,1085,692,1152,0
486,1040,1393,1085,692,1152,0
486,1040,1393,1085,691,1153,0
486,1040,1393,1085,689,1154,0
486,1040,1393,1085,689,1155,0
486,1040,1393,1085,687,1156,0
486,1040,1393,1085,687,1157,0
486,1040,1393,1085,686,1157,0
486,1040,1393,1085,684,1159,0
486,1040,1393,1085,683,1160,0
486,1040,1393,1085,682,1161,0
486,1040,1393,1085,681,1162,0
486,1040,1393,1085,681,1162,0
486,1040,1393,1085,680,1162,0
486,1040,1393,1085,680,1162,0
486,1040,1393,1085,680,1162,0
486,1040,1393,1085,680,1163,0
486,1040,1393,1085,680,1163,0
486,1040,1393,1085,680,1163,0
486,1040,1393,1085,680,1163,0
486,1040,1393,1085,680,1163,0
486,1040,1393,1085,680,1163,0
486,1040,1393,1085,680,1163,0
486,1040,1393,1085,680,1163,1
486,1040,1393,1085,680,1163,1
486,1040,1393,1085,680,1163,1
486,1040,1393,1085,680,1163,1
486,1040,1393,1085,680,1163,1
486,1040,1393,1085,680,1163,1
486,1040,1393,1085,680,1163,1
486,1040,1393,1085,680,1163,1
486,1040,1393,1085,680,1163,1
486,1040,1393,1085,680,1163,1
486,1040,1393,1085,680,1163,1
486,1040,1393,1085,680,1163,1
486,1040,1393,1085,680,1163,1
486,1040,1393,1085,680,1163,1
486,1040,1393,1085,680,1163,1
486,1040,1393,1085,680,1163,1
486,1040,1393,1085,680,1163,1
486,1040,1393,1085,680,1163,1
486,1040,1393,1085,680,1163,1
486,1040,1393,1085,680,1163,1
486,1040,1393,1085,680,1163,1
486,1040,1393,1085,680,1163,1
486,1040,1393,1085,680,1163,1
486,1040,1393,1085,680,1163,1
486,1040,1393,1085,681,1163,1
486,1040,1393,1085,683,1162,1
486,1040,1393,1085,684,1162,1
486,1040,1393,1085,685,1162,1
486,1040,1393,1085,689,1160,1
486,1040,1393,1085,693,1160,1
486,1040,1393,1085,699,1159,1
486,1040,1393,1085,701,1158,1
486,1040,1393,1085,706,1157,1
486,1040,1393,1085,708,1156,1
486,1040,1393,1085,713,1155,1
486,1040,1393,1085,716,1155,1
486,1040,1393,1085,719,1154,1
486,1040,1393,1085,722,1154,1
486,1040,1393,1085,726,1153,1
486,1040,1393,1085,728,1153,1
486,1040,1393,1085,729,1152,1
486,1040,1393,1085,732,1151,1
486,1040,1393,1085,733,1151,1
486,1040,1393,1085,736,1151,1
486,1040,1393,1085,742,1150,1
486,1040,1393,1085,746,1149,1
486,1040,1393,1085,753,1148,1
486,1040,1393,1085,757,1148,1
486,1040,1393,1085,759,1147,1
486,1040,1393,1085,762,1146,1
486,1040,1393,1085,763,1146,1
486,1040,1393,1085,764,1146,1
486,1040,1393,1085,768,1145,1
486,1040,1393,1085,770,1145,1
486,1040,1393,1085,776,1144,1
486,1040,1393,1085,779,1143,1
486,1040,1393,1085,781,1142,1
486,1040,1393,1085,784,1141,1
486,1040,1393,1085,785,1141,1
486,1040,1393,1085,788,1139,1
486,1040,1393,1085,790,1138,1
486,1040,1393,1085,791,1138,1
486,1040,1393,1085,796,1136,1
486,1040,1393,1085,799,1136,1
486,1040,1393,1085,803,1135,1
486,1040,1393,1085,811,1134,1
486,1040,1393,1085,815,1133,1
486,1040,1393,1085,818,1132,1
486,1040,1393,1085,824,1131,1
486,1040,1393,1085,827,1130,1
486,1040,1393,1085,831,1129,1
486,1040,1393,1085,839,1127,1
486,1040,1393,1085,844,1125,1
486,1040,1393,1085,848,1124,1
486,1040,1393,1085,856,1122,1
486,1040,1393,1085,856,1122,1
486,1040,1393,1085,870,1117,1
486,1040,1393,1085,874,1115,1
486,1040,1393,1085,880,1113,1
486,1040,1393,1085,888,1110,1
486,1040,1393,1085,892,1107,1
486,1040,1393,1085,900,1103,1
486,1040,1393,1085,904,1100,1
486,1040,1393,1085,907,1098,1
486,1040,1393,1085,911,1094,1
486,1040,1393,1085,914,1091,1
486,1040,1393,1085,916,1090,1
486,1040,1393,1085,918,1088,1
486,1040,1393,1085,920,1087,1
486,1040,1393,1085,924,1085,1
486,1040,1393,1085,926,1084,1
486,1040,1393,1085,929,1082,1
486,1040,1393,1085,930,1082,1
486,1040,1393,1085,931,1081,1
486,1040,1393,1085,935,1080,1
486,1040,1393,1085,937,1080,1
486,1040,1393,1085,939,1079,1
486,1040,1393,1085,943,1079,1
486,1040,1393,1085,945,1079,1
486,1040,1393,1085,948,1078,1
486,1040,1393,1085,955,1077,1
486,1040,1393,1085,958,1077,1
486,1040,1393,1085,964,1077,1
486,1040,1393,1085,967,1077,1
486,1040,1393,1085,973,1077,1
486,1040,1393,1085,976,1077,1
486,1040,1393,1085,978,1078,1
486,1040,1393,1085,983,1078,1
486,1040,1393,1085,986,1078,1
486,1040,1393,1085,988,1079,1
486,1040,1393,1085,994,1080,1
486,1040,1393,1085,998,1080,1
486,1040,1393,1085,1001,1080,1
486,1040,1393,1085,1008,1080,1
486,1040,1393,1085,1012,1080,1
486,1040,1393,1085,1016,1080,1
486,1040,1393,1085,1024,1080,1
486,1040,1393,1085,1029,1081,1
486,1040,1393,1085,1040,1082,1
486,1040,1393,1085,1045,1082,1
486,1040,1393,1085,1051,1082,1
486,1040,1393,1085,1062,1082,1
486,1040,1393,1085,1066,1082,1
486,1040,1393,1085,1071,1082,1
486,1040,1393,1085,1079,1082,1
486,1040,1393,1085,1082,1082,1
486,1040,1393,1085,1087,1082,1
486,1040,1393,1085,1090,1082,1
486,1040,1393,1085,1094,1082,1
486,1040,1393,1085,1102,1082,1
486,1040,1393,1085,1107,1082,1
486,1040,1393,1085,1111,1083,1
486,1040,1393,1085,1119,1083,1
486,1040,1393,1085,1124,1083,1
486,1040,1393,1085,1132,1083,1
486,1040,1393,1085,1136,1083,1
486,1040,1393,1085,1139,1083,1
486,1040,1393,1085,1142,1083,1
486,1040,1393,1085,1149,1083,1
486,1040,1393,1085,1151,1083,1
486,1040,1393,1085,1156,1083,1
486,1040,1393,1085,1157,1083,1
486,1040,1393,1085,1159,1083,1
486,1040,1393,1085,1163,1083,1
486,1040,1393,1085,1166,1083,1
486,1040,1393,1085,1170,1083,1
486,1040,1393,1085,1180,1084,1
486,1040,1393,1085,1184,1084,1
486,1040,1393,1085,1188,1084,1
486,1040,1393,1085,1194,1084,1
486,1040,1393,1085,1196,1084,1
486,1040,1393,1085,1198,1084,1
486,1040,1393,1085,1200,1084,1
486,1040,1393,1085,1201,1084,1
486,1040,1393,1085,1205,1084,1
486,1040,1393,1085,1208,1084,1
486,1040,1393,1085,1211,1084,1
486,1040,1393,1085,1219,1084,1
486,1040,1393,1085,1222,1084,1
486,1040,1393,1085,1224,1083,1
486,1040,1393,1085,1228,1083,1
486,1040,1393,1085,1229,1082,1
486,1040,1393,1085,1233,1082,1
486,1040,1393,1085,1236,1081,1
486,1040,1393,1085,1239,1081,1
486,1040,1393,1085,1246,1080,1
486,1040,1393,1085,1249,1079,1
486,1040,1393,1085,1252,1079,1
486,1040,1393,1085,1255,1077,1
486,1040,1393,1085,1256,1077,1
486,1040,1393,1085,1258,1075,1
486,1040,1393,1085,1260,1073,1
486,1040,1393,1085,1262,1072,1
486,1040,1393,1085,1266,1070,1
486,1040,1393,1085,1268,1069,1
486,1040,1393,1085,1270,1068,1
486,1040,1393,1085,1273,1066,1
486,1040,1393,1085,1274,1065,1
486,1040,1393,1085,1276,1063,1
486,1040,1393,1085,1279,1062,1
486,1040,1393,1085,1281,1061,1
486,1040,1393,1085,1286,1059,1
486,1040,1393,1085,1290,1057,1
486,1040,1393,1085,1294,1057,1
486,1040,1393,1085,1298,1055,1
486,1040,1393,1085,1298,1055,1
486,1040,1393,1085,1298,1055,1
486,1040,1393,1085,1298,1054,1
486,1040,1393,1085,1299,1054,1
486,1040,1393,1085,1300,1054,1
486,1040,1393,1085,1304,1052,1
486,1040,1393,1085,1305,1052,1
486,1040,1393,1085,1309,1051,1
486,1040,1393,1085,1310,1051,1
486,1040,1393,1085,1312,1051,1
486,1040,1393,1085,1314,1050,1
486,1040,1393,1085,1315,1050,1
486,1040,1393,1085,1317,1050,1
486,1040,1393,1085,1318,1050,1
486,1040,1393,1085,1320,1050,1
486,1040,1393,1085,1324,1050,1
486,1040,1393,1085,1326,1050,1
486,1040,1393,1085,1329,1050,1
486,1040,1393,1085,1334,1050,1
486,1040,1393,1085,1336,1050,1
486,1040,1393,1085,1339,1051,1
486,1040,1393,1085,1341,1051,1
486,1040,1393,1085,1344,1051,1
486,1040,1393,1085,1350,1051,1
486,1040,1393,1085,1353,1051,1
486,1040,1393,1085,1357,1051,1
486,1040,1393,1085,1364,1051,1
486,1040,1393,1085,1368,1052,1
486,1040,1393,1085,1371,1052,1
486,1040,1393,1085,1376,1053,1
486,1040,1393,1085,1378,1053,1
486,1040,1393,1085,1381,1053,1
486,1040,1393,1085,1383,1053,1
486,1040,1393,1085,1385,1053,1
486,1040,1393,1085,1389,1053,1
486,1040,1393,1085,1391,1053,1
486,1040,1393,1085,1393,1053,1
486,1040,1393,1085,1398,1054,1
486,1040,1393,1085,1400,1055,1
486,1040,1393,1085,1402,1055,1
486,1040,1393,1085,1404,1055,1
486,1040,1393,1085,1405,1055,1
486,1040,1393,1085,1405,1055,1
486,1040,1393,1085,1405,1055,1
486,1040,1393,1085,1405,1055,1
486,1040,1393,1085,1405,1055,1
486,1040,1393,1085,1405,1055,1
486,1040,1393,1085,1405,1055,1
486,1040,1393,1085,1405,1055,1
486,1040,1393,1085,1405,1055,1
486,1040,1393,1085,1405,1054,1
486,1040,1393,1085,1405,1054,1
486,1040,1393,1085,1406,1054,1
486,1040,1393,1085,1407,1054,1
486,1040,1393,1085,1409,1054,1
486,1040,1393,1085,1412,1053,1
486,1040,1393,1085,1413,1053,1
486,1040,1393,1085,1414,1052,1
486,1040,1393,1085,1416,1052,1
486,1040,1393,1085,1417,1052,1
486,1040,1393,1085,1418,1052,1
486,1040,1393,1085,1422,1051,1
486,1040,1393,1085,1424,1051,1
486,1040,1393,1085,1428,1051,1
486,1040,1393,1085,1429,1050,1
486,1040,1393,1085,1430,1050,1
486,1040,1393,1085,1431,1049,1
486,1040,1393,1085,1431,1049,1
486,1040,1393,1085,1432,1049,1
486,1040,1393,1085,1433,1049,1
486,1040,1393,1085,1434,1048,1
486,1040,1393,1085,1435,1048,1
486,1040,1393,1085,1435,1048,1
486,1040,1393,1085,1435,1048,1
486,1040,1393,1085,1435,1048,1
486,1040,1393,1085,1435,1048,1
486,1040,1393,1085,1435,1048,1
486,1040,1393,1085,1435,1048,1
486,1040,1393,1085,1435,1048,1
486,1040,1393,1085,1437,1047,1
486,1040,1393,1085,1438,1047,1
486,1040,1393,1085,1438,1047,1
486,1040,1393,1085,1439,1047,1
486,1040,1393,1085,1439,1047,1
486,1040,1393,1085,1439,1047,1
486,1040,1393,1085,1439,1047,1
486,1040,1393,1085,1439,1046,1
486,1040,1393,1085,1439,1046,1
486,1040,1393,1085,1439,1046,1
486,1040,1393,1085,1439,1046,1
486,1040,1393,1085,1439,1046,1
486,1040,1393,1085,1438,1046,0
486,1040,1393,1085,1438,1046,0
486,1040,1393,1085,1438,1046,0
486,1040,1393,1085,1438,1046,0
486,1040,1393,1085,1438,1046,0
486,1040,1393,1085,1438,1046,0
486,1040,1393,1085,1438,1046,0
486,1040,1393,1085,1438,1046,0
486,1040,1393,1085,1438,1046,0
486,1040,1393,1085,1438,1046,0
486,1040,1393,1085,1438,1046,0
486,1040,1393,1085,1439,1046,0
486,1040,1393,1085,1439,1046,0
486,1040,1393,1085,1439,1046,0
486,1040,1393,1085,1438,1046,0
486,1040,1393,1085,1438,1046,0
486,1040,1393,1085,1438,1046,0
486,1040,1393,1085,1438,1046,0
486,1040,1393,1085,1438,1046,0
486,1040,1393,1085,1438,1046,0
486,1040,1393,1085,1438,1046,0
486,1040,1393,1085,1438,1046,0
486,1040,1393,1085,1438,1046,0
486,1040,1393,1085,1438,1046,0
486,1040,1393,1085,1438,1046,0
486,1040,1393,1085,1438,1046,0
486,1040,1393,1085,1438,1046,0
486,1040,1393,1085,1438,1046,0
486,1040,1393,1085,1438,1046,0
486,1040,1393,1085,1436,1044,0
486,1040,1393,1085,1434,1040,0
486,1040,1393,1085,1433,1039,0
486,1040,1393,1085,1431,1037,0
486,1040,1393,1085,1429,1034,0
486,1040,1393,1085,1428,1032,0
486,1040,1393,1085,1426,1029,0
486,1040,1393,1085,1425,1028,0
486,1040,1393,1085,1424,1027,0
486,1040,1393,1085,1422,1025,0
486,1040,1393,1085,1421,1023,0
486,1040,1393,1085,1420,1021,0
486,1040,1393,1085,1415,1015,0
486,1040,1393,1085,1413,1012,0
486,1040,1393,1085,1410,1008,0
486,1040,1393,1085,1403,999,0
486,1040,1393,1085,1400,994,0
486,1040,1393,1085,1396,990,0
486,1040,1393,1085,1390,983,0
486,1040,1393,1085,1388,981,0
486,1040,1393,1085,1385,977,0
486,1040,1393,1085,1384,974,0
486,1040,1393,1085,1381,970,0
486,1040,1393,1085,1380,968,0
486,1040,1393,1085,1377,965,0
486,1040,1393,1085,1374,959,0
486,1040,1393,1085,1372,956,0
486,1040,1393,1085,1369,950,0
486,1040,1393,1085,1368,948,0
486,1040,1393,1085,1366,945,0
486,1040,1393,1085,1362,939,0
486,1040,1393,1085,1360,935,0
486,1040,1393,1085,1358,932,0
486,1040,1393,1085,1354,924,0
486,1040,1393,1085,1351,920,0
486,1040,1393,1085,1348,916,0
486,1040,1393,1085,1342,906,0
486,1040,1393,1085,1339,901,0
486,1040,1393,1085,1337,897,0
486,1040,1393,1085,1331,889,0
486,1040,1393,1085,1330,885,0
486,1040,1393,1085,1328,880,0
486,1040,1393,1085,1328,879,0
486,1040,1393,1085,1327,876,0
486,1040,1393,1085,1325,873,0
486,1040,1393,1085,1325,872,0
486,1040,1393,1085,1323,868,0
486,1040,1393,1085,1323,866,0
486,1040,1393,1085,1322,864,0
486,1040,1393,1085,1321,860,0
486,1040,1393,1085,1320,858,0
486,1040,1393,1085,1318,852,0
486,1040,1393,1085,1317,849,0
486,1040,1393,1085,1315,846,0
486,1040,1393,1085,1313,840,0
486,1040,1393,1085,1312,837,0
486,1040,1393,1085,1310,835,0
486,1040,1393,1085,1308,830,0
486,1040,1393,1085,1306,827,0
486,1040,1393,1085,1304,820,0
486,1040,1393,1085,1303,815,0
486,1040,1393,1085,1301,811,0
486,1040,1393,1085,1300,807,0
486,1040,1393,1085,1298,798,0
486,1040,1393,1085,1297,794,0
486,1040,1393,1085,1293,785,0
486,1040,1393,1085,1292,781,0
486,1040,1393,1085,1289,772,0
486,1040,1393,1085,1288,767,0
486,1040,1393,1085,1285,764,0
486,1040,1393,1085,1283,757,0
486,1040,1393,1085,1282,754,0
486,1040,1393,1085,1279,746,0
486,1040,1393,1085,1276,742,0
486,1040,1393,1085,1274,738,0
486,1040,1393,1085,1271,732,0
486,1040,1393,1085,1269,729,0
486,1040,1393,1085,1268,727,0
486,1040,1393,1085,1265,721,0
486,1040,1393,1085,1264,718,0
486,1040,1393,1085,1263,716,0
486,1040,1393,1085,1261,711,0
486,1040,1393,1085,1260,708,0
486,1040,1393,1085,1257,702,0
486,1040,1393,1085,1255,699,0
486,1040,1393,1085,1254,696,0
486,1040,1393,1085,1251,690,0
486,1040,1393,1085,1249,687,0
486,1040,1393,1085,1246,680,0
486,1040,1393,1085,1244,677,0
486,1040,1393,1085,1242,673,0
486,1040,1393,1085,1237,666,0
486,1040,1393,1085,1235,662,0
486,1040,1393,1085,1234,659,0
486,1040,1393,1085,1231,651,0
486,1040,1393,1085,1229,648,0
486,1040,1393,1085,1226,641,0
486,1040,1393,1085,1224,637,0
486,1040,1393,1085,1221,634,0
486,1040,1393,1085,1217,628,0
486,1040,1393,1085,1216,624,0
486,1040,1393,1085,1213,620,0
486,1040,1393,1085,1209,612,0
486,1040,1393,1085,1206,609,0
486,1040,1393,1085,1202,602,0
486,1040,1393,1085,1201,598,0
486,1040,1393,1085,1199,595,0
486,1040,1393,1085,1196,589,0
486,1040,1393,1085,1193,586,0
486,1040,1393,1085,1191,582,0
486,1040,1393,1085,1188,576,0
486,1040,1393,1085,1186,573,0
486,1040,1393,1085,1182,565,0
486,1040,1393,1085,1180,560,0
486,1040,1393,1085,1177,556,0
486,1040,1393,1085,1172,545,0
486,1040,1393,1085,1169,539,0
486,1040,1393,1085,1162,528,0
486,1040,1393,1085,1159,521,0
486,1040,1393,1085,1156,516,0
486,1040,1393,1085,1150,506,0
486,1040,1393,1085,1147,503,0
486,1040,1393,1085,1145,498,0
486,1040,1393,1085,1137,488,0
486,1040,1393,1085,1135,483,0
486,1040,1393,1085,1129,474,0
486,1040,1393,1085,1125,469,0
486,1040,1393,1085,1122,466,0
486,1040,1393,1085,1116,458,0
486,1040,1393,1085,1113,453,0
486,1040,1393,1085,1108,446,0
486,1040,1393,1085,1106,443,0
486,1040,1393,1085,1104,439,0
486,1040,1393,1085,1099,433,0
486,1040,1393,1085,1097,430,0
486,1040,1393,1085,1093,425,0
486,1040,1393,1085,1091,424,0
486,1040,1393,1085,1089,421,0
486,1040,1393,1085,1086,418,0
486,1040,1393,1085,1085,416,0
486,1040,1393,1085,1084,415,0
486,1040,1393,1085,1081,412,0
486,1040,1393,1085,1081,411,0
486,1040,1393,1085,1080,410,0
486,1040,1393,1085,1079,408,0
486,1040,1393,1085,1078,407,0
486,1040,1393,1085,1077,406,0
486,1040,1393,1085,1076,403,0
486,1040,1393,1085,1075,402,0
486,1040,1393,1085,1074,400,0
486,1040,1393,1085,1073,399,0
486,1040,1393,1085,1072,398,0
486,1040,1393,1085,1071,396,0
486,1040,1393,1085,1070,395,0
486,1040,1393,1085,1070,395,0
486,1040,1393,1085,1069,392,0
486,1040,1393,1085,1069,391,0
486,1040,1393,1085,1068,390,0
486,1040,1393,1085,1067,389,0
486,1040,1393,1085,1066,388,0
486,1040,1393,1085,1066,388,0
486,1040,1393,1085,1066,387,0
486,1040,1393,1085,1066,386,0
486,1040,1393,1085,1066,386,0
486,1040,1393,1085,1066,386,0
486,1040,1393,1085,1066,386,0
486,1040,1393,1085,1066,386,0
486,1040,1393,1085,1066,386,0
486,1040,1393,1085,1066,386,0
486,1040,1393,1085,1066,386,0
486,1040,1393,1085,1066,386,0
