351,1006,1666,1176,911,369,0
351,1006,1666,1176,911,369,0
351,1006,1666,1176,911,369,0
351,1006,1666,1176,911,369,0
351,1006,1666,1176,911,370,0
351,1006,1666,1176,911,370,0
351,1006,1666,1176,911,370,0
351,1006,1666,1176,911,370,0
351,1006,1666,1176,911,369,0
351,1006,1666,1176,911,369,0
351,1006,1666,1176,911,369,0
351,1006,1666,1176,911,369,0
351,1006,1666,1176,911,369,0
351,1006,1666,1176,911,369,0
351,1006,1666,1176,911,370,0
351,1006,1666,1176,911,370,0
351,1006,1666,1176,911,370,0
351,1006,1666,1176,911,370,0
351,1006,1666,1176,911,370,0
351,1006,1666,1176,911,370,0
351,1006,1666,1176,911,370,0
351,1006,1666,1176,911,370,0
351,1006,1666,1176,911,370,0
351,1006,1666,1176,911,370,0
351,1006,1666,1176,911,370,0
351,1006,1666,1176,911,370,0
351,1006,1666,1176,911,370,0
351,1006,1666,1176,911,370,0
351,1006,1666,1176,911,370,0
351,1006,1666,1176,911,370,0
351,1006,1666,1176,911,370,0
351,1006,1666,1176,911,370,0
351,1006,1666,1176,911,370,0
351,1006,1666,1176,909,371,0
351,1006,1666,1176,908,373,0
351,1006,1666,1176,903,378,0
351,1006,1666,1176,901,380,0
351,1006,1666,1176,897,384,0
351,1006,1666,1176,895,386,0
351,1006,1666,1176,894,387,0
351,1006,1666,1176,891,389,0
351,1006,1666,1176,890,390,0
351,1006,1666,1176,887,392,0
351,1006,1666,1176,886,393,0
351,1006,1666,1176,884,395,0
351,1006,1666,1176,882,396,0
351,1006,1666,1176,879,398,0
351,1006,1666,1176,878,399,0
351,1006,1666,1176,876,400,0
351,1006,1666,1176,872,403,0
351,1006,1666,1176,870,404,0
351,1006,1666,1176,866,407,0
351,1006,1666,1176,864,409,0
351,1006,1666,1176,860,412,0
351,1006,1666,1176,858,414,0
351,1006,1666,1176,856,415,0
351,1006,1666,1176,852,418,0
351,1006,1666,1176,851,419,0
351,1006,1666,1176,849,420,0
351,1006,1666,1176,846,423,0
351,1006,1666,1176,844,425,0
351,1006,1666,1176,840,427,0
351,1006,1666,1176,837,429,0
351,1006,1666,1176,833,433,0
351,1006,1666,1176,831,435,0
351,1006,1666,1176,830,436,0
351,1006,1666,1176,827,439,0
351,1006,1666,1176,825,440,0
351,1006,1666,1176,822,443,0
351,1006,1666,1176,820,444,0
351,1006,1666,1176,817,446,0
351,1006,1666,1176,815,448,0
351,1006,1666,1176,811,451,0
351,1006,1666,1176,809,453,0
351,1006,1666,1176,808,455,0
351,1006,1666,1176,805,459,0
351,1006,1666,1176,803,460,0
351,1006,1666,1176,802,462,0
351,1006,1666,1176,800,464,0
351,1006,1666,1176,799,465,0
351,1006,1666,1176,798,466,0
351,1006,1666,1176,796,468,0
351,1006,1666,1176,795,470,0
351,1006,1666,1176,793,471,0
351,1006,1666,1176,791,474,0
351,1006,1666,1176,790,475,0
351,1006,1666,1176,787,479,0
351,1006,1666,1176,785,480,0
351,1006,1666,1176,782,485,0
351,1006,1666,1176,780,487,0
351,1006,1666,1176,778,489,0
351,1006,1666,1176,774,493,0
351,1006,1666,1176,773,495,0
351,1006,1666,1176,769,498,0
351,1006,1666,1176,768,500,0
351,1006,1666,1176,765,503,0
351,1006,1666,1176,764,505,0
351,1006,1666,1176,762,508,0
351,1006,1666,1176,758,513,0
351,1006,1666,1176,755,515,0
351,1006,1666,1176,751,521,0
351,1006,1666,1176,749,523,0
351,1006,1666,1176,746,529,0
351,1006,1666,1176,744,531,0
351,1006,1666,1176,743,534,0
351,1006,1666,1176,740,538,0
351,1006,1666,1176,738,541,0
351,1006,1666,1176,736,544,0
351,1006,1666,1176,735,546,0
351,1006,1666,1176,733,548,0
351,1006,1666,1176,731,551,0
351,1006,1666,1176,729,553,0
351,1006,1666,1176,727,557,0
351,1006,1666,1176,725,558,0
351,1006,1666,1176,723,562,0
351,1006,1666,1176,722,563,0
351,1006,1666,1176,721,565,0
351,1006,1666,1176,719,568,0
351,1006,1666,1176,718,569,0
351,1006,1666,1176,716,572,0
351,1006,1666,1176,715,574,0
351,1006,1666,1176,713,577,0
351,1006,1666,1176,712,579,0
351,1006,1666,1176,711,581,0
351,1006,1666,1176,708,584,0
351,1006,1666,1176,706,587,0
351,1006,1666,1176,705,588,0
351,1006,1666,1176,702,591,0
351,1006,1666,1176,701,592,0
351,1006,1666,1176,697,596,0
351,1006,1666,1176,696,598,0
351,1006,1666,1176,694,599,0
351,1006,1666,1176,691,603,0
351,1006,1666,1176,690,605,0
351,1006,1666,1176,687,610,0
351,1006,1666,1176,685,612,0
351,1006,1666,1176,683,615,0
351,1006,1666,1176,678,621,0
351,1006,1666,1176,676,624,0
351,1006,1666,1176,671,630,0
351,1006,1666,1176,669,633,0
351,1006,1666,1176,666,638,0
351,1006,1666,1176,664,640,0
351,1006,1666,1176,663,642,0
351,1006,1666,1176,660,646,0
351,1006,1666,1176,659,647,0
351,1006,1666,1176,655,651,0
351,1006,1666,1176,653,653,0
351,1006,1666,1176,651,654,0
351,1006,1666,1176,648,658,0
351,1006,1666,1176,646,660,0
351,1006,1666,1176,642,664,0
351,1006,1666,1176,640,665,0
351,1006,1666,1176,637,668,0
351,1006,1666,1176,635,670,0
351,1006,1666,1176,634,671,0
351,1006,1666,1176,631,673,0
351,1006,1666,1176,630,675,0
351,1006,1666,1176,628,678,0
351,1006,1666,1176,627,679,0
351,1006,1666,1176,626,681,0
351,1006,1666,1176,624,684,0
351,1006,1666,1176,623,685,0
351,1006,1666,1176,621,688,0
351,1006,1666,1176,620,690,0
351,1006,1666,1176,619,692,0
351,1006,1666,1176,616,696,0
351,1006,1666,1176,615,698,0
351,1006,1666,1176,612,702,0
351,1006,1666,1176,611,704,0
351,1006,1666,1176,608,708,0
351,1006,1666,1176,606,710,0
351,1006,1666,1176,604,713,0
351,1006,1666,1176,602,715,0
351,1006,1666,1176,601,717,0
351,1006,1666,1176,599,721,0
351,1006,1666,1176,597,723,0
351,1006,1666,1176,595,727,0
351,1006,1666,1176,594,729,0
351,1006,1666,1176,592,732,0
351,1006,1666,1176,591,735,0
351,1006,1666,1176,590,737,0
351,1006,1666,1176,588,740,0
351,1006,1666,1176,585,746,0
351,1006,1666,1176,584,749,0
351,1006,1666,1176,581,754,0
351,1006,1666,1176,580,756,0
351,1006,1666,1176,578,760,0
351,1006,1666,1176,577,762,0
351,1006,1666,1176,577,764,0
351,1006,1666,1176,575,767,0
351,1006,1666,1176,574,769,0
351,1006,1666,1176,571,773,0
351,1006,1666,1176,570,776,0
351,1006,1666,1176,568,779,0
351,1006,1666,1176,566,785,0
351,1006,1666,1176,565,788,0
351,1006,1666,1176,564,793,0
351,1006,1666,1176,563,795,0
351,1006,1666,1176,562,799,0
351,1006,1666,1176,561,801,0
351,1006,1666,1176,560,803,0
351,1006,1666,1176,559,807,0
351,1006,1666,1176,558,809,0
351,1006,1666,1176,557,814,0
351,1006,1666,1176,556,817,0
351,1006,1666,1176,555,819,0
351,1006,1666,1176,553,823,0
351,1006,1666,1176,553,825,0
351,1006,1666,1176,552,827,0
351,1006,1666,1176,551,830,0
351,1006,1666,1176,551,831,0
351,1006,1666,1176,549,835,0
351,1006,1666,1176,548,838,0
351,1006,1666,1176,546,843,0
351,1006,1666,1176,546,845,0
351,1006,1666,1176,545,847,0
351,1006,1666,1176,543,853,0
351,1006,1666,1176,542,856,0
351,1006,1666,1176,539,861,0
351,1006,1666,1176,539,864,0
351,1006,1666,1176,536,869,0
351,1006,1666,1176,535,872,0
351,1006,1666,1176,533,874,0
351,1006,1666,1176,531,880,0
351,1006,1666,1176,529,883,0
351,1006,1666,1176,525,888,0
351,1006,1666,1176,524,890,0
351,1006,1666,1176,522,893,0
351,1006,1666,1176,519,897,0
351,1006,1666,1176,517,900,0
351,1006,1666,1176,515,902,0
351,1006,1666,1176,510,907,0
351,1006,1666,1176,508,910,0
351,1006,1666,1176,506,914,0
351,1006,1666,1176,505,916,0
351,1006,1666,1176,503,919,0
351,1006,1666,1176,502,921,0
351,1006,1666,1176,501,922,0
351,1006,1666,1176,498,926,0
351,1006,1666,1176,497,927,0
351,1006,1666,1176,495,930,0
351,1006,1666,1176,494,931,0
351,1006,1666,1176,492,934,0
351,1006,1666,1176,492,935,0
351,1006,1666,1176,491,937,0
351,1006,1666,1176,490,940,0
351,1006,1666,1176,489,941,0
351,1006,1666,1176,486,944,0
351,1006,1666,1176,485,945,0
351,1006,1666,1176,485,946,0
351,1006,1666,1176,483,949,0
351,1006,1666,1176,482,950,0
351,1006,1666,1176,482,951,0
351,1006,1666,1176,481,952,0
351,1006,1666,1176,480,953,0
351,1006,1666,1176,480,954,0
351,1006,1666,1176,480,955,0
351,1006,1666,1176,478,957,0
351,1006,1666,1176,476,958,0
351,1006,1666,1176,475,959,0
351,1006,1666,1176,472,962,0
351,1006,1666,1176,470,964,0
351,1006,1666,1176,467,968,0
351,1006,1666,1176,466,970,0
351,1006,1666,1176,462,974,0
351,1006,1666,1176,460,976,0
351,1006,1666,1176,459,979,0
351,1006,1666,1176,456,982,0
351,1006,1666,1176,454,984,0
351,1006,1666,1176,451,988,0
351,1006,1666,1176,450,990,0
351,1006,1666,1176,448,993,0
351,1006,1666,1176,444,998,0
351,1006,1666,1176,443,1000,0
351,1006,1666,1176,440,1005,0
351,1006,1666,1176,439,1007,0
351,1006,1666,1176,436,1010,0
351,1006,1666,1176,435,1012,0
351,1006,1666,1176,434,1013,0
351,1006,1666,1176,431,1016,0
351,1006,1666,1176,431,1018,0
351,1006,1666,1176,430,1019,0
351,1006,1666,1176,428,1022,0
351,1006,1666,1176,427,1023,0
351,1006,1666,1176,426,1026,0
351,1006,1666,1176,426,1027,0
351,1006,1666,1176,425,1027,0
351,1006,1666,1176,425,1028,0
351,1006,1666,1176,425,1028,0
351,1006,1666,1176,425,1029,0
351,1006,1666,1176,424,1030,0
351,1006,1666,1176,424,1032,0
351,1006,1666,1176,424,1032,0
351,1006,1666,1176,424,1033,0
351,1006,1666,1176,424,1036,0
351,1006,1666,1176,425,1038,0
351,1006,1666,1176,426,1041,0
351,1006,1666,1176,426,1042,0
351,1006,1666,1176,427,1044,0
351,1006,1666,1176,427,1045,0
351,1006,1666,1176,427,1045,0
351,1006,1666,1176,426,1047,0
351,1006,1666,1176,425,1048,0
351,1006,1666,1176,424,1050,0
351,1006,1666,1176,423,1052,0
351,1006,1666,1176,423,1052,0
351,1006,1666,1176,422,1054,0
351,1006,1666,1176,421,1055,0
351,1006,1666,1176,420,1057,0
351,1006,1666,1176,418,1060,0
351,1006,1666,1176,417,1062,0
351,1006,1666,1176,415,1065,0
351,1006,1666,1176,414,1066,0
351,1006,1666,1176,413,1069,0
351,1006,1666,1176,412,1070,0
351,1006,1666,1176,412,1072,0
351,1006,1666,1176,409,1076,0
351,1006,1666,1176,408,1078,0
351,1006,1666,1176,405,1081,0
351,1006,1666,1176,404,1082,0
351,1006,1666,1176,403,1084,0
351,1006,1666,1176,402,1085,0
351,1006,1666,1176,400,1088,0
351,1006,1666,1176,398,1090,0
351,1006,1666,1176,396,1093,0
351,1006,1666,1176,395,1095,0
351,1006,1666,1176,394,1096,0
351,1006,1666,1176,392,1099,0
351,1006,1666,1176,391,1101,0
351,1006,1666,1176,389,1104,0
351,1006,1666,1176,388,1106,0
351,1006,1666,1176,387,1107,0
351,1006,1666,1176,385,1110,0
351,1006,1666,1176,384,1111,0
351,1006,1666,1176,383,1113,0
351,1006,1666,1176,382,1114,0
351,1006,1666,1176,381,1116,0
351,1006,1666,1176,379,1119,0
351,1006,1666,1176,378,1120,0
351,1006,1666,1176,374,1124,0
351,1006,1666,1176,373,1126,0
351,1006,1666,1176,371,1128,0
351,1006,1666,1176,370,1130,0
351,1006,1666,1176,369,1132,0
351,1006,1666,1176,368,1133,0
351,1006,1666,1176,367,1135,0
351,1006,1666,1176,365,1137,0
351,1006,1666,1176,364,1138,0
351,1006,1666,1176,362,1141,0
351,1006,1666,1176,361,1142,0
351,1006,1666,1176,359,1143,0
351,1006,1666,1176,359,1144,0
351,1006,1666,1176,359,1144,0
351,1006,1666,1176,359,1144,0
351,1006,1666,1176,359,1144,0
351,1006,1666,1176,359,1144,0
351,1006,1666,1176,359,1144,0
351,1006,1666,1176,359,1144,0
351,1006,1666,1176,359,1144,0
351,1006,1666,1176,359,1144,0
351,1006,1666,1176,359,1144,0
351,1006,1666,1176,358,1145,0
351,1006,1666,1176,356,1148,0
351,1006,1666,1176,354,1150,0
351,1006,1666,1176,352,1152,0
351,1006,1666,1176,351,1153,0
351,1006,1666,1176,349,1156,0
351,1006,1666,1176,348,1157,0
351,1006,1666,1176,347,1158,0
351,1006,1666,1176,345,1160,0
351,1006,1666,1176,345,1161,0
351,1006,1666,1176,344,1162,0
351,1006,1666,1176,343,1163,0
351,1006,1666,1176,342,1164,0
351,1006,1666,1176,342,1165,0
351,1006,1666,1176,341,1166,0
351,1006,1666,1176,340,1167,0
351,1006,1666,1176,340,1167,0
351,1006,1666,1176,340,1167,0
351,1006,1666,1176,340,1167,0
351,1006,1666,1176,340,1167,0
351,1006,1666,1176,340,1167,0
351,1006,1666,1176,340,1167,0
351,1006,1666,1176,340,1167,0
351,1006,1666,1176,340,1167,0
351,1006,1666,1176,340,1167,0
351,1006,1666,1176,340,1167,0
351,1006,1666,1176,339,1170,0
351,1006,1666,1176,338,1171,0
351,1006,1666,1176,338,1172,0
351,1006,1666,1176,337,1173,0
351,1006,1666,1176,337,1173,0
351,1006,1666,1176,336,1175,0
351,1006,1666,1176,336,1175,0
351,1006,1666,1176,336,1176,0
351,1006,1666,1176,335,1177,0
351,1006,1666,1176,334,1179,0
351,1006,1666,1176,334,1179,0
351,1006,1666,1176,334,1179,0
351,1006,1666,1176,334,1179,0
351,1006,1666,1176,334,1179,0
351,1006,1666,1176,334,1179,0
351,1006,1666,1176,334,1179,0
351,1006,1666,1176,334,1179,0
351,1006,1666,1176,334,1179,0
351,1006,1666,1176,334,1179,0
351,1006,1666,1176,334,1179,0
351,1006,1666,1176,334,1179,0
351,1006,1666,1176,334,1179,0
351,1006,1666,1176,334,1179,1
351,1006,1666,1176,334,1179,1
351,1006,1666,1176,334,1179,1
351,1006,1666,1176,334,1179,1
351,1006,1666,1176,334,1179,1
351,1006,1666,1176,334,1179,1
351,1006,1666,1176,334,1179,1
351,1006,1666,1176,334,1179,1
351,1006,1666,1176,334,1179,1
351,1006,1666,1176,334,1179,1
351,1006,1666,1176,334,1179,1
351,1006,1666,1176,334,1179,1
351,1006,1666,1176,334,1179,1
351,1006,1666,1176,334,1179,1
351,1006,1666,1176,334,1179,1
351,1006,1666,1176,334,1179,1
351,1006,1666,1176,334,1179,1
351,1006,1666,1176,334,1179,1
351,1006,1666,1176,334,1179,1
351,1006,1666,1176,335,1179,1
351,1006,1666,1176,336,1178,1
351,1006,1666,1176,342,1176,1
351,1006,1666,1176,345,1175,1
351,1006,1666,1176,349,1174,1
351,1006,1666,1176,357,1173,1
351,1006,1666,1176,363,1172,1
351,1006,1666,1176,369,1172,1
351,1006,1666,1176,372,1171,1
351,1006,1666,1176,376,1171,1
351,1006,1666,1176,378,1170,1
351,1006,1666,1176,381,1170,1
351,1006,1666,1176,383,1169,1
351,1006,1666,1176,385,1169,1
351,1006,1666,1176,390,1168,1
351,1006,1666,1176,392,1168,1
351,1006,1666,1176,397,1167,1
351,1006,1666,1176,400,1166,1
351,1006,1666,1176,403,1165,1
351,1006,1666,1176,405,1165,1
351,1006,1666,1176,406,1164,1
351,1006,1666,1176,409,1164,1
351,1006,1666,1176,411,1163,1
351,1006,1666,1176,417,1161,1
351,1006,1666,1176,420,1160,1
351,1006,1666,1176,424,1158,1
351,1006,1666,1176,431,1155,1
351,1006,1666,1176,433,1155,1
351,1006,1666,1176,434,1153,1
351,1006,1666,1176,435,1153,1
351,1006,1666,1176,436,1151,1
351,1006,1666,1176,437,1150,1
351,1006,1666,1176,438,1149,1
351,1006,1666,1176,443,1145,1
351,1006,1666,1176,445,1143,1
351,1006,1666,1176,449,1141,1
351,1006,1666,1176,451,1139,1
351,1006,1666,1176,453,1137,1
351,1006,1666,1176,454,1136,1
351,1006,1666,1176,455,1136,1
351,1006,1666,1176,456,1135,1
351,1006,1666,1176,457,1134,1
351,1006,1666,1176,462,1132,1
351,1006,1666,1176,465,1130,1
351,1006,1666,1176,472,1127,1
351,1006,1666,1176,474,1126,1
351,1006,1666,1176,477,1124,1
351,1006,1666,1176,482,1122,1
351,1006,1666,1176,484,1121,1
351,1006,1666,1176,489,1120,1
351,1006,1666,1176,491,1119,1
351,1006,1666,1176,498,1118,1
351,1006,1666,1176,502,1116,1
351,1006,1666,1176,507,1116,1
351,1006,1666,1176,513,1114,1
351,1006,1666,1176,515,1113,1
351,1006,1666,1176,517,1113,1
351,1006,1666,1176,518,1113,1
351,1006,1666,1176,521,1112,1
351,1006,1666,1176,523,1112,1
351,1006,1666,1176,528,1111,1
351,1006,1666,1176,532,1110,1
351,1006,1666,1176,542,1109,1
351,1006,1666,1176,548,1109,1
351,1006,1666,1176,560,1107,1
351,1006,1666,1176,564,1107,1
351,1006,1666,1176,571,1106,1
351,1006,1666,1176,575,1105,1
351,1006,1666,1176,579,1105,1
351,1006,1666,1176,586,1103,1
351,1006,1666,1176,592,1102,1
351,1006,1666,1176,602,1102,1
351,1006,1666,1176,607,1101,1
351,1006,1666,1176,617,1101,1
351,1006,1666,1176,620,1100,1
351,1006,1666,1176,623,1100,1
351,1006,1666,1176,631,1099,1
351,1006,1666,1176,635,1098,1
351,1006,1666,1176,646,1097,1
351,1006,1666,1176,652,1096,1
351,1006,1666,1176,664,1094,1
351,1006,1666,1176,670,1093,1
351,1006,1666,1176,677,1093,1
351,1006,1666,1176,687,1092,1
351,1006,1666,1176,692,1092,1
351,1006,1666,1176,697,1092,1
351,1006,1666,1176,699,1092,1
351,1006,1666,1176,701,1092,1
351,1006,1666,1176,703,1092,1
351,1006,1666,1176,705,1092,1
351,1006,1666,1176,713,1092,1
351,1006,1666,1176,717,1092,1
351,1006,1666,1176,724,1092,1
351,1006,1666,1176,728,1092,1
351,1006,1666,1176,735,1092,1
351,1006,1666,1176,739,1092,1
351,1006,1666,1176,746,1092,1
351,1006,1666,1176,750,1092,1
351,1006,1666,1176,754,1093,1
351,1006,1666,1176,762,1095,1
351,1006,1666,1176,766,1095,1
351,1006,1666,1176,774,1096,1
351,1006,1666,1176,777,1096,1
351,1006,1666,1176,781,1096,1
351,1006,1666,1176,790,1097,1
351,1006,1666,1176,794,1097,1
351,1006,1666,1176,805,1097,1
351,1006,1666,1176,810,1097,1
351,1006,1666,1176,816,1097,1
351,1006,1666,1176,827,1096,1
351,1006,1666,1176,834,1096,1
351,1006,1666,1176,848,1096,1
351,1006,1666,1176,856,1096,1
351,1006,1666,1176,873,1096,1
351,1006,1666,1176,883,1096,1
351,1006,1666,1176,891,1096,1
351,1006,1666,1176,905,1096,1
351,1006,1666,1176,912,1096,1
351,1006,1666,1176,923,1096,1
351,1006,1666,1176,928,1096,1
351,1006,1666,1176,939,1096,1
351,1006,1666,1176,943,1096,1
351,1006,1666,1176,948,1096,1
351,1006,1666,1176,960,1096,1
351,1006,1666,1176,969,1096,1
351,1006,1666,1176,985,1096,1
351,1006,1666,1176,991,1096,1
351,1006,1666,1176,995,1096,1
351,1006,1666,1176,1001,1096,1
351,1006,1666,1176,1004,1096,1
351,1006,1666,1176,1007,1096,1
351,1006,1666,1176,1009,1096,1
351,1006,1666,1176,1014,1096,1
351,1006,1666,1176,1017,1096,1
351,1006,1666,1176,1024,1096,1
351,1006,1666,1176,1028,1095,1
351,1006,1666,1176,1031,1095,1
351,1006,1666,1176,1038,1094,1
351,1006,1666,1176,1041,1094,1
351,1006,1666,1176,1046,1093,1
351,1006,1666,1176,1048,1093,1
351,1006,1666,1176,1053,1092,1
351,1006,1666,1176,1055,1091,1
351,1006,1666,1176,1057,1091,1
351,1006,1666,1176,1060,1090,1
351,1006,1666,1176,1062,1090,1
351,1006,1666,1176,1064,1090,1
351,1006,1666,1176,1065,1090,1
351,1006,1666,1176,1067,1089,1
351,1006,1666,1176,1070,1089,1
351,1006,1666,1176,1072,1088,1
351,1006,1666,1176,1077,1086,1
351,1006,1666,1176,1080,1086,1
351,1006,1666,1176,1085,1084,1
351,1006,1666,1176,1089,1083,1
351,1006,1666,1176,1092,1083,1
351,1006,1666,1176,1096,1081,1
351,1006,1666,1176,1098,1081,1
351,1006,1666,1176,1101,1080,1
351,1006,1666,1176,1103,1080,1
351,1006,1666,1176,1108,1079,1
351,1006,1666,1176,1111,1078,1
351,1006,1666,1176,1115,1078,1
351,1006,1666,1176,1123,1076,1
351,1006,1666,1176,1128,1074,1
351,1006,1666,1176,1136,1072,1
351,1006,1666,1176,1138,1071,1
351,1006,1666,1176,1142,1070,1
351,1006,1666,1176,1142,1069,1
351,1006,1666,1176,1143,1069,1
351,1006,1666,1176,1143,1069,1
351,1006,1666,1176,1143,1069,1
351,1006,1666,1176,1144,1069,1
351,1006,1666,1176,1144,1069,1
351,1006,1666,1176,1146,1068,1
351,1006,1666,1176,1150,1065,1
351,1006,1666,1176,1153,1063,1
351,1006,1666,1176,1159,1059,1
351,1006,1666,1176,1162,1058,1
351,1006,1666,1176,1166,1055,1
351,1006,1666,1176,1168,1055,1
351,1006,1666,1176,1168,1054,1
351,1006,1666,1176,1170,1054,1
351,1006,1666,1176,1170,1054,1
351,1006,1666,1176,1173,1053,1
351,1006,1666,1176,1175,1052,1
351,1006,1666,1176,1181,1051,1
351,1006,1666,1176,1184,1050,1
351,1006,1666,1176,1188,1049,1
351,1006,1666,1176,1196,1047,1
351,1006,1666,1176,1200,1046,1
351,1006,1666,1176,1209,1045,1
351,1006,1666,1176,1213,1045,1
351,1006,1666,1176,1220,1044,1
351,1006,1666,1176,1223,1043,1
351,1006,1666,1176,1232,1041,1
351,1006,1666,1176,1237,1041,1
351,1006,1666,1176,1242,1040,1
351,1006,1666,1176,1253,1038,1
351,1006,1666,1176,1260,1037,1
351,1006,1666,1176,1266,1036,1
351,1006,1666,1176,1278,1032,1
351,1006,1666,1176,1285,1030,1
351,1006,1666,1176,1299,1028,1
351,1006,1666,1176,1305,1028,1
351,1006,1666,1176,1319,1025,1
351,1006,1666,1176,1325,1024,1
351,1006,1666,1176,1333,1021,1
351,1006,1666,1176,1345,1017,1
351,1006,1666,1176,1350,1016,1
351,1006,1666,1176,1358,1013,1
351,1006,1666,1176,1363,1012,1
351,1006,1666,1176,1369,1011,1
351,1006,1666,1176,1371,1010,1
351,1006,1666,1176,1373,1009,1
351,1006,1666,1176,1377,1009,1
351,1006,1666,1176,1379,1009,1
351,1006,1666,1176,1383,1008,1
351,1006,1666,1176,1386,1007,1
351,1006,1666,1176,1388,1007,1
351,1006,1666,1176,1394,1006,1
351,1006,1666,1176,1397,1005,1
351,1006,1666,1176,1399,1004,1
351,1006,1666,1176,1400,1004,1
351,1006,1666,1176,1401,1004,1
351,1006,1666,1176,1401,1004,1
351,1006,1666,1176,1402,1004,1
351,1006,1666,1176,1405,1004,1
351,1006,1666,1176,1408,1004,1
351,1006,1666,1176,1413,1003,1
351,1006,1666,1176,1416,1003,1
351,1006,1666,1176,1423,1003,1
351,1006,1666,1176,1426,1003,1
351,1006,1666,1176,1429,1003,1
351,1006,1666,1176,1433,1003,1
351,1006,1666,1176,1435,1003,1
351,1006,1666,1176,1439,1003,1
351,1006,1666,1176,1441,1003,1
351,1006,1666,1176,1446,1003,1
351,1006,1666,1176,1448,1002,1
351,1006,1666,1176,1449,1002,1
351,1006,1666,1176,1452,1002,1
351,1006,1666,1176,1453,1002,1
351,1006,1666,1176,1454,1002,1
351,1006,1666,1176,1454,1002,1
351,1006,1666,1176,1455,1001,1
351,1006,1666,1176,1461,1000,1
351,1006,1666,1176,1467,999,1
351,1006,1666,1176,1478,996,1
351,1006,1666,1176,1484,995,1
351,1006,1666,1176,1495,993,1
351,1006,1666,1176,1500,993,1
351,1006,1666,1176,1504,992,1
351,1006,1666,1176,1510,991,1
351,1006,1666,1176,1513,991,1
351,1006,1666,1176,1516,990,1
351,1006,1666,1176,1517,990,1
351,1006,1666,1176,1519,990,1
351,1006,1666,1176,1524,988,1
351,1006,1666,1176,1525,987,1
351,1006,1666,1176,1526,986,1
351,1006,1666,1176,1526,986,1
351,1006,1666,1176,1526,986,1
351,1006,1666,1176,1526,986,1
351,1006,1666,1176,1526,986,1
351,1006,1666,1176,1530,986,1
351,1006,1666,1176,1533,985,1
351,1006,1666,1176,1538,983,1
351,1006,1666,1176,1540,982,1
351,1006,1666,1176,1543,981,1
351,1006,1666,1176,1544,981,1
351,1006,1666,1176,1544,981,1
351,1006,1666,1176,1544,981,1
351,1006,1666,1176,1544,981,1
351,1006,1666,1176,1545,981,1
351,1006,1666,1176,1545,981,1
351,1006,1666,1176,1545,981,1
351,1006,1666,1176,1545,981,1
351,1006,1666,1176,1545,981,1
351,1006,1666,1176,1545,981,1
351,1006,1666,1176,1545,981,1
351,1006,1666,1176,1545,981,1
351,1006,1666,1176,1545,981,1
351,1006,1666,1176,1546,981,1
351,1006,1666,1176,1551,980,1
351,1006,1666,1176,1555,980,1
351,1006,1666,1176,1560,979,1
351,1006,1666,1176,1563,978,1
351,1006,1666,1176,1568,978,1
351,1006,1666,1176,1570,978,1
351,1006,1666,1176,1572,978,1
351,1006,1666,1176,1577,978,1
351,1006,1666,1176,1579,978,1
351,1006,1666,1176,1580,978,1
351,1006,1666,1176,1581,978,1
351,1006,1666,1176,1581,978,1
351,1006,1666,1176,1580,978,1
351,1006,1666,1176,1580,978,1
351,1006,1666,1176,1580,978,1
351,1006,1666,1176,1580,978,1
351,1006,1666,1176,1580,978,1
351,1006,1666,1176,1580,978,1
351,1006,1666,1176,1580,978,1
351,1006,1666,1176,1580,978,1
351,1006,1666,1176,1580,978,1
351,1006,1666,1176,1580,978,0
351,1006,1666,1176,1580,978,0
351,1006,1666,1176,1580,978,0
351,1006,1666,1176,1580,978,0
351,1006,1666,1176,1580,978,0
351,1006,1666,1176,1580,978,0
351,1006,1666,1176,1580,978,0
351,1006,1666,1176,1580,978,0
351,1006,1666,1176,1580,978,0
351,1006,1666,1176,1580,978,0
351,1006,1666,1176,1580,978,0
351,1006,1666,1176,1579,978,0
351,1006,1666,1176,1578,978,0
351,1006,1666,1176,1576,978,0
351,1006,1666,1176,1575,978,0
351,1006,1666,1176,1575,978,0
351,1006,1666,1176,1575,978,0
351,1006,1666,1176,1575,978,0
351,1006,1666,1176,1575,978,0
351,1006,1666,1176,1575,978,0
351,1006,1666,1176,1575,978,0
351,1006,1666,1176,1575,978,0
351,1006,1666,1176,1575,978,0
351,1006,1666,1176,1575,978,0
351,1006,1666,1176,1576,978,0
351,1006,1666,1176,1576,978,0
351,1006,1666,1176,1576,977,0
351,1006,1666,1176,1575,974,0
351,1006,1666,1176,1574,971,0
351,1006,1666,1176,1572,968,0
351,1006,1666,1176,1570,967,0
351,1006,1666,1176,1569,966,0
351,1006,1666,1176,1566,964,0
351,1006,1666,1176,1564,962,0
351,1006,1666,1176,1560,959,0
351,1006,1666,1176,1558,958,0
351,1006,1666,1176,1553,955,0
351,1006,1666,1176,1551,954,0
351,1006,1666,1176,1549,953,0
351,1006,1666,1176,1546,951,0
351,1006,1666,1176,1544,950,0
351,1006,1666,1176,1542,949,0
351,1006,1666,1176,1541,948,0
351,1006,1666,1176,1540,947,0
351,1006,1666,1176,1538,945,0
351,1006,1666,1176,1536,944,0
351,1006,1666,1176,1533,941,0
351,1006,1666,1176,1532,940,0
351,1006,1666,1176,1529,938,0
351,1006,1666,1176,1527,937,0
351,1006,1666,1176,1523,935,0
351,1006,1666,1176,1521,933,0
351,1006,1666,1176,1519,932,0
351,1006,1666,1176,1513,929,0
351,1006,1666,1176,1510,927,0
351,1006,1666,1176,1505,924,0
351,1006,1666,1176,1502,922,0
351,1006,1666,1176,1495,918,0
351,1006,1666,1176,1492,916,0
351,1006,1666,1176,1489,915,0
351,1006,1666,1176,1485,912,0
351,1006,1666,1176,1483,911,0
351,1006,1666,1176,1482,910,0
351,1006,1666,1176,1480,907,0
351,1006,1666,1176,1479,906,0
351,1006,1666,1176,1477,904,0
351,1006,1666,1176,1476,902,0
351,1006,1666,1176,1473,900,0
351,1006,1666,1176,1471,898,0
351,1006,1666,1176,1465,894,0
351,1006,1666,1176,1463,892,0
351,1006,1666,1176,1460,891,0
351,1006,1666,1176,1456,888,0
351,1006,1666,1176,1455,887,0
351,1006,1666,1176,1454,886,0
351,1006,1666,1176,1453,885,0
351,1006,1666,1176,1452,883,0
351,1006,1666,1176,1450,882,0
351,1006,1666,1176,1449,880,0
351,1006,1666,1176,1445,877,0
351,1006,1666,1176,1443,874,0
351,1006,1666,1176,1437,869,0
351,1006,1666,1176,1434,867,0
351,1006,1666,1176,1429,862,0
351,1006,1666,1176,1427,860,0
351,1006,1666,1176,1424,855,0
351,1006,1666,1176,1423,854,0
351,1006,1666,1176,1422,852,0
351,1006,1666,1176,1420,849,0
351,1006,1666,1176,1418,847,0
351,1006,1666,1176,1413,842,0
351,1006,1666,1176,1410,840,0
351,1006,1666,1176,1407,837,0
351,1006,1666,1176,1400,831,0
351,1006,1666,1176,1397,828,0
351,1006,1666,1176,1392,823,0
351,1006,1666,1176,1390,821,0
351,1006,1666,1176,1388,817,0
351,1006,1666,1176,1387,816,0
351,1006,1666,1176,1383,809,0
351,1006,1666,1176,1381,806,0
351,1006,1666,1176,1379,804,0
351,1006,1666,1176,1373,797,0
351,1006,1666,1176,1371,794,0
351,1006,1666,1176,1367,789,0
351,1006,1666,1176,1366,787,0
351,1006,1666,1176,1365,785,0
351,1006,1666,1176,1365,784,0
351,1006,1666,1176,1365,783,0
351,1006,1666,1176,1364,780,0
351,1006,1666,1176,1363,779,0
351,1006,1666,1176,1360,775,0
351,1006,1666,1176,1358,773,0
351,1006,1666,1176,1354,768,0
351,1006,1666,1176,1352,766,0
351,1006,1666,1176,1351,764,0
351,1006,1666,1176,1349,761,0
351,1006,1666,1176,1348,759,0
351,1006,1666,1176,1347,756,0
351,1006,1666,1176,1347,754,0
351,1006,1666,1176,1344,751,0
351,1006,1666,1176,1343,749,0
351,1006,1666,1176,1342,747,0
351,1006,1666,1176,1339,743,0
351,1006,1666,1176,1338,741,0
351,1006,1666,1176,1334,736,0
351,1006,1666,1176,1332,733,0
351,1006,1666,1176,1329,728,0
351,1006,1666,1176,1327,725,0
351,1006,1666,1176,1323,719,0
351,1006,1666,1176,1321,716,0
351,1006,1666,1176,1316,709,0
351,1006,1666,1176,1313,706,0
351,1006,1666,1176,1312,703,0
351,1006,1666,1176,1309,697,0
351,1006,1666,1176,1308,695,0
351,1006,1666,1176,1306,690,0
351,1006,1666,1176,1305,688,0
351,1006,1666,1176,1303,683,0
351,1006,1666,1176,1301,681,0
351,1006,1666,1176,1300,679,0
351,1006,1666,1176,1296,674,0
351,1006,1666,1176,1295,672,0
351,1006,1666,1176,1291,667,0
351,1006,1666,1176,1290,665,0
351,1006,1666,1176,1289,664,0
351,1006,1666,1176,1288,662,0
351,1006,1666,1176,1287,661,0
351,1006,1666,1176,1286,659,0
351,1006,1666,1176,1285,657,0
351,1006,1666,1176,1285,656,0
351,1006,1666,1176,1283,652,0
351,1006,1666,1176,1281,650,0
351,1006,1666,1176,1278,644,0
351,1006,1666,1176,1276,641,0
351,1006,1666,1176,1272,635,0
351,1006,1666,1176,1270,632,0
351,1006,1666,1176,1267,628,0
351,1006,1666,1176,1266,626,0
351,1006,1666,1176,1265,624,0
351,1006,1666,1176,1263,620,0
351,1006,1666,1176,1262,618,0
351,1006,1666,1176,1260,615,0
351,1006,1666,1176,1256,609,0
351,1006,1666,1176,1254,605,0
351,1006,1666,1176,1249,597,0
351,1006,1666,1176,1247,594,0
351,1006,1666,1176,1245,589,0
351,1006,1666,1176,1243,586,0
351,1006,1666,1176,1241,581,0
351,1006,1666,1176,1240,579,0
351,1006,1666,1176,1239,576,0
351,1006,1666,1176,1235,571,0
351,1006,1666,1176,1234,569,0
351,1006,1666,1176,1230,564,0
351,1006,1666,1176,1228,561,0
351,1006,1666,1176,1224,557,0
351,1006,1666,1176,1222,555,0
351,1006,1666,1176,1220,553,0
351,1006,1666,1176,1219,553,0
351,1006,1666,1176,1219,552,0
351,1006,1666,1176,1216,550,0
351,1006,1666,1176,1214,549,0
351,1006,1666,1176,1209,546,0
351,1006,1666,1176,1206,544,0
351,1006,1666,1176,1203,543,0
351,1006,1666,1176,1196,539,0
351,1006,1666,1176,1192,537,0
351,1006,1666,1176,1187,534,0
351,1006,1666,1176,1186,533,0
351,1006,1666,1176,1184,532,0
351,1006,1666,1176,1184,531,0
351,1006,1666,1176,1183,530,0
351,1006,1666,1176,1181,529,0
351,1006,1666,1176,1179,527,0
351,1006,1666,1176,1175,524,0
351,1006,1666,1176,1171,521,0
351,1006,1666,1176,1167,518,0
351,1006,1666,1176,1164,516,0
351,1006,1666,1176,1159,512,0
351,1006,1666,1176,1158,511,0
351,1006,1666,1176,1156,510,0
351,1006,1666,1176,1155,508,0
351,1006,1666,1176,1154,506,0
351,1006,1666,1176,1152,503,0
351,1006,1666,1176,1151,501,0
351,1006,1666,1176,1149,499,0
351,1006,1666,1176,1146,494,0
351,1006,1666,1176,1144,491,0
351,1006,1666,1176,1141,486,0
351,1006,1666,1176,1139,483,0
351,1006,1666,1176,1137,481,0
351,1006,1666,1176,1133,475,0
351,1006,1666,1176,1131,473,0
351,1006,1666,1176,1127,468,0
351,1006,1666,1176,1125,466,0
351,1006,1666,1176,1123,464,0
351,1006,1666,1176,1120,460,0
351,1006,1666,1176,1118,458,0
351,1006,1666,1176,1116,455,0
351,1006,1666,1176,1115,453,0
351,1006,1666,1176,1112,450,0
351,1006,1666,1176,1111,448,0
351,1006,1666,1176,1109,446,0
351,1006,1666,1176,1108,444,0
351,1006,1666,1176,1106,441,0
351,1006,1666,1176,1104,439,0
351,1006,1666,1176,1103,437,0
351,1006,1666,1176,1099,433,0
351,1006,1666,1176,1097,431,0
351,1006,1666,1176,1092,425,0
351,1006,1666,1176,1090,423,0
351,1006,1666,1176,1087,420,0
351,1006,1666,1176,1087,419,0
351,1006,1666,1176,1086,418,0
351,1006,1666,1176,1085,416,0
351,1006,1666,1176,1083,414,0
351,1006,1666,1176,1082,412,0
351,1006,1666,1176,1080,408,0
351,1006,1666,1176,1080,406,0
351,1006,1666,1176,1078,401,0
351,1006,1666,1176,1076,399,0
351,1006,1666,1176,1074,395,0
351,1006,1666,1176,1074,394,0
351,1006,1666,1176,1073,394,0
351,1006,1666,1176,1073,394,0
351,1006,1666,1176,1073,394,0
351,1006,1666,1176,1073,394,0
351,1006,1666,1176,1073,394,0
351,1006,1666,1176,1073,393,0
351,1006,1666,1176,1073,393,0
351,1006,1666,1176,1073,393,0
351,1006,1666,1176,1073,393,0
351,1006,1666,1176,1073,393,0
351,1006,1666,1176,1073,393,0
351,1006,1666,1176,1073,392,0
351,1006,1666,1176,1070,386,0
351,1006,1666,1176,1069,383,0
351,1006,1666,1176,1068,378,0
351,1006,1666,1176,1068,378,0
351,1006,1666,1176,1068,377,0
351,1006,1666,1176,1068,377,0
