486,1040,1393,1085,893,386,0
486,1040,1393,1085,893,386,0
486,1040,1393,1085,893,386,0
486,1040,1393,1085,893,386,0
486,1040,1393,1085,893,386,0
486,1040,1393,1085,893,386,0
486,1040,1393,1085,893,386,0
486,1040,1393,1085,893,386,0
486,1040,1393,1085,893,386,0
486,1040,1393,1085,893,386,0
486,1040,1393,1085,893,386,0
486,1040,1393,1085,893,386,0
486,1040,1393,1085,893,386,0
486,1040,1393,1085,893,386,0
486,1040,1393,1085,893,386,0
486,1040,1393,1085,893,386,0
486,1040,1393,1085,893,387,0
486,1040,1393,1085,893,387,0
486,1040,1393,1085,893,387,0
486,1040,1393,1085,893,387,0
486,1040,1393,1085,893,387,0
486,1040,1393,1085,893,387,0
486,1040,1393,1085,892,387,0
486,1040,1393,1085,892,387,0
486,1040,1393,1085,889,392,0
486,1040,1393,1085,887,397,0
486,1040,1393,1085,883,404,0
486,1040,1393,1085,881,407,0
486,1040,1393,1085,879,409,0
486,1040,1393,1085,878,412,0
486,1040,1393,1085,877,413,0
486,1040,1393,1085,877,413,0
486,1040,1393,1085,876,414,0
486,1040,1393,1085,875,415,0
486,1040,1393,1085,875,415,0
486,1040,1393,1085,875,415,0
486,1040,1393,1085,875,415,0
486,1040,1393,1085,874,416,0
486,1040,1393,1085,874,416,0
486,1040,1393,1085,873,417,0
486,1040,1393,1085,872,419,0
486,1040,1393,1085,871,421,0
486,1040,1393,1085,870,422,0
486,1040,1393,1085,868,425,0
486,1040,1393,1085,866,426,0
486,1040,1393,1085,861,430,0
486,1040,1393,1085,859,432,0
486,1040,1393,1085,856,435,0
486,1040,1393,1085,855,436,0
486,1040,1393,1085,854,437,0
486,1040,1393,1085,852,439,0
486,1040,1393,1085,851,440,0
486,1040,1393,1085,850,441,0
486,1040,1393,1085,849,443,0
486,1040,1393,1085,845,446,0
486,1040,1393,1085,843,449,0
486,1040,1393,1085,839,453,0
486,1040,1393,1085,836,455,0
486,1040,1393,1085,835,457,0
486,1040,1393,1085,832,460,0
486,1040,1393,1085,830,461,0
486,1040,1393,1085,829,462,0
486,1040,1393,1085,828,463,0
486,1040,1393,1085,827,464,0
486,1040,1393,1085,826,466,0
486,1040,1393,1085,825,467,0
486,1040,1393,1085,822,470,0
486,1040,1393,1085,821,472,0
486,1040,1393,1085,819,475,0
486,1040,1393,1085,815,480,0
486,1040,1393,1085,812,482,0
486,1040,1393,1085,809,486,0
486,1040,1393,1085,808,487,0
486,1040,1393,1085,807,489,0
486,1040,1393,1085,804,492,0
486,1040,1393,1085,803,494,0
486,1040,1393,1085,799,499,0
486,1040,1393,1085,798,501,0
486,1040,1393,1085,796,503,0
486,1040,1393,1085,793,507,0
486,1040,1393,1085,793,508,0
486,1040,1393,1085,791,510,0
486,1040,1393,1085,789,513,0
486,1040,1393,1085,788,515,0
486,1040,1393,1085,786,518,0
486,1040,1393,1085,785,520,0
486,1040,1393,1085,783,522,0
486,1040,1393,1085,780,526,0
486,1040,1393,1085,779,529,0
486,1040,1393,1085,776,533,0
486,1040,1393,1085,774,535,0
486,1040,1393,1085,773,537,0
486,1040,1393,1085,771,541,0
486,1040,1393,1085,770,543,0
486,1040,1393,1085,769,547,0
486,1040,1393,1085,768,550,0
486,1040,1393,1085,768,552,0
486,1040,1393,1085,766,556,0
486,1040,1393,1085,765,559,0
486,1040,1393,1085,763,565,0
486,1040,1393,1085,762,568,0
486,1040,1393,1085,761,573,0
486,1040,1393,1085,760,576,0
486,1040,1393,1085,758,578,0
486,1040,1393,1085,756,584,0
486,1040,1393,1085,756,587,0
486,1040,1393,1085,755,590,0
486,1040,1393,1085,753,596,0
486,1040,1393,1085,752,599,0
486,1040,1393,1085,751,602,0
486,1040,1393,1085,749,608,0
486,1040,1393,1085,749,610,0
486,1040,1393,1085,748,615,0
486,1040,1393,1085,748,617,0
486,1040,1393,1085,748,619,0
486,1040,1393,1085,747,624,0
486,1040,1393,1085,746,627,0
486,1040,1393,1085,745,634,0
486,1040,1393,1085,744,636,0
486,1040,1393,1085,743,641,0
486,1040,1393,1085,742,643,0
486,1040,1393,1085,741,645,0
486,1040,1393,1085,740,649,0
486,1040,1393,1085,739,651,0
486,1040,1393,1085,739,653,0
486,1040,1393,1085,737,659,0
486,1040,1393,1085,736,661,0
486,1040,1393,1085,735,666,0
486,1040,1393,1085,735,668,0
486,1040,1393,1085,735,670,0
486,1040,1393,1085,734,672,0
486,1040,1393,1085,733,676,0
486,1040,1393,1085,731,680,0
486,1040,1393,1085,730,683,0
486,1040,1393,1085,729,686,0
486,1040,1393,1085,728,689,0
486,1040,1393,1085,727,695,0
486,1040,1393,1085,726,698,0
486,1040,1393,1085,724,702,0
486,1040,1393,1085,725,703,0
486,1040,1393,1085,724,705,0
486,1040,1393,1085,723,709,0
486,1040,1393,1085,723,711,0
486,1040,1393,1085,721,716,0
486,1040,1393,1085,720,718,0
486,1040,1393,1085,719,722,0
486,1040,1393,1085,717,728,0
486,1040,1393,1085,716,731,0
486,1040,1393,1085,714,738,0
486,1040,1393,1085,713,742,0
486,1040,1393,1085,712,745,0
486,1040,1393,1085,710,753,0
486,1040,1393,1085,709,756,0
486,1040,1393,1085,708,762,0
486,1040,1393,1085,707,765,0
486,1040,1393,1085,706,769,0
486,1040,1393,1085,705,776,0
486,1040,1393,1085,705,780,0
486,1040,1393,1085,704,784,0
486,1040,1393,1085,703,792,0
486,1040,1393,1085,703,795,0
486,1040,1393,1085,703,800,0
486,1040,1393,1085,703,802,0
486,1040,1393,1085,702,805,0
486,1040,1393,1085,701,810,0
486,1040,1393,1085,701,813,0
486,1040,1393,1085,700,819,0
486,1040,1393,1085,700,821,0
486,1040,1393,1085,699,824,0
486,1040,1393,1085,698,829,0
486,1040,1393,1085,698,832,0
486,1040,1393,1085,697,837,0
486,1040,1393,1085,697,840,0
486,1040,1393,1085,696,843,0
486,1040,1393,1085,695,849,0
486,1040,1393,1085,694,853,0
486,1040,1393,1085,694,856,0
486,1040,1393,1085,692,862,0
486,1040,1393,1085,691,866,0
486,1040,1393,1085,691,870,0
486,1040,1393,1085,690,872,0
486,1040,1393,1085,690,874,0
486,1040,1393,1085,689,878,0
486,1040,1393,1085,689,881,0
486,1040,1393,1085,688,886,0
486,1040,1393,1085,688,888,0
486,1040,1393,1085,688,890,0
486,1040,1393,1085,687,896,0
486,1040,1393,1085,686,899,0
486,1040,1393,1085,685,905,0
486,1040,1393,1085,685,908,0
486,1040,1393,1085,684,910,0
486,1040,1393,1085,684,914,0
486,1040,1393,1085,684,916,0
486,1040,1393,1085,683,918,0
486,1040,1393,1085,683,920,0
486,1040,1393,1085,683,921,0
486,1040,1393,1085,682,924,0
486,1040,1393,1085,682,926,0
486,1040,1393,1085,682,927,0
486,1040,1393,1085,681,930,0
486,1040,1393,1085,680,931,0
486,1040,1393,1085,679,935,0
486,1040,1393,1085,679,935,0
486,1040,1393,1085,678,938,0
486,1040,1393,1085,677,939,0
486,1040,1393,1085,676,940,0
486,1040,1393,1085,676,942,0
486,1040,1393,1085,674,945,0
486,1040,1393,1085,673,947,0
486,1040,1393,1085,670,951,0
486,1040,1393,1085,669,954,0
486,1040,1393,1085,667,956,0
486,1040,1393,1085,665,959,0
486,1040,1393,1085,664,960,0
486,1040,1393,1085,662,962,0
486,1040,1393,1085,661,963,0
486,1040,1393,1085,661,964,0
486,1040,1393,1085,659,966,0
486,1040,1393,1085,659,967,0
486,1040,1393,1085,657,969,0
486,1040,1393,1085,656,970,0
486,1040,1393,1085,656,970,0
486,1040,1393,1085,653,973,0
486,1040,1393,1085,652,974,0
486,1040,1393,1085,651,975,0
486,1040,1393,1085,651,975,0
486,1040,1393,1085,651,975,0
486,1040,1393,1085,651,975,0
486,1040,1393,1085,651,975,0
486,1040,1393,1085,650,976,0
486,1040,1393,1085,649,977,0
486,1040,1393,1085,648,978,0
486,1040,1393,1085,648,978,0
486,1040,1393,1085,646,980,0
486,1040,1393,1085,646,980,0
486,1040,1393,1085,644,982,0
486,1040,1393,1085,643,983,0
486,1040,1393,1085,642,984,0
486,1040,1393,1085,640,985,0
486,1040,1393,1085,638,985,0
486,1040,1393,1085,635,986,0
486,1040,1393,1085,633,987,0
486,1040,1393,1085,633,987,0
486,1040,1393,1085,632,987,0
486,1040,1393,1085,632,987,0
486,1040,1393,1085,632,988,0
486,1040,1393,1085,631,989,0
486,1040,1393,1085,630,990,0
486,1040,1393,1085,628,991,0
486,1040,1393,1085,627,991,0
486,1040,1393,1085,626,992,0
486,1040,1393,1085,625,992,0
486,1040,1393,1085,625,992,0
486,1040,1393,1085,625,992,0
486,1040,1393,1085,625,992,0
486,1040,1393,1085,625,992,0
486,1040,1393,1085,625,992,0
486,1040,1393,1085,625,992,0
486,1040,1393,1085,625,992,0
486,1040,1393,1085,625,992,0
486,1040,1393,1085,625,992,0
486,1040,1393,1085,625,992,0
486,1040,1393,1085,625,992,0
486,1040,1393,1085,625,992,0
486,1040,1393,1085,625,992,1
486,1040,1393,1085,625,992,1
486,1040,1393,1085,625,992,1
486,1040,1393,1085,625,992,1
486,1040,1393,1085,625,992,1
486,1040,1393,1085,625,992,1
486,1040,1393,1085,625,992,1
486,1040,1393,1085,625,992,1
486,1040,1393,1085,625,992,1
486,1040,1393,1085,625,992,1
486,1040,1393,1085,625,992,1
486,1040,1393,1085,625,992,1
486,1040,1393,1085,625,992,1
486,1040,1393,1085,625,992,1
486,1040,1393,1085,625,992,1
486,1040,1393,1085,625,992,1
486,1040,1393,1085,625,992,1
486,1040,1393,1085,625,992,1
486,1040,1393,1085,625,992,1
486,1040,1393,1085,625,992,1
486,1040,1393,1085,625,992,1
486,1040,1393,1085,625,992,1
486,1040,1393,1085,625,992,1
486,1040,1393,1085,625,992,1
486,1040,1393,1085,625,992,1
486,1040,1393,1085,625,992,1
486,1040,1393,1085,625,992,1
486,1040,1393,1085,625,992,1
486,1040,1393,1085,625,992,1
486,1040,1393,1085,625,992,1
486,1040,1393,1085,625,992,1
486,1040,1393,1085,625,992,1
486,1040,1393,1085,626,992,1
486,1040,1393,1085,626,992,1
486,1040,1393,1085,627,992,1
486,1040,1393,1085,630,992,1
486,1040,1393,1085,634,992,1
486,1040,1393,1085,636,992,1
486,1040,1393,1085,639,993,1
486,1040,1393,1085,644,993,1
486,1040,1393,1085,647,993,1
486,1040,1393,1085,653,993,1
486,1040,1393,1085,656,993,1
486,1040,1393,1085,659,993,1
486,1040,1393,1085,665,993,1
486,1040,1393,1085,667,993,1
486,1040,1393,1085,669,993,1
486,1040,1393,1085,672,993,1
486,1040,1393,1085,674,993,1
486,1040,1393,1085,675,993,1
486,1040,1393,1085,678,993,1
486,1040,1393,1085,682,993,1
486,1040,1393,1085,685,993,1
486,1040,1393,1085,688,993,1
486,1040,1393,1085,693,993,1
486,1040,1393,1085,696,993,1
486,1040,1393,1085,699,993,1
486,1040,1393,1085,703,992,1
486,1040,1393,1085,704,992,1
486,1040,1393,1085,708,993,1
486,1040,1393,1085,710,993,1
486,1040,1393,1085,712,993,1
486,1040,1393,1085,714,993,1
486,1040,1393,1085,715,992,1
486,1040,1393,1085,717,992,1
486,1040,1393,1085,719,992,1
486,1040,1393,1085,722,991,1
486,1040,1393,1085,730,991,1
486,1040,1393,1085,733,991,1
486,1040,1393,1085,738,991,1
486,1040,1393,1085,746,991,1
486,1040,1393,1085,750,991,1
486,1040,1393,1085,753,991,1
486,1040,1393,1085,758,991,1
486,1040,1393,1085,760,991,1
486,1040,1393,1085,763,990,1
486,1040,1393,1085,765,990,1
486,1040,1393,1085,769,990,1
486,1040,1393,1085,771,990,1
486,1040,1393,1085,774,990,1
486,1040,1393,1085,781,989,1
486,1040,1393,1085,785,988,1
486,1040,1393,1085,792,987,1
486,1040,1393,1085,795,987,1
486,1040,1393,1085,797,986,1
486,1040,1393,1085,802,986,1
486,1040,1393,1085,804,986,1
486,1040,1393,1085,810,986,1
486,1040,1393,1085,814,986,1
486,1040,1393,1085,818,985,1
486,1040,1393,1085,826,984,1
486,1040,1393,1085,830,983,1
486,1040,1393,1085,834,983,1
486,1040,1393,1085,840,982,1
486,1040,1393,1085,843,982,1
486,1040,1393,1085,846,982,1
486,1040,1393,1085,851,982,1
486,1040,1393,1085,858,982,1
486,1040,1393,1085,863,982,1
486,1040,1393,1085,868,981,1
486,1040,1393,1085,877,980,1
486,1040,1393,1085,882,979,1
486,1040,1393,1085,887,979,1
486,1040,1393,1085,893,979,1
486,1040,1393,1085,896,979,1
486,1040,1393,1085,905,979,1
486,1040,1393,1085,911,979,1
486,1040,1393,1085,917,979,1
486,1040,1393,1085,928,979,1
486,1040,1393,1085,933,978,1
486,1040,1393,1085,941,978,1
486,1040,1393,1085,944,978,1
486,1040,1393,1085,949,978,1
486,1040,1393,1085,955,978,1
486,1040,1393,1085,960,978,1
486,1040,1393,1085,972,978,1
486,1040,1393,1085,979,976,1
486,1040,1393,1085,985,976,1
486,1040,1393,1085,993,975,1
486,1040,1393,1085,996,975,1
486,1040,1393,1085,999,975,1
486,1040,1393,1085,1002,975,1
486,1040,1393,1085,1004,975,1
486,1040,1393,1085,1010,974,1
486,1040,1393,1085,1014,974,1
486,1040,1393,1085,1020,972,1
486,1040,1393,1085,1023,971,1
486,1040,1393,1085,1027,970,1
486,1040,1393,1085,1033,969,1
486,1040,1393,1085,1036,968,1
486,1040,1393,1085,1041,968,1
486,1040,1393,1085,1043,967,1
486,1040,1393,1085,1045,967,1
486,1040,1393,1085,1051,966,1
486,1040,1393,1085,1055,966,1
486,1040,1393,1085,1059,966,1
486,1040,1393,1085,1066,964,1
486,1040,1393,1085,1070,964,1
486,1040,1393,1085,1077,964,1
486,1040,1393,1085,1081,964,1
486,1040,1393,1085,1084,964,1
486,1040,1393,1085,1090,964,1
486,1040,1393,1085,1093,964,1
486,1040,1393,1085,1096,964,1
486,1040,1393,1085,1102,963,1
486,1040,1393,1085,1105,962,1
486,1040,1393,1085,1109,962,1
486,1040,1393,1085,1111,962,1
486,1040,1393,1085,1114,962,1
486,1040,1393,1085,1120,962,1
486,1040,1393,1085,1124,962,1
486,1040,1393,1085,1135,962,1
486,1040,1393,1085,1141,962,1
486,1040,1393,1085,1147,962,1
486,1040,1393,1085,1156,961,1
486,1040,1393,1085,1160,960,1
486,1040,1393,1085,1163,960,1
486,1040,1393,1085,1167,960,1
486,1040,1393,1085,1168,960,1
486,1040,1393,1085,1174,959,1
486,1040,1393,1085,1176,959,1
486,1040,1393,1085,1179,959,1
486,1040,1393,1085,1181,959,1
486,1040,1393,1085,1182,959,1
486,1040,1393,1085,1185,958,1
486,1040,1393,1085,1186,958,1
486,1040,1393,1085,1188,957,1
486,1040,1393,1085,1193,957,1
486,1040,1393,1085,1197,957,1
486,1040,1393,1085,1205,957,1
486,1040,1393,1085,1209,957,1
486,1040,1393,1085,1213,957,1
486,1040,1393,1085,1219,957,1
486,1040,1393,1085,1222,957,1
486,1040,1393,1085,1229,957,1
486,1040,1393,1085,1233,958,1
486,1040,1393,1085,1237,958,1
486,1040,1393,1085,1244,958,1
486,1040,1393,1085,1247,958,1
486,1040,1393,1085,1252,959,1
486,1040,1393,1085,1254,960,1
486,1040,1393,1085,1254,960,1
486,1040,1393,1085,1259,960,1
486,1040,1393,1085,1261,961,1
486,1040,1393,1085,1268,961,1
486,1040,1393,1085,1271,962,1
486,1040,1393,1085,1274,962,1
486,1040,1393,1085,1278,962,1
486,1040,1393,1085,1281,962,1
486,1040,1393,1085,1283,962,1
486,1040,1393,1085,1287,962,1
486,1040,1393,1085,1289,962,1
486,1040,1393,1085,1294,962,1
486,1040,1393,1085,1296,962,1
486,1040,1393,1085,1299,962,1
486,1040,1393,1085,1302,962,1
486,1040,1393,1085,1304,961,1
486,1040,1393,1085,1305,962,1
486,1040,1393,1085,1309,962,1
486,1040,1393,1085,1311,962,1
486,1040,1393,1085,1313,962,1
486,1040,1393,1085,1316,962,1
486,1040,1393,1085,1318,962,1
486,1040,1393,1085,1322,962,1
486,1040,1393,1085,1324,962,1
486,1040,1393,1085,1326,962,1
486,1040,1393,1085,1331,962,1
486,1040,1393,1085,1333,962,1
486,1040,1393,1085,1339,962,1
486,1040,1393,1085,1341,962,1
486,1040,1393,1085,1345,962,1
486,1040,1393,1085,1345,962,1
486,1040,1393,1085,1345,962,1
486,1040,1393,1085,1345,962,1
486,1040,1393,1085,1345,962,1
486,1040,1393,1085,1346,962,1
486,1040,1393,1085,1347,962,1
486,1040,1393,1085,1348,962,1
486,1040,1393,1085,1350,962,1
486,1040,1393,1085,1352,962,1
486,1040,1393,1085,1353,962,1
486,1040,1393,1085,1354,961,1
486,1040,1393,1085,1355,961,1
486,1040,1393,1085,1355,961,1
486,1040,1393,1085,1355,961,1
486,1040,1393,1085,1355,961,1
486,1040,1393,1085,1355,961,1
486,1040,1393,1085,1355,961,1
486,1040,1393,1085,1355,961,1
486,1040,1393,1085,1357,961,1
486,1040,1393,1085,1360,962,1
486,1040,1393,1085,1361,962,1
486,1040,1393,1085,1363,962,1
486,1040,1393,1085,1363,962,1
486,1040,1393,1085,1363,962,1
486,1040,1393,1085,1363,962,1
486,1040,1393,1085,1363,962,1
486,1040,1393,1085,1363,962,1
486,1040,1393,1085,1363,962,1
486,1040,1393,1085,1363,962,1
486,1040,1393,1085,1363,962,1
486,1040,1393,1085,1363,962,1
486,1040,1393,1085,1363,962,1
486,1040,1393,1085,1363,962,1
486,1040,1393,1085,1363,962,0
486,1040,1393,1085,1363,962,0
486,1040,1393,1085,1363,962,0
486,1040,1393,1085,1363,962,0
486,1040,1393,1085,1363,962,0
486,1040,1393,1085,1363,962,0
486,1040,1393,1085,1363,962,0
486,1040,1393,1085,1363,962,0
486,1040,1393,1085,1363,962,0
486,1040,1393,1085,1363,962,0
486,1040,1393,1085,1363,962,0
486,1040,1393,1085,1363,962,0
486,1040,1393,1085,1363,962,0
486,1040,1393,1085,1363,962,0
486,1040,1393,1085,1363,962,0
486,1040,1393,1085,1363,962,0
486,1040,1393,1085,1363,962,0
486,1040,1393,1085,1363,962,0
486,1040,1393,1085,1363,962,0
486,1040,1393,1085,1363,962,0
486,1040,1393,1085,1363,962,0
486,1040,1393,1085,1363,962,0
486,1040,1393,1085,1363,962,0
486,1040,1393,1085,1363,962,0
486,1040,1393,1085,1362,961,0
486,1040,1393,1085,1359,952,0
486,1040,1393,1085,1356,949,0
486,1040,1393,1085,1353,941,0
486,1040,1393,1085,1351,939,0
486,1040,1393,1085,1350,935,0
486,1040,1393,1085,1348,929,0
486,1040,1393,1085,1346,926,0
486,1040,1393,1085,1342,919,0
486,1040,1393,1085,1340,914,0
486,1040,1393,1085,1335,908,0
486,1040,1393,1085,1333,903,0
486,1040,1393,1085,1331,898,0
486,1040,1393,1085,1326,891,0
486,1040,1393,1085,1324,887,0
486,1040,1393,1085,1322,883,0
486,1040,1393,1085,1319,877,0
486,1040,1393,1085,1317,873,0
486,1040,1393,1085,1313,866,0
486,1040,1393,1085,1311,864,0
486,1040,1393,1085,1309,860,0
486,1040,1393,1085,1306,855,0
486,1040,1393,1085,1306,855,0
486,1040,1393,1085,1303,850,0
486,1040,1393,1085,1302,847,0
486,1040,1393,1085,1298,839,0
486,1040,1393,1085,1296,836,0
486,1040,1393,1085,1293,832,0
486,1040,1393,1085,1289,824,0
486,1040,1393,1085,1288,822,0
486,1040,1393,1085,1285,816,0
486,1040,1393,1085,1283,814,0
486,1040,1393,1085,1280,809,0
486,1040,1393,1085,1279,806,0
486,1040,1393,1085,1276,803,0
486,1040,1393,1085,1271,797,0
486,1040,1393,1085,1269,793,0
486,1040,1393,1085,1265,787,0
486,1040,1393,1085,1263,784,0
486,1040,1393,1085,1261,781,0
486,1040,1393,1085,1257,776,0
486,1040,1393,1085,1255,774,0
486,1040,1393,1085,1253,771,0
486,1040,1393,1085,1250,766,0
486,1040,1393,1085,1248,763,0
486,1040,1393,1085,1243,755,0
486,1040,1393,1085,1241,752,0
486,1040,1393,1085,1238,748,0
486,1040,1393,1085,1234,740,0
486,1040,1393,1085,1231,735,0
486,1040,1393,1085,1230,732,0
486,1040,1393,1085,1227,726,0
486,1040,1393,1085,1226,723,0
486,1040,1393,1085,1224,718,0
486,1040,1393,1085,1223,716,0
486,1040,1393,1085,1222,713,0
486,1040,1393,1085,1219,707,0
486,1040,1393,1085,1217,704,0
486,1040,1393,1085,1214,696,0
486,1040,1393,1085,1212,692,0
486,1040,1393,1085,1209,687,0
486,1040,1393,1085,1204,678,0
486,1040,1393,1085,1202,674,0
486,1040,1393,1085,1198,665,0
486,1040,1393,1085,1196,661,0
486,1040,1393,1085,1194,658,0
486,1040,1393,1085,1190,650,0
486,1040,1393,1085,1189,646,0
486,1040,1393,1085,1187,637,0
486,1040,1393,1085,1184,632,0
486,1040,1393,1085,1183,627,0
486,1040,1393,1085,1181,616,0
486,1040,1393,1085,1179,613,0
486,1040,1393,1085,1176,604,0
486,1040,1393,1085,1175,599,0
486,1040,1393,1085,1173,596,0
486,1040,1393,1085,1172,592,0
486,1040,1393,1085,1170,584,0
486,1040,1393,1085,1168,581,0
486,1040,1393,1085,1165,574,0
486,1040,1393,1085,1164,571,0
486,1040,1393,1085,1162,565,0
486,1040,1393,1085,1160,562,0
486,1040,1393,1085,1159,559,0
486,1040,1393,1085,1156,552,0
486,1040,1393,1085,1154,548,0
486,1040,1393,1085,1153,545,0
486,1040,1393,1085,1150,539,0
486,1040,1393,1085,1148,535,0
486,1040,1393,1085,1145,529,0
486,1040,1393,1085,1144,526,0
486,1040,1393,1085,1144,524,0
486,1040,1393,1085,1141,519,0
486,1040,1393,1085,1141,516,0
486,1040,1393,1085,1140,513,0
486,1040,1393,1085,1137,508,0
486,1040,1393,1085,1136,505,0
486,1040,1393,1085,1133,498,0
486,1040,1393,1085,1133,495,0
486,1040,1393,1085,1132,492,0
486,1040,1393,1085,1129,486,0
486,1040,1393,1085,1127,482,0
486,1040,1393,1085,1125,476,0
486,1040,1393,1085,1123,473,0
486,1040,1393,1085,1121,468,0
486,1040,1393,1085,1120,466,0
486,1040,1393,1085,1119,464,0
486,1040,1393,1085,1118,461,0
486,1040,1393,1085,1117,459,0
486,1040,1393,1085,1116,456,0
486,1040,1393,1085,1115,454,0
486,1040,1393,1085,1114,452,0
486,1040,1393,1085,1113,449,0
486,1040,1393,1085,1112,447,0
486,1040,1393,1085,1112,446,0
486,1040,1393,1085,1110,442,0
486,1040,1393,1085,1109,441,0
486,1040,1393,1085,1106,437,0
486,1040,1393,1085,1105,435,0
486,1040,1393,1085,1103,431,0
486,1040,1393,1085,1102,429,0
486,1040,1393,1085,1100,426,0
486,1040,1393,1085,1098,422,0
486,1040,1393,1085,1097,420,0
486,1040,1393,1085,1096,419,0
486,1040,1393,1085,1095,416,0
486,1040,1393,1085,1094,415,0
486,1040,1393,1085,1094,414,0
486,1040,1393,1085,1093,414,0
486,1040,1393,1085,1093,414,0
486,1040,1393,1085,1093,414,0
486,1040,1393,1085,1093,414,0
486,1040,1393,1085,1093,414,0
486,1040,1393,1085,1093,413,0
486,1040,1393,1085,1090,410,0
486,1040,1393,1085,1089,408,0
486,1040,1393,1085,1086,405,0
486,1040,1393,1085,1085,403,0
486,1040,1393,1085,1084,402,0
486,1040,1393,1085,1083,399,0
486,1040,1393,1085,1082,398,0
486,1040,1393,1085,1081,396,0
486,1040,1393,1085,1081,396,0
486,1040,1393,1085,1080,395,0
486,1040,1393,1085,1080,395,0
486,1040,1393,1085,1080,394,0
486,1040,1393,1085,1079,393,0
486,1040,1393,1085,1078,393,0
486,1040,1393,1085,1078,392,0
486,1040,1393,1085,1076,391,0
486,1040,1393,1085,1076,390,0
486,1040,1393,1085,1075,390,0
486,1040,1393,1085,1075,389,0
486,1040,1393,1085,1075,389,0
486,1040,1393,1085,1075,389,0
486,1040,1393,1085,1075,389,0
486,1040,1393,1085,1075,389,0
486,1040,1393,1085,1075,389,0
