486,1040,1393,1085,886,369,0
486,1040,1393,1085,886,369,0
486,1040,1393,1085,886,369,0
486,1040,1393,1085,886,369,0
486,1040,1393,1085,886,369,0
486,1040,1393,1085,886,369,0
486,1040,1393,1085,886,369,0
486,1040,1393,1085,886,369,0
486,1040,1393,1085,886,369,0
486,1040,1393,1085,886,369,0
486,1040,1393,1085,886,369,0
486,1040,1393,1085,886,369,0
486,1040,1393,1085,886,369,0
486,1040,1393,1085,886,369,0
486,1040,1393,1085,886,369,0
486,1040,1393,1085,886,369,0
486,1040,1393,1085,886,369,0
486,1040,1393,1085,886,369,0
486,1040,1393,1085,886,369,0
486,1040,1393,1085,886,369,0
486,1040,1393,1085,886,369,0
486,1040,1393,1085,886,369,0
486,1040,1393,1085,882,370,0
486,1040,1393,1085,880,371,0
486,1040,1393,1085,877,372,0
486,1040,1393,1085,873,373,0
486,1040,1393,1085,872,373,0
486,1040,1393,1085,868,375,0
486,1040,1393,1085,867,375,0
486,1040,1393,1085,866,375,0
486,1040,1393,1085,864,376,0
486,1040,1393,1085,863,377,0
486,1040,1393,1085,862,377,0
486,1040,1393,1085,860,378,0
486,1040,1393,1085,859,378,0
486,1040,1393,1085,857,379,0
486,1040,1393,1085,854,382,0
486,1040,1393,1085,851,383,0
486,1040,1393,1085,850,384,0
486,1040,1393,1085,847,387,0
486,1040,1393,1085,845,387,0
486,1040,1393,1085,845,388,0
486,1040,1393,1085,842,390,0
486,1040,1393,1085,841,391,0
486,1040,1393,1085,838,393,0
486,1040,1393,1085,836,394,0
486,1040,1393,1085,833,396,0
486,1040,1393,1085,832,397,0
486,1040,1393,1085,831,397,0
486,1040,1393,1085,829,398,0
486,1040,1393,1085,829,399,0
486,1040,1393,1085,828,399,0
486,1040,1393,1085,824,402,0
486,1040,1393,1085,824,402,0
486,1040,1393,1085,821,404,0
486,1040,1393,1085,819,405,0
486,1040,1393,1085,818,406,0
486,1040,1393,1085,814,408,0
486,1040,1393,1085,812,409,0
486,1040,1393,1085,811,410,0
486,1040,1393,1085,807,413,0
486,1040,1393,1085,805,414,0
486,1040,1393,1085,803,416,0
486,1040,1393,1085,800,418,0
486,1040,1393,1085,799,419,0
486,1040,1393,1085,798,420,0
486,1040,1393,1085,796,424,0
486,1040,1393,1085,794,425,0
486,1040,1393,1085,789,429,0
486,1040,1393,1085,786,431,0
486,1040,1393,1085,781,435,0
486,1040,1393,1085,779,437,0
486,1040,1393,1085,777,439,0
486,1040,1393,1085,772,442,0
486,1040,1393,1085,772,443,0
486,1040,1393,1085,768,446,0
486,1040,1393,1085,766,447,0
486,1040,1393,1085,765,448,0
486,1040,1393,1085,761,450,0
486,1040,1393,1085,759,452,0
486,1040,1393,1085,757,453,0
486,1040,1393,1085,752,456,0
486,1040,1393,1085,749,457,0
486,1040,1393,1085,747,458,0
486,1040,1393,1085,742,461,0
486,1040,1393,1085,740,462,0
486,1040,1393,1085,736,465,0
486,1040,1393,1085,734,466,0
486,1040,1393,1085,732,468,0
486,1040,1393,1085,730,469,0
486,1040,1393,1085,726,471,0
486,1040,1393,1085,724,473,0
486,1040,1393,1085,718,476,0
486,1040,1393,1085,715,477,0
486,1040,1393,1085,709,480,0
486,1040,1393,1085,707,482,0
486,1040,1393,1085,705,483,0
486,1040,1393,1085,700,486,0
486,1040,1393,1085,697,488,0
486,1040,1393,1085,694,490,0
486,1040,1393,1085,688,494,0
486,1040,1393,1085,686,496,0
486,1040,1393,1085,684,497,0
486,1040,1393,1085,680,500,0
486,1040,1393,1085,679,501,0
486,1040,1393,1085,676,503,0
486,1040,1393,1085,674,504,0
486,1040,1393,1085,671,506,0
486,1040,1393,1085,666,510,0
486,1040,1393,1085,663,512,0
486,1040,1393,1085,660,514,0
486,1040,1393,1085,655,518,0
486,1040,1393,1085,653,519,0
486,1040,1393,1085,652,520,0
486,1040,1393,1085,647,523,0
486,1040,1393,1085,645,525,0
486,1040,1393,1085,640,528,0
486,1040,1393,1085,637,530,0
486,1040,1393,1085,632,534,0
486,1040,1393,1085,629,535,0
486,1040,1393,1085,627,537,0
486,1040,1393,1085,624,539,0
486,1040,1393,1085,622,541,0
486,1040,1393,1085,618,544,0
486,1040,1393,1085,617,545,0
486,1040,1393,1085,614,547,0
486,1040,1393,1085,610,551,0
486,1040,1393,1085,608,554,0
486,1040,1393,1085,606,556,0
486,1040,1393,1085,601,562,0
486,1040,1393,1085,599,565,0
486,1040,1393,1085,596,568,0
486,1040,1393,1085,593,572,0
486,1040,1393,1085,593,574,0
486,1040,1393,1085,590,576,0
486,1040,1393,1085,590,577,0
486,1040,1393,1085,589,578,0
486,1040,1393,1085,587,581,0
486,1040,1393,1085,586,583,0
486,1040,1393,1085,583,587,0
486,1040,1393,1085,582,589,0
486,1040,1393,1085,580,591,0
486,1040,1393,1085,577,595,0
486,1040,1393,1085,576,597,0
486,1040,1393,1085,574,601,0
486,1040,1393,1085,572,603,0
486,1040,1393,1085,571,605,0
486,1040,1393,1085,569,608,0
486,1040,1393,1085,568,609,0
486,1040,1393,1085,567,611,0
486,1040,1393,1085,564,615,0
486,1040,1393,1085,563,617,0
486,1040,1393,1085,561,619,0
486,1040,1393,1085,557,624,0
486,1040,1393,1085,555,626,0
486,1040,1393,1085,551,630,0
486,1040,1393,1085,550,632,0
486,1040,1393,1085,548,633,0
486,1040,1393,1085,545,636,0
486,1040,1393,1085,544,638,0
486,1040,1393,1085,543,639,0
486,1040,1393,1085,541,643,0
486,1040,1393,1085,538,646,0
486,1040,1393,1085,536,648,0
486,1040,1393,1085,534,651,0
486,1040,1393,1085,532,653,0
486,1040,1393,1085,528,658,0
486,1040,1393,1085,526,660,0
486,1040,1393,1085,522,664,0
486,1040,1393,1085,520,666,0
486,1040,1393,1085,519,667,0
486,1040,1393,1085,516,671,0
486,1040,1393,1085,514,673,0
486,1040,1393,1085,512,675,0
486,1040,1393,1085,508,679,0
486,1040,1393,1085,506,682,0
486,1040,1393,1085,502,686,0
486,1040,1393,1085,500,688,0
486,1040,1393,1085,499,689,0
486,1040,1393,1085,496,693,0
486,1040,1393,1085,494,695,0
486,1040,1393,1085,493,697,0
486,1040,1393,1085,490,700,0
486,1040,1393,1085,487,704,0
486,1040,1393,1085,485,706,0
486,1040,1393,1085,484,708,0
486,1040,1393,1085,482,710,0
486,1040,1393,1085,479,714,0
486,1040,1393,1085,478,715,0
486,1040,1393,1085,476,719,0
486,1040,1393,1085,475,721,0
486,1040,1393,1085,474,723,0
486,1040,1393,1085,472,727,0
486,1040,1393,1085,471,729,0
486,1040,1393,1085,470,731,0
486,1040,1393,1085,468,736,0
486,1040,1393,1085,467,737,0
486,1040,1393,1085,465,741,0
486,1040,1393,1085,463,744,0
486,1040,1393,1085,462,746,0
486,1040,1393,1085,459,752,0
486,1040,1393,1085,458,754,0
486,1040,1393,1085,455,759,0
486,1040,1393,1085,453,763,0
486,1040,1393,1085,452,765,0
486,1040,1393,1085,450,769,0
486,1040,1393,1085,448,771,0
486,1040,1393,1085,448,773,0
486,1040,1393,1085,446,778,0
486,1040,1393,1085,444,781,0
486,1040,1393,1085,443,783,0
486,1040,1393,1085,440,788,0
486,1040,1393,1085,438,791,0
486,1040,1393,1085,436,796,0
486,1040,1393,1085,434,799,0
486,1040,1393,1085,433,801,0
486,1040,1393,1085,431,805,0
486,1040,1393,1085,430,807,0
486,1040,1393,1085,429,808,0
486,1040,1393,1085,426,812,0
486,1040,1393,1085,425,814,0
486,1040,1393,1085,423,818,0
486,1040,1393,1085,423,819,0
486,1040,1393,1085,422,821,0
486,1040,1393,1085,421,825,0
486,1040,1393,1085,420,826,0
486,1040,1393,1085,418,830,0
486,1040,1393,1085,418,831,0
486,1040,1393,1085,417,834,0
486,1040,1393,1085,415,837,0
486,1040,1393,1085,414,839,0
486,1040,1393,1085,413,840,0
486,1040,1393,1085,412,844,0
486,1040,1393,1085,411,846,0
486,1040,1393,1085,411,848,0
486,1040,1393,1085,410,852,0
486,1040,1393,1085,409,855,0
486,1040,1393,1085,408,857,0
486,1040,1393,1085,406,863,0
486,1040,1393,1085,405,866,0
486,1040,1393,1085,404,868,0
486,1040,1393,1085,401,873,0
486,1040,1393,1085,400,876,0
486,1040,1393,1085,398,881,0
486,1040,1393,1085,397,883,0
486,1040,1393,1085,397,885,0
486,1040,1393,1085,396,888,0
486,1040,1393,1085,395,890,0
486,1040,1393,1085,394,891,0
486,1040,1393,1085,393,895,0
486,1040,1393,1085,391,898,0
486,1040,1393,1085,391,900,0
486,1040,1393,1085,390,903,0
486,1040,1393,1085,389,906,0
486,1040,1393,1085,389,908,0
486,1040,1393,1085,388,911,0
486,1040,1393,1085,388,913,0
486,1040,1393,1085,388,914,0
486,1040,1393,1085,387,916,0
486,1040,1393,1085,387,917,0
486,1040,1393,1085,387,918,0
486,1040,1393,1085,387,921,0
486,1040,1393,1085,387,922,0
486,1040,1393,1085,387,924,0
486,1040,1393,1085,387,927,0
486,1040,1393,1085,386,928,0
486,1040,1393,1085,386,930,0
486,1040,1393,1085,386,933,0
486,1040,1393,1085,386,935,0
486,1040,1393,1085,386,938,0
486,1040,1393,1085,386,939,0
486,1040,1393,1085,386,940,0
486,1040,1393,1085,386,942,0
486,1040,1393,1085,386,943,0
486,1040,1393,1085,386,944,0
486,1040,1393,1085,386,946,0
486,1040,1393,1085,386,947,0
486,1040,1393,1085,386,947,0
486,1040,1393,1085,387,949,0
486,1040,1393,1085,387,949,0
486,1040,1393,1085,387,950,0
486,1040,1393,1085,387,951,0
486,1040,1393,1085,387,952,0
486,1040,1393,1085,388,954,0
486,1040,1393,1085,388,955,0
486,1040,1393,1085,388,955,0
486,1040,1393,1085,389,957,0
486,1040,1393,1085,389,958,0
486,1040,1393,1085,389,958,0
486,1040,1393,1085,390,960,0
486,1040,1393,1085,390,960,0
486,1040,1393,1085,391,961,0
486,1040,1393,1085,391,962,0
486,1040,1393,1085,391,962,0
486,1040,1393,1085,392,963,0
486,1040,1393,1085,392,964,0
486,1040,1393,1085,392,964,0
486,1040,1393,1085,393,965,0
486,1040,1393,1085,393,966,0
486,1040,1393,1085,393,966,0
486,1040,1393,1085,394,967,0
486,1040,1393,1085,394,968,0
486,1040,1393,1085,394,968,0
486,1040,1393,1085,395,969,0
486,1040,1393,1085,395,970,0
486,1040,1393,1085,395,970,0
486,1040,1393,1085,396,970,0
486,1040,1393,1085,396,971,0
486,1040,1393,1085,397,972,0
486,1040,1393,1085,397,972,0
486,1040,1393,1085,397,973,0
486,1040,1393,1085,399,975,0
486,1040,1393,1085,399,976,0
486,1040,1393,1085,400,977,0
486,1040,1393,1085,401,978,0
486,1040,1393,1085,402,980,0
486,1040,1393,1085,402,981,0
486,1040,1393,1085,403,982,0
486,1040,1393,1085,404,983,0
486,1040,1393,1085,404,984,0
486,1040,1393,1085,405,985,0
486,1040,1393,1085,405,986,0
486,1040,1393,1085,406,986,0
486,1040,1393,1085,407,988,0
486,1040,1393,1085,407,990,0
486,1040,1393,1085,409,992,0
486,1040,1393,1085,410,993,0
486,1040,1393,1085,410,994,0
486,1040,1393,1085,411,995,0
486,1040,1393,1085,411,995,0
486,1040,1393,1085,411,995,0
486,1040,1393,1085,411,997,0
486,1040,1393,1085,412,997,0
486,1040,1393,1085,412,998,0
486,1040,1393,1085,412,998,0
486,1040,1393,1085,413,999,0
486,1040,1393,1085,413,999,0
486,1040,1393,1085,413,999,0
486,1040,1393,1085,413,999,0
486,1040,1393,1085,413,999,0
486,1040,1393,1085,413,1000,0
486,1040,1393,1085,413,1001,0
486,1040,1393,1085,413,1001,0
486,1040,1393,1085,413,1002,0
486,1040,1393,1085,414,1002,0
486,1040,1393,1085,414,1003,0
486,1040,1393,1085,414,1004,0
486,1040,1393,1085,415,1004,0
486,1040,1393,1085,415,1005,0
486,1040,1393,1085,415,1005,0
486,1040,1393,1085,415,1005,0
486,1040,1393,1085,415,1005,0
486,1040,1393,1085,415,1005,0
486,1040,1393,1085,415,1005,0
486,1040,1393,1085,415,1005,0
486,1040,1393,1085,415,1005,0
486,1040,1393,1085,415,1005,0
486,1040,1393,1085,415,1005,0
486,1040,1393,1085,415,1005,0
486,1040,1393,1085,415,1005,0
486,1040,1393,1085,415,1005,0
486,1040,1393,1085,415,1005,0
486,1040,1393,1085,415,1005,0
486,1040,1393,1085,415,1005,1
486,1040,1393,1085,415,1005,1
486,1040,1393,1085,415,1005,1
486,1040,1393,1085,415,1005,1
486,1040,1393,1085,415,1005,1
486,1040,1393,1085,415,1005,1
486,1040,1393,1085,415,1005,1
486,1040,1393,1085,415,1005,1
486,1040,1393,1085,415,1005,1
486,1040,1393,1085,415,1005,1
486,1040,1393,1085,415,1005,1
486,1040,1393,1085,415,1005,1
486,1040,1393,1085,415,1005,1
486,1040,1393,1085,415,1005,1
486,1040,1393,1085,415,1005,1
486,1040,1393,1085,415,1005,1
486,1040,1393,1085,415,1005,1
486,1040,1393,1085,415,1005,1
486,1040,1393,1085,415,1005,1
486,1040,1393,1085,415,1005,1
486,1040,1393,1085,415,1005,1
486,1040,1393,1085,416,1005,1
486,1040,1393,1085,417,1006,1
486,1040,1393,1085,418,1006,1
486,1040,1393,1085,420,1006,1
486,1040,1393,1085,424,1008,1
486,1040,1393,1085,426,1009,1
486,1040,1393,1085,429,1010,1
486,1040,1393,1085,434,1012,1
486,1040,1393,1085,435,1012,1
486,1040,1393,1085,437,1012,1
486,1040,1393,1085,440,1013,1
486,1040,1393,1085,442,1014,1
486,1040,1393,1085,444,1015,1
486,1040,1393,1085,446,1015,1
486,1040,1393,1085,446,1015,1
486,1040,1393,1085,448,1016,1
486,1040,1393,1085,450,1017,1
486,1040,1393,1085,452,1017,1
486,1040,1393,1085,456,1017,1
486,1040,1393,1085,457,1018,1
486,1040,1393,1085,459,1018,1
486,1040,1393,1085,461,1018,1
486,1040,1393,1085,463,1019,1
486,1040,1393,1085,466,1019,1
486,1040,1393,1085,467,1019,1
486,1040,1393,1085,469,1019,1
486,1040,1393,1085,471,1019,1
486,1040,1393,1085,475,1020,1
486,1040,1393,1085,477,1020,1
486,1040,1393,1085,481,1020,1
486,1040,1393,1085,483,1020,1
486,1040,1393,1085,485,1020,1
486,1040,1393,1085,487,1020,1
486,1040,1393,1085,490,1021,1
486,1040,1393,1085,492,1021,1
486,1040,1393,1085,494,1021,1
486,1040,1393,1085,496,1021,1
486,1040,1393,1085,498,1021,1
486,1040,1393,1085,502,1021,1
486,1040,1393,1085,506,1021,1
486,1040,1393,1085,510,1022,1
486,1040,1393,1085,519,1022,1
486,1040,1393,1085,523,1022,1
486,1040,1393,1085,530,1023,1
486,1040,1393,1085,533,1023,1
486,1040,1393,1085,535,1024,1
486,1040,1393,1085,540,1024,1
486,1040,1393,1085,543,1024,1
486,1040,1393,1085,547,1025,1
486,1040,1393,1085,550,1025,1
486,1040,1393,1085,553,1026,1
486,1040,1393,1085,560,1026,1
486,1040,1393,1085,562,1026,1
486,1040,1393,1085,565,1026,1
486,1040,1393,1085,569,1027,1
486,1040,1393,1085,571,1027,1
486,1040,1393,1085,576,1027,1
486,1040,1393,1085,579,1028,1
486,1040,1393,1085,587,1028,1
486,1040,1393,1085,590,1028,1
486,1040,1393,1085,594,1028,1
486,1040,1393,1085,600,1028,1
486,1040,1393,1085,604,1028,1
486,1040,1393,1085,612,1029,1
486,1040,1393,1085,616,1029,1
486,1040,1393,1085,620,1030,1
486,1040,1393,1085,624,1030,1
486,1040,1393,1085,626,1030,1
486,1040,1393,1085,628,1031,1
486,1040,1393,1085,633,1031,1
486,1040,1393,1085,635,1032,1
486,1040,1393,1085,637,1032,1
486,1040,1393,1085,641,1033,1
486,1040,1393,1085,644,1033,1
486,1040,1393,1085,650,1034,1
486,1040,1393,1085,653,1035,1
486,1040,1393,1085,657,1035,1
486,1040,1393,1085,665,1037,1
486,1040,1393,1085,668,1037,1
486,1040,1393,1085,672,1038,1
486,1040,1393,1085,676,1038,1
486,1040,1393,1085,682,1040,1
486,1040,1393,1085,685,1040,1
486,1040,1393,1085,692,1042,1
486,1040,1393,1085,696,1042,1
486,1040,1393,1085,702,1043,1
486,1040,1393,1085,710,1044,1
486,1040,1393,1085,714,1045,1
486,1040,1393,1085,716,1045,1
486,1040,1393,1085,724,1048,1
486,1040,1393,1085,727,1048,1
486,1040,1393,1085,732,1050,1
486,1040,1393,1085,736,1051,1
486,1040,1393,1085,745,1054,1
486,1040,1393,1085,749,1055,1
486,1040,1393,1085,753,1057,1
486,1040,1393,1085,761,1059,1
486,1040,1393,1085,764,1059,1
486,1040,1393,1085,768,1060,1
486,1040,1393,1085,774,1062,1
486,1040,1393,1085,777,1063,1
486,1040,1393,1085,781,1063,1
486,1040,1393,1085,787,1065,1
486,1040,1393,1085,790,1066,1
486,1040,1393,1085,798,1069,1
486,1040,1393,1085,803,1070,1
486,1040,1393,1085,808,1071,1
486,1040,1393,1085,813,1072,1
486,1040,1393,1085,824,1075,1
486,1040,1393,1085,829,1076,1
486,1040,1393,1085,837,1077,1
486,1040,1393,1085,842,1078,1
486,1040,1393,1085,845,1079,1
486,1040,1393,1085,852,1081,1
486,1040,1393,1085,856,1082,1
486,1040,1393,1085,865,1084,1
486,1040,1393,1085,871,1084,1
486,1040,1393,1085,880,1086,1
486,1040,1393,1085,883,1087,1
486,1040,1393,1085,888,1087,1
486,1040,1393,1085,895,1089,1
486,1040,1393,1085,899,1090,1
486,1040,1393,1085,904,1092,1
486,1040,1393,1085,912,1093,1
486,1040,1393,1085,919,1093,1
486,1040,1393,1085,925,1094,1
486,1040,1393,1085,934,1096,1
486,1040,1393,1085,938,1096,1
486,1040,1393,1085,947,1098,1
486,1040,1393,1085,952,1099,1
486,1040,1393,1085,956,1099,1
486,1040,1393,1085,968,1103,1
486,1040,1393,1085,975,1104,1
486,1040,1393,1085,983,1105,1
486,1040,1393,1085,1001,1109,1
486,1040,1393,1085,1008,1111,1
486,1040,1393,1085,1016,1113,1
486,1040,1393,1085,1029,1117,1
486,1040,1393,1085,1034,1118,1
486,1040,1393,1085,1040,1119,1
486,1040,1393,1085,1051,1122,1
486,1040,1393,1085,1056,1123,1
486,1040,1393,1085,1069,1126,1
486,1040,1393,1085,1074,1127,1
486,1040,1393,1085,1078,1128,1
486,1040,1393,1085,1084,1130,1
486,1040,1393,1085,1086,1130,1
486,1040,1393,1085,1087,1131,1
486,1040,1393,1085,1091,1133,1
486,1040,1393,1085,1094,1134,1
486,1040,1393,1085,1101,1138,1
486,1040,1393,1085,1106,1139,1
486,1040,1393,1085,1111,1141,1
486,1040,1393,1085,1121,1144,1
486,1040,1393,1085,1126,1145,1
486,1040,1393,1085,1132,1146,1
486,1040,1393,1085,1134,1147,1
486,1040,1393,1085,1137,1148,1
486,1040,1393,1085,1139,1148,1
486,1040,1393,1085,1146,1150,1
486,1040,1393,1085,1148,1151,1
486,1040,1393,1085,1151,1151,1
486,1040,1393,1085,1152,1151,1
486,1040,1393,1085,1154,1151,1
486,1040,1393,1085,1158,1153,1
486,1040,1393,1085,1161,1154,1
486,1040,1393,1085,1165,1154,1
486,1040,1393,1085,1173,1156,1
486,1040,1393,1085,1177,1157,1
486,1040,1393,1085,1183,1158,1
486,1040,1393,1085,1186,1158,1
486,1040,1393,1085,1187,1158,1
486,1040,1393,1085,1190,1159,1
486,1040,1393,1085,1192,1159,1
486,1040,1393,1085,1194,1160,1
486,1040,1393,1085,1199,1161,1
486,1040,1393,1085,1202,1162,1
486,1040,1393,1085,1205,1162,1
486,1040,1393,1085,1212,1163,1
486,1040,1393,1085,1215,1163,1
486,1040,1393,1085,1218,1164,1
486,1040,1393,1085,1224,1164,1
486,1040,1393,1085,1232,1165,1
486,1040,1393,1085,1237,1166,1
486,1040,1393,1085,1242,1166,1
486,1040,1393,1085,1248,1167,1
486,1040,1393,1085,1263,1168,1
486,1040,1393,1085,1270,1168,1
486,1040,1393,1085,1282,1170,1
486,1040,1393,1085,1285,1170,1
486,1040,1393,1085,1289,1170,1
486,1040,1393,1085,1291,1170,1
486,1040,1393,1085,1292,1170,1
486,1040,1393,1085,1295,1170,1
486,1040,1393,1085,1302,1171,1
486,1040,1393,1085,1307,1171,1
486,1040,1393,1085,1316,1171,1
486,1040,1393,1085,1320,1173,1
486,1040,1393,1085,1323,1173,1
486,1040,1393,1085,1327,1173,1
486,1040,1393,1085,1327,1173,1
486,1040,1393,1085,1328,1173,1
486,1040,1393,1085,1329,1173,1
486,1040,1393,1085,1330,1173,1
486,1040,1393,1085,1332,1173,1
486,1040,1393,1085,1339,1174,1
486,1040,1393,1085,1341,1174,1
486,1040,1393,1085,1346,1175,1
486,1040,1393,1085,1349,1175,1
486,1040,1393,1085,1351,1176,1
486,1040,1393,1085,1354,1176,1
486,1040,1393,1085,1356,1176,1
486,1040,1393,1085,1358,1176,1
486,1040,1393,1085,1365,1177,1
486,1040,1393,1085,1368,1177,1
486,1040,1393,1085,1376,1178,1
486,1040,1393,1085,1381,1178,1
486,1040,1393,1085,1385,1178,1
486,1040,1393,1085,1394,1178,1
486,1040,1393,1085,1398,1178,1
486,1040,1393,1085,1402,1178,1
486,1040,1393,1085,1410,1175,1
486,1040,1393,1085,1413,1175,1
486,1040,1393,1085,1419,1174,1
486,1040,1393,1085,1421,1173,1
486,1040,1393,1085,1423,1173,1
486,1040,1393,1085,1427,1173,1
486,1040,1393,1085,1430,1173,1
486,1040,1393,1085,1436,1173,1
486,1040,1393,1085,1438,1173,1
486,1040,1393,1085,1440,1173,1
486,1040,1393,1085,1443,1173,1
486,1040,1393,1085,1445,1173,1
486,1040,1393,1085,1446,1172,1
486,1040,1393,1085,1448,1172,1
486,1040,1393,1085,1449,1172,1
486,1040,1393,1085,1450,1172,1
486,1040,1393,1085,1451,1172,1
486,1040,1393,1085,1452,1171,1
486,1040,1393,1085,1454,1171,1
486,1040,1393,1085,1459,1171,1
486,1040,1393,1085,1462,1171,1
486,1040,1393,1085,1470,1171,1
486,1040,1393,1085,1473,1171,1
486,1040,1393,1085,1476,1171,1
486,1040,1393,1085,1479,1171,1
486,1040,1393,1085,1480,1171,1
486,1040,1393,1085,1483,1171,1
486,1040,1393,1085,1484,1171,1
486,1040,1393,1085,1485,1171,1
486,1040,1393,1085,1488,1171,1
486,1040,1393,1085,1491,1171,1
486,1040,1393,1085,1498,1171,1
486,1040,1393,1085,1502,1170,1
486,1040,1393,1085,1504,1170,1
486,1040,1393,1085,1506,1168,1
486,1040,1393,1085,1506,1168,1
486,1040,1393,1085,1506,1168,1
486,1040,1393,1085,1506,1168,1
486,1040,1393,1085,1506,1168,1
486,1040,1393,1085,1506,1168,1
486,1040,1393,1085,1507,1168,1
486,1040,1393,1085,1508,1167,1
486,1040,1393,1085,1509,1166,1
486,1040,1393,1085,1510,1165,1
486,1040,1393,1085,1511,1165,1
486,1040,1393,1085,1512,1164,1
486,1040,1393,1085,1515,1162,1
486,1040,1393,1085,1516,1162,1
486,1040,1393,1085,1518,1162,1
486,1040,1393,1085,1519,1162,1
486,1040,1393,1085,1519,1162,1
486,1040,1393,1085,1520,1162,1
486,1040,1393,1085,1521,1161,1
486,1040,1393,1085,1521,1161,1
486,1040,1393,1085,1521,1160,1
486,1040,1393,1085,1522,1159,1
486,1040,1393,1085,1523,1158,1
486,1040,1393,1085,1523,1157,1
486,1040,1393,1085,1523,1157,1
486,1040,1393,1085,1524,1156,1
486,1040,1393,1085,1524,1156,1
486,1040,1393,1085,1524,1156,1
486,1040,1393,1085,1524,1156,1
486,1040,1393,1085,1524,1156,1
486,1040,1393,1085,1526,1156,1
486,1040,1393,1085,1526,1156,1
486,1040,1393,1085,1527,1155,1
486,1040,1393,1085,1527,1154,1
486,1040,1393,1085,1527,1154,1
486,1040,1393,1085,1527,1154,1
486,1040,1393,1085,1528,1153,1
486,1040,1393,1085,1529,1152,1
486,1040,1393,1085,1530,1151,1
486,1040,1393,1085,1530,1151,1
486,1040,1393,1085,1530,1151,1
486,1040,1393,1085,1530,1151,1
486,1040,1393,1085,1530,1151,1
486,1040,1393,1085,1530,1151,1
486,1040,1393,1085,1530,1150,1
486,1040,1393,1085,1530,1150,0
486,1040,1393,1085,1530,1150,0
486,1040,1393,1085,1530,1150,0
486,1040,1393,1085,1530,1150,0
486,1040,1393,1085,1530,1150,0
486,1040,1393,1085,1530,1150,0
486,1040,1393,1085,1530,1150,0
486,1040,1393,1085,1530,1150,0
486,1040,1393,1085,1530,1150,0
486,1040,1393,1085,1530,1150,0
486,1040,1393,1085,1530,1150,0
486,1040,1393,1085,1530,1150,0
486,1040,1393,1085,1530,1150,0
486,1040,1393,1085,1530,1150,0
486,1040,1393,1085,1530,1150,0
486,1040,1393,1085,1530,1150,0
486,1040,1393,1085,1530,1150,0
486,1040,1393,1085,1530,1150,0
486,1040,1393,1085,1530,1150,0
486,1040,1393,1085,1530,1150,0
486,1040,1393,1085,1530,1150,0
486,1040,1393,1085,1530,1150,0
486,1040,1393,1085,1530,1150,0
486,1040,1393,1085,1530,1150,0
486,1040,1393,1085,1530,1150,0
486,1040,1393,1085,1530,1150,0
486,1040,1393,1085,1530,1147,0
486,1040,1393,1085,1530,1143,0
486,1040,1393,1085,1529,1138,0
486,1040,1393,1085,1528,1135,0
486,1040,1393,1085,1528,1133,0
486,1040,1393,1085,1527,1129,0
486,1040,1393,1085,1527,1127,0
486,1040,1393,1085,1526,1125,0
486,1040,1393,1085,1526,1122,0
486,1040,1393,1085,1525,1121,0
486,1040,1393,1085,1525,1119,0
486,1040,1393,1085,1525,1116,0
486,1040,1393,1085,1524,1114,0
486,1040,1393,1085,1524,1112,0
486,1040,1393,1085,1524,1111,0
486,1040,1393,1085,1524,1110,0
486,1040,1393,1085,1523,1107,0
486,1040,1393,1085,1522,1106,0
486,1040,1393,1085,1520,1103,0
486,1040,1393,1085,1520,1101,0
486,1040,1393,1085,1519,1099,0
486,1040,1393,1085,1516,1095,0
486,1040,1393,1085,1515,1093,0
486,1040,1393,1085,1513,1090,0
486,1040,1393,1085,1510,1086,0
486,1040,1393,1085,1509,1084,0
486,1040,1393,1085,1507,1081,0
486,1040,1393,1085,1506,1079,0
486,1040,1393,1085,1504,1077,0
486,1040,1393,1085,1502,1074,0
486,1040,1393,1085,1501,1072,0
486,1040,1393,1085,1499,1070,0
486,1040,1393,1085,1496,1066,0
486,1040,1393,1085,1495,1064,0
486,1040,1393,1085,1493,1062,0
486,1040,1393,1085,1492,1060,0
486,1040,1393,1085,1489,1056,0
486,1040,1393,1085,1488,1054,0
486,1040,1393,1085,1487,1053,0
486,1040,1393,1085,1486,1050,0
486,1040,1393,1085,1485,1048,0
486,1040,1393,1085,1483,1044,0
486,1040,1393,1085,1481,1042,0
486,1040,1393,1085,1479,1039,0
486,1040,1393,1085,1475,1033,0
486,1040,1393,1085,1474,1030,0
486,1040,1393,1085,1472,1026,0
486,1040,1393,1085,1469,1020,0
486,1040,1393,1085,1467,1017,0
486,1040,1393,1085,1466,1011,0
486,1040,1393,1085,1465,1008,0
486,1040,1393,1085,1464,1006,0
486,1040,1393,1085,1460,1000,0
486,1040,1393,1085,1459,997,0
486,1040,1393,1085,1457,994,0
486,1040,1393,1085,1453,988,0
486,1040,1393,1085,1451,985,0
486,1040,1393,1085,1446,978,0
486,1040,1393,1085,1444,974,0
486,1040,1393,1085,1443,971,0
486,1040,1393,1085,1440,966,0
486,1040,1393,1085,1439,964,0
486,1040,1393,1085,1436,959,0
486,1040,1393,1085,1435,957,0
486,1040,1393,1085,1434,955,0
486,1040,1393,1085,1434,953,0
486,1040,1393,1085,1432,948,0
486,1040,1393,1085,1431,946,0
486,1040,1393,1085,1429,941,0
486,1040,1393,1085,1427,938,0
486,1040,1393,1085,1426,935,0
486,1040,1393,1085,1422,928,0
486,1040,1393,1085,1421,926,0
486,1040,1393,1085,1419,920,0
486,1040,1393,1085,1418,917,0
486,1040,1393,1085,1417,915,0
486,1040,1393,1085,1414,910,0
486,1040,1393,1085,1412,907,0
486,1040,1393,1085,1410,903,0
486,1040,1393,1085,1407,896,0
486,1040,1393,1085,1405,892,0
486,1040,1393,1085,1403,886,0
486,1040,1393,1085,1402,883,0
486,1040,1393,1085,1400,880,0
486,1040,1393,1085,1397,873,0
486,1040,1393,1085,1395,869,0
486,1040,1393,1085,1392,861,0
486,1040,1393,1085,1391,858,0
486,1040,1393,1085,1390,854,0
486,1040,1393,1085,1387,848,0
486,1040,1393,1085,1386,845,0
486,1040,1393,1085,1384,842,0
486,1040,1393,1085,1381,835,0
486,1040,1393,1085,1380,832,0
486,1040,1393,1085,1379,829,0
486,1040,1393,1085,1376,822,0
486,1040,1393,1085,1375,820,0
486,1040,1393,1085,1374,816,0
486,1040,1393,1085,1371,811,0
486,1040,1393,1085,1369,809,0
486,1040,1393,1085,1363,800,0
486,1040,1393,1085,1361,797,0
486,1040,1393,1085,1359,794,0
486,1040,1393,1085,1355,788,0
486,1040,1393,1085,1353,784,0
486,1040,1393,1085,1349,778,0
486,1040,1393,1085,1348,775,0
486,1040,1393,1085,1346,772,0
486,1040,1393,1085,1341,765,0
486,1040,1393,1085,1339,762,0
486,1040,1393,1085,1335,756,0
486,1040,1393,1085,1333,752,0
486,1040,1393,1085,1331,749,0
486,1040,1393,1085,1327,743,0
486,1040,1393,1085,1325,740,0
486,1040,1393,1085,1322,737,0
486,1040,1393,1085,1318,731,0
486,1040,1393,1085,1316,728,0
486,1040,1393,1085,1314,725,0
486,1040,1393,1085,1312,722,0
486,1040,1393,1085,1310,720,0
486,1040,1393,1085,1308,717,0
486,1040,1393,1085,1304,712,0
486,1040,1393,1085,1302,710,0
486,1040,1393,1085,1299,706,0
486,1040,1393,1085,1297,703,0
486,1040,1393,1085,1295,701,0
486,1040,1393,1085,1291,696,0
486,1040,1393,1085,1289,693,0
486,1040,1393,1085,1286,689,0
486,1040,1393,1085,1284,687,0
486,1040,1393,1085,1282,685,0
486,1040,1393,1085,1278,681,0
486,1040,1393,1085,1276,679,0
486,1040,1393,1085,1275,678,0
486,1040,1393,1085,1271,674,0
486,1040,1393,1085,1270,672,0
486,1040,1393,1085,1268,670,0
486,1040,1393,1085,1267,668,0
486,1040,1393,1085,1265,667,0
486,1040,1393,1085,1263,663,0
486,1040,1393,1085,1262,661,0
486,1040,1393,1085,1261,660,0
486,1040,1393,1085,1257,655,0
486,1040,1393,1085,1255,653,0
486,1040,1393,1085,1254,651,0
486,1040,1393,1085,1252,646,0
486,1040,1393,1085,1250,644,0
486,1040,1393,1085,1248,641,0
486,1040,1393,1085,1246,635,0
486,1040,1393,1085,1244,633,0
486,1040,1393,1085,1240,627,0
486,1040,1393,1085,1239,624,0
486,1040,1393,1085,1236,619,0
486,1040,1393,1085,1234,616,0
486,1040,1393,1085,1233,614,0
486,1040,1393,1085,1230,609,0
486,1040,1393,1085,1229,606,0
486,1040,1393,1085,1227,603,0
486,1040,1393,1085,1225,598,0
486,1040,1393,1085,1224,596,0
486,1040,1393,1085,1222,593,0
486,1040,1393,1085,1219,590,0
486,1040,1393,1085,1218,588,0
486,1040,1393,1085,1215,584,0
486,1040,1393,1085,1214,582,0
486,1040,1393,1085,1212,579,0
486,1040,1393,1085,1211,577,0
486,1040,1393,1085,1207,573,0
486,1040,1393,1085,1206,571,0
486,1040,1393,1085,1204,567,0
486,1040,1393,1085,1203,565,0
486,1040,1393,1085,1202,563,0
486,1040,1393,1085,1199,559,0
486,1040,1393,1085,1198,557,0
486,1040,1393,1085,1195,552,0
486,1040,1393,1085,1194,549,0
486,1040,1393,1085,1192,547,0
486,1040,1393,1085,1188,541,0
486,1040,1393,1085,1187,538,0
486,1040,1393,1085,1185,536,0
486,1040,1393,1085,1182,530,0
486,1040,1393,1085,1181,528,0
486,1040,1393,1085,1178,523,0
486,1040,1393,1085,1176,520,0
486,1040,1393,1085,1174,518,0
486,1040,1393,1085,1172,513,0
486,1040,1393,1085,1171,511,0
486,1040,1393,1085,1169,509,0
486,1040,1393,1085,1166,503,0
486,1040,1393,1085,1164,499,0
486,1040,1393,1085,1159,493,0
486,1040,1393,1085,1157,490,0
486,1040,1393,1085,1155,487,0
486,1040,1393,1085,1152,482,0
486,1040,1393,1085,1151,480,0
486,1040,1393,1085,1150,479,0
486,1040,1393,1085,1148,474,0
486,1040,1393,1085,1147,473,0
486,1040,1393,1085,1144,469,0
486,1040,1393,1085,1142,466,0
486,1040,1393,1085,1141,464,0
486,1040,1393,1085,1138,460,0
486,1040,1393,1085,1137,459,0
486,1040,1393,1085,1135,456,0
486,1040,1393,1085,1134,455,0
486,1040,1393,1085,1133,453,0
486,1040,1393,1085,1132,450,0
486,1040,1393,1085,1130,448,0
486,1040,1393,1085,1129,447,0
486,1040,1393,1085,1127,443,0
486,1040,1393,1085,1126,442,0
486,1040,1393,1085,1124,439,0
486,1040,1393,1085,1123,438,0
486,1040,1393,1085,1122,436,0
486,1040,1393,1085,1120,434,0
486,1040,1393,1085,1117,430,0
486,1040,1393,1085,1116,428,0
486,1040,1393,1085,1113,425,0
486,1040,1393,1085,1111,423,0
486,1040,1393,1085,1110,422,0
486,1040,1393,1085,1108,420,0
486,1040,1393,1085,1107,419,0
486,1040,1393,1085,1104,417,0
486,1040,1393,1085,1103,416,0
486,1040,1393,1085,1102,415,0
486,1040,1393,1085,1099,412,0
486,1040,1393,1085,1098,412,0
486,1040,1393,1085,1097,410,0
486,1040,1393,1085,1095,409,0
486,1040,1393,1085,1094,408,0
486,1040,1393,1085,1092,407,0
486,1040,1393,1085,1091,406,0
486,1040,1393,1085,1090,405,0
486,1040,1393,1085,1088,404,0
486,1040,1393,1085,1087,403,0
486,1040,1393,1085,1086,402,0
486,1040,1393,1085,1085,401,0
486,1040,1393,1085,1084,401,0
486,1040,1393,1085,1083,400,0
486,1040,1393,1085,1081,398,0
486,1040,1393,1085,1080,397,0
486,1040,1393,1085,1079,396,0
486,1040,1393,1085,1077,394,0
486,1040,1393,1085,1077,393,0
486,1040,1393,1085,1075,391,0
486,1040,1393,1085,1073,389,0
486,1040,1393,1085,1072,387,0
486,1040,1393,1085,1070,385,0
486,1040,1393,1085,1070,384,0
486,1040,1393,1085,1068,382,0
486,1040,1393,1085,1067,381,0
486,1040,1393,1085,1067,381,0
486,1040,1393,1085,1067,381,0
486,1040,1393,1085,1067,381,0
486,1040,1393,1085,1067,381,0
486,1040,1393,1085,1067,381,0
486,1040,1393,1085,1067,381,0
486,1040,1393,1085,1067,381,0
486,1040,1393,1085,1067,381,0
486,1040,1393,1085,1067,381,0
486,1040,1393,1085,1067,380,0
