486,1040,1393,1085,924,381,0
486,1040,1393,1085,924,381,0
486,1040,1393,1085,924,381,0
486,1040,1393,1085,924,381,0
486,1040,1393,1085,924,381,0
486,1040,1393,1085,924,381,0
486,1040,1393,1085,924,381,0
486,1040,1393,1085,924,381,0
486,1040,1393,1085,924,381,0
486,1040,1393,1085,924,381,0
486,1040,1393,1085,924,381,0
486,1040,1393,1085,924,381,0
486,1040,1393,1085,924,381,0
486,1040,1393,1085,924,381,0
486,1040,1393,1085,924,381,0
486,1040,1393,1085,924,381,0
486,1040,1393,1085,924,381,0
486,1040,1393,1085,924,381,0
486,1040,1393,1085,924,381,0
486,1040,1393,1085,924,381,0
486,1040,1393,1085,924,381,0
486,1040,1393,1085,924,381,0
486,1040,1393,1085,924,381,0
486,1040,1393,1085,924,381,0
486,1040,1393,1085,924,381,0
486,1040,1393,1085,922,383,0
486,1040,1393,1085,918,388,0
486,1040,1393,1085,915,393,0
486,1040,1393,1085,908,402,0
486,1040,1393,1085,906,406,0
486,1040,1393,1085,902,414,0
486,1040,1393,1085,900,418,0
486,1040,1393,1085,899,420,0
486,1040,1393,1085,896,426,0
486,1040,1393,1085,896,427,0
486,1040,1393,1085,895,428,0
486,1040,1393,1085,894,430,0
486,1040,1393,1085,894,430,0
486,1040,1393,1085,893,432,0
486,1040,1393,1085,893,433,0
486,1040,1393,1085,892,434,0
486,1040,1393,1085,890,437,0
486,1040,1393,1085,888,439,0
486,1040,1393,1085,886,442,0
486,1040,1393,1085,880,445,0
486,1040,1393,1085,877,447,0
486,1040,1393,1085,872,450,0
486,1040,1393,1085,870,452,0
486,1040,1393,1085,869,452,0
486,1040,1393,1085,866,454,0
486,1040,1393,1085,864,455,0
486,1040,1393,1085,862,456,0
486,1040,1393,1085,858,458,0
486,1040,1393,1085,856,459,0
486,1040,1393,1085,854,460,0
486,1040,1393,1085,850,463,0
486,1040,1393,1085,849,464,0
486,1040,1393,1085,846,466,0
486,1040,1393,1085,845,467,0
486,1040,1393,1085,844,468,0
486,1040,1393,1085,842,470,0
486,1040,1393,1085,841,470,0
486,1040,1393,1085,839,472,0
486,1040,1393,1085,838,473,0
486,1040,1393,1085,837,473,0
486,1040,1393,1085,835,476,0
486,1040,1393,1085,834,477,0
486,1040,1393,1085,833,478,0
486,1040,1393,1085,831,480,0
486,1040,1393,1085,830,481,0
486,1040,1393,1085,829,482,0
486,1040,1393,1085,825,485,0
486,1040,1393,1085,823,487,0
486,1040,1393,1085,818,491,0
486,1040,1393,1085,816,493,0
486,1040,1393,1085,813,495,0
486,1040,1393,1085,810,499,0
486,1040,1393,1085,808,500,0
486,1040,1393,1085,807,501,0
486,1040,1393,1085,803,505,0
486,1040,1393,1085,801,507,0
486,1040,1393,1085,799,509,0
486,1040,1393,1085,794,515,0
486,1040,1393,1085,791,518,0
486,1040,1393,1085,788,524,0
486,1040,1393,1085,786,526,0
486,1040,1393,1085,785,529,0
486,1040,1393,1085,782,533,0
486,1040,1393,1085,781,534,0
486,1040,1393,1085,779,537,0
486,1040,1393,1085,778,539,0
486,1040,1393,1085,777,541,0
486,1040,1393,1085,776,543,0
486,1040,1393,1085,774,547,0
486,1040,1393,1085,773,549,0
486,1040,1393,1085,770,552,0
486,1040,1393,1085,769,554,0
486,1040,1393,1085,769,555,0
486,1040,1393,1085,768,557,0
486,1040,1393,1085,767,559,0
486,1040,1393,1085,765,562,0
486,1040,1393,1085,764,564,0
486,1040,1393,1085,763,565,0
486,1040,1393,1085,761,569,0
486,1040,1393,1085,760,570,0
486,1040,1393,1085,759,572,0
486,1040,1393,1085,757,576,0
486,1040,1393,1085,756,578,0
486,1040,1393,1085,754,581,0
486,1040,1393,1085,753,583,0
486,1040,1393,1085,750,587,0
486,1040,1393,1085,749,590,0
486,1040,1393,1085,748,592,0
486,1040,1393,1085,745,596,0
486,1040,1393,1085,743,598,0
486,1040,1393,1085,742,601,0
486,1040,1393,1085,740,604,0
486,1040,1393,1085,739,606,0
486,1040,1393,1085,738,609,0
486,1040,1393,1085,735,613,0
486,1040,1393,1085,734,615,0
486,1040,1393,1085,732,617,0
486,1040,1393,1085,728,624,0
486,1040,1393,1085,727,626,0
486,1040,1393,1085,725,629,0
486,1040,1393,1085,723,634,0
486,1040,1393,1085,722,636,0
486,1040,1393,1085,719,640,0
486,1040,1393,1085,718,642,0
486,1040,1393,1085,717,644,0
486,1040,1393,1085,716,647,0
486,1040,1393,1085,715,648,0
486,1040,1393,1085,713,651,0
486,1040,1393,1085,712,653,0
486,1040,1393,1085,710,655,0
486,1040,1393,1085,708,659,0
486,1040,1393,1085,707,661,0
486,1040,1393,1085,706,663,0
486,1040,1393,1085,704,666,0
486,1040,1393,1085,703,668,0
486,1040,1393,1085,700,672,0
486,1040,1393,1085,699,674,0
486,1040,1393,1085,698,675,0
486,1040,1393,1085,696,679,0
486,1040,1393,1085,695,680,0
486,1040,1393,1085,693,682,0
486,1040,1393,1085,691,686,0
486,1040,1393,1085,690,687,0
486,1040,1393,1085,689,689,0
486,1040,1393,1085,686,692,0
486,1040,1393,1085,685,694,0
486,1040,1393,1085,684,695,0
486,1040,1393,1085,681,699,0
486,1040,1393,1085,680,700,0
486,1040,1393,1085,676,704,0
486,1040,1393,1085,674,707,0
486,1040,1393,1085,672,709,0
486,1040,1393,1085,670,713,0
486,1040,1393,1085,669,715,0
486,1040,1393,1085,667,716,0
486,1040,1393,1085,667,718,0
486,1040,1393,1085,666,719,0
486,1040,1393,1085,664,723,0
486,1040,1393,1085,662,725,0
486,1040,1393,1085,660,727,0
486,1040,1393,1085,657,732,0
486,1040,1393,1085,655,734,0
486,1040,1393,1085,654,736,0
486,1040,1393,1085,651,739,0
486,1040,1393,1085,649,741,0
486,1040,1393,1085,647,744,0
486,1040,1393,1085,645,745,0
486,1040,1393,1085,644,747,0
486,1040,1393,1085,641,750,0
486,1040,1393,1085,639,751,0
486,1040,1393,1085,637,753,0
486,1040,1393,1085,634,757,0
486,1040,1393,1085,632,759,0
486,1040,1393,1085,630,761,0
486,1040,1393,1085,628,765,0
486,1040,1393,1085,626,767,0
486,1040,1393,1085,622,771,0
486,1040,1393,1085,620,773,0
486,1040,1393,1085,618,776,0
486,1040,1393,1085,614,781,0
486,1040,1393,1085,612,783,0
486,1040,1393,1085,610,785,0
486,1040,1393,1085,606,789,0
486,1040,1393,1085,606,790,0
486,1040,1393,1085,605,791,0
486,1040,1393,1085,603,794,0
486,1040,1393,1085,602,795,0
486,1040,1393,1085,600,798,0
486,1040,1393,1085,598,799,0
486,1040,1393,1085,597,800,0
486,1040,1393,1085,594,803,0
486,1040,1393,1085,593,804,0
486,1040,1393,1085,592,806,0
486,1040,1393,1085,589,810,0
486,1040,1393,1085,587,811,0
486,1040,1393,1085,586,813,0
486,1040,1393,1085,584,817,0
486,1040,1393,1085,582,818,0
486,1040,1393,1085,580,821,0
486,1040,1393,1085,579,823,0
486,1040,1393,1085,577,824,0
486,1040,1393,1085,574,828,0
486,1040,1393,1085,572,829,0
486,1040,1393,1085,570,830,0
486,1040,1393,1085,566,833,0
486,1040,1393,1085,565,834,0
486,1040,1393,1085,562,835,0
486,1040,1393,1085,557,839,0
486,1040,1393,1085,554,841,0
486,1040,1393,1085,552,843,0
486,1040,1393,1085,547,847,0
486,1040,1393,1085,544,849,0
486,1040,1393,1085,540,853,0
486,1040,1393,1085,538,854,0
486,1040,1393,1085,536,856,0
486,1040,1393,1085,535,858,0
486,1040,1393,1085,532,860,0
486,1040,1393,1085,530,862,0
486,1040,1393,1085,528,866,0
486,1040,1393,1085,526,868,0
486,1040,1393,1085,525,869,0
486,1040,1393,1085,521,872,0
486,1040,1393,1085,520,873,0
486,1040,1393,1085,517,876,0
486,1040,1393,1085,515,878,0
486,1040,1393,1085,513,879,0
486,1040,1393,1085,509,882,0
486,1040,1393,1085,507,883,0
486,1040,1393,1085,505,885,0
486,1040,1393,1085,502,887,0
486,1040,1393,1085,500,888,0
486,1040,1393,1085,498,890,0
486,1040,1393,1085,497,891,0
486,1040,1393,1085,495,892,0
486,1040,1393,1085,492,895,0
486,1040,1393,1085,490,896,0
486,1040,1393,1085,488,897,0
486,1040,1393,1085,483,901,0
486,1040,1393,1085,481,903,0
486,1040,1393,1085,477,906,0
486,1040,1393,1085,476,906,0
486,1040,1393,1085,475,907,0
486,1040,1393,1085,473,909,0
486,1040,1393,1085,473,909,0
486,1040,1393,1085,471,910,0
486,1040,1393,1085,470,911,0
486,1040,1393,1085,469,912,0
486,1040,1393,1085,468,913,0
486,1040,1393,1085,467,915,0
486,1040,1393,1085,466,916,0
486,1040,1393,1085,465,917,0
486,1040,1393,1085,463,919,0
486,1040,1393,1085,463,920,0
486,1040,1393,1085,462,921,0
486,1040,1393,1085,461,923,0
486,1040,1393,1085,460,924,0
486,1040,1393,1085,459,925,0
486,1040,1393,1085,457,928,0
486,1040,1393,1085,457,929,0
486,1040,1393,1085,454,932,0
486,1040,1393,1085,453,934,0
486,1040,1393,1085,452,935,0
486,1040,1393,1085,449,938,0
486,1040,1393,1085,448,940,0
486,1040,1393,1085,445,943,0
486,1040,1393,1085,444,945,0
486,1040,1393,1085,443,946,0
486,1040,1393,1085,442,948,0
486,1040,1393,1085,440,951,0
486,1040,1393,1085,440,952,0
486,1040,1393,1085,439,953,0
486,1040,1393,1085,438,954,0
486,1040,1393,1085,438,955,0
486,1040,1393,1085,437,955,0
486,1040,1393,1085,437,956,0
486,1040,1393,1085,436,957,0
486,1040,1393,1085,435,958,0
486,1040,1393,1085,435,959,0
486,1040,1393,1085,434,959,0
486,1040,1393,1085,434,961,0
486,1040,1393,1085,433,961,0
486,1040,1393,1085,432,962,0
486,1040,1393,1085,431,963,0
486,1040,1393,1085,431,964,0
486,1040,1393,1085,431,964,0
486,1040,1393,1085,431,965,0
486,1040,1393,1085,430,965,0
486,1040,1393,1085,430,966,0
486,1040,1393,1085,429,967,0
486,1040,1393,1085,428,968,0
486,1040,1393,1085,427,969,0
486,1040,1393,1085,427,970,0
486,1040,1393,1085,425,972,0
486,1040,1393,1085,424,972,0
486,1040,1393,1085,424,973,0
486,1040,1393,1085,423,974,0
486,1040,1393,1085,422,975,0
486,1040,1393,1085,422,975,0
486,1040,1393,1085,422,975,0
486,1040,1393,1085,422,975,0
486,1040,1393,1085,422,975,0
486,1040,1393,1085,422,975,0
486,1040,1393,1085,422,975,0
486,1040,1393,1085,422,975,0
486,1040,1393,1085,421,976,0
486,1040,1393,1085,421,976,0
486,1040,1393,1085,421,977,0
486,1040,1393,1085,420,978,0
486,1040,1393,1085,420,978,0
486,1040,1393,1085,420,978,0
486,1040,1393,1085,420,978,0
486,1040,1393,1085,420,978,0
486,1040,1393,1085,420,978,0
486,1040,1393,1085,420,978,0
486,1040,1393,1085,420,978,0
486,1040,1393,1085,420,978,0
486,1040,1393,1085,420,978,0
486,1040,1393,1085,420,978,0
486,1040,1393,1085,420,978,0
486,1040,1393,1085,420,978,0
486,1040,1393,1085,420,978,0
486,1040,1393,1085,420,978,0
486,1040,1393,1085,420,978,0
486,1040,1393,1085,420,978,0
486,1040,1393,1085,420,978,0
486,1040,1393,1085,420,978,0
486,1040,1393,1085,420,978,1
486,1040,1393,1085,420,978,1
486,1040,1393,1085,420,978,1
486,1040,1393,1085,420,978,1
486,1040,1393,1085,420,978,1
486,1040,1393,1085,420,978,1
486,1040,1393,1085,420,978,1
486,1040,1393,1085,420,978,1
486,1040,1393,1085,420,978,1
486,1040,1393,1085,420,978,1
486,1040,1393,1085,420,978,1
486,1040,1393,1085,420,978,1
486,1040,1393,1085,420,978,1
486,1040,1393,1085,420,978,1
486,1040,1393,1085,420,978,1
486,1040,1393,1085,420,978,1
486,1040,1393,1085,420,978,1
486,1040,1393,1085,420,978,1
486,1040,1393,1085,420,978,1
486,1040,1393,1085,420,978,1
486,1040,1393,1085,420,978,1
486,1040,1393,1085,420,978,1
486,1040,1393,1085,421,978,1
486,1040,1393,1085,424,978,1
486,1040,1393,1085,434,979,1
486,1040,1393,1085,440,980,1
486,1040,1393,1085,445,980,1
486,1040,1393,1085,456,981,1
486,1040,1393,1085,460,982,1
486,1040,1393,1085,468,982,1
486,1040,1393,1085,472,982,1
486,1040,1393,1085,477,982,1
486,1040,1393,1085,486,983,1
486,1040,1393,1085,493,984,1
486,1040,1393,1085,499,985,1
486,1040,1393,1085,512,985,1
486,1040,1393,1085,516,986,1
486,1040,1393,1085,519,986,1
486,1040,1393,1085,524,987,1
486,1040,1393,1085,526,988,1
486,1040,1393,1085,530,988,1
486,1040,1393,1085,535,990,1
486,1040,1393,1085,537,990,1
486,1040,1393,1085,538,990,1
486,1040,1393,1085,541,991,1
486,1040,1393,1085,544,991,1
486,1040,1393,1085,546,991,1
486,1040,1393,1085,548,992,1
486,1040,1393,1085,553,992,1
486,1040,1393,1085,555,992,1
486,1040,1393,1085,559,993,1
486,1040,1393,1085,561,993,1
486,1040,1393,1085,563,993,1
486,1040,1393,1085,566,994,1
486,1040,1393,1085,568,994,1
486,1040,1393,1085,570,994,1
486,1040,1393,1085,575,995,1
486,1040,1393,1085,577,996,1
486,1040,1393,1085,579,996,1
486,1040,1393,1085,582,997,1
486,1040,1393,1085,584,997,1
486,1040,1393,1085,588,997,1
486,1040,1393,1085,590,998,1
486,1040,1393,1085,593,998,1
486,1040,1393,1085,597,999,1
486,1040,1393,1085,599,999,1
486,1040,1393,1085,601,999,1
486,1040,1393,1085,605,1000,1
486,1040,1393,1085,607,1001,1
486,1040,1393,1085,611,1002,1
486,1040,1393,1085,613,1002,1
486,1040,1393,1085,614,1003,1
486,1040,1393,1085,616,1003,1
486,1040,1393,1085,619,1005,1
486,1040,1393,1085,620,1005,1
486,1040,1393,1085,623,1007,1
486,1040,1393,1085,625,1008,1
486,1040,1393,1085,626,1008,1
486,1040,1393,1085,629,1010,1
486,1040,1393,1085,630,1010,1
486,1040,1393,1085,631,1011,1
486,1040,1393,1085,633,1012,1
486,1040,1393,1085,635,1013,1
486,1040,1393,1085,639,1015,1
486,1040,1393,1085,641,1016,1
486,1040,1393,1085,643,1017,1
486,1040,1393,1085,646,1019,1
486,1040,1393,1085,647,1020,1
486,1040,1393,1085,648,1020,1
486,1040,1393,1085,651,1022,1
486,1040,1393,1085,652,1023,1
486,1040,1393,1085,656,1025,1
486,1040,1393,1085,659,1026,1
486,1040,1393,1085,661,1027,1
486,1040,1393,1085,668,1030,1
486,1040,1393,1085,671,1032,1
486,1040,1393,1085,675,1033,1
486,1040,1393,1085,683,1036,1
486,1040,1393,1085,686,1037,1
486,1040,1393,1085,690,1039,1
486,1040,1393,1085,697,1042,1
486,1040,1393,1085,700,1044,1
486,1040,1393,1085,707,1046,1
486,1040,1393,1085,711,1047,1
486,1040,1393,1085,714,1048,1
486,1040,1393,1085,722,1050,1
486,1040,1393,1085,727,1052,1
486,1040,1393,1085,731,1053,1
486,1040,1393,1085,741,1054,1
486,1040,1393,1085,746,1056,1
486,1040,1393,1085,751,1056,1
486,1040,1393,1085,761,1059,1
486,1040,1393,1085,765,1060,1
486,1040,1393,1085,772,1062,1
486,1040,1393,1085,781,1066,1
486,1040,1393,1085,786,1067,1
486,1040,1393,1085,793,1069,1
486,1040,1393,1085,796,1070,1
486,1040,1393,1085,800,1071,1
486,1040,1393,1085,807,1074,1
486,1040,1393,1085,809,1074,1
486,1040,1393,1085,813,1076,1
486,1040,1393,1085,816,1076,1
486,1040,1393,1085,819,1077,1
486,1040,1393,1085,824,1079,1
486,1040,1393,1085,827,1080,1
486,1040,1393,1085,830,1081,1
486,1040,1393,1085,835,1082,1
486,1040,1393,1085,837,1083,1
486,1040,1393,1085,840,1084,1
486,1040,1393,1085,845,1085,1
486,1040,1393,1085,847,1086,1
486,1040,1393,1085,849,1086,1
486,1040,1393,1085,852,1087,1
486,1040,1393,1085,853,1088,1
486,1040,1393,1085,855,1088,1
486,1040,1393,1085,857,1089,1
486,1040,1393,1085,859,1090,1
486,1040,1393,1085,864,1092,1
486,1040,1393,1085,866,1093,1
486,1040,1393,1085,869,1094,1
486,1040,1393,1085,873,1096,1
486,1040,1393,1085,876,1096,1
486,1040,1393,1085,880,1097,1
486,1040,1393,1085,888,1099,1
486,1040,1393,1085,894,1101,1
486,1040,1393,1085,903,1104,1
486,1040,1393,1085,907,1105,1
486,1040,1393,1085,913,1106,1
486,1040,1393,1085,917,1106,1
486,1040,1393,1085,927,1109,1
486,1040,1393,1085,931,1110,1
486,1040,1393,1085,937,1111,1
486,1040,1393,1085,950,1115,1
486,1040,1393,1085,957,1116,1
486,1040,1393,1085,972,1120,1
486,1040,1393,1085,977,1121,1
486,1040,1393,1085,982,1121,1
486,1040,1393,1085,990,1124,1
486,1040,1393,1085,994,1124,1
486,1040,1393,1085,996,1125,1
486,1040,1393,1085,1001,1126,1
486,1040,1393,1085,1003,1127,1
486,1040,1393,1085,1008,1128,1
486,1040,1393,1085,1011,1128,1
486,1040,1393,1085,1014,1129,1
486,1040,1393,1085,1019,1131,1
486,1040,1393,1085,1021,1131,1
486,1040,1393,1085,1024,1132,1
486,1040,1393,1085,1032,1134,1
486,1040,1393,1085,1036,1135,1
486,1040,1393,1085,1044,1136,1
486,1040,1393,1085,1048,1138,1
486,1040,1393,1085,1051,1139,1
486,1040,1393,1085,1053,1140,1
486,1040,1393,1085,1057,1141,1
486,1040,1393,1085,1060,1142,1
486,1040,1393,1085,1065,1144,1
486,1040,1393,1085,1068,1145,1
486,1040,1393,1085,1072,1146,1
486,1040,1393,1085,1080,1149,1
486,1040,1393,1085,1084,1150,1
486,1040,1393,1085,1087,1151,1
486,1040,1393,1085,1095,1153,1
486,1040,1393,1085,1099,1153,1
486,1040,1393,1085,1103,1154,1
486,1040,1393,1085,1112,1155,1
486,1040,1393,1085,1117,1155,1
486,1040,1393,1085,1125,1155,1
486,1040,1393,1085,1128,1155,1
486,1040,1393,1085,1130,1156,1
486,1040,1393,1085,1133,1156,1
486,1040,1393,1085,1136,1157,1
486,1040,1393,1085,1138,1157,1
486,1040,1393,1085,1145,1158,1
486,1040,1393,1085,1149,1159,1
486,1040,1393,1085,1158,1161,1
486,1040,1393,1085,1162,1161,1
486,1040,1393,1085,1165,1162,1
486,1040,1393,1085,1169,1163,1
486,1040,1393,1085,1174,1164,1
486,1040,1393,1085,1176,1164,1
486,1040,1393,1085,1180,1165,1
486,1040,1393,1085,1183,1165,1
486,1040,1393,1085,1186,1165,1
486,1040,1393,1085,1190,1167,1
486,1040,1393,1085,1193,1168,1
486,1040,1393,1085,1195,1168,1
486,1040,1393,1085,1201,1170,1
486,1040,1393,1085,1204,1170,1
486,1040,1393,1085,1208,1171,1
486,1040,1393,1085,1215,1172,1
486,1040,1393,1085,1219,1173,1
486,1040,1393,1085,1226,1174,1
486,1040,1393,1085,1229,1174,1
486,1040,1393,1085,1231,1175,1
486,1040,1393,1085,1238,1176,1
486,1040,1393,1085,1241,1176,1
486,1040,1393,1085,1244,1177,1
486,1040,1393,1085,1250,1178,1
486,1040,1393,1085,1253,1178,1
486,1040,1393,1085,1256,1178,1
486,1040,1393,1085,1261,1179,1
486,1040,1393,1085,1263,1179,1
486,1040,1393,1085,1268,1180,1
486,1040,1393,1085,1272,1181,1
486,1040,1393,1085,1276,1181,1
486,1040,1393,1085,1286,1184,1
486,1040,1393,1085,1292,1185,1
486,1040,1393,1085,1296,1186,1
486,1040,1393,1085,1307,1188,1
486,1040,1393,1085,1310,1189,1
486,1040,1393,1085,1313,1189,1
486,1040,1393,1085,1318,1190,1
486,1040,1393,1085,1321,1190,1
486,1040,1393,1085,1326,1190,1
486,1040,1393,1085,1329,1190,1
486,1040,1393,1085,1331,1190,1
486,1040,1393,1085,1335,1190,1
486,1040,1393,1085,1336,1190,1
486,1040,1393,1085,1339,1190,1
486,1040,1393,1085,1345,1190,1
486,1040,1393,1085,1349,1190,1
486,1040,1393,1085,1351,1190,1
486,1040,1393,1085,1355,1190,1
486,1040,1393,1085,1357,1190,1
486,1040,1393,1085,1360,1189,1
486,1040,1393,1085,1362,1189,1
486,1040,1393,1085,1365,1189,1
486,1040,1393,1085,1371,1189,1
486,1040,1393,1085,1374,1189,1
486,1040,1393,1085,1377,1189,1
486,1040,1393,1085,1383,1189,1
486,1040,1393,1085,1386,1189,1
486,1040,1393,1085,1388,1189,1
486,1040,1393,1085,1392,1189,1
486,1040,1393,1085,1394,1189,1
486,1040,1393,1085,1394,1189,1
486,1040,1393,1085,1396,1189,1
486,1040,1393,1085,1396,1189,1
486,1040,1393,1085,1400,1189,1
486,1040,1393,1085,1402,1189,1
486,1040,1393,1085,1405,1189,1
486,1040,1393,1085,1410,1189,1
486,1040,1393,1085,1412,1189,1
486,1040,1393,1085,1414,1189,1
486,1040,1393,1085,1417,1189,1
486,1040,1393,1085,1418,1189,1
486,1040,1393,1085,1420,1189,1
486,1040,1393,1085,1421,1189,1
486,1040,1393,1085,1422,1189,1
486,1040,1393,1085,1424,1189,1
486,1040,1393,1085,1425,1189,1
486,1040,1393,1085,1426,1189,1
486,1040,1393,1085,1427,1188,1
486,1040,1393,1085,1428,1188,1
486,1040,1393,1085,1429,1188,1
486,1040,1393,1085,1432,1188,1
486,1040,1393,1085,1433,1188,1
486,1040,1393,1085,1436,1188,1
486,1040,1393,1085,1437,1187,1
486,1040,1393,1085,1438,1187,1
486,1040,1393,1085,1440,1187,1
486,1040,1393,1085,1441,1187,1
486,1040,1393,1085,1443,1187,1
486,1040,1393,1085,1446,1187,1
486,1040,1393,1085,1447,1187,1
486,1040,1393,1085,1448,1187,1
486,1040,1393,1085,1448,1187,1
486,1040,1393,1085,1448,1187,1
486,1040,1393,1085,1450,1187,1
486,1040,1393,1085,1451,1187,1
486,1040,1393,1085,1452,1187,1
486,1040,1393,1085,1454,1187,1
486,1040,1393,1085,1455,1187,1
486,1040,1393,1085,1457,1187,1
486,1040,1393,1085,1458,1187,1
486,1040,1393,1085,1458,1187,1
486,1040,1393,1085,1458,1187,1
486,1040,1393,1085,1458,1187,1
486,1040,1393,1085,1458,1187,1
486,1040,1393,1085,1458,1187,1
486,1040,1393,1085,1458,1187,1
486,1040,1393,1085,1458,1187,1
486,1040,1393,1085,1458,1187,1
486,1040,1393,1085,1458,1186,1
486,1040,1393,1085,1458,1186,1
486,1040,1393,1085,1458,1186,0
486,1040,1393,1085,1458,1186,0
486,1040,1393,1085,1458,1186,0
486,1040,1393,1085,1458,1186,0
486,1040,1393,1085,1458,1186,0
486,1040,1393,1085,1458,1186,0
486,1040,1393,1085,1458,1186,0
486,1040,1393,1085,1458,1186,0
486,1040,1393,1085,1458,1186,0
486,1040,1393,1085,1458,1186,0
486,1040,1393,1085,1458,1186,0
486,1040,1393,1085,1458,1186,0
486,1040,1393,1085,1458,1186,0
486,1040,1393,1085,1458,1186,0
486,1040,1393,1085,1458,1186,0
486,1040,1393,1085,1458,1186,0
486,1040,1393,1085,1458,1186,0
486,1040,1393,1085,1458,1186,0
486,1040,1393,1085,1458,1186,0
486,1040,1393,1085,1458,1186,0
486,1040,1393,1085,1458,1186,0
486,1040,1393,1085,1458,1186,0
486,1040,1393,1085,1458,1186,0
486,1040,1393,1085,1458,1186,0
486,1040,1393,1085,1458,1186,0
486,1040,1393,1085,1457,1180,0
486,1040,1393,1085,1456,1177,0
486,1040,1393,1085,1456,1174,0
486,1040,1393,1085,1454,1169,0
486,1040,1393,1085,1453,1166,0
486,1040,1393,1085,1452,1161,0
486,1040,1393,1085,1451,1158,0
486,1040,1393,1085,1450,1156,0
486,1040,1393,1085,1449,1152,0
486,1040,1393,1085,1449,1150,0
486,1040,1393,1085,1449,1148,0
486,1040,1393,1085,1447,1143,0
486,1040,1393,1085,1445,1140,0
486,1040,1393,1085,1444,1137,0
486,1040,1393,1085,1443,1134,0
486,1040,1393,1085,1442,1133,0
486,1040,1393,1085,1441,1130,0
486,1040,1393,1085,1440,1129,0
486,1040,1393,1085,1439,1128,0
486,1040,1393,1085,1437,1125,0
486,1040,1393,1085,1436,1124,0
486,1040,1393,1085,1435,1122,0
486,1040,1393,1085,1433,1119,0
486,1040,1393,1085,1432,1117,0
486,1040,1393,1085,1430,1115,0
486,1040,1393,1085,1429,1111,0
486,1040,1393,1085,1428,1109,0
486,1040,1393,1085,1426,1104,0
486,1040,1393,1085,1425,1102,0
486,1040,1393,1085,1424,1099,0
486,1040,1393,1085,1422,1094,0
486,1040,1393,1085,1421,1091,0
486,1040,1393,1085,1418,1085,0
486,1040,1393,1085,1417,1082,0
486,1040,1393,1085,1415,1078,0
486,1040,1393,1085,1411,1071,0
486,1040,1393,1085,1409,1068,0
486,1040,1393,1085,1406,1064,0
486,1040,1393,1085,1403,1058,0
486,1040,1393,1085,1402,1056,0
486,1040,1393,1085,1400,1052,0
486,1040,1393,1085,1399,1051,0
486,1040,1393,1085,1397,1048,0
486,1040,1393,1085,1394,1043,0
486,1040,1393,1085,1393,1040,0
486,1040,1393,1085,1391,1037,0
486,1040,1393,1085,1389,1029,0
486,1040,1393,1085,1387,1025,0
486,1040,1393,1085,1386,1022,0
486,1040,1393,1085,1384,1015,0
486,1040,1393,1085,1383,1012,0
486,1040,1393,1085,1382,1009,0
486,1040,1393,1085,1380,1004,0
486,1040,1393,1085,1380,1001,0
486,1040,1393,1085,1379,998,0
486,1040,1393,1085,1378,994,0
486,1040,1393,1085,1377,990,0
486,1040,1393,1085,1375,983,0
486,1040,1393,1085,1374,979,0
486,1040,1393,1085,1374,976,0
486,1040,1393,1085,1373,969,0
486,1040,1393,1085,1373,966,0
486,1040,1393,1085,1370,959,0
486,1040,1393,1085,1369,955,0
486,1040,1393,1085,1368,951,0
486,1040,1393,1085,1363,942,0
486,1040,1393,1085,1361,938,0
486,1040,1393,1085,1359,934,0
486,1040,1393,1085,1352,921,0
486,1040,1393,1085,1350,916,0
486,1040,1393,1085,1346,910,0
486,1040,1393,1085,1340,898,0
486,1040,1393,1085,1338,892,0
486,1040,1393,1085,1332,882,0
486,1040,1393,1085,1329,877,0
486,1040,1393,1085,1327,873,0
486,1040,1393,1085,1324,868,0
486,1040,1393,1085,1319,859,0
486,1040,1393,1085,1318,857,0
486,1040,1393,1085,1312,849,0
486,1040,1393,1085,1310,845,0
486,1040,1393,1085,1307,842,0
486,1040,1393,1085,1304,836,0
486,1040,1393,1085,1302,833,0
486,1040,1393,1085,1300,831,0
486,1040,1393,1085,1297,826,0
486,1040,1393,1085,1295,823,0
486,1040,1393,1085,1292,818,0
486,1040,1393,1085,1289,814,0
486,1040,1393,1085,1287,811,0
486,1040,1393,1085,1281,804,0
486,1040,1393,1085,1279,799,0
486,1040,1393,1085,1276,795,0
486,1040,1393,1085,1272,786,0
486,1040,1393,1085,1271,783,0
486,1040,1393,1085,1267,777,0
486,1040,1393,1085,1266,774,0
486,1040,1393,1085,1265,771,0
486,1040,1393,1085,1261,762,0
486,1040,1393,1085,1260,759,0
486,1040,1393,1085,1257,755,0
486,1040,1393,1085,1256,751,0
486,1040,1393,1085,1253,744,0
486,1040,1393,1085,1252,740,0
486,1040,1393,1085,1251,737,0
486,1040,1393,1085,1249,730,0
486,1040,1393,1085,1247,724,0
486,1040,1393,1085,1246,722,0
486,1040,1393,1085,1245,719,0
486,1040,1393,1085,1244,713,0
486,1040,1393,1085,1242,711,0
486,1040,1393,1085,1241,709,0
486,1040,1393,1085,1239,704,0
486,1040,1393,1085,1239,702,0
486,1040,1393,1085,1238,700,0
486,1040,1393,1085,1235,694,0
486,1040,1393,1085,1234,692,0
486,1040,1393,1085,1232,687,0
486,1040,1393,1085,1231,685,0
486,1040,1393,1085,1230,682,0
486,1040,1393,1085,1228,678,0
486,1040,1393,1085,1227,675,0
486,1040,1393,1085,1226,674,0
486,1040,1393,1085,1224,670,0
486,1040,1393,1085,1224,667,0
486,1040,1393,1085,1223,665,0
486,1040,1393,1085,1220,660,0
486,1040,1393,1085,1219,657,0
486,1040,1393,1085,1218,654,0
486,1040,1393,1085,1215,647,0
486,1040,1393,1085,1213,644,0
486,1040,1393,1085,1209,636,0
486,1040,1393,1085,1205,633,0
486,1040,1393,1085,1203,629,0
486,1040,1393,1085,1198,621,0
486,1040,1393,1085,1195,617,0
486,1040,1393,1085,1193,612,0
486,1040,1393,1085,1188,605,0
486,1040,1393,1085,1187,601,0
486,1040,1393,1085,1186,598,0
486,1040,1393,1085,1183,591,0
486,1040,1393,1085,1181,588,0
486,1040,1393,1085,1178,583,0
486,1040,1393,1085,1177,579,0
486,1040,1393,1085,1175,576,0
486,1040,1393,1085,1171,569,0
486,1040,1393,1085,1170,567,0
486,1040,1393,1085,1168,564,0
486,1040,1393,1085,1165,557,0
486,1040,1393,1085,1163,554,0
486,1040,1393,1085,1162,551,0
486,1040,1393,1085,1157,545,0
486,1040,1393,1085,1155,542,0
486,1040,1393,1085,1152,536,0
486,1040,1393,1085,1150,534,0
486,1040,1393,1085,1149,532,0
486,1040,1393,1085,1147,528,0
486,1040,1393,1085,1146,525,0
486,1040,1393,1085,1145,523,0
486,1040,1393,1085,1142,517,0
486,1040,1393,1085,1140,515,0
486,1040,1393,1085,1137,510,0
486,1040,1393,1085,1136,507,0
486,1040,1393,1085,1135,505,0
486,1040,1393,1085,1132,500,0
486,1040,1393,1085,1131,498,0
486,1040,1393,1085,1130,495,0
486,1040,1393,1085,1127,490,0
486,1040,1393,1085,1126,488,0
486,1040,1393,1085,1124,486,0
486,1040,1393,1085,1121,481,0
486,1040,1393,1085,1120,479,0
486,1040,1393,1085,1117,475,0
486,1040,1393,1085,1115,474,0
486,1040,1393,1085,1114,473,0
486,1040,1393,1085,1111,471,0
486,1040,1393,1085,1110,470,0
486,1040,1393,1085,1109,468,0
486,1040,1393,1085,1105,465,0
486,1040,1393,1085,1103,464,0
486,1040,1393,1085,1101,462,0
486,1040,1393,1085,1097,458,0
486,1040,1393,1085,1096,455,0
486,1040,1393,1085,1092,450,0
486,1040,1393,1085,1091,446,0
486,1040,1393,1085,1088,443,0
486,1040,1393,1085,1087,440,0
486,1040,1393,1085,1085,436,0
486,1040,1393,1085,1084,434,0
486,1040,1393,1085,1083,433,0
486,1040,1393,1085,1081,430,0
486,1040,1393,1085,1080,428,0
486,1040,1393,1085,1080,425,0
486,1040,1393,1085,1077,421,0
486,1040,1393,1085,1076,419,0
486,1040,1393,1085,1075,417,0
486,1040,1393,1085,1075,416,0
486,1040,1393,1085,1075,414,0
486,1040,1393,1085,1074,413,0
486,1040,1393,1085,1074,412,0
486,1040,1393,1085,1073,410,0
486,1040,1393,1085,1073,408,0
486,1040,1393,1085,1072,407,0
486,1040,1393,1085,1072,406,0
486,1040,1393,1085,1071,403,0
486,1040,1393,1085,1071,401,0
486,1040,1393,1085,1071,400,0
486,1040,1393,1085,1071,399,0
486,1040,1393,1085,1071,398,0
486,1040,1393,1085,1071,396,0
486,1040,1393,1085,1070,394,0
486,1040,1393,1085,1070,392,0
486,1040,1393,1085,1068,386,0
486,1040,1393,1085,1068,384,0
486,1040,1393,1085,1067,383,0
486,1040,1393,1085,1067,382,0
486,1040,1393,1085,1067,381,0
486,1040,1393,1085,1067,380,0
486,1040,1393,1085,1067,379,0
486,1040,1393,1085,1066,379,0
486,1040,1393,1085,1066,376,0
486,1040,1393,1085,1066,375,0
486,1040,1393,1085,1065,374,0
486,1040,1393,1085,1065,373,0
486,1040,1393,1085,1065,373,0
486,1040,1393,1085,1065,373,0
486,1040,1393,1085,1065,373,0
486,1040,1393,1085,1065,372,0
486,1040,1393,1085,1065,372,0
486,1040,1393,1085,1065,372,0
486,1040,1393,1085,1065,372,0
486,1040,1393,1085,1065,372,0
486,1040,1393,1085,1065,372,0
486,1040,1393,1085,1065,372,0
