486,1040,1393,1085,903,375,0
486,1040,1393,1085,903,375,0
486,1040,1393,1085,903,375,0
486,1040,1393,1085,903,375,0
486,1040,1393,1085,903,375,0
486,1040,1393,1085,903,375,0
486,1040,1393,1085,903,375,0
486,1040,1393,1085,903,375,0
486,1040,1393,1085,903,375,0
486,1040,1393,1085,903,375,0
486,1040,1393,1085,903,375,0
486,1040,1393,1085,903,375,0
486,1040,1393,1085,903,375,0
486,1040,1393,1085,903,376,0
486,1040,1393,1085,903,376,0
486,1040,1393,1085,903,376,0
486,1040,1393,1085,903,376,0
486,1040,1393,1085,903,376,0
486,1040,1393,1085,903,376,0
486,1040,1393,1085,903,376,0
486,1040,1393,1085,903,376,0
486,1040,1393,1085,903,376,0
486,1040,1393,1085,903,376,0
486,1040,1393,1085,902,376,0
486,1040,1393,1085,901,376,0
486,1040,1393,1085,896,381,0
486,1040,1393,1085,893,383,0
486,1040,1393,1085,890,386,0
486,1040,1393,1085,883,392,0
486,1040,1393,1085,881,394,0
486,1040,1393,1085,878,397,0
486,1040,1393,1085,874,402,0
486,1040,1393,1085,874,403,0
486,1040,1393,1085,873,404,0
486,1040,1393,1085,871,406,0
486,1040,1393,1085,870,408,0
486,1040,1393,1085,865,412,0
486,1040,1393,1085,862,416,0
486,1040,1393,1085,859,418,0
486,1040,1393,1085,853,424,0
486,1040,1393,1085,851,426,0
486,1040,1393,1085,848,431,0
486,1040,1393,1085,846,433,0
486,1040,1393,1085,843,436,0
486,1040,1393,1085,842,438,0
486,1040,1393,1085,838,441,0
486,1040,1393,1085,836,443,0
486,1040,1393,1085,833,446,0
486,1040,1393,1085,831,448,0
486,1040,1393,1085,829,451,0
486,1040,1393,1085,828,453,0
486,1040,1393,1085,825,455,0
486,1040,1393,1085,823,457,0
486,1040,1393,1085,819,461,0
486,1040,1393,1085,818,463,0
486,1040,1393,1085,814,466,0
486,1040,1393,1085,811,470,0
486,1040,1393,1085,810,471,0
486,1040,1393,1085,805,475,0
486,1040,1393,1085,803,478,0
486,1040,1393,1085,802,479,0
486,1040,1393,1085,800,483,0
486,1040,1393,1085,798,485,0
486,1040,1393,1085,796,488,0
486,1040,1393,1085,792,492,0
486,1040,1393,1085,790,493,0
486,1040,1393,1085,787,498,0
486,1040,1393,1085,785,500,0
486,1040,1393,1085,783,503,0
486,1040,1393,1085,781,505,0
486,1040,1393,1085,778,508,0
486,1040,1393,1085,775,511,0
486,1040,1393,1085,773,513,0
486,1040,1393,1085,769,516,0
486,1040,1393,1085,768,518,0
486,1040,1393,1085,766,521,0
486,1040,1393,1085,764,523,0
486,1040,1393,1085,763,525,0
486,1040,1393,1085,760,529,0
486,1040,1393,1085,757,533,0
486,1040,1393,1085,756,534,0
486,1040,1393,1085,754,537,0
486,1040,1393,1085,750,542,0
486,1040,1393,1085,748,543,0
486,1040,1393,1085,746,547,0
486,1040,1393,1085,745,548,0
486,1040,1393,1085,743,551,0
486,1040,1393,1085,742,552,0
486,1040,1393,1085,740,555,0
486,1040,1393,1085,739,556,0
486,1040,1393,1085,737,559,0
486,1040,1393,1085,736,561,0
486,1040,1393,1085,733,564,0
486,1040,1393,1085,732,566,0
486,1040,1393,1085,728,570,0
486,1040,1393,1085,727,572,0
486,1040,1393,1085,725,574,0
486,1040,1393,1085,723,577,0
486,1040,1393,1085,722,578,0
486,1040,1393,1085,720,582,0
486,1040,1393,1085,718,584,0
486,1040,1393,1085,715,588,0
486,1040,1393,1085,713,590,0
486,1040,1393,1085,709,594,0
486,1040,1393,1085,707,596,0
486,1040,1393,1085,704,599,0
486,1040,1393,1085,703,600,0
486,1040,1393,1085,699,604,0
486,1040,1393,1085,697,606,0
486,1040,1393,1085,693,609,0
486,1040,1393,1085,689,613,0
486,1040,1393,1085,687,615,0
486,1040,1393,1085,683,619,0
486,1040,1393,1085,681,621,0
486,1040,1393,1085,677,624,0
486,1040,1393,1085,675,626,0
486,1040,1393,1085,670,631,0
486,1040,1393,1085,668,633,0
486,1040,1393,1085,666,635,0
486,1040,1393,1085,662,639,0
486,1040,1393,1085,660,641,0
486,1040,1393,1085,658,643,0
486,1040,1393,1085,654,648,0
486,1040,1393,1085,652,649,0
486,1040,1393,1085,649,652,0
486,1040,1393,1085,648,654,0
486,1040,1393,1085,646,658,0
486,1040,1393,1085,645,659,0
486,1040,1393,1085,644,661,0
486,1040,1393,1085,642,663,0
486,1040,1393,1085,640,666,0
486,1040,1393,1085,640,666,0
486,1040,1393,1085,638,670,0
486,1040,1393,1085,636,672,0
486,1040,1393,1085,634,676,0
486,1040,1393,1085,632,678,0
486,1040,1393,1085,631,680,0
486,1040,1393,1085,628,684,0
486,1040,1393,1085,626,686,0
486,1040,1393,1085,623,690,0
486,1040,1393,1085,622,692,0
486,1040,1393,1085,621,694,0
486,1040,1393,1085,618,698,0
486,1040,1393,1085,616,700,0
486,1040,1393,1085,614,702,0
486,1040,1393,1085,610,706,0
486,1040,1393,1085,608,709,0
486,1040,1393,1085,603,714,0
486,1040,1393,1085,600,716,0
486,1040,1393,1085,598,718,0
486,1040,1393,1085,593,723,0
486,1040,1393,1085,590,726,0
486,1040,1393,1085,587,730,0
486,1040,1393,1085,585,732,0
486,1040,1393,1085,583,734,0
486,1040,1393,1085,580,738,0
486,1040,1393,1085,578,740,0
486,1040,1393,1085,574,744,0
486,1040,1393,1085,572,747,0
486,1040,1393,1085,570,749,0
486,1040,1393,1085,567,754,0
486,1040,1393,1085,565,756,0
486,1040,1393,1085,563,759,0
486,1040,1393,1085,560,764,0
486,1040,1393,1085,558,766,0
486,1040,1393,1085,556,768,0
486,1040,1393,1085,552,773,0
486,1040,1393,1085,550,775,0
486,1040,1393,1085,546,779,0
486,1040,1393,1085,545,781,0
486,1040,1393,1085,543,783,0
486,1040,1393,1085,540,787,0
486,1040,1393,1085,539,789,0
486,1040,1393,1085,535,793,0
486,1040,1393,1085,534,795,0
486,1040,1393,1085,530,800,0
486,1040,1393,1085,528,802,0
486,1040,1393,1085,526,804,0
486,1040,1393,1085,523,808,0
486,1040,1393,1085,522,809,0
486,1040,1393,1085,521,811,0
486,1040,1393,1085,518,814,0
486,1040,1393,1085,516,816,0
486,1040,1393,1085,514,818,0
486,1040,1393,1085,511,823,0
486,1040,1393,1085,509,826,0
486,1040,1393,1085,506,828,0
486,1040,1393,1085,502,832,0
486,1040,1393,1085,500,834,0
486,1040,1393,1085,497,837,0
486,1040,1393,1085,496,838,0
486,1040,1393,1085,496,839,0
486,1040,1393,1085,496,839,0
486,1040,1393,1085,495,839,0
486,1040,1393,1085,495,839,0
486,1040,1393,1085,494,840,0
486,1040,1393,1085,494,841,0
486,1040,1393,1085,491,845,0
486,1040,1393,1085,489,847,0
486,1040,1393,1085,486,851,0
486,1040,1393,1085,484,853,0
486,1040,1393,1085,482,855,0
486,1040,1393,1085,480,857,0
486,1040,1393,1085,477,860,0
486,1040,1393,1085,476,861,0
486,1040,1393,1085,473,864,0
486,1040,1393,1085,471,865,0
486,1040,1393,1085,469,867,0
486,1040,1393,1085,466,870,0
486,1040,1393,1085,464,872,0
486,1040,1393,1085,462,874,0
486,1040,1393,1085,456,878,0
486,1040,1393,1085,454,880,0
486,1040,1393,1085,451,883,0
486,1040,1393,1085,449,885,0
486,1040,1393,1085,449,885,0
486,1040,1393,1085,446,888,0
486,1040,1393,1085,445,889,0
486,1040,1393,1085,441,892,0
486,1040,1393,1085,439,894,0
486,1040,1393,1085,434,898,0
486,1040,1393,1085,432,899,0
486,1040,1393,1085,430,901,0
486,1040,1393,1085,427,904,0
486,1040,1393,1085,425,905,0
486,1040,1393,1085,424,906,0
486,1040,1393,1085,421,909,0
486,1040,1393,1085,419,910,0
486,1040,1393,1085,417,912,0
486,1040,1393,1085,413,915,0
486,1040,1393,1085,411,917,0
486,1040,1393,1085,408,919,0
486,1040,1393,1085,407,920,0
486,1040,1393,1085,406,921,0
486,1040,1393,1085,405,922,0
486,1040,1393,1085,404,923,0
486,1040,1393,1085,403,924,0
486,1040,1393,1085,401,926,0
486,1040,1393,1085,398,928,0
486,1040,1393,1085,397,929,0
486,1040,1393,1085,395,931,0
486,1040,1393,1085,394,932,0
486,1040,1393,1085,392,934,0
486,1040,1393,1085,391,935,0
486,1040,1393,1085,388,937,0
486,1040,1393,1085,388,938,0
486,1040,1393,1085,387,939,0
486,1040,1393,1085,385,941,0
486,1040,1393,1085,384,941,0
486,1040,1393,1085,383,942,0
486,1040,1393,1085,382,943,0
486,1040,1393,1085,381,944,0
486,1040,1393,1085,380,946,0
486,1040,1393,1085,379,946,0
486,1040,1393,1085,379,947,0
486,1040,1393,1085,378,948,0
486,1040,1393,1085,377,949,0
486,1040,1393,1085,376,950,0
486,1040,1393,1085,374,952,0
486,1040,1393,1085,373,952,0
486,1040,1393,1085,373,953,0
486,1040,1393,1085,370,955,0
486,1040,1393,1085,369,956,0
486,1040,1393,1085,367,957,0
486,1040,1393,1085,367,958,0
486,1040,1393,1085,366,958,0
486,1040,1393,1085,365,959,0
486,1040,1393,1085,364,959,0
486,1040,1393,1085,361,961,0
486,1040,1393,1085,360,962,0
486,1040,1393,1085,358,963,0
486,1040,1393,1085,356,965,0
486,1040,1393,1085,356,965,0
486,1040,1393,1085,355,966,0
486,1040,1393,1085,355,966,0
486,1040,1393,1085,355,966,0
486,1040,1393,1085,353,968,0
486,1040,1393,1085,352,969,0
486,1040,1393,1085,351,969,0
486,1040,1393,1085,350,970,0
486,1040,1393,1085,349,971,0
486,1040,1393,1085,349,971,0
486,1040,1393,1085,349,971,0
486,1040,1393,1085,349,971,0
486,1040,1393,1085,349,971,0
486,1040,1393,1085,349,971,0
486,1040,1393,1085,349,971,0
486,1040,1393,1085,349,971,0
486,1040,1393,1085,349,971,0
486,1040,1393,1085,349,971,0
486,1040,1393,1085,349,971,0
486,1040,1393,1085,349,971,0
486,1040,1393,1085,349,971,0
486,1040,1393,1085,349,971,0
486,1040,1393,1085,348,971,0
486,1040,1393,1085,346,972,0
486,1040,1393,1085,345,973,0
486,1040,1393,1085,344,974,0
486,1040,1393,1085,343,974,0
486,1040,1393,1085,342,975,0
486,1040,1393,1085,342,975,0
486,1040,1393,1085,341,975,0
486,1040,1393,1085,339,975,0
486,1040,1393,1085,338,975,0
486,1040,1393,1085,338,975,0
486,1040,1393,1085,337,975,0
486,1040,1393,1085,337,975,0
486,1040,1393,1085,337,975,1
486,1040,1393,1085,337,975,1
486,1040,1393,1085,337,975,1
486,1040,1393,1085,337,975,1
486,1040,1393,1085,337,975,1
486,1040,1393,1085,337,975,1
486,1040,1393,1085,337,975,1
486,1040,1393,1085,337,975,1
486,1040,1393,1085,337,975,1
486,1040,1393,1085,338,975,1
486,1040,1393,1085,338,975,1
486,1040,1393,1085,338,975,1
486,1040,1393,1085,338,975,1
486,1040,1393,1085,338,975,1
486,1040,1393,1085,338,975,1
486,1040,1393,1085,338,975,1
486,1040,1393,1085,338,975,1
486,1040,1393,1085,338,975,1
486,1040,1393,1085,338,975,1
486,1040,1393,1085,338,975,1
486,1040,1393,1085,338,975,1
486,1040,1393,1085,338,975,1
486,1040,1393,1085,338,975,1
486,1040,1393,1085,338,975,1
486,1040,1393,1085,338,975,1
486,1040,1393,1085,338,975,1
486,1040,1393,1085,338,975,1
486,1040,1393,1085,338,975,1
486,1040,1393,1085,340,975,1
486,1040,1393,1085,342,975,1
486,1040,1393,1085,353,978,1
486,1040,1393,1085,359,979,1
486,1040,1393,1085,365,978,1
486,1040,1393,1085,376,979,1
486,1040,1393,1085,380,980,1
486,1040,1393,1085,386,980,1
486,1040,1393,1085,388,980,1
486,1040,1393,1085,390,980,1
486,1040,1393,1085,392,980,1
486,1040,1393,1085,394,980,1
486,1040,1393,1085,398,981,1
486,1040,1393,1085,400,982,1
486,1040,1393,1085,405,983,1
486,1040,1393,1085,406,983,1
486,1040,1393,1085,409,983,1
486,1040,1393,1085,410,983,1
486,1040,1393,1085,413,983,1
486,1040,1393,1085,415,984,1
486,1040,1393,1085,417,984,1
486,1040,1393,1085,422,984,1
486,1040,1393,1085,425,984,1
486,1040,1393,1085,427,985,1
486,1040,1393,1085,431,985,1
486,1040,1393,1085,433,985,1
486,1040,1393,1085,435,986,1
486,1040,1393,1085,438,986,1
486,1040,1393,1085,440,986,1
486,1040,1393,1085,444,987,1
486,1040,1393,1085,446,987,1
486,1040,1393,1085,451,987,1
486,1040,1393,1085,453,988,1
486,1040,1393,1085,455,988,1
486,1040,1393,1085,458,988,1
486,1040,1393,1085,460,988,1
486,1040,1393,1085,462,989,1
486,1040,1393,1085,466,989,1
486,1040,1393,1085,469,989,1
486,1040,1393,1085,474,989,1
486,1040,1393,1085,476,989,1
486,1040,1393,1085,479,990,1
486,1040,1393,1085,481,990,1
486,1040,1393,1085,483,991,1
486,1040,1393,1085,484,991,1
486,1040,1393,1085,485,992,1
486,1040,1393,1085,489,992,1
486,1040,1393,1085,491,993,1
486,1040,1393,1085,494,993,1
486,1040,1393,1085,499,994,1
486,1040,1393,1085,503,994,1
486,1040,1393,1085,505,995,1
486,1040,1393,1085,512,996,1
486,1040,1393,1085,515,996,1
486,1040,1393,1085,518,997,1
486,1040,1393,1085,523,998,1
486,1040,1393,1085,525,998,1
486,1040,1393,1085,530,998,1
486,1040,1393,1085,532,998,1
486,1040,1393,1085,534,999,1
486,1040,1393,1085,538,999,1
486,1040,1393,1085,540,999,1
486,1040,1393,1085,545,999,1
486,1040,1393,1085,548,999,1
486,1040,1393,1085,553,999,1
486,1040,1393,1085,555,999,1
486,1040,1393,1085,558,999,1
486,1040,1393,1085,562,999,1
486,1040,1393,1085,565,1000,1
486,1040,1393,1085,567,1000,1
486,1040,1393,1085,571,1001,1
486,1040,1393,1085,573,1001,1
486,1040,1393,1085,575,1001,1
486,1040,1393,1085,579,1001,1
486,1040,1393,1085,580,1001,1
486,1040,1393,1085,582,1002,1
486,1040,1393,1085,586,1002,1
486,1040,1393,1085,588,1002,1
486,1040,1393,1085,593,1002,1
486,1040,1393,1085,595,1003,1
486,1040,1393,1085,596,1003,1
486,1040,1393,1085,600,1004,1
486,1040,1393,1085,602,1004,1
486,1040,1393,1085,605,1005,1
486,1040,1393,1085,607,1006,1
486,1040,1393,1085,611,1006,1
486,1040,1393,1085,613,1007,1
486,1040,1393,1085,615,1008,1
486,1040,1393,1085,620,1010,1
486,1040,1393,1085,623,1010,1
486,1040,1393,1085,626,1011,1
486,1040,1393,1085,632,1012,1
486,1040,1393,1085,635,1013,1
486,1040,1393,1085,637,1014,1
486,1040,1393,1085,643,1015,1
486,1040,1393,1085,646,1015,1
486,1040,1393,1085,650,1016,1
486,1040,1393,1085,659,1019,1
486,1040,1393,1085,662,1020,1
486,1040,1393,1085,665,1020,1
486,1040,1393,1085,672,1022,1
486,1040,1393,1085,675,1023,1
486,1040,1393,1085,680,1024,1
486,1040,1393,1085,684,1024,1
486,1040,1393,1085,690,1025,1
486,1040,1393,1085,694,1026,1
486,1040,1393,1085,698,1026,1
486,1040,1393,1085,703,1028,1
486,1040,1393,1085,705,1028,1
486,1040,1393,1085,711,1029,1
486,1040,1393,1085,713,1030,1
486,1040,1393,1085,718,1031,1
486,1040,1393,1085,721,1032,1
486,1040,1393,1085,724,1032,1
486,1040,1393,1085,731,1033,1
486,1040,1393,1085,735,1034,1
486,1040,1393,1085,740,1035,1
486,1040,1393,1085,743,1035,1
486,1040,1393,1085,744,1035,1
486,1040,1393,1085,748,1036,1
486,1040,1393,1085,751,1036,1
486,1040,1393,1085,753,1036,1
486,1040,1393,1085,758,1037,1
486,1040,1393,1085,760,1038,1
486,1040,1393,1085,763,1038,1
486,1040,1393,1085,765,1039,1
486,1040,1393,1085,772,1041,1
486,1040,1393,1085,778,1043,1
486,1040,1393,1085,783,1044,1
486,1040,1393,1085,792,1045,1
486,1040,1393,1085,796,1046,1
486,1040,1393,1085,800,1046,1
486,1040,1393,1085,806,1047,1
486,1040,1393,1085,808,1048,1
486,1040,1393,1085,811,1048,1
486,1040,1393,1085,812,1049,1
486,1040,1393,1085,814,1049,1
486,1040,1393,1085,818,1050,1
486,1040,1393,1085,821,1051,1
486,1040,1393,1085,824,1052,1
486,1040,1393,1085,830,1055,1
486,1040,1393,1085,834,1056,1
486,1040,1393,1085,842,1058,1
486,1040,1393,1085,846,1060,1
486,1040,1393,1085,849,1061,1
486,1040,1393,1085,855,1064,1
486,1040,1393,1085,858,1066,1
486,1040,1393,1085,861,1067,1
486,1040,1393,1085,867,1070,1
486,1040,1393,1085,870,1072,1
486,1040,1393,1085,876,1075,1
486,1040,1393,1085,878,1076,1
486,1040,1393,1085,883,1078,1
486,1040,1393,1085,885,1079,1
486,1040,1393,1085,890,1082,1
486,1040,1393,1085,893,1083,1
486,1040,1393,1085,900,1086,1
486,1040,1393,1085,904,1088,1
486,1040,1393,1085,909,1089,1
486,1040,1393,1085,919,1092,1
486,1040,1393,1085,924,1094,1
486,1040,1393,1085,933,1097,1
486,1040,1393,1085,938,1098,1
486,1040,1393,1085,942,1099,1
486,1040,1393,1085,949,1100,1
486,1040,1393,1085,952,1101,1
486,1040,1393,1085,959,1102,1
486,1040,1393,1085,962,1104,1
486,1040,1393,1085,966,1104,1
486,1040,1393,1085,971,1106,1
486,1040,1393,1085,974,1107,1
486,1040,1393,1085,978,1107,1
486,1040,1393,1085,985,1109,1
486,1040,1393,1085,988,1109,1
486,1040,1393,1085,994,1111,1
486,1040,1393,1085,997,1112,1
486,1040,1393,1085,1000,1113,1
486,1040,1393,1085,1004,1114,1
486,1040,1393,1085,1006,1115,1
486,1040,1393,1085,1009,1116,1
486,1040,1393,1085,1012,1117,1
486,1040,1393,1085,1014,1118,1
486,1040,1393,1085,1020,1119,1
486,1040,1393,1085,1023,1120,1
486,1040,1393,1085,1026,1121,1
486,1040,1393,1085,1034,1123,1
486,1040,1393,1085,1038,1123,1
486,1040,1393,1085,1047,1125,1
486,1040,1393,1085,1051,1126,1
486,1040,1393,1085,1056,1127,1
486,1040,1393,1085,1065,1129,1
486,1040,1393,1085,1068,1129,1
486,1040,1393,1085,1076,1130,1
486,1040,1393,1085,1079,1131,1
486,1040,1393,1085,1082,1131,1
486,1040,1393,1085,1090,1133,1
486,1040,1393,1085,1094,1134,1
486,1040,1393,1085,1099,1136,1
486,1040,1393,1085,1107,1137,1
486,1040,1393,1085,1111,1138,1
486,1040,1393,1085,1114,1138,1
486,1040,1393,1085,1118,1139,1
486,1040,1393,1085,1119,1139,1
486,1040,1393,1085,1121,1140,1
486,1040,1393,1085,1123,1139,1
486,1040,1393,1085,1126,1140,1
486,1040,1393,1085,1134,1141,1
486,1040,1393,1085,1139,1142,1
486,1040,1393,1085,1143,1142,1
486,1040,1393,1085,1152,1144,1
486,1040,1393,1085,1157,1145,1
486,1040,1393,1085,1167,1146,1
486,1040,1393,1085,1172,1147,1
486,1040,1393,1085,1177,1148,1
486,1040,1393,1085,1187,1150,1
486,1040,1393,1085,1191,1150,1
486,1040,1393,1085,1200,1151,1
486,1040,1393,1085,1203,1152,1
486,1040,1393,1085,1205,1152,1
486,1040,1393,1085,1211,1154,1
486,1040,1393,1085,1214,1155,1
486,1040,1393,1085,1222,1156,1
486,1040,1393,1085,1226,1157,1
486,1040,1393,1085,1230,1157,1
486,1040,1393,1085,1234,1158,1
486,1040,1393,1085,1244,1159,1
486,1040,1393,1085,1247,1160,1
486,1040,1393,1085,1251,1161,1
486,1040,1393,1085,1253,1161,1
486,1040,1393,1085,1256,1161,1
486,1040,1393,1085,1262,1162,1
486,1040,1393,1085,1265,1162,1
486,1040,1393,1085,1271,1163,1
486,1040,1393,1085,1273,1163,1
486,1040,1393,1085,1276,1164,1
486,1040,1393,1085,1280,1164,1
486,1040,1393,1085,1282,1164,1
486,1040,1393,1085,1286,1165,1
486,1040,1393,1085,1292,1165,1
486,1040,1393,1085,1299,1166,1
486,1040,1393,1085,1305,1168,1
486,1040,1393,1085,1308,1168,1
486,1040,1393,1085,1312,1169,1
486,1040,1393,1085,1314,1169,1
486,1040,1393,1085,1316,1169,1
486,1040,1393,1085,1321,1170,1
486,1040,1393,1085,1330,1171,1
486,1040,1393,1085,1339,1172,1
486,1040,1393,1085,1342,1172,1
486,1040,1393,1085,1348,1171,1
486,1040,1393,1085,1349,1171,1
486,1040,1393,1085,1352,1170,1
486,1040,1393,1085,1354,1170,1
486,1040,1393,1085,1358,1170,1
486,1040,1393,1085,1360,1169,1
486,1040,1393,1085,1361,1169,1
486,1040,1393,1085,1363,1169,1
486,1040,1393,1085,1363,1169,1
486,1040,1393,1085,1364,1169,1
486,1040,1393,1085,1366,1169,1
486,1040,1393,1085,1370,1169,1
486,1040,1393,1085,1376,1169,1
486,1040,1393,1085,1378,1169,1
486,1040,1393,1085,1381,1170,1
486,1040,1393,1085,1387,1170,1
486,1040,1393,1085,1390,1170,1
486,1040,1393,1085,1394,1170,1
486,1040,1393,1085,1396,1170,1
486,1040,1393,1085,1398,1170,1
486,1040,1393,1085,1401,1170,1
486,1040,1393,1085,1406,1170,1
486,1040,1393,1085,1412,1171,1
486,1040,1393,1085,1415,1171,1
486,1040,1393,1085,1421,1173,1
486,1040,1393,1085,1424,1173,1
486,1040,1393,1085,1431,1174,1
486,1040,1393,1085,1434,1174,1
486,1040,1393,1085,1438,1175,1
486,1040,1393,1085,1440,1175,1
486,1040,1393,1085,1442,1176,1
486,1040,1393,1085,1444,1176,1
486,1040,1393,1085,1449,1177,1
486,1040,1393,1085,1452,1177,1
486,1040,1393,1085,1455,1178,1
486,1040,1393,1085,1461,1178,1
486,1040,1393,1085,1464,1179,1
486,1040,1393,1085,1468,1179,1
486,1040,1393,1085,1470,1180,1
486,1040,1393,1085,1474,1180,1
486,1040,1393,1085,1476,1181,1
486,1040,1393,1085,1480,1181,1
486,1040,1393,1085,1482,1182,1
486,1040,1393,1085,1489,1183,1
486,1040,1393,1085,1491,1184,1
486,1040,1393,1085,1495,1184,1
486,1040,1393,1085,1500,1185,1
486,1040,1393,1085,1503,1186,1
486,1040,1393,1085,1506,1186,1
486,1040,1393,1085,1512,1187,1
486,1040,1393,1085,1514,1187,1
486,1040,1393,1085,1517,1187,1
486,1040,1393,1085,1520,1187,1
486,1040,1393,1085,1521,1187,1
486,1040,1393,1085,1523,1187,1
486,1040,1393,1085,1526,1187,1
486,1040,1393,1085,1528,1187,1
486,1040,1393,1085,1530,1187,1
486,1040,1393,1085,1534,1186,1
486,1040,1393,1085,1536,1185,1
486,1040,1393,1085,1540,1185,1
486,1040,1393,1085,1543,1184,1
486,1040,1393,1085,1546,1184,1
486,1040,1393,1085,1547,1184,1
486,1040,1393,1085,1548,1184,1
486,1040,1393,1085,1550,1183,1
486,1040,1393,1085,1551,1183,1
486,1040,1393,1085,1555,1183,1
486,1040,1393,1085,1558,1182,1
486,1040,1393,1085,1561,1182,1
486,1040,1393,1085,1566,1181,1
486,1040,1393,1085,1568,1181,1
486,1040,1393,1085,1570,1181,1
486,1040,1393,1085,1573,1181,1
486,1040,1393,1085,1576,1180,1
486,1040,1393,1085,1578,1180,1
486,1040,1393,1085,1580,1180,1
486,1040,1393,1085,1583,1180,1
486,1040,1393,1085,1584,1180,1
486,1040,1393,1085,1586,1180,1
486,1040,1393,1085,1586,1180,1
486,1040,1393,1085,1587,1180,1
486,1040,1393,1085,1588,1180,1
486,1040,1393,1085,1588,1180,1
486,1040,1393,1085,1589,1180,1
486,1040,1393,1085,1591,1180,1
486,1040,1393,1085,1593,1180,1
486,1040,1393,1085,1598,1181,1
486,1040,1393,1085,1600,1181,1
486,1040,1393,1085,1601,1181,1
486,1040,1393,1085,1603,1182,1
486,1040,1393,1085,1603,1182,1
486,1040,1393,1085,1603,1182,1
486,1040,1393,1085,1603,1182,1
486,1040,1393,1085,1603,1182,1
486,1040,1393,1085,1605,1182,1
486,1040,1393,1085,1607,1182,1
486,1040,1393,1085,1608,1182,1
486,1040,1393,1085,1611,1182,1
486,1040,1393,1085,1611,1182,1
486,1040,1393,1085,1612,1182,1
486,1040,1393,1085,1613,1182,1
486,1040,1393,1085,1614,1182,1
486,1040,1393,1085,1615,1182,1
486,1040,1393,1085,1616,1182,1
486,1040,1393,1085,1616,1182,1
486,1040,1393,1085,1617,1182,1
486,1040,1393,1085,1618,1182,1
486,1040,1393,1085,1619,1182,1
486,1040,1393,1085,1620,1182,1
486,1040,1393,1085,1622,1182,1
486,1040,1393,1085,1622,1181,1
486,1040,1393,1085,1622,1181,1
486,1040,1393,1085,1622,1181,1
486,1040,1393,1085,1622,1181,1
486,1040,1393,1085,1624,1179,1
486,1040,1393,1085,1625,1178,1
486,1040,1393,1085,1626,1177,1
486,1040,1393,1085,1628,1176,1
486,1040,1393,1085,1628,1175,1
486,1040,1393,1085,1628,1175,1
486,1040,1393,1085,1628,1175,1
486,1040,1393,1085,1628,1175,1
486,1040,1393,1085,1628,1175,1
486,1040,1393,1085,1628,1175,1
486,1040,1393,1085,1628,1175,1
486,1040,1393,1085,1628,1175,0
486,1040,1393,1085,1628,1175,0
486,1040,1393,1085,1628,1175,0
486,1040,1393,1085,1628,1175,0
486,1040,1393,1085,1628,1175,0
486,1040,1393,1085,1628,1175,0
486,1040,1393,1085,1628,1175,0
486,1040,1393,1085,1628,1175,0
486,1040,1393,1085,1628,1175,0
486,1040,1393,1085,1628,1175,0
486,1040,1393,1085,1628,1175,0
486,1040,1393,1085,1628,1175,0
486,1040,1393,1085,1628,1175,0
486,1040,1393,1085,1628,1175,0
486,1040,1393,1085,1628,1175,0
486,1040,1393,1085,1628,1175,0
486,1040,1393,1085,1628,1175,0
486,1040,1393,1085,1628,1175,0
486,1040,1393,1085,1628,1175,0
486,1040,1393,1085,1628,1175,0
486,1040,1393,1085,1628,1175,0
486,1040,1393,1085,1628,1175,0
486,1040,1393,1085,1628,1175,0
486,1040,1393,1085,1626,1173,0
486,1040,1393,1085,1626,1173,0
486,1040,1393,1085,1623,1171,0
486,1040,1393,1085,1622,1169,0
486,1040,1393,1085,1617,1165,0
486,1040,1393,1085,1613,1163,0
486,1040,1393,1085,1610,1159,0
486,1040,1393,1085,1609,1159,0
486,1040,1393,1085,1608,1158,0
486,1040,1393,1085,1607,1156,0
486,1040,1393,1085,1606,1155,0
486,1040,1393,1085,1604,1154,0
486,1040,1393,1085,1603,1153,0
486,1040,1393,1085,1601,1151,0
486,1040,1393,1085,1599,1151,0
486,1040,1393,1085,1598,1150,0
486,1040,1393,1085,1595,1148,0
486,1040,1393,1085,1594,1147,0
486,1040,1393,1085,1591,1145,0
486,1040,1393,1085,1590,1144,0
486,1040,1393,1085,1588,1143,0
486,1040,1393,1085,1586,1142,0
486,1040,1393,1085,1585,1141,0
486,1040,1393,1085,1583,1138,0
486,1040,1393,1085,1581,1136,0
486,1040,1393,1085,1580,1135,0
486,1040,1393,1085,1577,1131,0
486,1040,1393,1085,1575,1129,0
486,1040,1393,1085,1571,1126,0
486,1040,1393,1085,1569,1124,0
486,1040,1393,1085,1567,1123,0
486,1040,1393,1085,1564,1120,0
486,1040,1393,1085,1560,1116,0
486,1040,1393,1085,1558,1114,0
486,1040,1393,1085,1556,1111,0
486,1040,1393,1085,1555,1109,0
486,1040,1393,1085,1551,1103,0
486,1040,1393,1085,1549,1100,0
486,1040,1393,1085,1548,1097,0
486,1040,1393,1085,1545,1091,0
486,1040,1393,1085,1544,1088,0
486,1040,1393,1085,1542,1082,0
486,1040,1393,1085,1541,1079,0
486,1040,1393,1085,1539,1076,0
486,1040,1393,1085,1536,1068,0
486,1040,1393,1085,1536,1064,0
486,1040,1393,1085,1533,1054,0
486,1040,1393,1085,1532,1049,0
486,1040,1393,1085,1531,1044,0
486,1040,1393,1085,1529,1035,0
486,1040,1393,1085,1529,1030,0
486,1040,1393,1085,1528,1025,0
486,1040,1393,1085,1527,1021,0
486,1040,1393,1085,1527,1019,0
486,1040,1393,1085,1525,1015,0
486,1040,1393,1085,1524,1012,0
486,1040,1393,1085,1520,1006,0
486,1040,1393,1085,1518,1002,0
486,1040,1393,1085,1515,998,0
486,1040,1393,1085,1512,991,0
486,1040,1393,1085,1510,988,0
486,1040,1393,1085,1509,985,0
486,1040,1393,1085,1507,980,0
486,1040,1393,1085,1506,976,0
486,1040,1393,1085,1505,974,0
486,1040,1393,1085,1502,969,0
486,1040,1393,1085,1501,966,0
486,1040,1393,1085,1499,962,0
486,1040,1393,1085,1499,960,0
486,1040,1393,1085,1499,957,0
486,1040,1393,1085,1499,956,0
486,1040,1393,1085,1498,954,0
486,1040,1393,1085,1498,953,0
486,1040,1393,1085,1495,949,0
486,1040,1393,1085,1490,944,0
486,1040,1393,1085,1488,942,0
486,1040,1393,1085,1483,936,0
486,1040,1393,1085,1480,933,0
486,1040,1393,1085,1475,927,0
486,1040,1393,1085,1470,921,0
486,1040,1393,1085,1468,919,0
486,1040,1393,1085,1465,914,0
486,1040,1393,1085,1462,909,0
486,1040,1393,1085,1461,907,0
486,1040,1393,1085,1460,905,0
486,1040,1393,1085,1457,900,0
486,1040,1393,1085,1454,894,0
486,1040,1393,1085,1452,892,0
486,1040,1393,1085,1449,886,0
486,1040,1393,1085,1446,883,0
486,1040,1393,1085,1440,876,0
486,1040,1393,1085,1438,872,0
486,1040,1393,1085,1433,865,0
486,1040,1393,1085,1430,862,0
486,1040,1393,1085,1426,855,0
486,1040,1393,1085,1422,849,0
486,1040,1393,1085,1419,847,0
486,1040,1393,1085,1418,843,0
486,1040,1393,1085,1411,837,0
486,1040,1393,1085,1406,829,0
486,1040,1393,1085,1404,825,0
486,1040,1393,1085,1399,817,0
486,1040,1393,1085,1397,813,0
486,1040,1393,1085,1393,804,0
486,1040,1393,1085,1391,801,0
486,1040,1393,1085,1387,797,0
486,1040,1393,1085,1381,789,0
486,1040,1393,1085,1376,784,0
486,1040,1393,1085,1372,779,0
486,1040,1393,1085,1368,773,0
486,1040,1393,1085,1367,771,0
486,1040,1393,1085,1364,769,0
486,1040,1393,1085,1362,764,0
486,1040,1393,1085,1361,762,0
486,1040,1393,1085,1357,757,0
486,1040,1393,1085,1355,755,0
486,1040,1393,1085,1352,752,0
486,1040,1393,1085,1348,748,0
486,1040,1393,1085,1347,747,0
486,1040,1393,1085,1347,746,0
486,1040,1393,1085,1347,746,0
486,1040,1393,1085,1347,744,0
486,1040,1393,1085,1347,743,0
486,1040,1393,1085,1346,742,0
486,1040,1393,1085,1343,738,0
486,1040,1393,1085,1341,736,0
486,1040,1393,1085,1339,733,0
486,1040,1393,1085,1332,727,0
486,1040,1393,1085,1329,724,0
486,1040,1393,1085,1322,718,0
486,1040,1393,1085,1317,715,0
486,1040,1393,1085,1314,712,0
486,1040,1393,1085,1308,707,0
486,1040,1393,1085,1304,705,0
486,1040,1393,1085,1301,701,0
486,1040,1393,1085,1299,699,0
486,1040,1393,1085,1298,697,0
486,1040,1393,1085,1296,695,0
486,1040,1393,1085,1295,693,0
486,1040,1393,1085,1293,691,0
486,1040,1393,1085,1289,686,0
486,1040,1393,1085,1286,684,0
486,1040,1393,1085,1281,679,0
486,1040,1393,1085,1279,677,0
486,1040,1393,1085,1277,675,0
486,1040,1393,1085,1275,673,0
486,1040,1393,1085,1274,671,0
486,1040,1393,1085,1271,669,0
486,1040,1393,1085,1269,667,0
486,1040,1393,1085,1267,664,0
486,1040,1393,1085,1264,660,0
486,1040,1393,1085,1262,658,0
486,1040,1393,1085,1259,653,0
486,1040,1393,1085,1258,651,0
486,1040,1393,1085,1257,648,0
486,1040,1393,1085,1253,643,0
486,1040,1393,1085,1247,634,0
486,1040,1393,1085,1245,631,0
486,1040,1393,1085,1241,626,0
486,1040,1393,1085,1240,624,0
486,1040,1393,1085,1237,619,0
486,1040,1393,1085,1235,617,0
486,1040,1393,1085,1233,613,0
486,1040,1393,1085,1228,607,0
486,1040,1393,1085,1226,604,0
486,1040,1393,1085,1223,600,0
486,1040,1393,1085,1219,593,0
486,1040,1393,1085,1217,590,0
486,1040,1393,1085,1213,585,0
486,1040,1393,1085,1212,582,0
486,1040,1393,1085,1210,580,0
486,1040,1393,1085,1207,575,0
486,1040,1393,1085,1201,565,0
486,1040,1393,1085,1195,556,0
486,1040,1393,1085,1193,553,0
486,1040,1393,1085,1188,547,0
486,1040,1393,1085,1186,545,0
486,1040,1393,1085,1184,540,0
486,1040,1393,1085,1181,536,0
486,1040,1393,1085,1180,534,0
486,1040,1393,1085,1177,530,0
486,1040,1393,1085,1175,528,0
486,1040,1393,1085,1172,524,0
486,1040,1393,1085,1171,522,0
486,1040,1393,1085,1168,518,0
486,1040,1393,1085,1166,516,0
486,1040,1393,1085,1163,511,0
486,1040,1393,1085,1162,509,0
486,1040,1393,1085,1160,506,0
486,1040,1393,1085,1159,505,0
486,1040,1393,1085,1157,503,0
486,1040,1393,1085,1156,501,0
486,1040,1393,1085,1154,498,0
486,1040,1393,1085,1153,497,0
486,1040,1393,1085,1150,494,0
486,1040,1393,1085,1148,491,0
486,1040,1393,1085,1147,489,0
486,1040,1393,1085,1144,486,0
486,1040,1393,1085,1143,486,0
486,1040,1393,1085,1140,483,0
486,1040,1393,1085,1138,480,0
486,1040,1393,1085,1136,479,0
486,1040,1393,1085,1135,478,0
486,1040,1393,1085,1132,475,0
486,1040,1393,1085,1131,474,0
486,1040,1393,1085,1128,471,0
486,1040,1393,1085,1127,470,0
486,1040,1393,1085,1124,466,0
486,1040,1393,1085,1122,464,0
486,1040,1393,1085,1119,461,0
486,1040,1393,1085,1117,460,0
486,1040,1393,1085,1116,458,0
486,1040,1393,1085,1112,453,0
486,1040,1393,1085,1109,450,0
486,1040,1393,1085,1105,445,0
486,1040,1393,1085,1102,442,0
486,1040,1393,1085,1098,438,0
486,1040,1393,1085,1096,436,0
486,1040,1393,1085,1094,433,0
486,1040,1393,1085,1090,429,0
486,1040,1393,1085,1088,427,0
486,1040,1393,1085,1087,426,0
486,1040,1393,1085,1084,423,0
486,1040,1393,1085,1083,422,0
486,1040,1393,1085,1080,419,0
486,1040,1393,1085,1080,418,0
486,1040,1393,1085,1079,417,0
486,1040,1393,1085,1077,414,0
486,1040,1393,1085,1076,412,0
486,1040,1393,1085,1075,411,0
486,1040,1393,1085,1074,409,0
486,1040,1393,1085,1073,408,0
486,1040,1393,1085,1072,406,0
486,1040,1393,1085,1071,406,0
486,1040,1393,1085,1071,405,0
486,1040,1393,1085,1070,403,0
486,1040,1393,1085,1069,402,0
486,1040,1393,1085,1069,400,0
486,1040,1393,1085,1068,399,0
486,1040,1393,1085,1067,398,0
486,1040,1393,1085,1066,394,0
486,1040,1393,1085,1065,393,0
486,1040,1393,1085,1065,393,0
486,1040,1393,1085,1065,392,0
486,1040,1393,1085,1064,391,0
486,1040,1393,1085,1064,390,0
486,1040,1393,1085,1064,389,0
486,1040,1393,1085,1064,389,0
486,1040,1393,1085,1063,387,0
486,1040,1393,1085,1063,387,0
486,1040,1393,1085,1063,386,0
486,1040,1393,1085,1062,385,0
486,1040,1393,1085,1062,385,0
486,1040,1393,1085,1062,384,0
486,1040,1393,1085,1062,384,0
486,1040,1393,1085,1062,384,0
486,1040,1393,1085,1062,383,0
486,1040,1393,1085,1062,383,0
486,1040,1393,1085,1062,383,0
486,1040,1393,1085,1062,383,0
486,1040,1393,1085,1062,383,0
