922,371,374,879,1555,990
922,371,374,879,1555,990
922,371,374,879,1555,990
922,371,374,879,1555,990
922,371,374,879,1555,990
921,372,374,879,1555,990
909,386,374,879,1555,990
891,407,374,879,1555,990
870,427,374,879,1555,990
848,442,374,879,1555,990
829,455,374,879,1555,990
815,468,374,879,1555,990
798,482,374,879,1555,990
781,496,374,879,1555,990
769,504,374,879,1555,990
761,512,374,879,1555,990
755,517,374,879,1555,990
745,524,374,879,1555,990
737,532,374,879,1555,990
729,537,374,879,1555,990
722,543,374,879,1555,990
713,551,374,879,1555,990
705,561,374,879,1555,990
699,566,374,879,1555,990
691,573,374,879,1555,990
685,579,374,879,1555,990
678,587,374,879,1555,990
669,597,374,879,1555,990
662,606,374,879,1555,990
654,616,374,879,1555,990
643,627,374,879,1555,990
636,635,374,879,1555,990
628,643,374,879,1555,990
621,653,374,879,1555,990
611,664,374,879,1555,990
605,672,374,879,1555,990
601,678,374,879,1555,990
595,684,374,879,1555,990
586,692,374,879,1555,990
573,701,374,879,1555,990
564,710,374,879,1555,990
554,717,374,879,1555,990
550,721,374,879,1555,990
547,725,374,879,1555,990
542,731,374,879,1555,990
534,737,374,879,1555,990
522,743,374,879,1555,990
510,751,374,879,1555,990
498,756,374,879,1555,990
490,761,374,879,1555,990
477,768,374,879,1555,990
465,777,374,879,1555,990
456,783,374,879,1555,990
454,785,374,879,1555,990
450,789,374,879,1555,990
440,798,374,879,1555,990
433,806,374,879,1555,990
426,811,374,879,1555,990
420,816,374,879,1555,990
412,821,374,879,1555,990
407,825,374,879,1555,990
403,827,374,879,1555,990
402,829,374,879,1555,990
398,832,374,879,1555,990
392,837,374,879,1555,990
387,842,374,879,1555,990
383,846,374,879,1555,990
380,851,374,879,1555,990
375,858,374,879,1555,990
373,862,374,879,1555,990
371,867,374,879,1555,990
367,872,374,879,1555,990
366,877,374,879,1555,990
366,877,374,879,1555,990
366,877,374,879,1555,990
366,877,374,879,1555,990
366,877,374,879,1555,990
366,877,374,879,1555,990
378,881,374,879,1555,990
387,884,374,879,1555,990
392,885,374,879,1555,990
397,885,374,879,1555,990
408,885,374,879,1555,990
423,885,374,879,1555,990
433,885,374,879,1555,990
443,885,374,879,1555,990
453,884,374,879,1555,990
464,884,374,879,1555,990
475,884,374,879,1555,990
489,883,374,879,1555,990
501,882,374,879,1555,990
518,878,374,879,1555,990
535,876,374,879,1555,990
553,875,374,879,1555,990
570,875,374,879,1555,990
585,876,374,879,1555,990
600,876,374,879,1555,990
626,877,374,879,1555,990
650,877,374,879,1555,990
669,878,374,879,1555,990
691,882,374,879,1555,990
707,884,374,879,1555,990
720,886,374,879,1555,990
736,888,374,879,1555,990
752,892,374,879,1555,990
763,894,374,879,1555,990
772,897,374,879,1555,990
786,900,374,879,1555,990
796,902,374,879,1555,990
813,905,374,879,1555,990
836,909,374,879,1555,990
856,914,374,879,1555,990
873,915,374,879,1555,990
894,918,374,879,1555,990
914,921,374,879,1555,990
930,923,374,879,1555,990
945,924,374,879,1555,990
955,925,374,879,1555,990
969,929,374,879,1555,990
990,933,374,879,1555,990
1014,938,374,879,1555,990
1032,940,374,879,1555,990
1053,943,374,879,1555,990
1073,945,374,879,1555,990
1087,947,374,879,1555,990
1105,948,374,879,1555,990
1122,951,374,879,1555,990
1144,952,374,879,1555,990
1168,953,374,879,1555,990
1194,954,374,879,1555,990
1212,955,374,879,1555,990
1232,957,374,879,1555,990
1247,957,374,879,1555,990
1263,957,374,879,1555,990
1279,958,374,879,1555,990
1292,959,374,879,1555,990
1298,959,374,879,1555,990
1310,960,374,879,1555,990
1322,960,374,879,1555,990
1330,961,374,879,1555,990
1343,964,374,879,1555,990
1358,967,374,879,1555,990
1378,973,374,879,1555,990
1395,977,374,879,1555,990
1406,979,374,879,1555,990
1412,980,374,879,1555,990
1419,981,374,879,1555,990
1429,983,374,879,1555,990
1441,985,374,879,1555,990
1451,986,374,879,1555,990
1462,986,374,879,1555,990
1472,987,374,879,1555,990
1483,987,374,879,1555,990
1485,986,374,879,1555,990
1492,986,374,879,1555,990
1503,987,374,879,1555,990
1510,987,374,879,1555,990
1514,987,374,879,1555,990
1520,987,374,879,1555,990
1528,989,374,879,1555,990
1529,989,374,879,1555,990
1529,989,374,879,1555,990
1529,989,374,879,1555,990
1529,989,374,879,1555,990
1537,991,374,879,1555,990
1551,995,374,879,1555,990
1563,995,374,879,1555,990
1568,995,374,879,1555,990
1570,994,374,879,1555,990
1571,993,374,879,1555,990
1571,993,374,879,1555,990
1575,988,374,879,1555,990
1575,983,374,879,1555,990
1567,969,374,879,1555,990
1560,955,374,879,1555,990
1554,944,374,879,1555,990
1540,926,374,879,1555,990
1525,908,374,879,1555,990
1516,894,374,879,1555,990
1506,881,374,879,1555,990
1491,867,374,879,1555,990
1479,856,374,879,1555,990
1466,842,374,879,1555,990
1449,825,374,879,1555,990
1427,804,374,879,1555,990
1405,781,374,879,1555,990
1387,762,374,879,1555,990
1362,733,374,879,1555,990
1342,709,374,879,1555,990
1328,691,374,879,1555,990
1317,678,374,879,1555,990
1305,664,374,879,1555,990
1292,649,374,879,1555,990
1282,636,374,879,1555,990
1271,620,374,879,1555,990
1262,606,374,879,1555,990
1255,595,374,879,1555,990
1245,578,374,879,1555,990
1235,557,374,879,1555,990
1229,546,374,879,1555,990
1219,531,374,879,1555,990
1209,514,374,879,1555,990
1201,500,374,879,1555,990
1192,485,374,879,1555,990
1184,473,374,879,1555,990
1179,465,374,879,1555,990
1171,453,374,879,1555,990
1165,445,374,879,1555,990
1158,437,374,879,1555,990
1151,429,374,879,1555,990
1142,421,374,879,1555,990
1133,415,374,879,1555,990
1126,410,374,879,1555,990
1118,405,374,879,1555,990
1111,401,374,879,1555,990
1102,397,374,879,1555,990
1094,392,374,879,1555,990
1085,389,374,879,1555,990
1074,386,374,879,1555,990
1066,385,374,879,1555,990
1060,384,374,879,1555,990
1056,384,374,879,1555,990
