930,377,339,1174,1553,925
930,377,339,1174,1553,925
930,377,339,1174,1553,925
930,377,339,1174,1553,925
930,377,339,1174,1553,925
930,377,339,1174,1553,925
930,377,339,1174,1553,925
930,378,339,1174,1553,925
928,379,339,1174,1553,925
919,393,339,1174,1553,925
907,410,339,1174,1553,925
899,421,339,1174,1553,925
893,430,339,1174,1553,925
883,445,339,1174,1553,925
869,464,339,1174,1553,925
861,477,339,1174,1553,925
854,486,339,1174,1553,925
845,492,339,1174,1553,925
838,498,339,1174,1553,925
831,504,339,1174,1553,925
825,509,339,1174,1553,925
818,516,339,1174,1553,925
811,524,339,1174,1553,925
805,532,339,1174,1553,925
799,541,339,1174,1553,925
794,550,339,1174,1553,925
786,562,339,1174,1553,925
779,573,339,1174,1553,925
774,581,339,1174,1553,925
767,592,339,1174,1553,925
759,605,339,1174,1553,925
753,620,339,1174,1553,925
749,630,339,1174,1553,925
744,643,339,1174,1553,925
740,654,339,1174,1553,925
734,664,339,1174,1553,925
728,674,339,1174,1553,925
724,684,339,1174,1553,925
721,691,339,1174,1553,925
717,701,339,1174,1553,925
711,712,339,1174,1553,925
706,720,339,1174,1553,925
702,732,339,1174,1553,925
695,744,339,1174,1553,925
687,756,339,1174,1553,925
680,766,339,1174,1553,925
672,774,339,1174,1553,925
664,784,339,1174,1553,925
659,793,339,1174,1553,925
655,798,339,1174,1553,925
648,807,339,1174,1553,925
640,817,339,1174,1553,925
634,824,339,1174,1553,925
628,832,339,1174,1553,925
621,841,339,1174,1553,925
610,853,339,1174,1553,925
600,863,339,1174,1553,925
587,881,339,1174,1553,925
576,898,339,1174,1553,925
568,909,339,1174,1553,925
558,923,339,1174,1553,925
550,937,339,1174,1553,925
542,949,339,1174,1553,925
536,957,339,1174,1553,925
532,963,339,1174,1553,925
527,967,339,1174,1553,925
522,974,339,1174,1553,925
514,982,339,1174,1553,925
506,989,339,1174,1553,925
496,998,339,1174,1553,925
491,1004,339,1174,1553,925
486,1011,339,1174,1553,925
476,1024,339,1174,1553,925
469,1032,339,1174,1553,925
465,1036,339,1174,1553,925
461,1041,339,1174,1553,925
456,1047,339,1174,1553,925
450,1054,339,1174,1553,925
445,1060,339,1174,1553,925
439,1067,339,1174,1553,925
432,1075,339,1174,1553,925
424,1083,339,1174,1553,925
413,1093,339,1174,1553,925
404,1101,339,1174,1553,925
396,1111,339,1174,1553,925
390,1120,339,1174,1553,925
382,1126,339,1174,1553,925
379,1129,339,1174,1553,925
375,1133,339,1174,1553,925
371,1137,339,1174,1553,925
368,1141,339,1174,1553,925
363,1146,339,1174,1553,925
358,1149,339,1174,1553,925
353,1153,339,1174,1553,925
349,1156,339,1174,1553,925
344,1161,339,1174,1553,925
342,1164,339,1174,1553,925
341,1165,339,1174,1553,925
341,1166,339,1174,1553,925
337,1170,339,1174,1553,925
337,1170,339,1174,1553,925
337,1170,339,1174,1553,925
337,1170,339,1174,1553,925
337,1170,339,1174,1553,925
337,1170,339,1174,1553,925
337,1170,339,1174,1553,925
337,1170,339,1174,1553,925
337,1170,339,1174,1553,925
337,1170,339,1174,1553,925
346,1171,339,1174,1553,925
366,1171,339,1174,1553,925
388,1167,339,1174,1553,925
404,1164,339,1174,1553,925
413,1160,339,1174,1553,925
425,1156,339,1174,1553,925
439,1152,339,1174,1553,925
455,1151,339,1174,1553,925
472,1150,339,1174,1553,925
493,1146,339,1174,1553,925
509,1143,339,1174,1553,925
525,1141,339,1174,1553,925
542,1135,339,1174,1553,925
561,1130,339,1174,1553,925
582,1124,339,1174,1553,925
604,1117,339,1174,1553,925
623,1109,339,1174,1553,925
644,1099,339,1174,1553,925
665,1093,339,1174,1553,925
685,1088,339,1174,1553,925
705,1084,339,1174,1553,925
725,1079,339,1174,1553,925
734,1076,339,1174,1553,925
750,1071,339,1174,1553,925
773,1067,339,1174,1553,925
796,1062,339,1174,1553,925
800,1060,339,1174,1553,925
805,1058,339,1174,1553,925
813,1055,339,1174,1553,925
826,1052,339,1174,1553,925
841,1048,339,1174,1553,925
857,1046,339,1174,1553,925
880,1043,339,1174,1553,925
898,1040,339,1174,1553,925
922,1037,339,1174,1553,925
942,1034,339,1174,1553,925
966,1030,339,1174,1553,925
987,1027,339,1174,1553,925
995,1025,339,1174,1553,925
1008,1024,339,1174,1553,925
1024,1021,339,1174,1553,925
1051,1018,339,1174,1553,925
1066,1014,339,1174,1553,925
1077,1011,339,1174,1553,925
1085,1008,339,1174,1553,925
1085,1008,339,1174,1553,925
1089,1007,339,1174,1553,925
1114,1003,339,1174,1553,925
1128,1000,339,1174,1553,925
1131,999,339,1174,1553,925
1140,997,339,1174,1553,925
1155,996,339,1174,1553,925
1175,993,339,1174,1553,925
1195,992,339,1174,1553,925
1212,990,339,1174,1553,925
1227,989,339,1174,1553,925
1245,986,339,1174,1553,925
1269,985,339,1174,1553,925
1288,983,339,1174,1553,925
1294,982,339,1174,1553,925
1300,979,339,1174,1553,925
1314,975,339,1174,1553,925
1326,974,339,1174,1553,925
1337,972,339,1174,1553,925
1338,971,339,1174,1553,925
1350,968,339,1174,1553,925
1373,964,339,1174,1553,925
1391,959,339,1174,1553,925
1396,957,339,1174,1553,925
1406,956,339,1174,1553,925
1425,953,339,1174,1553,925
1440,950,339,1174,1553,925
1441,950,339,1174,1553,925
1441,950,339,1174,1553,925
1443,950,339,1174,1553,925
1458,946,339,1174,1553,925
1476,944,339,1174,1553,925
1485,942,339,1174,1553,925
1486,941,339,1174,1553,925
1487,941,339,1174,1553,925
1494,939,339,1174,1553,925
1499,937,339,1174,1553,925
1502,935,339,1174,1553,925
1504,934,339,1174,1553,925
1508,932,339,1174,1553,925
1514,930,339,1174,1553,925
1520,929,339,1174,1553,925
1524,929,339,1174,1553,925
1529,929,339,1174,1553,925
1530,929,339,1174,1553,925
1530,929,339,1174,1553,925
1539,929,339,1174,1553,925
1543,929,339,1174,1553,925
1543,929,339,1174,1553,925
1543,929,339,1174,1553,925
1543,929,339,1174,1553,925
1543,929,339,1174,1553,925
1547,928,339,1174,1553,925
1551,927,339,1174,1553,925
1554,926,339,1174,1553,925
1555,925,339,1174,1553,925
1555,925,339,1174,1553,925
1555,925,339,1174,1553,925
1555,925,339,1174,1553,925
1555,925,339,1174,1553,925
1555,925,339,1174,1553,925
1554,924,339,1174,1553,925
1549,921,339,1174,1553,925
1546,919,339,1174,1553,925
1541,916,339,1174,1553,925
1531,908,339,1174,1553,925
1519,899,339,1174,1553,925
1503,885,339,1174,1553,925
1483,871,339,1174,1553,925
1469,862,339,1174,1553,925
1452,850,339,1174,1553,925
1444,842,339,1174,1553,925
1438,836,339,1174,1553,925
1426,826,339,1174,1553,925
1412,816,339,1174,1553,925
1404,807,339,1174,1553,925
1392,797,339,1174,1553,925
1378,785,339,1174,1553,925
1367,774,339,1174,1553,925
1356,761,339,1174,1553,925
1342,743,339,1174,1553,925
1327,724,339,1174,1553,925
1314,707,339,1174,1553,925
1295,684,339,1174,1553,925
1279,666,339,1174,1553,925
1272,655,339,1174,1553,925
1265,647,339,1174,1553,925
1254,634,339,1174,1553,925
1248,624,339,1174,1553,925
1242,614,339,1174,1553,925
1236,605,339,1174,1553,925
1229,594,339,1174,1553,925
1221,580,339,1174,1553,925
1214,567,339,1174,1553,925
1206,557,339,1174,1553,925
1197,544,339,1174,1553,925
1188,529,339,1174,1553,925
1177,511,339,1174,1553,925
1164,493,339,1174,1553,925
1155,479,339,1174,1553,925
1150,471,339,1174,1553,925
1142,460,339,1174,1553,925
1136,451,339,1174,1553,925
1132,445,339,1174,1553,925
1128,440,339,1174,1553,925
1123,434,339,1174,1553,925
1115,426,339,1174,1553,925
1108,419,339,1174,1553,925
1099,410,339,1174,1553,925
1091,403,339,1174,1553,925
1084,398,339,1174,1553,925
1077,391,339,1174,1553,925
1071,386,339,1174,1553,925
1067,382,339,1174,1553,925
1064,379,339,1174,1553,925
1062,377,339,1174,1553,925
1062,377,339,1174,1553,925
1062,377,339,1174,1553,925
1062,377,339,1174,1553,925
1062,377,339,1174,1553,925
