910,379,341,1094,1521,962
910,379,341,1094,1521,962
910,379,341,1094,1521,962
910,379,341,1094,1521,962
910,379,341,1094,1521,962
910,379,341,1094,1521,962
910,379,341,1094,1521,962
910,379,341,1094,1521,962
908,383,341,1094,1521,962
902,402,341,1094,1521,962
894,418,341,1094,1521,962
888,425,341,1094,1521,962
884,430,341,1094,1521,962
880,436,341,1094,1521,962
875,441,341,1094,1521,962
872,447,341,1094,1521,962
868,452,341,1094,1521,962
861,463,341,1094,1521,962
855,473,341,1094,1521,962
848,484,341,1094,1521,962
841,495,341,1094,1521,962
834,507,341,1094,1521,962
825,519,341,1094,1521,962
815,533,341,1094,1521,962
794,552,341,1094,1521,962
782,566,341,1094,1521,962
779,570,341,1094,1521,962
779,570,341,1094,1521,962
779,570,341,1094,1521,962
779,570,341,1094,1521,962
777,572,341,1094,1521,962
763,589,341,1094,1521,962
752,605,341,1094,1521,962
745,614,341,1094,1521,962
740,622,341,1094,1521,962
733,632,341,1094,1521,962
721,646,341,1094,1521,962
711,659,341,1094,1521,962
704,671,341,1094,1521,962
687,685,341,1094,1521,962
671,702,341,1094,1521,962
662,714,341,1094,1521,962
650,723,341,1094,1521,962
632,735,341,1094,1521,962
621,746,341,1094,1521,962
611,756,341,1094,1521,962
602,765,341,1094,1521,962
594,774,341,1094,1521,962
587,783,341,1094,1521,962
580,790,341,1094,1521,962
573,796,341,1094,1521,962
568,802,341,1094,1521,962
563,808,341,1094,1521,962
556,818,341,1094,1521,962
549,828,341,1094,1521,962
539,844,341,1094,1521,962
527,862,341,1094,1521,962
514,883,341,1094,1521,962
503,897,341,1094,1521,962
493,911,341,1094,1521,962
492,914,341,1094,1521,962
490,918,341,1094,1521,962
485,925,341,1094,1521,962
479,934,341,1094,1521,962
473,945,341,1094,1521,962
467,957,341,1094,1521,962
459,971,341,1094,1521,962
448,988,341,1094,1521,962
439,1002,341,1094,1521,962
432,1012,341,1094,1521,962
425,1020,341,1094,1521,962
419,1027,341,1094,1521,962
417,1030,341,1094,1521,962
414,1032,341,1094,1521,962
414,1033,341,1094,1521,962
414,1033,341,1094,1521,962
410,1035,341,1094,1521,962
399,1043,341,1094,1521,962
388,1050,341,1094,1521,962
378,1056,341,1094,1521,962
373,1060,341,1094,1521,962
369,1063,341,1094,1521,962
365,1066,341,1094,1521,962
365,1066,341,1094,1521,962
365,1066,341,1094,1521,962
365,1066,341,1094,1521,962
360,1069,341,1094,1521,962
353,1075,341,1094,1521,962
348,1079,341,1094,1521,962
347,1080,341,1094,1521,962
347,1081,341,1094,1521,962
345,1082,341,1094,1521,962
341,1088,341,1094,1521,962
339,1091,341,1094,1521,962
338,1093,341,1094,1521,962
338,1093,341,1094,1521,962
338,1093,341,1094,1521,962
338,1093,341,1094,1521,962
333,1099,341,1094,1521,962
331,1102,341,1094,1521,962
331,1102,341,1094,1521,962
331,1102,341,1094,1521,962
331,1102,341,1094,1521,962
331,1102,341,1094,1521,962
331,1101,341,1094,1521,962
339,1098,341,1094,1521,962
348,1094,341,1094,1521,962
357,1091,341,1094,1521,962
364,1089,341,1094,1521,962
371,1088,341,1094,1521,962
382,1086,341,1094,1521,962
392,1084,341,1094,1521,962
401,1082,341,1094,1521,962
410,1079,341,1094,1521,962
423,1075,341,1094,1521,962
433,1072,341,1094,1521,962
447,1067,341,1094,1521,962
461,1063,341,1094,1521,962
480,1058,341,1094,1521,962
495,1052,341,1094,1521,962
509,1049,341,1094,1521,962
527,1045,341,1094,1521,962
542,1040,341,1094,1521,962
556,1035,341,1094,1521,962
576,1033,341,1094,1521,962
595,1030,341,1094,1521,962
613,1028,341,1094,1521,962
638,1027,341,1094,1521,962
655,1025,341,1094,1521,962
665,1021,341,1094,1521,962
676,1017,341,1094,1521,962
689,1015,341,1094,1521,962
701,1012,341,1094,1521,962
712,1010,341,1094,1521,962
721,1008,341,1094,1521,962
730,1006,341,1094,1521,962
745,1004,341,1094,1521,962
762,1001,341,1094,1521,962
767,1000,341,1094,1521,962
777,998,341,1094,1521,962
787,996,341,1094,1521,962
794,994,341,1094,1521,962
794,994,341,1094,1521,962
799,994,341,1094,1521,962
825,996,341,1094,1521,962
846,997,341,1094,1521,962
855,997,341,1094,1521,962
866,995,341,1094,1521,962
876,994,341,1094,1521,962
890,992,341,1094,1521,962
906,992,341,1094,1521,962
923,991,341,1094,1521,962
935,990,341,1094,1521,962
947,989,341,1094,1521,962
962,988,341,1094,1521,962
983,988,341,1094,1521,962
996,987,341,1094,1521,962
1005,985,341,1094,1521,962
1020,984,341,1094,1521,962
1039,982,341,1094,1521,962
1049,981,341,1094,1521,962
1063,981,341,1094,1521,962
1087,981,341,1094,1521,962
1103,980,341,1094,1521,962
1117,979,341,1094,1521,962
1144,983,341,1094,1521,962
1153,983,341,1094,1521,962
1153,983,341,1094,1521,962
1157,982,341,1094,1521,962
1173,979,341,1094,1521,962
1189,978,341,1094,1521,962
1204,976,341,1094,1521,962
1215,976,341,1094,1521,962
1228,974,341,1094,1521,962
1241,971,341,1094,1521,962
1261,967,341,1094,1521,962
1286,965,341,1094,1521,962
1299,962,341,1094,1521,962
1311,960,341,1094,1521,962
1322,960,341,1094,1521,962
1336,960,341,1094,1521,962
1344,959,341,1094,1521,962
1355,959,341,1094,1521,962
1371,959,341,1094,1521,962
1387,960,341,1094,1521,962
1397,962,341,1094,1521,962
1403,963,341,1094,1521,962
1411,963,341,1094,1521,962
1422,963,341,1094,1521,962
1433,964,341,1094,1521,962
1444,965,341,1094,1521,962
1452,965,341,1094,1521,962
1456,965,341,1094,1521,962
1461,965,341,1094,1521,962
1466,964,341,1094,1521,962
1468,964,341,1094,1521,962
1472,964,341,1094,1521,962
1481,964,341,1094,1521,962
1491,964,341,1094,1521,962
1499,966,341,1094,1521,962
1509,966,341,1094,1521,962
1514,965,341,1094,1521,962
1514,965,341,1094,1521,962
1516,964,341,1094,1521,962
1518,964,341,1094,1521,962
1518,964,341,1094,1521,962
1518,964,341,1094,1521,962
1518,964,341,1094,1521,962
1519,964,341,1094,1521,962
1525,963,341,1094,1521,962
1526,963,341,1094,1521,962
1526,963,341,1094,1521,962
1526,963,341,1094,1521,962
1526,963,341,1094,1521,962
1526,963,341,1094,1521,962
1519,957,341,1094,1521,962
1514,952,341,1094,1521,962
1508,947,341,1094,1521,962
1497,939,341,1094,1521,962
1485,931,341,1094,1521,962
1477,924,341,1094,1521,962
1468,920,341,1094,1521,962
1452,912,341,1094,1521,962
1441,907,341,1094,1521,962
1431,899,341,1094,1521,962
1423,892,341,1094,1521,962
1412,883,341,1094,1521,962
1403,875,341,1094,1521,962
1395,866,341,1094,1521,962
1387,855,341,1094,1521,962
1373,841,341,1094,1521,962
1361,825,341,1094,1521,962
1350,809,341,1094,1521,962
1340,796,341,1094,1521,962
1329,786,341,1094,1521,962
1316,774,341,1094,1521,962
1309,766,341,1094,1521,962
1302,758,341,1094,1521,962
1292,750,341,1094,1521,962
1284,740,341,1094,1521,962
1278,732,341,1094,1521,962
1271,723,341,1094,1521,962
1262,711,341,1094,1521,962
1255,702,341,1094,1521,962
1246,689,341,1094,1521,962
1240,677,341,1094,1521,962
1226,658,341,1094,1521,962
1216,639,341,1094,1521,962
1200,613,341,1094,1521,962
1183,587,341,1094,1521,962
1175,571,341,1094,1521,962
1171,559,341,1094,1521,962
1167,552,341,1094,1521,962
1166,547,341,1094,1521,962
1164,542,341,1094,1521,962
1162,535,341,1094,1521,962
1161,530,341,1094,1521,962
1156,518,341,1094,1521,962
1151,510,341,1094,1521,962
1145,499,341,1094,1521,962
1135,486,341,1094,1521,962
1128,476,341,1094,1521,962
1120,464,341,1094,1521,962
1111,452,341,1094,1521,962
1107,445,341,1094,1521,962
1100,437,341,1094,1521,962
1093,427,341,1094,1521,962
1086,417,341,1094,1521,962
1079,406,341,1094,1521,962
1072,397,341,1094,1521,962
1064,386,341,1094,1521,962
1060,380,341,1094,1521,962
1054,375,341,1094,1521,962
1048,371,341,1094,1521,962
1048,371,341,1094,1521,962
1048,371,341,1094,1521,962
1048,371,341,1094,1521,962
1048,371,341,1094,1521,962
