882,375,381,947,1313,1136
882,375,381,947,1313,1136
882,375,381,947,1313,1136
881,376,381,947,1313,1136
881,376,381,947,1313,1136
881,376,381,947,1313,1136
870,383,381,947,1313,1136
854,396,381,947,1313,1136
840,408,381,947,1313,1136
830,417,381,947,1313,1136
823,423,381,947,1313,1136
819,427,381,947,1313,1136
809,433,381,947,1313,1136
800,438,381,947,1313,1136
791,444,381,947,1313,1136
779,452,381,947,1313,1136
771,458,381,947,1313,1136
761,465,381,947,1313,1136
748,474,381,947,1313,1136
738,481,381,947,1313,1136
734,484,381,947,1313,1136
727,488,381,947,1313,1136
721,493,381,947,1313,1136
712,500,381,947,1313,1136
707,504,381,947,1313,1136
698,511,381,947,1313,1136
690,519,381,947,1313,1136
687,524,381,947,1313,1136
683,529,381,947,1313,1136
680,535,381,947,1313,1136
677,542,381,947,1313,1136
673,550,381,947,1313,1136
670,558,381,947,1313,1136
667,567,381,947,1313,1136
662,577,381,947,1313,1136
657,587,381,947,1313,1136
651,598,381,947,1313,1136
645,609,381,947,1313,1136
638,619,381,947,1313,1136
633,628,381,947,1313,1136
629,638,381,947,1313,1136
625,647,381,947,1313,1136
620,659,381,947,1313,1136
614,670,381,947,1313,1136
611,677,381,947,1313,1136
604,687,381,947,1313,1136
596,699,381,947,1313,1136
589,711,381,947,1313,1136
580,723,381,947,1313,1136
573,732,381,947,1313,1136
565,744,381,947,1313,1136
556,756,381,947,1313,1136
545,768,381,947,1313,1136
536,776,381,947,1313,1136
531,780,381,947,1313,1136
525,787,381,947,1313,1136
515,797,381,947,1313,1136
506,805,381,947,1313,1136
495,816,381,947,1313,1136
488,828,381,947,1313,1136
483,839,381,947,1313,1136
476,850,381,947,1313,1136
469,859,381,947,1313,1136
462,866,381,947,1313,1136
457,872,381,947,1313,1136
453,878,381,947,1313,1136
451,881,381,947,1313,1136
448,885,381,947,1313,1136
441,890,381,947,1313,1136
432,894,381,947,1313,1136
425,897,381,947,1313,1136
422,900,381,947,1313,1136
412,906,381,947,1313,1136
403,911,381,947,1313,1136
397,916,381,947,1313,1136
392,918,381,947,1313,1136
389,921,381,947,1313,1136
386,924,381,947,1313,1136
384,927,381,947,1313,1136
382,929,381,947,1313,1136
380,933,381,947,1313,1136
376,938,381,947,1313,1136
376,945,381,947,1313,1136
377,950,381,947,1313,1136
378,955,381,947,1313,1136
378,961,381,947,1313,1136
376,966,381,947,1313,1136
374,973,381,947,1313,1136
375,976,381,947,1313,1136
379,979,381,947,1313,1136
388,984,381,947,1313,1136
400,990,381,947,1313,1136
410,995,381,947,1313,1136
426,1000,381,947,1313,1136
440,1006,381,947,1313,1136
453,1010,381,947,1313,1136
461,1013,381,947,1313,1136
471,1016,381,947,1313,1136
481,1019,381,947,1313,1136
497,1023,381,947,1313,1136
514,1029,381,947,1313,1136
532,1033,381,947,1313,1136
550,1038,381,947,1313,1136
564,1042,381,947,1313,1136
580,1045,381,947,1313,1136
595,1047,381,947,1313,1136
602,1048,381,947,1313,1136
615,1051,381,947,1313,1136
639,1054,381,947,1313,1136
654,1056,381,947,1313,1136
670,1060,381,947,1313,1136
686,1066,381,947,1313,1136
701,1070,381,947,1313,1136
714,1075,381,947,1313,1136
729,1080,381,947,1313,1136
746,1088,381,947,1313,1136
762,1098,381,947,1313,1136
777,1109,381,947,1313,1136
795,1122,381,947,1313,1136
813,1132,381,947,1313,1136
832,1141,381,947,1313,1136
852,1149,381,947,1313,1136
866,1154,381,947,1313,1136
881,1159,381,947,1313,1136
894,1164,381,947,1313,1136
907,1170,381,947,1313,1136
922,1175,381,947,1313,1136
941,1179,381,947,1313,1136
958,1183,381,947,1313,1136
970,1184,381,947,1313,1136
983,1186,381,947,1313,1136
996,1188,381,947,1313,1136
1011,1191,381,947,1313,1136
1024,1193,381,947,1313,1136
1038,1195,381,947,1313,1136
1049,1197,381,947,1313,1136
1063,1197,381,947,1313,1136
1077,1198,381,947,1313,1136
1089,1198,381,947,1313,1136
1097,1198,381,947,1313,1136
1105,1198,381,947,1313,1136
1113,1198,381,947,1313,1136
1128,1197,381,947,1313,1136
1138,1196,381,947,1313,1136
1151,1194,381,947,1313,1136
1163,1194,381,947,1313,1136
1172,1193,381,947,1313,1136
1183,1192,381,947,1313,1136
1192,1190,381,947,1313,1136
1199,1187,381,947,1313,1136
1208,1184,381,947,1313,1136
1221,1180,381,947,1313,1136
1230,1178,381,947,1313,1136
1240,1175,381,947,1313,1136
1249,1173,381,947,1313,1136
1255,1171,381,947,1313,1136
1259,1170,381,947,1313,1136
1270,1169,381,947,1313,1136
1276,1167,381,947,1313,1136
1276,1167,381,947,1313,1136
1276,1167,381,947,1313,1136
1278,1164,381,947,1313,1136
1283,1163,381,947,1313,1136
1287,1158,381,947,1313,1136
1291,1153,381,947,1313,1136
1293,1146,381,947,1313,1136
1298,1142,381,947,1313,1136
1301,1139,381,947,1313,1136
1302,1136,381,947,1313,1136
1305,1132,381,947,1313,1136
1310,1129,381,947,1313,1136
1317,1127,381,947,1313,1136
1318,1126,381,947,1313,1136
1318,1126,381,947,1313,1136
1321,1124,381,947,1313,1136
1327,1121,381,947,1313,1136
1329,1117,381,947,1313,1136
1330,1109,381,947,1313,1136
1329,1092,381,947,1313,1136
1328,1069,381,947,1313,1136
1325,1046,381,947,1313,1136
1320,1019,381,947,1313,1136
1314,991,381,947,1313,1136
1311,967,381,947,1313,1136
1304,947,381,947,1313,1136
1300,934,381,947,1313,1136
1292,919,381,947,1313,1136
1286,909,381,947,1313,1136
1277,894,381,947,1313,1136
1269,878,381,947,1313,1136
1265,865,381,947,1313,1136
1255,843,381,947,1313,1136
1248,829,381,947,1313,1136
1242,816,381,947,1313,1136
1236,801,381,947,1313,1136
1227,784,381,947,1313,1136
1222,770,381,947,1313,1136
1219,756,381,947,1313,1136
1218,741,381,947,1313,1136
1218,725,381,947,1313,1136
1217,707,381,947,1313,1136
1215,688,381,947,1313,1136
1213,672,381,947,1313,1136
1209,652,381,947,1313,1136
1204,630,381,947,1313,1136
1199,617,381,947,1313,1136
1194,601,381,947,1313,1136
1189,580,381,947,1313,1136
1181,563,381,947,1313,1136
1175,551,381,947,1313,1136
1170,539,381,947,1313,1136
1162,524,381,947,1313,1136
1153,508,381,947,1313,1136
1146,496,381,947,1313,1136
1140,485,381,947,1313,1136
1136,478,381,947,1313,1136
1131,467,381,947,1313,1136
1125,457,381,947,1313,1136
1119,448,381,947,1313,1136
1115,442,381,947,1313,1136
1109,433,381,947,1313,1136
1103,425,381,947,1313,1136
1099,419,381,947,1313,1136
1094,413,381,947,1313,1136
1086,404,381,947,1313,1136
1078,395,381,947,1313,1136
1072,389,381,947,1313,1136
1066,384,381,947,1313,1136
1063,382,381,947,1313,1136
1059,379,381,947,1313,1136
1059,379,381,947,1313,1136
