873,379,622,969,1632,961
873,379,622,969,1632,961
873,379,622,969,1632,961
873,379,622,969,1632,961
873,379,622,969,1632,961
873,380,622,969,1632,961
868,382,622,969,1632,961
861,389,622,969,1632,961
855,399,622,969,1632,961
851,411,622,969,1632,961
847,420,622,969,1632,961
846,425,622,969,1632,961
843,430,622,969,1632,961
840,435,622,969,1632,961
839,439,622,969,1632,961
838,445,622,969,1632,961
836,453,622,969,1632,961
836,459,622,969,1632,961
834,468,622,969,1632,961
832,480,622,969,1632,961
831,494,622,969,1632,961
830,509,622,969,1632,961
828,520,622,969,1632,961
824,528,622,969,1632,961
821,537,622,969,1632,961
817,544,622,969,1632,961
810,554,622,969,1632,961
804,562,622,969,1632,961
799,569,622,969,1632,961
793,578,622,969,1632,961
789,584,622,969,1632,961
785,590,622,969,1632,961
782,596,622,969,1632,961
778,605,622,969,1632,961
776,612,622,969,1632,961
776,624,622,969,1632,961
776,635,622,969,1632,961
779,645,622,969,1632,961
785,654,622,969,1632,961
788,661,622,969,1632,961
790,669,622,969,1632,961
791,678,622,969,1632,961
790,685,622,969,1632,961
788,698,622,969,1632,961
784,711,622,969,1632,961
781,721,622,969,1632,961
777,730,622,969,1632,961
771,742,622,969,1632,961
763,754,622,969,1632,961
756,764,622,969,1632,961
749,774,622,969,1632,961
746,779,622,969,1632,961
740,787,622,969,1632,961
732,798,622,969,1632,961
724,810,622,969,1632,961
718,819,622,969,1632,961
710,829,622,969,1632,961
704,838,622,969,1632,961
699,847,622,969,1632,961
696,855,622,969,1632,961
693,862,622,969,1632,961
689,873,622,969,1632,961
685,885,622,969,1632,961
685,896,622,969,1632,961
683,901,622,969,1632,961
680,907,622,969,1632,961
673,914,622,969,1632,961
664,922,622,969,1632,961
657,927,622,969,1632,961
652,930,622,969,1632,961
648,932,622,969,1632,961
645,933,622,969,1632,961
641,936,622,969,1632,961
638,939,622,969,1632,961
634,943,622,969,1632,961
630,948,622,969,1632,961
623,957,622,969,1632,961
620,961,622,969,1632,961
620,963,622,969,1632,961
619,964,622,969,1632,961
616,968,622,969,1632,961
614,971,622,969,1632,961
614,971,622,969,1632,961
614,971,622,969,1632,961
614,975,622,969,1632,961
614,977,622,969,1632,961
615,982,622,969,1632,961
620,987,622,969,1632,961
630,995,622,969,1632,961
638,1000,622,969,1632,961
645,1005,622,969,1632,961
652,1008,622,969,1632,961
656,1010,622,969,1632,961
663,1012,622,969,1632,961
672,1016,622,969,1632,961
688,1020,622,969,1632,961
698,1021,622,969,1632,961
713,1023,622,969,1632,961
722,1023,622,969,1632,961
731,1023,622,969,1632,961
753,1022,622,969,1632,961
769,1022,622,969,1632,961
786,1020,622,969,1632,961
806,1018,622,969,1632,961
824,1016,622,969,1632,961
844,1011,622,969,1632,961
868,1007,622,969,1632,961
892,1004,622,969,1632,961
919,1002,622,969,1632,961
940,1001,622,969,1632,961
966,1001,622,969,1632,961
976,997,622,969,1632,961
993,992,622,969,1632,961
1017,986,622,969,1632,961
1035,980,622,969,1632,961
1048,976,622,969,1632,961
1069,970,622,969,1632,961
1094,967,622,969,1632,961
1104,965,622,969,1632,961
1114,965,622,969,1632,961
1130,967,622,969,1632,961
1147,971,622,969,1632,961
1158,974,622,969,1632,961
1180,978,622,969,1632,961
1210,983,622,969,1632,961
1228,985,622,969,1632,961
1237,986,622,969,1632,961
1256,987,622,969,1632,961
1275,987,622,969,1632,961
1289,987,622,969,1632,961
1308,987,622,969,1632,961
1333,987,622,969,1632,961
1351,987,622,969,1632,961
1366,985,622,969,1632,961
1392,983,622,969,1632,961
1412,981,622,969,1632,961
1431,979,622,969,1632,961
1449,976,622,969,1632,961
1464,973,622,969,1632,961
1469,972,622,969,1632,961
1473,971,622,969,1632,961
1486,971,622,969,1632,961
1498,971,622,969,1632,961
1506,971,622,969,1632,961
1515,971,622,969,1632,961
1533,972,622,969,1632,961
1554,974,622,969,1632,961
1566,973,622,969,1632,961
1573,971,622,969,1632,961
1581,970,622,969,1632,961
1583,970,622,969,1632,961
1583,970,622,969,1632,961
1589,968,622,969,1632,961
1600,968,622,969,1632,961
1608,967,622,969,1632,961
1617,967,622,969,1632,961
1626,967,622,969,1632,961
1631,965,622,969,1632,961
1633,964,622,969,1632,961
1634,964,622,969,1632,961
1634,964,622,969,1632,961
1634,964,622,969,1632,961
1634,964,622,969,1632,961
1633,960,622,969,1632,961
1630,948,622,969,1632,961
1622,931,622,969,1632,961
1613,918,622,969,1632,961
1608,911,622,969,1632,961
1606,908,622,969,1632,961
1600,901,622,969,1632,961
1585,891,622,969,1632,961
1567,879,622,969,1632,961
1552,871,622,969,1632,961
1529,860,622,969,1632,961
1502,846,622,969,1632,961
1491,840,622,969,1632,961
1480,833,622,969,1632,961
1464,823,622,969,1632,961
1449,813,622,969,1632,961
1436,805,622,969,1632,961
1422,793,622,969,1632,961
1404,780,622,969,1632,961
1392,767,622,969,1632,961
1372,750,622,969,1632,961
1353,731,622,969,1632,961
1337,713,622,969,1632,961
1321,695,622,969,1632,961
1311,683,622,969,1632,961
1306,673,622,969,1632,961
1301,662,622,969,1632,961
1298,653,622,969,1632,961
1295,638,622,969,1632,961
1288,621,622,969,1632,961
1278,604,622,969,1632,961
1268,586,622,969,1632,961
1260,574,622,969,1632,961
1251,560,622,969,1632,961
1241,550,622,969,1632,961
1229,539,622,969,1632,961
1222,532,622,969,1632,961
1214,525,622,969,1632,961
1203,515,622,969,1632,961
1196,510,622,969,1632,961
1189,502,622,969,1632,961
1179,495,622,969,1632,961
1170,490,622,969,1632,961
1159,481,622,969,1632,961
1149,473,622,969,1632,961
1140,465,622,969,1632,961
1130,457,622,969,1632,961
1122,451,622,969,1632,961
1117,447,622,969,1632,961
1112,441,622,969,1632,961
1103,435,622,969,1632,961
1097,428,622,969,1632,961
1089,421,622,969,1632,961
1083,416,622,969,1632,961
1078,412,622,969,1632,961
1073,407,622,969,1632,961
1067,402,622,969,1632,961
1064,398,622,969,1632,961
1063,396,622,969,1632,961
1061,393,622,969,1632,961
1058,388,622,969,1632,961
1056,384,622,969,1632,961
1054,379,622,969,1632,961
1054,377,622,969,1632,961
