877,381,469,900,1401,1142
877,381,469,900,1401,1142
877,381,469,900,1401,1142
877,382,469,900,1401,1142
877,382,469,900,1401,1142
877,382,469,900,1401,1142
877,382,469,900,1401,1142
876,383,469,900,1401,1142
868,397,469,900,1401,1142
857,414,469,900,1401,1142
851,430,469,900,1401,1142
848,438,469,900,1401,1142
846,443,469,900,1401,1142
840,450,469,900,1401,1142
831,459,469,900,1401,1142
824,464,469,900,1401,1142
818,470,469,900,1401,1142
814,476,469,900,1401,1142
809,482,469,900,1401,1142
805,489,469,900,1401,1142
799,497,469,900,1401,1142
794,505,469,900,1401,1142
789,511,469,900,1401,1142
786,515,469,900,1401,1142
781,522,469,900,1401,1142
775,531,469,900,1401,1142
769,540,469,900,1401,1142
764,548,469,900,1401,1142
760,554,469,900,1401,1142
757,561,469,900,1401,1142
754,569,469,900,1401,1142
750,576,469,900,1401,1142
747,581,469,900,1401,1142
741,591,469,900,1401,1142
734,602,469,900,1401,1142
726,614,469,900,1401,1142
715,626,469,900,1401,1142
705,644,469,900,1401,1142
695,660,469,900,1401,1142
681,676,469,900,1401,1142
670,689,469,900,1401,1142
665,698,469,900,1401,1142
657,710,469,900,1401,1142
651,724,469,900,1401,1142
642,735,469,900,1401,1142
634,744,469,900,1401,1142
627,750,469,900,1401,1142
618,757,469,900,1401,1142
607,765,469,900,1401,1142
598,772,469,900,1401,1142
590,780,469,900,1401,1142
581,790,469,900,1401,1142
570,798,469,900,1401,1142
560,807,469,900,1401,1142
553,815,469,900,1401,1142
543,824,469,900,1401,1142
535,833,469,900,1401,1142
530,840,469,900,1401,1142
526,846,469,900,1401,1142
520,854,469,900,1401,1142
513,861,469,900,1401,1142
509,866,469,900,1401,1142
504,871,469,900,1401,1142
499,877,469,900,1401,1142
493,881,469,900,1401,1142
490,884,469,900,1401,1142
486,887,469,900,1401,1142
481,891,469,900,1401,1142
477,895,469,900,1401,1142
473,900,469,900,1401,1142
470,904,469,900,1401,1142
465,911,469,900,1401,1142
460,918,469,900,1401,1142
455,925,469,900,1401,1142
452,932,469,900,1401,1142
450,937,469,900,1401,1142
446,943,469,900,1401,1142
444,947,469,900,1401,1142
443,950,469,900,1401,1142
440,955,469,900,1401,1142
438,962,469,900,1401,1142
438,965,469,900,1401,1142
438,965,469,900,1401,1142
439,970,469,900,1401,1142
440,977,469,900,1401,1142
441,985,469,900,1401,1142
441,991,469,900,1401,1142
443,997,469,900,1401,1142
447,1007,469,900,1401,1142
452,1017,469,900,1401,1142
457,1025,469,900,1401,1142
465,1033,469,900,1401,1142
473,1039,469,900,1401,1142
479,1043,469,900,1401,1142
486,1048,469,900,1401,1142
494,1054,469,900,1401,1142
500,1059,469,900,1401,1142
504,1063,469,900,1401,1142
514,1069,469,900,1401,1142
533,1080,469,900,1401,1142
547,1087,469,900,1401,1142
555,1092,469,900,1401,1142
564,1100,469,900,1401,1142
577,1111,469,900,1401,1142
591,1119,469,900,1401,1142
609,1129,469,900,1401,1142
625,1137,469,900,1401,1142
639,1144,469,900,1401,1142
651,1149,469,900,1401,1142
661,1155,469,900,1401,1142
676,1163,469,900,1401,1142
695,1172,469,900,1401,1142
710,1178,469,900,1401,1142
722,1183,469,900,1401,1142
734,1187,469,900,1401,1142
743,1190,469,900,1401,1142
748,1192,469,900,1401,1142
758,1195,469,900,1401,1142
774,1200,469,900,1401,1142
791,1206,469,900,1401,1142
804,1209,469,900,1401,1142
820,1215,469,900,1401,1142
841,1220,469,900,1401,1142
858,1224,469,900,1401,1142
878,1226,469,900,1401,1142
896,1228,469,900,1401,1142
911,1229,469,900,1401,1142
927,1232,469,900,1401,1142
939,1235,469,900,1401,1142
954,1237,469,900,1401,1142
964,1239,469,900,1401,1142
972,1239,469,900,1401,1142
979,1239,469,900,1401,1142
985,1239,469,900,1401,1142
995,1239,469,900,1401,1142
1013,1239,469,900,1401,1142
1030,1239,469,900,1401,1142
1043,1239,469,900,1401,1142
1052,1240,469,900,1401,1142
1066,1240,469,900,1401,1142
1079,1241,469,900,1401,1142
1091,1241,469,900,1401,1142
1099,1241,469,900,1401,1142
1112,1240,469,900,1401,1142
1127,1240,469,900,1401,1142
1141,1240,469,900,1401,1142
1157,1240,469,900,1401,1142
1174,1240,469,900,1401,1142
1186,1238,469,900,1401,1142
1194,1237,469,900,1401,1142
1204,1235,469,900,1401,1142
1209,1234,469,900,1401,1142
1209,1234,469,900,1401,1142
1214,1232,469,900,1401,1142
1226,1230,469,900,1401,1142
1239,1228,469,900,1401,1142
1246,1226,469,900,1401,1142
1253,1224,469,900,1401,1142
1265,1221,469,900,1401,1142
1274,1219,469,900,1401,1142
1284,1216,469,900,1401,1142
1294,1215,469,900,1401,1142
1305,1213,469,900,1401,1142
1313,1210,469,900,1401,1142
1321,1206,469,900,1401,1142
1332,1204,469,900,1401,1142
1342,1202,469,900,1401,1142
1350,1199,469,900,1401,1142
1353,1197,469,900,1401,1142
1360,1194,469,900,1401,1142
1366,1191,469,900,1401,1142
1367,1189,469,900,1401,1142
1374,1186,469,900,1401,1142
1379,1183,469,900,1401,1142
1381,1181,469,900,1401,1142
1383,1179,469,900,1401,1142
1386,1176,469,900,1401,1142
1388,1172,469,900,1401,1142
1390,1169,469,900,1401,1142
1392,1164,469,900,1401,1142
1392,1157,469,900,1401,1142
1395,1152,469,900,1401,1142
1398,1149,469,900,1401,1142
1399,1148,469,900,1401,1142
1399,1148,469,900,1401,1142
1401,1143,469,900,1401,1142
1402,1137,469,900,1401,1142
1403,1130,469,900,1401,1142
1405,1122,469,900,1401,1142
1405,1111,469,900,1401,1142
1405,1100,469,900,1401,1142
1405,1093,469,900,1401,1142
1405,1087,469,900,1401,1142
1405,1080,469,900,1401,1142
1405,1071,469,900,1401,1142
1406,1061,469,900,1401,1142
1409,1046,469,900,1401,1142
1410,1029,469,900,1401,1142
1411,1013,469,900,1401,1142
1411,999,469,900,1401,1142
1413,981,469,900,1401,1142
1412,973,469,900,1401,1142
1411,962,469,900,1401,1142
1410,952,469,900,1401,1142
1409,942,469,900,1401,1142
1408,931,469,900,1401,1142
1408,919,469,900,1401,1142
1407,905,469,900,1401,1142
1405,894,469,900,1401,1142
1400,877,469,900,1401,1142
1392,858,469,900,1401,1142
1386,840,469,900,1401,1142
1381,827,469,900,1401,1142
1377,812,469,900,1401,1142
1370,798,469,900,1401,1142
1367,786,469,900,1401,1142
1363,775,469,900,1401,1142
1361,766,469,900,1401,1142
1357,754,469,900,1401,1142
1355,743,469,900,1401,1142
1353,733,469,900,1401,1142
1349,719,469,900,1401,1142
1346,706,469,900,1401,1142
1340,691,469,900,1401,1142
1335,678,469,900,1401,1142
1328,661,469,900,1401,1142
1322,645,469,900,1401,1142
1316,632,469,900,1401,1142
1312,620,469,900,1401,1142
1308,611,469,900,1401,1142
1306,603,469,900,1401,1142
1301,594,469,900,1401,1142
1295,583,469,900,1401,1142
1290,575,469,900,1401,1142
1287,570,469,900,1401,1142
1284,563,469,900,1401,1142
1279,554,469,900,1401,1142
1273,546,469,900,1401,1142
1270,540,469,900,1401,1142
1266,533,469,900,1401,1142
1261,526,469,900,1401,1142
1256,520,469,900,1401,1142
1249,512,469,900,1401,1142
1243,505,469,900,1401,1142
1231,491,469,900,1401,1142
1225,483,469,900,1401,1142
1218,477,469,900,1401,1142
1212,470,469,900,1401,1142
1206,463,469,900,1401,1142
1201,459,469,900,1401,1142
1197,454,469,900,1401,1142
1192,449,469,900,1401,1142
1186,444,469,900,1401,1142
1181,439,469,900,1401,1142
1175,434,469,900,1401,1142
1166,428,469,900,1401,1142
1159,423,469,900,1401,1142
1150,418,469,900,1401,1142
1144,416,469,900,1401,1142
1138,414,469,900,1401,1142
1130,411,469,900,1401,1142
1120,407,469,900,1401,1142
1114,404,469,900,1401,1142
1104,399,469,900,1401,1142
1092,394,469,900,1401,1142
1084,390,469,900,1401,1142
1075,385,469,900,1401,1142
1069,382,469,900,1401,1142
1064,379,469,900,1401,1142
1061,377,469,900,1401,1142
1056,375,469,900,1401,1142
1050,372,469,900,1401,1142
1045,371,469,900,1401,1142
1044,370,469,900,1401,1142
1044,370,469,900,1401,1142
