897,374,431,899,1335,1186
897,374,431,899,1335,1186
897,374,431,899,1335,1186
897,374,431,899,1335,1186
897,374,431,899,1335,1186
897,375,431,899,1335,1186
895,380,431,899,1335,1186
887,392,431,899,1335,1186
882,400,431,899,1335,1186
872,416,431,899,1335,1186
859,432,431,899,1335,1186
846,449,431,899,1335,1186
830,468,431,899,1335,1186
817,484,431,899,1335,1186
806,500,431,899,1335,1186
796,519,431,899,1335,1186
783,543,431,899,1335,1186
771,562,431,899,1335,1186
761,579,431,899,1335,1186
753,593,431,899,1335,1186
741,612,431,899,1335,1186
732,629,431,899,1335,1186
725,639,431,899,1335,1186
715,648,431,899,1335,1186
705,659,431,899,1335,1186
695,667,431,899,1335,1186
684,676,431,899,1335,1186
668,686,431,899,1335,1186
654,696,431,899,1335,1186
646,701,431,899,1335,1186
638,709,431,899,1335,1186
627,720,431,899,1335,1186
614,732,431,899,1335,1186
602,742,431,899,1335,1186
590,753,431,899,1335,1186
577,766,431,899,1335,1186
568,776,431,899,1335,1186
563,783,431,899,1335,1186
559,789,431,899,1335,1186
551,800,431,899,1335,1186
543,811,431,899,1335,1186
537,820,431,899,1335,1186
530,828,431,899,1335,1186
527,832,431,899,1335,1186
524,837,431,899,1335,1186
515,844,431,899,1335,1186
501,853,431,899,1335,1186
485,860,431,899,1335,1186
472,863,431,899,1335,1186
467,865,431,899,1335,1186
464,866,431,899,1335,1186
459,869,431,899,1335,1186
454,871,431,899,1335,1186
451,873,431,899,1335,1186
451,873,431,899,1335,1186
451,873,431,899,1335,1186
446,880,431,899,1335,1186
439,887,431,899,1335,1186
436,889,431,899,1335,1186
436,889,431,899,1335,1186
436,889,431,899,1335,1186
434,893,431,899,1335,1186
433,899,431,899,1335,1186
431,903,431,899,1335,1186
430,908,431,899,1335,1186
430,909,431,899,1335,1186
430,909,431,899,1335,1186
430,909,431,899,1335,1186
444,914,431,899,1335,1186
463,920,431,899,1335,1186
472,922,431,899,1335,1186
483,926,431,899,1335,1186
494,930,431,899,1335,1186
515,937,431,899,1335,1186
536,945,431,899,1335,1186
552,949,431,899,1335,1186
565,951,431,899,1335,1186
580,956,431,899,1335,1186
600,964,431,899,1335,1186
617,971,431,899,1335,1186
631,980,431,899,1335,1186
649,990,431,899,1335,1186
667,1000,431,899,1335,1186
691,1009,431,899,1335,1186
712,1019,431,899,1335,1186
736,1030,431,899,1335,1186
767,1042,431,899,1335,1186
801,1052,431,899,1335,1186
827,1059,431,899,1335,1186
852,1066,431,899,1335,1186
872,1073,431,899,1335,1186
886,1077,431,899,1335,1186
908,1085,431,899,1335,1186
933,1096,431,899,1335,1186
956,1106,431,899,1335,1186
977,1116,431,899,1335,1186
997,1127,431,899,1335,1186
1013,1136,431,899,1335,1186
1035,1144,431,899,1335,1186
1056,1150,431,899,1335,1186
1075,1155,431,899,1335,1186
1097,1158,431,899,1335,1186
1122,1161,431,899,1335,1186
1141,1165,431,899,1335,1186
1154,1167,431,899,1335,1186
1170,1171,431,899,1335,1186
1187,1173,431,899,1335,1186
1200,1175,431,899,1335,1186
1212,1176,431,899,1335,1186
1220,1176,431,899,1335,1186
1225,1176,431,899,1335,1186
1225,1176,431,899,1335,1186
1225,1176,431,899,1335,1186
1225,1176,431,899,1335,1186
1236,1179,431,899,1335,1186
1249,1181,431,899,1335,1186
1259,1182,431,899,1335,1186
1262,1182,431,899,1335,1186
1262,1182,431,899,1335,1186
1262,1182,431,899,1335,1186
1270,1183,431,899,1335,1186
1285,1185,431,899,1335,1186
1299,1187,431,899,1335,1186
1303,1187,431,899,1335,1186
1303,1187,431,899,1335,1186
1303,1187,431,899,1335,1186
1303,1187,431,899,1335,1186
1309,1189,431,899,1335,1186
1315,1190,431,899,1335,1186
1318,1191,431,899,1335,1186
1319,1191,431,899,1335,1186
1319,1191,431,899,1335,1186
1319,1191,431,899,1335,1186
1319,1191,431,899,1335,1186
1319,1191,431,899,1335,1186
1324,1189,431,899,1335,1186
1327,1189,431,899,1335,1186
1330,1188,431,899,1335,1186
1330,1188,431,899,1335,1186
1331,1187,431,899,1335,1186
1336,1185,431,899,1335,1186
1341,1183,431,899,1335,1186
1342,1183,431,899,1335,1186
1342,1183,431,899,1335,1186
1342,1183,431,899,1335,1186
1342,1183,431,899,1335,1186
1342,1183,431,899,1335,1186
1335,1173,431,899,1335,1186
1318,1151,431,899,1335,1186
1297,1127,431,899,1335,1186
1283,1106,431,899,1335,1186
1275,1086,431,899,1335,1186
1267,1062,431,899,1335,1186
1265,1040,431,899,1335,1186
1261,1020,431,899,1335,1186
1259,999,431,899,1335,1186
1256,978,431,899,1335,1186
1253,956,431,899,1335,1186
1252,932,431,899,1335,1186
1248,906,431,899,1335,1186
1244,878,431,899,1335,1186
1236,839,431,899,1335,1186
1232,797,431,899,1335,1186
1224,754,431,899,1335,1186
1212,714,431,899,1335,1186
1196,676,431,899,1335,1186
1183,640,431,899,1335,1186
1167,607,431,899,1335,1186
1149,572,431,899,1335,1186
1130,538,431,899,1335,1186
1112,509,431,899,1335,1186
1097,488,431,899,1335,1186
1090,477,431,899,1335,1186
1084,468,431,899,1335,1186
1075,455,431,899,1335,1186
1067,444,431,899,1335,1186
1059,431,431,899,1335,1186
1053,422,431,899,1335,1186
1050,414,431,899,1335,1186
1047,406,431,899,1335,1186
1044,400,431,899,1335,1186
1041,395,431,899,1335,1186
1039,391,431,899,1335,1186
1037,387,431,899,1335,1186
1037,386,431,899,1335,1186
1034,378,431,899,1335,1186
1033,373,431,899,1335,1186
1034,372,431,899,1335,1186
