900,381,441,996,1341,884
900,381,441,996,1341,884
900,381,441,996,1341,884
900,381,441,996,1341,884
900,381,441,996,1341,884
895,382,441,996,1341,884
890,391,441,996,1341,884
884,402,441,996,1341,884
876,421,441,996,1341,884
865,443,441,996,1341,884
856,466,441,996,1341,884
849,479,441,996,1341,884
843,489,441,996,1341,884
839,502,441,996,1341,884
831,516,441,996,1341,884
823,528,441,996,1341,884
819,535,441,996,1341,884
815,541,441,996,1341,884
810,549,441,996,1341,884
803,559,441,996,1341,884
797,568,441,996,1341,884
792,577,441,996,1341,884
785,590,441,996,1341,884
775,606,441,996,1341,884
769,616,441,996,1341,884
763,626,441,996,1341,884
759,636,441,996,1341,884
753,650,441,996,1341,884
748,657,441,996,1341,884
744,661,441,996,1341,884
739,669,441,996,1341,884
730,679,441,996,1341,884
718,692,441,996,1341,884
708,702,441,996,1341,884
695,711,441,996,1341,884
679,724,441,996,1341,884
667,735,441,996,1341,884
658,742,441,996,1341,884
649,751,441,996,1341,884
637,766,441,996,1341,884
625,779,441,996,1341,884
616,794,441,996,1341,884
606,807,441,996,1341,884
599,821,441,996,1341,884
591,831,441,996,1341,884
585,838,441,996,1341,884
580,844,441,996,1341,884
577,849,441,996,1341,884
569,855,441,996,1341,884
560,862,441,996,1341,884
553,868,441,996,1341,884
542,877,441,996,1341,884
530,886,441,996,1341,884
520,895,441,996,1341,884
509,901,441,996,1341,884
501,907,441,996,1341,884
496,911,441,996,1341,884
492,914,441,996,1341,884
482,920,441,996,1341,884
475,928,441,996,1341,884
471,933,441,996,1341,884
467,940,441,996,1341,884
463,947,441,996,1341,884
462,952,441,996,1341,884
459,960,441,996,1341,884
455,966,441,996,1341,884
454,971,441,996,1341,884
454,973,441,996,1341,884
455,977,441,996,1341,884
454,982,441,996,1341,884
453,987,441,996,1341,884
453,990,441,996,1341,884
452,995,441,996,1341,884
452,998,441,996,1341,884
452,1000,441,996,1341,884
452,1000,441,996,1341,884
452,1002,441,996,1341,884
453,1007,441,996,1341,884
451,1012,441,996,1341,884
449,1018,441,996,1341,884
449,1019,441,996,1341,884
450,1021,441,996,1341,884
460,1030,441,996,1341,884
474,1037,441,996,1341,884
487,1040,441,996,1341,884
498,1043,441,996,1341,884
507,1044,441,996,1341,884
519,1044,441,996,1341,884
531,1044,441,996,1341,884
548,1043,441,996,1341,884
568,1042,441,996,1341,884
589,1041,441,996,1341,884
602,1041,441,996,1341,884
615,1039,441,996,1341,884
648,1038,441,996,1341,884
668,1035,441,996,1341,884
690,1033,441,996,1341,884
710,1030,441,996,1341,884
727,1025,441,996,1341,884
741,1022,441,996,1341,884
751,1019,441,996,1341,884
762,1016,441,996,1341,884
770,1015,441,996,1341,884
782,1012,441,996,1341,884
795,1009,441,996,1341,884
808,1005,441,996,1341,884
820,1002,441,996,1341,884
834,1000,441,996,1341,884
848,997,441,996,1341,884
860,993,441,996,1341,884
873,990,441,996,1341,884
889,984,441,996,1341,884
904,982,441,996,1341,884
918,980,441,996,1341,884
931,979,441,996,1341,884
944,978,441,996,1341,884
953,977,441,996,1341,884
965,976,441,996,1341,884
979,974,441,996,1341,884
994,973,441,996,1341,884
1008,970,441,996,1341,884
1024,969,441,996,1341,884
1037,967,441,996,1341,884
1058,963,441,996,1341,884
1083,957,441,996,1341,884
1106,951,441,996,1341,884
1127,946,441,996,1341,884
1145,942,441,996,1341,884
1159,939,441,996,1341,884
1174,933,441,996,1341,884
1183,931,441,996,1341,884
1191,929,441,996,1341,884
1193,928,441,996,1341,884
1197,928,441,996,1341,884
1205,926,441,996,1341,884
1214,925,441,996,1341,884
1222,924,441,996,1341,884
1233,923,441,996,1341,884
1252,922,441,996,1341,884
1271,921,441,996,1341,884
1276,920,441,996,1341,884
1277,920,441,996,1341,884
1277,920,441,996,1341,884
1283,916,441,996,1341,884
1291,913,441,996,1341,884
1297,910,441,996,1341,884
1298,909,441,996,1341,884
1298,909,441,996,1341,884
1299,909,441,996,1341,884
1310,902,441,996,1341,884
1321,895,441,996,1341,884
1327,891,441,996,1341,884
1332,886,441,996,1341,884
1336,881,441,996,1341,884
1342,876,441,996,1341,884
1344,875,441,996,1341,884
1344,875,441,996,1341,884
1344,875,441,996,1341,884
1344,875,441,996,1341,884
1343,875,441,996,1341,884
1342,875,441,996,1341,884
1342,876,441,996,1341,884
1340,876,441,996,1341,884
1340,876,441,996,1341,884
1340,876,441,996,1341,884
1337,865,441,996,1341,884
1328,841,441,996,1341,884
1319,811,441,996,1341,884
1314,777,441,996,1341,884
1314,743,441,996,1341,884
1314,723,441,996,1341,884
1309,711,441,996,1341,884
1303,698,441,996,1341,884
1297,686,441,996,1341,884
1284,662,441,996,1341,884
1274,644,441,996,1341,884
1257,622,441,996,1341,884
1238,595,441,996,1341,884
1217,568,441,996,1341,884
1205,553,441,996,1341,884
1193,535,441,996,1341,884
1179,518,441,996,1341,884
1171,506,441,996,1341,884
1159,491,441,996,1341,884
1145,475,441,996,1341,884
1134,460,441,996,1341,884
1125,449,441,996,1341,884
1109,431,441,996,1341,884
1096,416,441,996,1341,884
1088,408,441,996,1341,884
1083,403,441,996,1341,884
1081,400,441,996,1341,884
1080,399,441,996,1341,884
1080,399,441,996,1341,884
1080,399,441,996,1341,884
1080,399,441,996,1341,884
1080,399,441,996,1341,884
1080,399,441,996,1341,884
1080,399,441,996,1341,884
1080,399,441,996,1341,884
1080,399,441,996,1341,884
1080,399,441,996,1341,884
1080,399,441,996,1341,884
1080,399,441,996,1341,884
1080,399,441,996,1341,884
1080,399,441,996,1341,884
1080,399,441,996,1341,884
1080,399,441,996,1341,884
1080,399,441,996,1341,884
1080,399,441,996,1341,884
1080,399,441,996,1341,884
1080,399,441,996,1341,884
1080,399,441,996,1341,884
1078,393,441,996,1341,884
1073,386,441,996,1341,884
1070,381,441,996,1341,884
1069,380,441,996,1341,884
1069,380,441,996,1341,884
1069,380,441,996,1341,884
1069,380,441,996,1341,884
1069,380,441,996,1341,884
1069,380,441,996,1341,884
1069,380,441,996,1341,884
1069,380,441,996,1341,884
1069,380,441,996,1341,884
1069,380,441,996,1341,884
1069,380,441,996,1341,884
