912,377,326,1147,1443,1179
912,377,326,1147,1443,1179
912,377,326,1147,1443,1179
912,377,326,1147,1443,1179
912,377,326,1147,1443,1179
912,377,326,1147,1443,1179
911,377,326,1147,1443,1179
906,390,326,1147,1443,1179
901,407,326,1147,1443,1179
897,421,326,1147,1443,1179
894,427,326,1147,1443,1179
888,437,326,1147,1443,1179
878,452,326,1147,1443,1179
867,467,326,1147,1443,1179
859,478,326,1147,1443,1179
850,489,326,1147,1443,1179
840,501,326,1147,1443,1179
833,510,326,1147,1443,1179
826,515,326,1147,1443,1179
820,519,326,1147,1443,1179
808,532,326,1147,1443,1179
794,547,326,1147,1443,1179
780,559,326,1147,1443,1179
768,571,326,1147,1443,1179
758,581,326,1147,1443,1179
747,588,326,1147,1443,1179
741,592,326,1147,1443,1179
736,595,326,1147,1443,1179
732,596,326,1147,1443,1179
723,602,326,1147,1443,1179
713,610,326,1147,1443,1179
699,624,326,1147,1443,1179
686,642,326,1147,1443,1179
673,658,326,1147,1443,1179
665,670,326,1147,1443,1179
658,680,326,1147,1443,1179
653,687,326,1147,1443,1179
644,698,326,1147,1443,1179
635,710,326,1147,1443,1179
628,721,326,1147,1443,1179
619,736,326,1147,1443,1179
611,747,326,1147,1443,1179
602,760,326,1147,1443,1179
593,772,326,1147,1443,1179
586,781,326,1147,1443,1179
576,791,326,1147,1443,1179
565,803,326,1147,1443,1179
554,813,326,1147,1443,1179
542,826,326,1147,1443,1179
531,839,326,1147,1443,1179
520,852,326,1147,1443,1179
509,864,326,1147,1443,1179
498,876,326,1147,1443,1179
485,889,326,1147,1443,1179
474,901,326,1147,1443,1179
465,911,326,1147,1443,1179
457,920,326,1147,1443,1179
438,934,326,1147,1443,1179
420,946,326,1147,1443,1179
397,962,326,1147,1443,1179
382,975,326,1147,1443,1179
365,990,326,1147,1443,1179
346,1007,326,1147,1443,1179
330,1020,326,1147,1443,1179
315,1032,326,1147,1443,1179
288,1052,326,1147,1443,1179
276,1070,326,1147,1443,1179
271,1077,326,1147,1443,1179
267,1086,326,1147,1443,1179
263,1093,326,1147,1443,1179
259,1101,326,1147,1443,1179
257,1105,326,1147,1443,1179
256,1112,326,1147,1443,1179
256,1121,326,1147,1443,1179
255,1130,326,1147,1443,1179
258,1138,326,1147,1443,1179
260,1142,326,1147,1443,1179
263,1144,326,1147,1443,1179
268,1147,326,1147,1443,1179
273,1148,326,1147,1443,1179
286,1148,326,1147,1443,1179
295,1147,326,1147,1443,1179
302,1147,326,1147,1443,1179
323,1144,326,1147,1443,1179
328,1144,326,1147,1443,1179
331,1144,326,1147,1443,1179
338,1144,326,1147,1443,1179
348,1144,326,1147,1443,1179
360,1145,326,1147,1443,1179
369,1146,326,1147,1443,1179
381,1148,326,1147,1443,1179
390,1150,326,1147,1443,1179
399,1152,326,1147,1443,1179
411,1153,326,1147,1443,1179
425,1153,326,1147,1443,1179
444,1153,326,1147,1443,1179
461,1153,326,1147,1443,1179
488,1152,326,1147,1443,1179
511,1152,326,1147,1443,1179
534,1151,326,1147,1443,1179
556,1152,326,1147,1443,1179
570,1152,326,1147,1443,1179
579,1151,326,1147,1443,1179
592,1151,326,1147,1443,1179
604,1149,326,1147,1443,1179
620,1149,326,1147,1443,1179
632,1149,326,1147,1443,1179
648,1149,326,1147,1443,1179
664,1150,326,1147,1443,1179
670,1151,326,1147,1443,1179
677,1152,326,1147,1443,1179
688,1151,326,1147,1443,1179
699,1151,326,1147,1443,1179
713,1151,326,1147,1443,1179
729,1151,326,1147,1443,1179
753,1152,326,1147,1443,1179
771,1152,326,1147,1443,1179
780,1152,326,1147,1443,1179
793,1152,326,1147,1443,1179
811,1154,326,1147,1443,1179
820,1155,326,1147,1443,1179
834,1156,326,1147,1443,1179
849,1158,326,1147,1443,1179
868,1158,326,1147,1443,1179
884,1159,326,1147,1443,1179
894,1159,326,1147,1443,1179
904,1159,326,1147,1443,1179
921,1159,326,1147,1443,1179
940,1159,326,1147,1443,1179
956,1158,326,1147,1443,1179
967,1158,326,1147,1443,1179
975,1158,326,1147,1443,1179
984,1159,326,1147,1443,1179
990,1160,326,1147,1443,1179
995,1161,326,1147,1443,1179
1001,1162,326,1147,1443,1179
1008,1163,326,1147,1443,1179
1016,1164,326,1147,1443,1179
1027,1166,326,1147,1443,1179
1036,1168,326,1147,1443,1179
1047,1169,326,1147,1443,1179
1068,1170,326,1147,1443,1179
1091,1171,326,1147,1443,1179
1106,1170,326,1147,1443,1179
1115,1170,326,1147,1443,1179
1116,1170,326,1147,1443,1179
1124,1171,326,1147,1443,1179
1137,1173,326,1147,1443,1179
1150,1174,326,1147,1443,1179
1157,1175,326,1147,1443,1179
1163,1176,326,1147,1443,1179
1172,1178,326,1147,1443,1179
1183,1179,326,1147,1443,1179
1189,1179,326,1147,1443,1179
1196,1180,326,1147,1443,1179
1205,1182,326,1147,1443,1179
1213,1183,326,1147,1443,1179
1219,1184,326,1147,1443,1179
1227,1185,326,1147,1443,1179
1236,1186,326,1147,1443,1179
1247,1187,326,1147,1443,1179
1253,1187,326,1147,1443,1179
1258,1187,326,1147,1443,1179
1264,1188,326,1147,1443,1179
1270,1188,326,1147,1443,1179
1274,1188,326,1147,1443,1179
1286,1188,326,1147,1443,1179
1296,1189,326,1147,1443,1179
1301,1189,326,1147,1443,1179
1306,1189,326,1147,1443,1179
1312,1188,326,1147,1443,1179
1319,1188,326,1147,1443,1179
1324,1188,326,1147,1443,1179
1330,1188,326,1147,1443,1179
1344,1189,326,1147,1443,1179
1351,1189,326,1147,1443,1179
1352,1189,326,1147,1443,1179
1352,1189,326,1147,1443,1179
1352,1189,326,1147,1443,1179
1352,1189,326,1147,1443,1179
1361,1189,326,1147,1443,1179
1374,1189,326,1147,1443,1179
1384,1189,326,1147,1443,1179
1387,1189,326,1147,1443,1179
1387,1189,326,1147,1443,1179
1393,1189,326,1147,1443,1179
1406,1189,326,1147,1443,1179
1412,1189,326,1147,1443,1179
1415,1188,326,1147,1443,1179
1418,1187,326,1147,1443,1179
1421,1187,326,1147,1443,1179
1423,1186,326,1147,1443,1179
1427,1185,326,1147,1443,1179
1431,1185,326,1147,1443,1179
1435,1185,326,1147,1443,1179
1438,1184,326,1147,1443,1179
1445,1182,326,1147,1443,1179
1450,1180,326,1147,1443,1179
1452,1178,326,1147,1443,1179
1459,1175,326,1147,1443,1179
1465,1170,326,1147,1443,1179
1470,1166,326,1147,1443,1179
1473,1162,326,1147,1443,1179
1476,1158,326,1147,1443,1179
1481,1150,326,1147,1443,1179
1484,1143,326,1147,1443,1179
1486,1135,326,1147,1443,1179
1488,1126,326,1147,1443,1179
1488,1118,326,1147,1443,1179
1489,1110,326,1147,1443,1179
1489,1101,326,1147,1443,1179
1489,1092,326,1147,1443,1179
1489,1082,326,1147,1443,1179
1489,1075,326,1147,1443,1179
1487,1063,326,1147,1443,1179
1485,1054,326,1147,1443,1179
1483,1042,326,1147,1443,1179
1480,1026,326,1147,1443,1179
1475,1011,326,1147,1443,1179
1468,998,326,1147,1443,1179
1463,985,326,1147,1443,1179
1456,973,326,1147,1443,1179
1448,961,326,1147,1443,1179
1441,951,326,1147,1443,1179
1431,939,326,1147,1443,1179
1418,923,326,1147,1443,1179
1402,905,326,1147,1443,1179
1388,883,326,1147,1443,1179
1375,864,326,1147,1443,1179
1364,849,326,1147,1443,1179
1352,833,326,1147,1443,1179
1340,815,326,1147,1443,1179
1328,800,326,1147,1443,1179
1316,782,326,1147,1443,1179
1301,761,326,1147,1443,1179
1284,737,326,1147,1443,1179
1271,721,326,1147,1443,1179
1258,701,326,1147,1443,1179
1242,678,326,1147,1443,1179
1225,654,326,1147,1443,1179
1211,633,326,1147,1443,1179
1194,608,326,1147,1443,1179
1182,589,326,1147,1443,1179
1168,566,326,1147,1443,1179
1154,543,326,1147,1443,1179
1141,524,326,1147,1443,1179
1131,508,326,1147,1443,1179
1120,494,326,1147,1443,1179
1111,479,326,1147,1443,1179
1106,469,326,1147,1443,1179
1098,457,326,1147,1443,1179
1089,443,326,1147,1443,1179
1083,431,326,1147,1443,1179
1079,424,326,1147,1443,1179
1078,421,326,1147,1443,1179
1076,418,326,1147,1443,1179
1074,412,326,1147,1443,1179
1071,405,326,1147,1443,1179
1069,399,326,1147,1443,1179
1066,392,326,1147,1443,1179
1064,387,326,1147,1443,1179
1062,382,326,1147,1443,1179
1061,381,326,1147,1443,1179
1061,381,326,1147,1443,1179
1061,381,326,1147,1443,1179
1061,381,326,1147,1443,1179
1061,381,326,1147,1443,1179
1061,381,326,1147,1443,1179
