863,377,418,1122,1375,925
863,377,418,1122,1375,925
863,377,418,1122,1375,925
863,377,418,1122,1375,925
863,377,418,1122,1375,925
863,377,418,1122,1375,925
863,377,418,1122,1375,925
862,377,418,1122,1375,925
860,385,418,1122,1375,925
856,395,418,1122,1375,925
851,403,418,1122,1375,925
847,410,418,1122,1375,925
843,416,418,1122,1375,925
839,425,418,1122,1375,925
833,433,418,1122,1375,925
827,441,418,1122,1375,925
819,450,418,1122,1375,925
809,461,418,1122,1375,925
798,474,418,1122,1375,925
786,486,418,1122,1375,925
771,500,418,1122,1375,925
756,514,418,1122,1375,925
743,530,418,1122,1375,925
731,543,418,1122,1375,925
722,554,418,1122,1375,925
716,561,418,1122,1375,925
711,566,418,1122,1375,925
702,576,418,1122,1375,925
692,588,418,1122,1375,925
681,600,418,1122,1375,925
670,613,418,1122,1375,925
657,629,418,1122,1375,925
640,649,418,1122,1375,925
622,672,418,1122,1375,925
612,687,418,1122,1375,925
598,710,418,1122,1375,925
586,732,418,1122,1375,925
578,747,418,1122,1375,925
571,758,418,1122,1375,925
564,771,418,1122,1375,925
561,779,418,1122,1375,925
555,790,418,1122,1375,925
549,799,418,1122,1375,925
544,808,418,1122,1375,925
537,818,418,1122,1375,925
531,829,418,1122,1375,925
527,837,418,1122,1375,925
524,843,418,1122,1375,925
520,850,418,1122,1375,925
516,859,418,1122,1375,925
511,870,418,1122,1375,925
505,882,418,1122,1375,925
501,892,418,1122,1375,925
493,907,418,1122,1375,925
489,917,418,1122,1375,925
484,925,418,1122,1375,925
477,937,418,1122,1375,925
469,950,418,1122,1375,925
464,960,418,1122,1375,925
459,970,418,1122,1375,925
454,981,418,1122,1375,925
450,989,418,1122,1375,925
444,998,418,1122,1375,925
439,1007,418,1122,1375,925
434,1015,418,1122,1375,925
432,1020,418,1122,1375,925
430,1026,418,1122,1375,925
428,1032,418,1122,1375,925
426,1038,418,1122,1375,925
424,1043,418,1122,1375,925
422,1047,418,1122,1375,925
421,1053,418,1122,1375,925
420,1056,418,1122,1375,925
420,1062,418,1122,1375,925
419,1067,418,1122,1375,925
419,1072,418,1122,1375,925
419,1076,418,1122,1375,925
419,1081,418,1122,1375,925
419,1084,418,1122,1375,925
419,1087,418,1122,1375,925
419,1089,418,1122,1375,925
421,1094,418,1122,1375,925
423,1098,418,1122,1375,925
423,1102,418,1122,1375,925
423,1106,418,1122,1375,925
424,1108,418,1122,1375,925
424,1111,418,1122,1375,925
424,1115,418,1122,1375,925
424,1119,418,1122,1375,925
424,1121,418,1122,1375,925
424,1122,418,1122,1375,925
424,1123,418,1122,1375,925
424,1123,418,1122,1375,925
424,1123,418,1122,1375,925
424,1123,418,1122,1375,925
426,1123,418,1122,1375,925
427,1123,418,1122,1375,925
431,1122,418,1122,1375,925
444,1119,418,1122,1375,925
460,1117,418,1122,1375,925
474,1114,418,1122,1375,925
485,1113,418,1122,1375,925
497,1112,418,1122,1375,925
510,1110,418,1122,1375,925
525,1108,418,1122,1375,925
541,1105,418,1122,1375,925
557,1103,418,1122,1375,925
574,1101,418,1122,1375,925
587,1100,418,1122,1375,925
608,1096,418,1122,1375,925
630,1093,418,1122,1375,925
650,1090,418,1122,1375,925
670,1087,418,1122,1375,925
690,1083,418,1122,1375,925
710,1080,418,1122,1375,925
726,1075,418,1122,1375,925
748,1071,418,1122,1375,925
766,1066,418,1122,1375,925
777,1061,418,1122,1375,925
790,1058,418,1122,1375,925
808,1054,418,1122,1375,925
828,1049,418,1122,1375,925
849,1045,418,1122,1375,925
873,1042,418,1122,1375,925
899,1037,418,1122,1375,925
922,1033,418,1122,1375,925
942,1029,418,1122,1375,925
957,1027,418,1122,1375,925
973,1025,418,1122,1375,925
990,1023,418,1122,1375,925
1006,1020,418,1122,1375,925
1017,1017,418,1122,1375,925
1030,1011,418,1122,1375,925
1044,1005,418,1122,1375,925
1062,1000,418,1122,1375,925
1083,993,418,1122,1375,925
1104,989,418,1122,1375,925
1122,985,418,1122,1375,925
1141,982,418,1122,1375,925
1158,978,418,1122,1375,925
1168,976,418,1122,1375,925
1174,975,418,1122,1375,925
1180,974,418,1122,1375,925
1191,972,418,1122,1375,925
1205,970,418,1122,1375,925
1219,967,418,1122,1375,925
1232,964,418,1122,1375,925
1245,960,418,1122,1375,925
1258,955,418,1122,1375,925
1273,949,418,1122,1375,925
1288,943,418,1122,1375,925
1293,940,418,1122,1375,925
1293,940,418,1122,1375,925
1294,939,418,1122,1375,925
1297,937,418,1122,1375,925
1301,935,418,1122,1375,925
1308,933,418,1122,1375,925
1317,930,418,1122,1375,925
1328,930,418,1122,1375,925
1337,930,418,1122,1375,925
1339,930,418,1122,1375,925
1339,930,418,1122,1375,925
1339,930,418,1122,1375,925
1343,930,418,1122,1375,925
1346,929,418,1122,1375,925
1351,928,418,1122,1375,925
1355,927,418,1122,1375,925
1358,927,418,1122,1375,925
1358,927,418,1122,1375,925
1360,926,418,1122,1375,925
1360,926,418,1122,1375,925
1364,924,418,1122,1375,925
1364,924,418,1122,1375,925
1366,922,418,1122,1375,925
1368,922,418,1122,1375,925
1368,922,418,1122,1375,925
1368,922,418,1122,1375,925
1368,922,418,1122,1375,925
1368,922,418,1122,1375,925
1368,922,418,1122,1375,925
1367,920,418,1122,1375,925
1356,904,418,1122,1375,925
1336,876,418,1122,1375,925
1315,844,418,1122,1375,925
1301,820,418,1122,1375,925
1295,809,418,1122,1375,925
1291,799,418,1122,1375,925
1284,789,418,1122,1375,925
1276,773,418,1122,1375,925
1266,752,418,1122,1375,925
1253,729,418,1122,1375,925
1243,708,418,1122,1375,925
1233,687,418,1122,1375,925
1220,662,418,1122,1375,925
1210,644,418,1122,1375,925
1203,628,418,1122,1375,925
1194,611,418,1122,1375,925
1184,593,418,1122,1375,925
1176,580,418,1122,1375,925
1168,567,418,1122,1375,925
1154,546,418,1122,1375,925
1137,522,418,1122,1375,925
1127,502,418,1122,1375,925
1121,485,418,1122,1375,925
1117,473,418,1122,1375,925
1111,458,418,1122,1375,925
1103,442,418,1122,1375,925
1098,432,418,1122,1375,925
1095,425,418,1122,1375,925
1091,418,418,1122,1375,925
1087,411,418,1122,1375,925
1082,404,418,1122,1375,925
1079,400,418,1122,1375,925
1076,398,418,1122,1375,925
1073,393,418,1122,1375,925
1067,386,418,1122,1375,925
1061,380,418,1122,1375,925
1055,374,418,1122,1375,925
1054,373,418,1122,1375,925
1054,373,418,1122,1375,925
