889,373,350,998,1624,936
889,373,350,998,1624,936
889,373,350,998,1624,936
889,373,350,998,1624,936
889,373,350,998,1624,936
889,373,350,998,1624,936
889,373,350,998,1624,936
889,373,350,998,1624,936
888,378,350,998,1624,936
882,386,350,998,1624,936
878,393,350,998,1624,936
874,398,350,998,1624,936
869,404,350,998,1624,936
860,414,350,998,1624,936
850,424,350,998,1624,936
841,435,350,998,1624,936
831,445,350,998,1624,936
821,458,350,998,1624,936
805,472,350,998,1624,936
793,486,350,998,1624,936
783,500,350,998,1624,936
772,515,350,998,1624,936
757,533,350,998,1624,936
748,547,350,998,1624,936
734,566,350,998,1624,936
720,585,350,998,1624,936
703,611,350,998,1624,936
680,639,350,998,1624,936
657,665,350,998,1624,936
637,691,350,998,1624,936
617,712,350,998,1624,936
598,733,350,998,1624,936
581,753,350,998,1624,936
568,768,350,998,1624,936
557,782,350,998,1624,936
551,790,350,998,1624,936
542,803,350,998,1624,936
531,815,350,998,1624,936
521,825,350,998,1624,936
511,835,350,998,1624,936
498,847,350,998,1624,936
487,856,350,998,1624,936
477,865,350,998,1624,936
469,875,350,998,1624,936
460,884,350,998,1624,936
452,894,350,998,1624,936
446,901,350,998,1624,936
440,910,350,998,1624,936
433,919,350,998,1624,936
427,927,350,998,1624,936
423,933,350,998,1624,936
420,940,350,998,1624,936
411,950,350,998,1624,936
405,960,350,998,1624,936
402,967,350,998,1624,936
397,973,350,998,1624,936
392,979,350,998,1624,936
387,983,350,998,1624,936
384,984,350,998,1624,936
382,986,350,998,1624,936
378,989,350,998,1624,936
368,993,350,998,1624,936
357,996,350,998,1624,936
352,998,350,998,1624,936
346,1002,350,998,1624,936
337,1008,350,998,1624,936
336,1009,350,998,1624,936
334,1009,350,998,1624,936
334,1009,350,998,1624,936
334,1009,350,998,1624,936
334,1009,350,998,1624,936
334,1009,350,998,1624,936
340,1009,350,998,1624,936
358,1009,350,998,1624,936
386,1009,350,998,1624,936
424,1009,350,998,1624,936
459,1009,350,998,1624,936
475,1009,350,998,1624,936
489,1010,350,998,1624,936
504,1010,350,998,1624,936
521,1010,350,998,1624,936
544,1010,350,998,1624,936
568,1010,350,998,1624,936
595,1010,350,998,1624,936
629,1010,350,998,1624,936
662,1010,350,998,1624,936
704,1010,350,998,1624,936
742,1008,350,998,1624,936
770,1008,350,998,1624,936
806,1008,350,998,1624,936
840,1007,350,998,1624,936
878,1007,350,998,1624,936
912,1004,350,998,1624,936
929,1001,350,998,1624,936
951,996,350,998,1624,936
971,994,350,998,1624,936
995,988,350,998,1624,936
1020,983,350,998,1624,936
1043,979,350,998,1624,936
1065,977,350,998,1624,936
1082,975,350,998,1624,936
1104,975,350,998,1624,936
1125,975,350,998,1624,936
1150,975,350,998,1624,936
1177,975,350,998,1624,936
1203,975,350,998,1624,936
1229,975,350,998,1624,936
1255,973,350,998,1624,936
1275,973,350,998,1624,936
1294,973,350,998,1624,936
1316,973,350,998,1624,936
1345,973,350,998,1624,936
1367,973,350,998,1624,936
1394,972,350,998,1624,936
1418,971,350,998,1624,936
1437,968,350,998,1624,936
1451,966,350,998,1624,936
1464,964,350,998,1624,936
1476,963,350,998,1624,936
1485,961,350,998,1624,936
1491,960,350,998,1624,936
1501,956,350,998,1624,936
1513,953,350,998,1624,936
1522,952,350,998,1624,936
1531,950,350,998,1624,936
1537,949,350,998,1624,936
1542,948,350,998,1624,936
1551,947,350,998,1624,936
1560,945,350,998,1624,936
1569,944,350,998,1624,936
1576,943,350,998,1624,936
1582,941,350,998,1624,936
1585,939,350,998,1624,936
1587,939,350,998,1624,936
1591,938,350,998,1624,936
1593,937,350,998,1624,936
1598,936,350,998,1624,936
1603,935,350,998,1624,936
1606,935,350,998,1624,936
1606,935,350,998,1624,936
1606,935,350,998,1624,936
1613,936,350,998,1624,936
1618,936,350,998,1624,936
1620,936,350,998,1624,936
1620,936,350,998,1624,936
1620,936,350,998,1624,936
1620,936,350,998,1624,936
1620,936,350,998,1624,936
1620,936,350,998,1624,936
1620,936,350,998,1624,936
1620,936,350,998,1624,936
1620,936,350,998,1624,936
1620,936,350,998,1624,936
1622,934,350,998,1624,936
1628,933,350,998,1624,936
1636,934,350,998,1624,936
1637,933,350,998,1624,936
1637,933,350,998,1624,936
1637,933,350,998,1624,936
1637,933,350,998,1624,936
1637,933,350,998,1624,936
1636,933,350,998,1624,936
1627,929,350,998,1624,936
1609,922,350,998,1624,936
1593,917,350,998,1624,936
1582,914,350,998,1624,936
1574,910,350,998,1624,936
1561,905,350,998,1624,936
1549,899,350,998,1624,936
1535,892,350,998,1624,936
1518,882,350,998,1624,936
1503,873,350,998,1624,936
1491,864,350,998,1624,936
1479,857,350,998,1624,936
1468,849,350,998,1624,936
1458,842,350,998,1624,936
1440,829,350,998,1624,936
1422,815,350,998,1624,936
1403,798,350,998,1624,936
1384,781,350,998,1624,936
1365,763,350,998,1624,936
1346,746,350,998,1624,936
1333,737,350,998,1624,936
1317,727,350,998,1624,936
1303,718,350,998,1624,936
1295,711,350,998,1624,936
1287,701,350,998,1624,936
1277,690,350,998,1624,936
1269,680,350,998,1624,936
1257,663,350,998,1624,936
1246,650,350,998,1624,936
1237,639,350,998,1624,936
1230,632,350,998,1624,936
1223,623,350,998,1624,936
1215,615,350,998,1624,936
1204,605,350,998,1624,936
1194,596,350,998,1624,936
1186,587,350,998,1624,936
1174,572,350,998,1624,936
1159,556,350,998,1624,936
1152,548,350,998,1624,936
1144,540,350,998,1624,936
1133,526,350,998,1624,936
1121,515,350,998,1624,936
1113,504,350,998,1624,936
1101,491,350,998,1624,936
1095,484,350,998,1624,936
1089,473,350,998,1624,936
1084,465,350,998,1624,936
1077,453,350,998,1624,936
1072,444,350,998,1624,936
1068,434,350,998,1624,936
1065,425,350,998,1624,936
1062,418,350,998,1624,936
1061,413,350,998,1624,936
1060,408,350,998,1624,936
1060,403,350,998,1624,936
1060,399,350,998,1624,936
1060,395,350,998,1624,936
1060,391,350,998,1624,936
1059,386,350,998,1624,936
1058,383,350,998,1624,936
1058,380,350,998,1624,936
1057,378,350,998,1624,936
1057,377,350,998,1624,936
1057,377,350,998,1624,936
1057,377,350,998,1624,936
