868,379,565,963,1534,977
868,379,565,963,1534,977
868,379,565,963,1534,977
868,379,565,963,1534,977
868,379,565,963,1534,977
866,380,565,963,1534,977
861,393,565,963,1534,977
856,414,565,963,1534,977
848,443,565,963,1534,977
836,472,565,963,1534,977
834,481,565,963,1534,977
833,486,565,963,1534,977
832,491,565,963,1534,977
829,500,565,963,1534,977
824,512,565,963,1534,977
819,520,565,963,1534,977
813,530,565,963,1534,977
807,542,565,963,1534,977
798,554,565,963,1534,977
790,566,565,963,1534,977
783,576,565,963,1534,977
775,587,565,963,1534,977
766,601,565,963,1534,977
759,611,565,963,1534,977
750,624,565,963,1534,977
744,635,565,963,1534,977
736,645,565,963,1534,977
728,657,565,963,1534,977
723,666,565,963,1534,977
719,671,565,963,1534,977
716,676,565,963,1534,977
715,677,565,963,1534,977
713,679,565,963,1534,977
710,686,565,963,1534,977
703,695,565,963,1534,977
697,704,565,963,1534,977
691,715,565,963,1534,977
685,727,565,963,1534,977
680,742,565,963,1534,977
675,759,565,963,1534,977
673,773,565,963,1534,977
668,793,565,963,1534,977
665,813,565,963,1534,977
660,830,565,963,1534,977
656,845,565,963,1534,977
652,856,565,963,1534,977
650,862,565,963,1534,977
647,868,565,963,1534,977
641,878,565,963,1534,977
634,889,565,963,1534,977
628,898,565,963,1534,977
623,904,565,963,1534,977
617,911,565,963,1534,977
612,917,565,963,1534,977
608,922,565,963,1534,977
605,926,565,963,1534,977
602,930,565,963,1534,977
598,934,565,963,1534,977
594,939,565,963,1534,977
589,944,565,963,1534,977
583,947,565,963,1534,977
576,952,565,963,1534,977
571,955,565,963,1534,977
568,957,565,963,1534,977
559,961,565,963,1534,977
552,964,565,963,1534,977
552,965,565,963,1534,977
552,965,565,963,1534,977
552,964,565,963,1534,977
552,964,565,963,1534,977
552,964,565,963,1534,977
552,964,565,963,1534,977
555,965,565,963,1534,977
565,966,565,963,1534,977
577,966,565,963,1534,977
590,966,565,963,1534,977
601,966,565,963,1534,977
616,966,565,963,1534,977
632,966,565,963,1534,977
643,966,565,963,1534,977
649,966,565,963,1534,977
655,966,565,963,1534,977
661,966,565,963,1534,977
676,966,565,963,1534,977
698,966,565,963,1534,977
715,966,565,963,1534,977
730,966,565,963,1534,977
750,966,565,963,1534,977
770,966,565,963,1534,977
785,966,565,963,1534,977
795,965,565,963,1534,977
809,965,565,963,1534,977
824,964,565,963,1534,977
838,963,565,963,1534,977
850,962,565,963,1534,977
863,960,565,963,1534,977
882,957,565,963,1534,977
901,955,565,963,1534,977
930,950,565,963,1534,977
949,948,565,963,1534,977
966,945,565,963,1534,977
981,944,565,963,1534,977
995,944,565,963,1534,977
1006,944,565,963,1534,977
1014,944,565,963,1534,977
1025,944,565,963,1534,977
1037,944,565,963,1534,977
1050,945,565,963,1534,977
1064,945,565,963,1534,977
1078,945,565,963,1534,977
1093,945,565,963,1534,977
1110,945,565,963,1534,977
1127,945,565,963,1534,977
1145,945,565,963,1534,977
1158,945,565,963,1534,977
1167,946,565,963,1534,977
1182,948,565,963,1534,977
1197,950,565,963,1534,977
1221,954,565,963,1534,977
1234,956,565,963,1534,977
1252,959,565,963,1534,977
1269,961,565,963,1534,977
1285,965,565,963,1534,977
1296,966,565,963,1534,977
1306,968,565,963,1534,977
1316,971,565,963,1534,977
1328,973,565,963,1534,977
1341,975,565,963,1534,977
1350,975,565,963,1534,977
1359,976,565,963,1534,977
1367,977,565,963,1534,977
1373,977,565,963,1534,977
1382,977,565,963,1534,977
1393,977,565,963,1534,977
1404,977,565,963,1534,977
1415,978,565,963,1534,977
1429,980,565,963,1534,977
1444,982,565,963,1534,977
1451,982,565,963,1534,977
1459,982,565,963,1534,977
1465,982,565,963,1534,977
1469,981,565,963,1534,977
1474,979,565,963,1534,977
1480,978,565,963,1534,977
1486,978,565,963,1534,977
1493,979,565,963,1534,977
1500,980,565,963,1534,977
1507,981,565,963,1534,977
1512,981,565,963,1534,977
1517,981,565,963,1534,977
1521,980,565,963,1534,977
1525,979,565,963,1534,977
1531,978,565,963,1534,977
1534,977,565,963,1534,977
1534,977,565,963,1534,977
1534,977,565,963,1534,977
1534,977,565,963,1534,977
1535,975,565,963,1534,977
1537,971,565,963,1534,977
1537,963,565,963,1534,977
1534,954,565,963,1534,977
1529,946,565,963,1534,977
1523,942,565,963,1534,977
1514,938,565,963,1534,977
1504,934,565,963,1534,977
1493,930,565,963,1534,977
1475,924,565,963,1534,977
1463,918,565,963,1534,977
1452,909,565,963,1534,977
1441,892,565,963,1534,977
1430,874,565,963,1534,977
1421,860,565,963,1534,977
1417,850,565,963,1534,977
1415,844,565,963,1534,977
1411,838,565,963,1534,977
1406,830,565,963,1534,977
1399,820,565,963,1534,977
1389,805,565,963,1534,977
1377,789,565,963,1534,977
1365,771,565,963,1534,977
1353,752,565,963,1534,977
1341,732,565,963,1534,977
1329,718,565,963,1534,977
1317,699,565,963,1534,977
1305,681,565,963,1534,977
1290,662,565,963,1534,977
1277,643,565,963,1534,977
1265,623,565,963,1534,977
1253,600,565,963,1534,977
1240,574,565,963,1534,977
1227,552,565,963,1534,977
1218,539,565,963,1534,977
1213,530,565,963,1534,977
1204,520,565,963,1534,977
1196,509,565,963,1534,977
1191,501,565,963,1534,977
1180,491,565,963,1534,977
1168,481,565,963,1534,977
1155,473,565,963,1534,977
1147,468,565,963,1534,977
1139,461,565,963,1534,977
1131,456,565,963,1534,977
1121,449,565,963,1534,977
1114,444,565,963,1534,977
1109,438,565,963,1534,977
1103,431,565,963,1534,977
1096,420,565,963,1534,977
1089,411,565,963,1534,977
1085,407,565,963,1534,977
1080,403,565,963,1534,977
1075,400,565,963,1534,977
1072,398,565,963,1534,977
1068,395,565,963,1534,977
1065,394,565,963,1534,977
1064,393,565,963,1534,977
1064,393,565,963,1534,977
1064,393,565,963,1534,977
1061,389,565,963,1534,977
1057,384,565,963,1534,977
1054,380,565,963,1534,977
1052,377,565,963,1534,977
1052,376,565,963,1534,977
1052,376,565,963,1534,977
