905,372,421,888,1400,1012
905,372,421,888,1400,1012
905,372,421,888,1400,1012
905,372,421,888,1400,1012
905,372,421,888,1400,1012
902,372,421,888,1400,1012
898,379,421,888,1400,1012
895,388,421,888,1400,1012
890,397,421,888,1400,1012
885,405,421,888,1400,1012
878,411,421,888,1400,1012
871,415,421,888,1400,1012
860,421,421,888,1400,1012
849,425,421,888,1400,1012
836,429,421,888,1400,1012
823,434,421,888,1400,1012
811,437,421,888,1400,1012
798,439,421,888,1400,1012
786,440,421,888,1400,1012
776,441,421,888,1400,1012
768,444,421,888,1400,1012
758,450,421,888,1400,1012
745,458,421,888,1400,1012
728,465,421,888,1400,1012
710,476,421,888,1400,1012
690,487,421,888,1400,1012
673,498,421,888,1400,1012
660,507,421,888,1400,1012
649,514,421,888,1400,1012
639,520,421,888,1400,1012
624,528,421,888,1400,1012
612,535,421,888,1400,1012
600,541,421,888,1400,1012
589,549,421,888,1400,1012
581,556,421,888,1400,1012
574,565,421,888,1400,1012
567,575,421,888,1400,1012
562,584,421,888,1400,1012
555,595,421,888,1400,1012
548,606,421,888,1400,1012
543,614,421,888,1400,1012
537,623,421,888,1400,1012
531,633,421,888,1400,1012
525,643,421,888,1400,1012
520,652,421,888,1400,1012
514,660,421,888,1400,1012
508,670,421,888,1400,1012
500,682,421,888,1400,1012
493,693,421,888,1400,1012
485,706,421,888,1400,1012
477,718,421,888,1400,1012
471,727,421,888,1400,1012
467,734,421,888,1400,1012
465,739,421,888,1400,1012
463,742,421,888,1400,1012
460,747,421,888,1400,1012
457,752,421,888,1400,1012
454,756,421,888,1400,1012
451,761,421,888,1400,1012
447,767,421,888,1400,1012
444,772,421,888,1400,1012
442,776,421,888,1400,1012
441,778,421,888,1400,1012
439,783,421,888,1400,1012
436,789,421,888,1400,1012
434,793,421,888,1400,1012
432,799,421,888,1400,1012
431,803,421,888,1400,1012
430,806,421,888,1400,1012
429,810,421,888,1400,1012
428,813,421,888,1400,1012
428,815,421,888,1400,1012
427,816,421,888,1400,1012
427,817,421,888,1400,1012
427,817,421,888,1400,1012
427,817,421,888,1400,1012
428,819,421,888,1400,1012
428,824,421,888,1400,1012
427,829,421,888,1400,1012
427,832,421,888,1400,1012
427,837,421,888,1400,1012
427,842,421,888,1400,1012
427,849,421,888,1400,1012
428,854,421,888,1400,1012
428,857,421,888,1400,1012
428,861,421,888,1400,1012
428,868,421,888,1400,1012
428,873,421,888,1400,1012
428,876,421,888,1400,1012
426,883,421,888,1400,1012
425,889,421,888,1400,1012
420,897,421,888,1400,1012
417,903,421,888,1400,1012
414,906,421,888,1400,1012
413,908,421,888,1400,1012
414,909,421,888,1400,1012
414,911,421,888,1400,1012
415,913,421,888,1400,1012
417,916,421,888,1400,1012
420,920,421,888,1400,1012
423,924,421,888,1400,1012
427,927,421,888,1400,1012
431,931,421,888,1400,1012
437,934,421,888,1400,1012
442,938,421,888,1400,1012
449,943,421,888,1400,1012
454,947,421,888,1400,1012
460,951,421,888,1400,1012
471,957,421,888,1400,1012
480,962,421,888,1400,1012
488,966,421,888,1400,1012
497,969,421,888,1400,1012
512,974,421,888,1400,1012
529,980,421,888,1400,1012
551,987,421,888,1400,1012
583,997,421,888,1400,1012
605,1003,421,888,1400,1012
627,1014,421,888,1400,1012
642,1025,421,888,1400,1012
661,1037,421,888,1400,1012
675,1047,421,888,1400,1012
684,1056,421,888,1400,1012
690,1061,421,888,1400,1012
701,1069,421,888,1400,1012
717,1081,421,888,1400,1012
734,1091,421,888,1400,1012
752,1100,421,888,1400,1012
775,1109,421,888,1400,1012
797,1117,421,888,1400,1012
829,1123,421,888,1400,1012
855,1126,421,888,1400,1012
876,1128,421,888,1400,1012
904,1131,421,888,1400,1012
930,1135,421,888,1400,1012
964,1136,421,888,1400,1012
1013,1132,421,888,1400,1012
1049,1127,421,888,1400,1012
1068,1126,421,888,1400,1012
1100,1122,421,888,1400,1012
1101,1120,421,888,1400,1012
1106,1120,421,888,1400,1012
1120,1117,421,888,1400,1012
1138,1115,421,888,1400,1012
1158,1110,421,888,1400,1012
1173,1108,421,888,1400,1012
1185,1103,421,888,1400,1012
1200,1100,421,888,1400,1012
1222,1096,421,888,1400,1012
1249,1092,421,888,1400,1012
1272,1090,421,888,1400,1012
1297,1087,421,888,1400,1012
1319,1086,421,888,1400,1012
1331,1085,421,888,1400,1012
1337,1083,421,888,1400,1012
1350,1082,421,888,1400,1012
1360,1080,421,888,1400,1012
1361,1079,421,888,1400,1012
1362,1078,421,888,1400,1012
1370,1072,421,888,1400,1012
1381,1066,421,888,1400,1012
1391,1060,421,888,1400,1012
1395,1053,421,888,1400,1012
1397,1050,421,888,1400,1012
1405,1044,421,888,1400,1012
1410,1037,421,888,1400,1012
1412,1032,421,888,1400,1012
1414,1025,421,888,1400,1012
1415,1019,421,888,1400,1012
1415,1015,421,888,1400,1012
1412,1011,421,888,1400,1012
1410,1007,421,888,1400,1012
1406,1002,421,888,1400,1012
1403,1001,421,888,1400,1012
1400,999,421,888,1400,1012
1398,998,421,888,1400,1012
1397,998,421,888,1400,1012
1378,995,421,888,1400,1012
1370,994,421,888,1400,1012
1366,993,421,888,1400,1012
1359,988,421,888,1400,1012
1349,976,421,888,1400,1012
1341,962,421,888,1400,1012
1337,947,421,888,1400,1012
1336,937,421,888,1400,1012
1335,927,421,888,1400,1012
1332,917,421,888,1400,1012
1328,907,421,888,1400,1012
1325,896,421,888,1400,1012
1321,880,421,888,1400,1012
1315,864,421,888,1400,1012
1309,852,421,888,1400,1012
1305,842,421,888,1400,1012
1299,832,421,888,1400,1012
1292,821,421,888,1400,1012
1284,804,421,888,1400,1012
1277,790,421,888,1400,1012
1270,776,421,888,1400,1012
1262,762,421,888,1400,1012
1253,746,421,888,1400,1012
1242,729,421,888,1400,1012
1234,717,421,888,1400,1012
1228,708,421,888,1400,1012
1220,694,421,888,1400,1012
1212,681,421,888,1400,1012
1204,666,421,888,1400,1012
1195,649,421,888,1400,1012
1185,631,421,888,1400,1012
1178,613,421,888,1400,1012
1171,599,421,888,1400,1012
1165,579,421,888,1400,1012
1156,558,421,888,1400,1012
1149,543,421,888,1400,1012
1142,529,421,888,1400,1012
1132,513,421,888,1400,1012
1127,498,421,888,1400,1012
1123,488,421,888,1400,1012
1123,479,421,888,1400,1012
1122,463,421,888,1400,1012
1115,447,421,888,1400,1012
1107,436,421,888,1400,1012
1099,428,421,888,1400,1012
1093,421,421,888,1400,1012
1082,411,421,888,1400,1012
1073,404,421,888,1400,1012
1070,402,421,888,1400,1012
1069,401,421,888,1400,1012
1066,396,421,888,1400,1012
1063,390,421,888,1400,1012
1059,382,421,888,1400,1012
1056,374,421,888,1400,1012
1055,370,421,888,1400,1012
1055,370,421,888,1400,1012
1055,370,421,888,1400,1012
