879,380,545,1001,1465,1163
879,380,545,1001,1465,1163
879,380,545,1001,1465,1163
879,380,545,1001,1465,1163
879,380,545,1001,1465,1163
879,380,545,1001,1465,1163
869,385,545,1001,1465,1163
852,395,545,1001,1465,1163
841,402,545,1001,1465,1163
835,406,545,1001,1465,1163
824,409,545,1001,1465,1163
811,412,545,1001,1465,1163
803,415,545,1001,1465,1163
797,418,545,1001,1465,1163
794,421,545,1001,1465,1163
789,428,545,1001,1465,1163
783,438,545,1001,1465,1163
777,446,545,1001,1465,1163
773,454,545,1001,1465,1163
771,462,545,1001,1465,1163
769,467,545,1001,1465,1163
765,476,545,1001,1465,1163
761,484,545,1001,1465,1163
758,494,545,1001,1465,1163
755,506,545,1001,1465,1163
751,518,545,1001,1465,1163
748,532,545,1001,1465,1163
743,547,545,1001,1465,1163
739,562,545,1001,1465,1163
737,576,545,1001,1465,1163
735,591,545,1001,1465,1163
734,600,545,1001,1465,1163
732,612,545,1001,1465,1163
729,625,545,1001,1465,1163
724,638,545,1001,1465,1163
718,653,545,1001,1465,1163
712,666,545,1001,1465,1163
706,682,545,1001,1465,1163
698,698,545,1001,1465,1163
693,712,545,1001,1465,1163
688,725,545,1001,1465,1163
683,738,545,1001,1465,1163
677,753,545,1001,1465,1163
672,766,545,1001,1465,1163
667,778,545,1001,1465,1163
662,791,545,1001,1465,1163
657,803,545,1001,1465,1163
650,815,545,1001,1465,1163
644,828,545,1001,1465,1163
639,837,545,1001,1465,1163
633,847,545,1001,1465,1163
629,855,545,1001,1465,1163
623,865,545,1001,1465,1163
617,874,545,1001,1465,1163
609,887,545,1001,1465,1163
599,902,545,1001,1465,1163
594,910,545,1001,1465,1163
591,917,545,1001,1465,1163
588,924,545,1001,1465,1163
585,929,545,1001,1465,1163
582,935,545,1001,1465,1163
578,939,545,1001,1465,1163
575,943,545,1001,1465,1163
573,947,545,1001,1465,1163
570,950,545,1001,1465,1163
568,954,545,1001,1465,1163
562,962,545,1001,1465,1163
558,969,545,1001,1465,1163
554,974,545,1001,1465,1163
552,977,545,1001,1465,1163
550,980,545,1001,1465,1163
547,984,545,1001,1465,1163
542,990,545,1001,1465,1163
537,994,545,1001,1465,1163
536,995,545,1001,1465,1163
536,995,545,1001,1465,1163
536,995,545,1001,1465,1163
536,995,545,1001,1465,1163
536,995,545,1001,1465,1163
536,995,545,1001,1465,1163
536,995,545,1001,1465,1163
537,995,545,1001,1465,1163
537,995,545,1001,1465,1163
542,997,545,1001,1465,1163
545,998,545,1001,1465,1163
548,999,545,1001,1465,1163
549,1000,545,1001,1465,1163
549,1000,545,1001,1465,1163
549,1000,545,1001,1465,1163
552,1001,545,1001,1465,1163
565,1003,545,1001,1465,1163
574,1005,545,1001,1465,1163
579,1006,545,1001,1465,1163
588,1007,545,1001,1465,1163
604,1010,545,1001,1465,1163
617,1012,545,1001,1465,1163
624,1014,545,1001,1465,1163
633,1015,545,1001,1465,1163
642,1017,545,1001,1465,1163
653,1020,545,1001,1465,1163
669,1023,545,1001,1465,1163
686,1025,545,1001,1465,1163
707,1029,545,1001,1465,1163
720,1033,545,1001,1465,1163
737,1038,545,1001,1465,1163
761,1044,545,1001,1465,1163
777,1048,545,1001,1465,1163
798,1054,545,1001,1465,1163
818,1059,545,1001,1465,1163
840,1066,545,1001,1465,1163
850,1070,545,1001,1465,1163
856,1074,545,1001,1465,1163
863,1078,545,1001,1465,1163
871,1083,545,1001,1465,1163
882,1089,545,1001,1465,1163
901,1095,545,1001,1465,1163
916,1099,545,1001,1465,1163
925,1104,545,1001,1465,1163
934,1108,545,1001,1465,1163
948,1113,545,1001,1465,1163
963,1117,545,1001,1465,1163
980,1120,545,1001,1465,1163
992,1123,545,1001,1465,1163
1001,1123,545,1001,1465,1163
1007,1124,545,1001,1465,1163
1017,1124,545,1001,1465,1163
1028,1124,545,1001,1465,1163
1037,1124,545,1001,1465,1163
1046,1124,545,1001,1465,1163
1062,1126,545,1001,1465,1163
1079,1126,545,1001,1465,1163
1094,1126,545,1001,1465,1163
1111,1126,545,1001,1465,1163
1133,1126,545,1001,1465,1163
1142,1127,545,1001,1465,1163
1142,1127,545,1001,1465,1163
1145,1128,545,1001,1465,1163
1161,1129,545,1001,1465,1163
1177,1129,545,1001,1465,1163
1182,1129,545,1001,1465,1163
1190,1133,545,1001,1465,1163
1204,1134,545,1001,1465,1163
1216,1134,545,1001,1465,1163
1226,1135,545,1001,1465,1163
1241,1138,545,1001,1465,1163
1256,1139,545,1001,1465,1163
1270,1141,545,1001,1465,1163
1280,1143,545,1001,1465,1163
1289,1144,545,1001,1465,1163
1294,1145,545,1001,1465,1163
1298,1146,545,1001,1465,1163
1310,1148,545,1001,1465,1163
1319,1149,545,1001,1465,1163
1323,1150,545,1001,1465,1163
1331,1153,545,1001,1465,1163
1335,1154,545,1001,1465,1163
1336,1158,545,1001,1465,1163
1337,1161,545,1001,1465,1163
1341,1161,545,1001,1465,1163
1357,1160,545,1001,1465,1163
1370,1162,545,1001,1465,1163
1373,1161,545,1001,1465,1163
1374,1161,545,1001,1465,1163
1378,1162,545,1001,1465,1163
1389,1164,545,1001,1465,1163
1401,1166,545,1001,1465,1163
1407,1167,545,1001,1465,1163
1410,1168,545,1001,1465,1163
1422,1168,545,1001,1465,1163
1436,1169,545,1001,1465,1163
1437,1169,545,1001,1465,1163
1437,1169,545,1001,1465,1163
1438,1168,545,1001,1465,1163
1441,1168,545,1001,1465,1163
1443,1167,545,1001,1465,1163
1446,1165,545,1001,1465,1163
1452,1164,545,1001,1465,1163
1454,1163,545,1001,1465,1163
1455,1163,545,1001,1465,1163
1455,1163,545,1001,1465,1163
1457,1162,545,1001,1465,1163
1462,1161,545,1001,1465,1163
1463,1160,545,1001,1465,1163
1463,1160,545,1001,1465,1163
1463,1160,545,1001,1465,1163
1463,1160,545,1001,1465,1163
1463,1160,545,1001,1465,1163
1463,1157,545,1001,1465,1163
1464,1155,545,1001,1465,1163
1463,1144,545,1001,1465,1163
1461,1125,545,1001,1465,1163
1459,1107,545,1001,1465,1163
1456,1097,545,1001,1465,1163
1452,1092,545,1001,1465,1163
1450,1088,545,1001,1465,1163
1446,1079,545,1001,1465,1163
1439,1066,545,1001,1465,1163
1432,1053,545,1001,1465,1163
1425,1037,545,1001,1465,1163
1420,1022,545,1001,1465,1163
1415,1001,545,1001,1465,1163
1411,981,545,1001,1465,1163
1408,965,545,1001,1465,1163
1403,949,545,1001,1465,1163
1397,936,545,1001,1465,1163
1391,917,545,1001,1465,1163
1385,901,545,1001,1465,1163
1382,887,545,1001,1465,1163
1379,873,545,1001,1465,1163
1374,857,545,1001,1465,1163
1367,842,545,1001,1465,1163
1364,833,545,1001,1465,1163
1358,822,545,1001,1465,1163
1352,811,545,1001,1465,1163
1348,806,545,1001,1465,1163
1341,797,545,1001,1465,1163
1328,783,545,1001,1465,1163
1320,773,545,1001,1465,1163
1310,757,545,1001,1465,1163
1301,743,545,1001,1465,1163
1290,727,545,1001,1465,1163
1280,713,545,1001,1465,1163
1274,699,545,1001,1465,1163
1264,682,545,1001,1465,1163
1256,669,545,1001,1465,1163
1253,660,545,1001,1465,1163
1248,651,545,1001,1465,1163
1245,642,545,1001,1465,1163
1243,633,545,1001,1465,1163
1237,618,545,1001,1465,1163
1231,604,545,1001,1465,1163
1227,590,545,1001,1465,1163
1218,572,545,1001,1465,1163
1214,557,545,1001,1465,1163
1207,538,545,1001,1465,1163
1200,525,545,1001,1465,1163
1193,514,545,1001,1465,1163
1183,501,545,1001,1465,1163
1174,491,545,1001,1465,1163
1167,482,545,1001,1465,1163
1159,471,545,1001,1465,1163
1151,461,545,1001,1465,1163
1144,451,545,1001,1465,1163
1138,442,545,1001,1465,1163
1133,435,545,1001,1465,1163
1128,428,545,1001,1465,1163
1121,422,545,1001,1465,1163
1114,416,545,1001,1465,1163
1107,412,545,1001,1465,1163
1096,405,545,1001,1465,1163
1089,401,545,1001,1465,1163
1083,399,545,1001,1465,1163
1077,396,545,1001,1465,1163
1073,393,545,1001,1465,1163
1067,389,545,1001,1465,1163
1060,385,545,1001,1465,1163
1056,382,545,1001,1465,1163
1055,381,545,1001,1465,1163
1055,381,545,1001,1465,1163
1055,381,545,1001,1465,1163
