926,375,553,936,1453,1132
926,375,553,936,1453,1132
926,375,553,936,1453,1132
926,375,553,936,1453,1132
926,375,553,936,1453,1132
926,375,553,936,1453,1132
918,380,553,936,1453,1132
909,393,553,936,1453,1132
902,406,553,936,1453,1132
899,414,553,936,1453,1132
893,425,553,936,1453,1132
890,434,553,936,1453,1132
887,440,553,936,1453,1132
884,447,553,936,1453,1132
879,457,553,936,1453,1132
873,466,553,936,1453,1132
867,476,553,936,1453,1132
862,486,553,936,1453,1132
856,498,553,936,1453,1132
850,511,553,936,1453,1132
844,521,553,936,1453,1132
838,532,553,936,1453,1132
831,542,553,936,1453,1132
825,552,553,936,1453,1132
818,566,553,936,1453,1132
812,577,553,936,1453,1132
804,595,553,936,1453,1132
798,616,553,936,1453,1132
790,635,553,936,1453,1132
781,649,553,936,1453,1132
774,663,553,936,1453,1132
765,677,553,936,1453,1132
757,688,553,936,1453,1132
753,694,553,936,1453,1132
749,701,553,936,1453,1132
741,710,553,936,1453,1132
732,722,553,936,1453,1132
725,731,553,936,1453,1132
717,740,553,936,1453,1132
709,752,553,936,1453,1132
699,766,553,936,1453,1132
690,779,553,936,1453,1132
679,793,553,936,1453,1132
675,801,553,936,1453,1132
667,813,553,936,1453,1132
662,820,553,936,1453,1132
658,826,553,936,1453,1132
652,832,553,936,1453,1132
645,838,553,936,1453,1132
641,843,553,936,1453,1132
633,848,553,936,1453,1132
627,854,553,936,1453,1132
621,861,553,936,1453,1132
607,875,553,936,1453,1132
601,880,553,936,1453,1132
597,884,553,936,1453,1132
595,887,553,936,1453,1132
592,891,553,936,1453,1132
588,895,553,936,1453,1132
585,898,553,936,1453,1132
581,903,553,936,1453,1132
576,907,553,936,1453,1132
573,911,553,936,1453,1132
571,914,553,936,1453,1132
568,918,553,936,1453,1132
566,920,553,936,1453,1132
566,920,553,936,1453,1132
566,920,553,936,1453,1132
566,920,553,936,1453,1132
566,920,553,936,1453,1132
564,923,553,936,1453,1132
557,930,553,936,1453,1132
555,933,553,936,1453,1132
553,934,553,936,1453,1132
553,934,553,936,1453,1132
553,934,553,936,1453,1132
553,934,553,936,1453,1132
553,934,553,936,1453,1132
553,935,553,936,1453,1132
553,935,553,936,1453,1132
553,935,553,936,1453,1132
553,935,553,936,1453,1132
553,935,553,936,1453,1132
553,935,553,936,1453,1132
553,935,553,936,1453,1132
553,935,553,936,1453,1132
553,935,553,936,1453,1132
553,935,553,936,1453,1132
553,935,553,936,1453,1132
567,938,553,936,1453,1132
608,944,553,936,1453,1132
629,945,553,936,1453,1132
644,945,553,936,1453,1132
646,945,553,936,1453,1132
647,945,553,936,1453,1132
660,944,553,936,1453,1132
672,944,553,936,1453,1132
688,946,553,936,1453,1132
699,948,553,936,1453,1132
707,951,553,936,1453,1132
716,953,553,936,1453,1132
731,957,553,936,1453,1132
746,961,553,936,1453,1132
763,964,553,936,1453,1132
773,966,553,936,1453,1132
780,968,553,936,1453,1132
794,972,553,936,1453,1132
806,976,553,936,1453,1132
815,979,553,936,1453,1132
827,984,553,936,1453,1132
838,987,553,936,1453,1132
852,992,553,936,1453,1132
862,996,553,936,1453,1132
874,1002,553,936,1453,1132
886,1005,553,936,1453,1132
895,1010,553,936,1453,1132
905,1014,553,936,1453,1132
923,1021,553,936,1453,1132
943,1029,553,936,1453,1132
962,1036,553,936,1453,1132
980,1042,553,936,1453,1132
993,1047,553,936,1453,1132
1002,1053,553,936,1453,1132
1017,1059,553,936,1453,1132
1033,1065,553,936,1453,1132
1050,1073,553,936,1453,1132
1063,1078,553,936,1453,1132
1081,1087,553,936,1453,1132
1093,1094,553,936,1453,1132
1109,1099,553,936,1453,1132
1121,1102,553,936,1453,1132
1129,1103,553,936,1453,1132
1139,1105,553,936,1453,1132
1153,1107,553,936,1453,1132
1168,1109,553,936,1453,1132
1187,1113,553,936,1453,1132
1207,1113,553,936,1453,1132
1230,1114,553,936,1453,1132
1241,1115,553,936,1453,1132
1244,1115,553,936,1453,1132
1249,1114,553,936,1453,1132
1262,1114,553,936,1453,1132
1276,1114,553,936,1453,1132
1284,1114,553,936,1453,1132
1291,1113,553,936,1453,1132
1305,1112,553,936,1453,1132
1316,1112,553,936,1453,1132
1321,1112,553,936,1453,1132
1325,1112,553,936,1453,1132
1336,1113,553,936,1453,1132
1347,1114,553,936,1453,1132
1354,1115,553,936,1453,1132
1361,1118,553,936,1453,1132
1378,1121,553,936,1453,1132
1385,1122,553,936,1453,1132
1388,1122,553,936,1453,1132
1391,1123,553,936,1453,1132
1392,1123,553,936,1453,1132
1404,1124,553,936,1453,1132
1412,1124,553,936,1453,1132
1412,1124,553,936,1453,1132
1412,1124,553,936,1453,1132
1413,1124,553,936,1453,1132
1423,1125,553,936,1453,1132
1427,1126,553,936,1453,1132
1427,1126,553,936,1453,1132
1427,1126,553,936,1453,1132
1430,1126,553,936,1453,1132
1435,1127,553,936,1453,1132
1436,1127,553,936,1453,1132
1438,1127,553,936,1453,1132
1447,1128,553,936,1453,1132
1454,1129,553,936,1453,1132
1454,1129,553,936,1453,1132
1454,1129,553,936,1453,1132
1454,1129,553,936,1453,1132
1454,1129,553,936,1453,1132
1454,1129,553,936,1453,1132
1454,1129,553,936,1453,1132
1454,1129,553,936,1453,1132
1454,1129,553,936,1453,1132
1454,1127,553,936,1453,1132
1453,1112,553,936,1453,1132
1452,1105,553,936,1453,1132
1450,1092,553,936,1453,1132
1448,1078,553,936,1453,1132
1446,1066,553,936,1453,1132
1444,1053,553,936,1453,1132
1440,1040,553,936,1453,1132
1434,1019,553,936,1453,1132
1425,991,553,936,1453,1132
1419,974,553,936,1453,1132
1412,949,553,936,1453,1132
1405,920,553,936,1453,1132
1399,894,553,936,1453,1132
1392,869,553,936,1453,1132
1385,841,553,936,1453,1132
1373,814,553,936,1453,1132
1362,790,553,936,1453,1132
1351,768,553,936,1453,1132
1343,752,553,936,1453,1132
1338,740,553,936,1453,1132
1334,729,553,936,1453,1132
1328,717,553,936,1453,1132
1323,709,553,936,1453,1132
1318,698,553,936,1453,1132
1314,690,553,936,1453,1132
1307,676,553,936,1453,1132
1300,663,553,936,1453,1132
1295,653,553,936,1453,1132
1285,637,553,936,1453,1132
1274,618,553,936,1453,1132
1258,596,553,936,1453,1132
1247,580,553,936,1453,1132
1239,568,553,936,1453,1132
1227,549,553,936,1453,1132
1215,533,553,936,1453,1132
1206,520,553,936,1453,1132
1200,512,553,936,1453,1132
1190,499,553,936,1453,1132
1180,486,553,936,1453,1132
1172,476,553,936,1453,1132
1165,466,553,936,1453,1132
1157,457,553,936,1453,1132
1150,451,553,936,1453,1132
1143,444,553,936,1453,1132
1139,439,553,936,1453,1132
1131,431,553,936,1453,1132
1123,424,553,936,1453,1132
1116,418,553,936,1453,1132
1108,411,553,936,1453,1132
1102,406,553,936,1453,1132
1094,399,553,936,1453,1132
1083,391,553,936,1453,1132
1079,387,553,936,1453,1132
1074,384,553,936,1453,1132
1070,380,553,936,1453,1132
1066,377,553,936,1453,1132
1065,376,553,936,1453,1132
1065,376,553,936,1453,1132
1065,376,553,936,1453,1132
1065,376,553,936,1453,1132
1065,376,553,936,1453,1132
