888,366,484,1099,1381,1198
888,366,484,1099,1381,1198
888,366,484,1099,1381,1198
888,366,484,1099,1381,1198
888,366,484,1099,1381,1198
888,366,484,1099,1381,1198
888,366,484,1099,1381,1198
887,370,484,1099,1381,1198
883,385,484,1099,1381,1198
879,397,484,1099,1381,1198
878,404,484,1099,1381,1198
877,409,484,1099,1381,1198
876,416,484,1099,1381,1198
874,426,484,1099,1381,1198
874,437,484,1099,1381,1198
872,448,484,1099,1381,1198
871,459,484,1099,1381,1198
871,475,484,1099,1381,1198
869,490,484,1099,1381,1198
868,501,484,1099,1381,1198
867,507,484,1099,1381,1198
865,514,484,1099,1381,1198
864,520,484,1099,1381,1198
862,530,484,1099,1381,1198
861,538,484,1099,1381,1198
859,548,484,1099,1381,1198
858,559,484,1099,1381,1198
856,571,484,1099,1381,1198
853,582,484,1099,1381,1198
851,590,484,1099,1381,1198
849,594,484,1099,1381,1198
846,599,484,1099,1381,1198
842,605,484,1099,1381,1198
837,615,484,1099,1381,1198
830,628,484,1099,1381,1198
822,643,484,1099,1381,1198
813,658,484,1099,1381,1198
804,677,484,1099,1381,1198
799,691,484,1099,1381,1198
794,699,484,1099,1381,1198
790,706,484,1099,1381,1198
787,712,484,1099,1381,1198
783,718,484,1099,1381,1198
781,722,484,1099,1381,1198
778,727,484,1099,1381,1198
776,732,484,1099,1381,1198
773,737,484,1099,1381,1198
769,742,484,1099,1381,1198
764,750,484,1099,1381,1198
760,757,484,1099,1381,1198
755,763,484,1099,1381,1198
749,774,484,1099,1381,1198
745,784,484,1099,1381,1198
741,792,484,1099,1381,1198
736,800,484,1099,1381,1198
731,808,484,1099,1381,1198
727,814,484,1099,1381,1198
724,820,484,1099,1381,1198
719,827,484,1099,1381,1198
716,833,484,1099,1381,1198
712,837,484,1099,1381,1198
709,842,484,1099,1381,1198
703,851,484,1099,1381,1198
699,859,484,1099,1381,1198
693,869,484,1099,1381,1198
688,879,484,1099,1381,1198
684,887,484,1099,1381,1198
678,899,484,1099,1381,1198
671,909,484,1099,1381,1198
665,917,484,1099,1381,1198
660,926,484,1099,1381,1198
655,935,484,1099,1381,1198
651,941,484,1099,1381,1198
648,947,484,1099,1381,1198
644,954,484,1099,1381,1198
640,963,484,1099,1381,1198
636,971,484,1099,1381,1198
630,980,484,1099,1381,1198
623,990,484,1099,1381,1198
619,996,484,1099,1381,1198
615,1001,484,1099,1381,1198
612,1005,484,1099,1381,1198
605,1011,484,1099,1381,1198
598,1016,484,1099,1381,1198
593,1020,484,1099,1381,1198
586,1025,484,1099,1381,1198
578,1031,484,1099,1381,1198
570,1036,484,1099,1381,1198
562,1041,484,1099,1381,1198
553,1048,484,1099,1381,1198
548,1052,484,1099,1381,1198
542,1056,484,1099,1381,1198
537,1059,484,1099,1381,1198
532,1062,484,1099,1381,1198
526,1067,484,1099,1381,1198
520,1072,484,1099,1381,1198
514,1077,484,1099,1381,1198
511,1078,484,1099,1381,1198
508,1080,484,1099,1381,1198
505,1083,484,1099,1381,1198
502,1086,484,1099,1381,1198
498,1088,484,1099,1381,1198
493,1091,484,1099,1381,1198
493,1091,484,1099,1381,1198
493,1092,484,1099,1381,1198
491,1095,484,1099,1381,1198
489,1097,484,1099,1381,1198
489,1098,484,1099,1381,1198
489,1098,484,1099,1381,1198
489,1098,484,1099,1381,1198
489,1098,484,1099,1381,1198
489,1098,484,1099,1381,1198
489,1098,484,1099,1381,1198
489,1098,484,1099,1381,1198
489,1098,484,1099,1381,1198
489,1098,484,1099,1381,1198
489,1098,484,1099,1381,1198
489,1098,484,1099,1381,1198
489,1098,484,1099,1381,1198
489,1098,484,1099,1381,1198
489,1098,484,1099,1381,1198
489,1098,484,1099,1381,1198
499,1099,484,1099,1381,1198
518,1100,484,1099,1381,1198
532,1100,484,1099,1381,1198
537,1100,484,1099,1381,1198
546,1100,484,1099,1381,1198
555,1100,484,1099,1381,1198
566,1100,484,1099,1381,1198
577,1099,484,1099,1381,1198
587,1099,484,1099,1381,1198
596,1098,484,1099,1381,1198
603,1098,484,1099,1381,1198
609,1097,484,1099,1381,1198
620,1096,484,1099,1381,1198
631,1096,484,1099,1381,1198
645,1097,484,1099,1381,1198
657,1099,484,1099,1381,1198
668,1099,484,1099,1381,1198
680,1101,484,1099,1381,1198
695,1101,484,1099,1381,1198
708,1101,484,1099,1381,1198
718,1101,484,1099,1381,1198
731,1101,484,1099,1381,1198
743,1101,484,1099,1381,1198
759,1101,484,1099,1381,1198
776,1101,484,1099,1381,1198
788,1101,484,1099,1381,1198
804,1101,484,1099,1381,1198
816,1102,484,1099,1381,1198
826,1103,484,1099,1381,1198
841,1106,484,1099,1381,1198
854,1108,484,1099,1381,1198
865,1111,484,1099,1381,1198
872,1112,484,1099,1381,1198
879,1113,484,1099,1381,1198
886,1115,484,1099,1381,1198
888,1116,484,1099,1381,1198
888,1116,484,1099,1381,1198
888,1116,484,1099,1381,1198
898,1118,484,1099,1381,1198
915,1118,484,1099,1381,1198
932,1118,484,1099,1381,1198
942,1118,484,1099,1381,1198
954,1119,484,1099,1381,1198
965,1120,484,1099,1381,1198
980,1120,484,1099,1381,1198
985,1120,484,1099,1381,1198
985,1120,484,1099,1381,1198
998,1121,484,1099,1381,1198
1012,1122,484,1099,1381,1198
1021,1123,484,1099,1381,1198
1035,1125,484,1099,1381,1198
1055,1129,484,1099,1381,1198
1069,1132,484,1099,1381,1198
1083,1135,484,1099,1381,1198
1102,1137,484,1099,1381,1198
1126,1140,484,1099,1381,1198
1154,1143,484,1099,1381,1198
1185,1147,484,1099,1381,1198
1214,1150,484,1099,1381,1198
1229,1151,484,1099,1381,1198
1231,1151,484,1099,1381,1198
1237,1152,484,1099,1381,1198
1249,1154,484,1099,1381,1198
1260,1157,484,1099,1381,1198
1268,1160,484,1099,1381,1198
1282,1164,484,1099,1381,1198
1299,1169,484,1099,1381,1198
1309,1172,484,1099,1381,1198
1310,1172,484,1099,1381,1198
1310,1172,484,1099,1381,1198
1322,1175,484,1099,1381,1198
1327,1177,484,1099,1381,1198
1327,1177,484,1099,1381,1198
1327,1177,484,1099,1381,1198
1327,1177,484,1099,1381,1198
1329,1177,484,1099,1381,1198
1342,1182,484,1099,1381,1198
1351,1185,484,1099,1381,1198
1354,1185,484,1099,1381,1198
1354,1185,484,1099,1381,1198
1354,1185,484,1099,1381,1198
1360,1186,484,1099,1381,1198
1361,1187,484,1099,1381,1198
1361,1187,484,1099,1381,1198
1362,1187,484,1099,1381,1198
1366,1188,484,1099,1381,1198
1371,1189,484,1099,1381,1198
1375,1191,484,1099,1381,1198
1376,1190,484,1099,1381,1198
1376,1190,484,1099,1381,1198
1376,1191,484,1099,1381,1198
1376,1190,484,1099,1381,1198
1376,1190,484,1099,1381,1198
1376,1190,484,1099,1381,1198
1376,1190,484,1099,1381,1198
1376,1190,484,1099,1381,1198
1382,1194,484,1099,1381,1198
1389,1197,484,1099,1381,1198
1390,1197,484,1099,1381,1198
1390,1197,484,1099,1381,1198
1391,1197,484,1099,1381,1198
1392,1196,484,1099,1381,1198
1392,1196,484,1099,1381,1198
1392,1196,484,1099,1381,1198
1392,1196,484,1099,1381,1198
1392,1196,484,1099,1381,1198
1386,1192,484,1099,1381,1198
1376,1185,484,1099,1381,1198
1361,1171,484,1099,1381,1198
1355,1164,484,1099,1381,1198
1343,1154,484,1099,1381,1198
1328,1140,484,1099,1381,1198
1315,1127,484,1099,1381,1198
1305,1116,484,1099,1381,1198
1296,1102,484,1099,1381,1198
1287,1088,484,1099,1381,1198
1280,1076,484,1099,1381,1198
1273,1064,484,1099,1381,1198
1264,1048,484,1099,1381,1198
1255,1030,484,1099,1381,1198
1242,1010,484,1099,1381,1198
1229,988,484,1099,1381,1198
1219,969,484,1099,1381,1198
1208,946,484,1099,1381,1198
1198,924,484,1099,1381,1198
1191,904,484,1099,1381,1198
1184,889,484,1099,1381,1198
1182,878,484,1099,1381,1198
1178,865,484,1099,1381,1198
1174,853,484,1099,1381,1198
1171,841,484,1099,1381,1198
1167,825,484,1099,1381,1198
1163,809,484,1099,1381,1198
1161,797,484,1099,1381,1198
1160,787,484,1099,1381,1198
1158,778,484,1099,1381,1198
1154,766,484,1099,1381,1198
1150,753,484,1099,1381,1198
1148,741,484,1099,1381,1198
1145,730,484,1099,1381,1198
1143,718,484,1099,1381,1198
1139,700,484,1099,1381,1198
1135,684,484,1099,1381,1198
1130,660,484,1099,1381,1198
1123,639,484,1099,1381,1198
1117,621,484,1099,1381,1198
1112,602,484,1099,1381,1198
1106,584,484,1099,1381,1198
1100,566,484,1099,1381,1198
1095,548,484,1099,1381,1198
1091,530,484,1099,1381,1198
1087,515,484,1099,1381,1198
1085,504,484,1099,1381,1198
1082,487,484,1099,1381,1198
1079,471,484,1099,1381,1198
1078,457,484,1099,1381,1198
1076,445,484,1099,1381,1198
1075,435,484,1099,1381,1198
1074,426,484,1099,1381,1198
1072,417,484,1099,1381,1198
1071,410,484,1099,1381,1198
1071,405,484,1099,1381,1198
1070,401,484,1099,1381,1198
1070,399,484,1099,1381,1198
1070,399,484,1099,1381,1198
1070,399,484,1099,1381,1198
1070,393,484,1099,1381,1198
1070,385,484,1099,1381,1198
1070,381,484,1099,1381,1198
1070,381,484,1099,1381,1198
1070,381,484,1099,1381,1198
1070,381,484,1099,1381,1198
1070,381,484,1099,1381,1198
1070,381,484,1099,1381,1198
