889,372,696,915,1395,1088
889,372,696,915,1395,1088
889,372,696,915,1395,1088
889,372,696,915,1395,1088
889,372,696,915,1395,1088
889,372,696,915,1395,1088
889,372,696,915,1395,1088
889,372,696,915,1395,1088
889,372,696,915,1395,1088
889,372,696,915,1395,1088
889,372,696,915,1395,1088
883,380,696,915,1395,1088
876,397,696,915,1395,1088
872,404,696,915,1395,1088
871,407,696,915,1395,1088
871,407,696,915,1395,1088
871,407,696,915,1395,1088
871,407,696,915,1395,1088
871,407,696,915,1395,1088
864,420,696,915,1395,1088
859,436,696,915,1395,1088
854,447,696,915,1395,1088
852,452,696,915,1395,1088
848,459,696,915,1395,1088
843,468,696,915,1395,1088
840,476,696,915,1395,1088
836,483,696,915,1395,1088
833,489,696,915,1395,1088
829,498,696,915,1395,1088
825,507,696,915,1395,1088
821,515,696,915,1395,1088
819,520,696,915,1395,1088
816,527,696,915,1395,1088
812,535,696,915,1395,1088
809,541,696,915,1395,1088
806,546,696,915,1395,1088
805,549,696,915,1395,1088
803,551,696,915,1395,1088
802,555,696,915,1395,1088
799,560,696,915,1395,1088
795,568,696,915,1395,1088
790,576,696,915,1395,1088
788,583,696,915,1395,1088
786,589,696,915,1395,1088
783,595,696,915,1395,1088
782,601,696,915,1395,1088
780,604,696,915,1395,1088
780,608,696,915,1395,1088
779,612,696,915,1395,1088
778,617,696,915,1395,1088
777,623,696,915,1395,1088
776,629,696,915,1395,1088
774,636,696,915,1395,1088
774,642,696,915,1395,1088
773,651,696,915,1395,1088
773,661,696,915,1395,1088
773,669,696,915,1395,1088
773,678,696,915,1395,1088
773,688,696,915,1395,1088
772,697,696,915,1395,1088
771,707,696,915,1395,1088
770,717,696,915,1395,1088
768,726,696,915,1395,1088
766,736,696,915,1395,1088
765,743,696,915,1395,1088
762,754,696,915,1395,1088
761,760,696,915,1395,1088
760,764,696,915,1395,1088
760,767,696,915,1395,1088
758,772,696,915,1395,1088
757,778,696,915,1395,1088
755,787,696,915,1395,1088
753,797,696,915,1395,1088
749,809,696,915,1395,1088
747,815,696,915,1395,1088
745,822,696,915,1395,1088
743,830,696,915,1395,1088
740,837,696,915,1395,1088
738,840,696,915,1395,1088
735,847,696,915,1395,1088
730,854,696,915,1395,1088
727,860,696,915,1395,1088
723,865,696,915,1395,1088
720,870,696,915,1395,1088
717,875,696,915,1395,1088
714,879,696,915,1395,1088
711,884,696,915,1395,1088
707,890,696,915,1395,1088
706,893,696,915,1395,1088
704,897,696,915,1395,1088
702,902,696,915,1395,1088
699,907,696,915,1395,1088
697,911,696,915,1395,1088
697,912,696,915,1395,1088
695,915,696,915,1395,1088
694,917,696,915,1395,1088
694,918,696,915,1395,1088
693,918,696,915,1395,1088
692,922,696,915,1395,1088
692,922,696,915,1395,1088
692,922,696,915,1395,1088
692,922,696,915,1395,1088
692,922,696,915,1395,1088
692,922,696,915,1395,1088
692,922,696,915,1395,1088
692,923,696,915,1395,1088
695,928,696,915,1395,1088
698,936,696,915,1395,1088
700,945,696,915,1395,1088
702,952,696,915,1395,1088
703,958,696,915,1395,1088
705,963,696,915,1395,1088
705,970,696,915,1395,1088
705,978,696,915,1395,1088
707,986,696,915,1395,1088
712,996,696,915,1395,1088
719,1006,696,915,1395,1088
722,1011,696,915,1395,1088
725,1015,696,915,1395,1088
731,1022,696,915,1395,1088
742,1032,696,915,1395,1088
757,1041,696,915,1395,1088
767,1047,696,915,1395,1088
778,1053,696,915,1395,1088
792,1062,696,915,1395,1088
804,1068,696,915,1395,1088
812,1072,696,915,1395,1088
820,1076,696,915,1395,1088
834,1081,696,915,1395,1088
843,1085,696,915,1395,1088
853,1089,696,915,1395,1088
862,1092,696,915,1395,1088
867,1095,696,915,1395,1088
874,1098,696,915,1395,1088
884,1102,696,915,1395,1088
895,1106,696,915,1395,1088
906,1111,696,915,1395,1088
920,1115,696,915,1395,1088
940,1121,696,915,1395,1088
959,1127,696,915,1395,1088
971,1130,696,915,1395,1088
978,1133,696,915,1395,1088
990,1136,696,915,1395,1088
998,1138,696,915,1395,1088
1005,1140,696,915,1395,1088
1010,1142,696,915,1395,1088
1014,1143,696,915,1395,1088
1028,1148,696,915,1395,1088
1048,1152,696,915,1395,1088
1061,1155,696,915,1395,1088
1067,1156,696,915,1395,1088
1083,1159,696,915,1395,1088
1104,1162,696,915,1395,1088
1111,1162,696,915,1395,1088
1115,1162,696,915,1395,1088
1122,1162,696,915,1395,1088
1127,1161,696,915,1395,1088
1137,1161,696,915,1395,1088
1146,1161,696,915,1395,1088
1156,1160,696,915,1395,1088
1176,1160,696,915,1395,1088
1192,1160,696,915,1395,1088
1206,1160,696,915,1395,1088
1214,1159,696,915,1395,1088
1227,1157,696,915,1395,1088
1242,1155,696,915,1395,1088
1254,1155,696,915,1395,1088
1258,1155,696,915,1395,1088
1272,1156,696,915,1395,1088
1285,1156,696,915,1395,1088
1298,1156,696,915,1395,1088
1306,1156,696,915,1395,1088
1315,1155,696,915,1395,1088
1325,1155,696,915,1395,1088
1336,1153,696,915,1395,1088
1351,1152,696,915,1395,1088
1362,1151,696,915,1395,1088
1366,1149,696,915,1395,1088
1377,1146,696,915,1395,1088
1382,1143,696,915,1395,1088
1383,1142,696,915,1395,1088
1386,1138,696,915,1395,1088
1390,1132,696,915,1395,1088
1391,1126,696,915,1395,1088
1393,1119,696,915,1395,1088
1394,1114,696,915,1395,1088
1399,1106,696,915,1395,1088
1400,1098,696,915,1395,1088
1401,1092,696,915,1395,1088
1403,1085,696,915,1395,1088
1403,1079,696,915,1395,1088
1402,1072,696,915,1395,1088
1400,1061,696,915,1395,1088
1399,1056,696,915,1395,1088
1399,1048,696,915,1395,1088
1396,1036,696,915,1395,1088
1394,1024,696,915,1395,1088
1393,1011,696,915,1395,1088
1391,997,696,915,1395,1088
1388,984,696,915,1395,1088
1384,972,696,915,1395,1088
1381,963,696,915,1395,1088
1377,949,696,915,1395,1088
1373,936,696,915,1395,1088
1369,924,696,915,1395,1088
1364,912,696,915,1395,1088
1359,900,696,915,1395,1088
1353,886,696,915,1395,1088
1347,874,696,915,1395,1088
1343,864,696,915,1395,1088
1339,853,696,915,1395,1088
1333,839,696,915,1395,1088
1327,825,696,915,1395,1088
1321,812,696,915,1395,1088
1318,805,696,915,1395,1088
1311,793,696,915,1395,1088
1303,780,696,915,1395,1088
1296,765,696,915,1395,1088
1288,752,696,915,1395,1088
1278,736,696,915,1395,1088
1268,721,696,915,1395,1088
1262,710,696,915,1395,1088
1254,699,696,915,1395,1088
1243,683,696,915,1395,1088
1232,667,696,915,1395,1088
1220,648,696,915,1395,1088
1205,628,696,915,1395,1088
1194,608,696,915,1395,1088
1182,590,696,915,1395,1088
1168,570,696,915,1395,1088
1153,550,696,915,1395,1088
1138,532,696,915,1395,1088
1118,506,696,915,1395,1088
1097,482,696,915,1395,1088
1084,464,696,915,1395,1088
1073,448,696,915,1395,1088
1067,434,696,915,1395,1088
1061,423,696,915,1395,1088
1058,413,696,915,1395,1088
1056,405,696,915,1395,1088
1054,397,696,915,1395,1088
1055,394,696,915,1395,1088
1055,388,696,915,1395,1088
1055,383,696,915,1395,1088
1056,380,696,915,1395,1088
1056,377,696,915,1395,1088
1056,375,696,915,1395,1088
1056,375,696,915,1395,1088
1056,375,696,915,1395,1088
