883,378,355,969,1587,1159
883,378,355,969,1587,1159
883,378,355,969,1587,1159
883,378,355,969,1587,1159
879,376,355,969,1587,1159
870,372,355,969,1587,1159
864,371,355,969,1587,1159
857,370,355,969,1587,1159
847,370,355,969,1587,1159
839,369,355,969,1587,1159
827,369,355,969,1587,1159
814,370,355,969,1587,1159
804,370,355,969,1587,1159
799,371,355,969,1587,1159
784,373,355,969,1587,1159
766,374,355,969,1587,1159
747,375,355,969,1587,1159
731,376,355,969,1587,1159
713,377,355,969,1587,1159
694,379,355,969,1587,1159
683,380,355,969,1587,1159
670,383,355,969,1587,1159
659,387,355,969,1587,1159
649,392,355,969,1587,1159
637,399,355,969,1587,1159
622,408,355,969,1587,1159
609,418,355,969,1587,1159
600,425,355,969,1587,1159
592,429,355,969,1587,1159
578,437,355,969,1587,1159
570,442,355,969,1587,1159
565,445,355,969,1587,1159
558,450,355,969,1587,1159
547,456,355,969,1587,1159
541,464,355,969,1587,1159
534,472,355,969,1587,1159
527,480,355,969,1587,1159
517,490,355,969,1587,1159
504,502,355,969,1587,1159
494,511,355,969,1587,1159
486,519,355,969,1587,1159
474,528,355,969,1587,1159
464,537,355,969,1587,1159
457,543,355,969,1587,1159
447,552,355,969,1587,1159
440,559,355,969,1587,1159
434,565,355,969,1587,1159
427,571,355,969,1587,1159
418,579,355,969,1587,1159
408,588,355,969,1587,1159
396,597,355,969,1587,1159
389,604,355,969,1587,1159
384,611,355,969,1587,1159
378,619,355,969,1587,1159
372,627,355,969,1587,1159
365,635,355,969,1587,1159
358,644,355,969,1587,1159
351,653,355,969,1587,1159
341,664,355,969,1587,1159
334,675,355,969,1587,1159
329,685,355,969,1587,1159
326,690,355,969,1587,1159
321,701,355,969,1587,1159
318,709,355,969,1587,1159
316,718,355,969,1587,1159
314,727,355,969,1587,1159
311,736,355,969,1587,1159
307,746,355,969,1587,1159
305,755,355,969,1587,1159
301,767,355,969,1587,1159
298,779,355,969,1587,1159
295,788,355,969,1587,1159
292,798,355,969,1587,1159
289,810,355,969,1587,1159
288,819,355,969,1587,1159
288,827,355,969,1587,1159
288,833,355,969,1587,1159
288,842,355,969,1587,1159
288,852,355,969,1587,1159
288,860,355,969,1587,1159
289,866,355,969,1587,1159
289,874,355,969,1587,1159
289,882,355,969,1587,1159
289,890,355,969,1587,1159
290,897,355,969,1587,1159
291,905,355,969,1587,1159
292,911,355,969,1587,1159
293,918,355,969,1587,1159
294,925,355,969,1587,1159
295,930,355,969,1587,1159
298,933,355,969,1587,1159
302,938,355,969,1587,1159
306,942,355,969,1587,1159
309,946,355,969,1587,1159
312,950,355,969,1587,1159
317,954,355,969,1587,1159
321,958,355,969,1587,1159
326,963,355,969,1587,1159
330,966,355,969,1587,1159
333,969,355,969,1587,1159
340,975,355,969,1587,1159
348,980,355,969,1587,1159
354,983,355,969,1587,1159
360,987,355,969,1587,1159
368,991,355,969,1587,1159
373,995,355,969,1587,1159
382,999,355,969,1587,1159
393,1004,355,969,1587,1159
401,1008,355,969,1587,1159
413,1013,355,969,1587,1159
425,1017,355,969,1587,1159
437,1022,355,969,1587,1159
452,1027,355,969,1587,1159
473,1034,355,969,1587,1159
486,1038,355,969,1587,1159
503,1043,355,969,1587,1159
519,1047,355,969,1587,1159
531,1051,355,969,1587,1159
545,1055,355,969,1587,1159
556,1058,355,969,1587,1159
564,1061,355,969,1587,1159
577,1063,355,969,1587,1159
586,1065,355,969,1587,1159
598,1069,355,969,1587,1159
608,1071,355,969,1587,1159
620,1072,355,969,1587,1159
635,1074,355,969,1587,1159
650,1078,355,969,1587,1159
667,1084,355,969,1587,1159
684,1088,355,969,1587,1159
700,1092,355,969,1587,1159
714,1095,355,969,1587,1159
728,1098,355,969,1587,1159
736,1101,355,969,1587,1159
750,1102,355,969,1587,1159
761,1104,355,969,1587,1159
776,1107,355,969,1587,1159
789,1109,355,969,1587,1159
805,1110,355,969,1587,1159
818,1114,355,969,1587,1159
831,1117,355,969,1587,1159
847,1120,355,969,1587,1159
855,1121,355,969,1587,1159
860,1122,355,969,1587,1159
871,1123,355,969,1587,1159
879,1124,355,969,1587,1159
885,1125,355,969,1587,1159
903,1127,355,969,1587,1159
915,1129,355,969,1587,1159
926,1131,355,969,1587,1159
938,1134,355,969,1587,1159
950,1136,355,969,1587,1159
957,1138,355,969,1587,1159
969,1139,355,969,1587,1159
980,1141,355,969,1587,1159
994,1144,355,969,1587,1159
1005,1147,355,969,1587,1159
1016,1149,355,969,1587,1159
1032,1151,355,969,1587,1159
1047,1154,355,969,1587,1159
1062,1159,355,969,1587,1159
1071,1163,355,969,1587,1159
1082,1170,355,969,1587,1159
1099,1174,355,969,1587,1159
1115,1177,355,969,1587,1159
1128,1179,355,969,1587,1159
1138,1181,355,969,1587,1159
1153,1181,355,969,1587,1159
1167,1183,355,969,1587,1159
1179,1185,355,969,1587,1159
1193,1187,355,969,1587,1159
1207,1188,355,969,1587,1159
1221,1191,355,969,1587,1159
1230,1192,355,969,1587,1159
1241,1192,355,969,1587,1159
1253,1192,355,969,1587,1159
1265,1194,355,969,1587,1159
1277,1194,355,969,1587,1159
1290,1195,355,969,1587,1159
1300,1195,355,969,1587,1159
1310,1196,355,969,1587,1159
1320,1196,355,969,1587,1159
1329,1196,355,969,1587,1159
1341,1197,355,969,1587,1159
1348,1197,355,969,1587,1159
1353,1198,355,969,1587,1159
1368,1201,355,969,1587,1159
1376,1202,355,969,1587,1159
1388,1203,355,969,1587,1159
1399,1205,355,969,1587,1159
1405,1205,355,969,1587,1159
1409,1205,355,969,1587,1159
1418,1204,355,969,1587,1159
1425,1204,355,969,1587,1159
1433,1204,355,969,1587,1159
1442,1203,355,969,1587,1159
1451,1203,355,969,1587,1159
1459,1202,355,969,1587,1159
1472,1200,355,969,1587,1159
1479,1199,355,969,1587,1159
1486,1198,355,969,1587,1159
1498,1197,355,969,1587,1159
1505,1197,355,969,1587,1159
1509,1196,355,969,1587,1159
1510,1196,355,969,1587,1159
1515,1195,355,969,1587,1159
1523,1195,355,969,1587,1159
1526,1194,355,969,1587,1159
1533,1191,355,969,1587,1159
1539,1189,355,969,1587,1159
1543,1188,355,969,1587,1159
1550,1186,355,969,1587,1159
1554,1185,355,969,1587,1159
1561,1183,355,969,1587,1159
1567,1182,355,969,1587,1159
1567,1182,355,969,1587,1159
1574,1179,355,969,1587,1159
1581,1176,355,969,1587,1159
1582,1176,355,969,1587,1159
1582,1175,355,969,1587,1159
1585,1169,355,969,1587,1159
1594,1160,355,969,1587,1159
1600,1154,355,969,1587,1159
1603,1148,355,969,1587,1159
1607,1141,355,969,1587,1159
1612,1130,355,969,1587,1159
1616,1121,355,969,1587,1159
1617,1111,355,969,1587,1159
1619,1102,355,969,1587,1159
1619,1093,355,969,1587,1159
1619,1086,355,969,1587,1159
1619,1077,355,969,1587,1159
1619,1064,355,969,1587,1159
1618,1054,355,969,1587,1159
1617,1040,355,969,1587,1159
1613,1024,355,969,1587,1159
1607,1006,355,969,1587,1159
1605,993,355,969,1587,1159
1602,979,355,969,1587,1159
1596,963,355,969,1587,1159
1591,947,355,969,1587,1159
1585,931,355,969,1587,1159
1579,915,355,969,1587,1159
1574,904,355,969,1587,1159
1567,892,355,969,1587,1159
1559,879,355,969,1587,1159
1547,863,355,969,1587,1159
1538,850,355,969,1587,1159
1533,837,355,969,1587,1159
1515,812,355,969,1587,1159
1505,796,355,969,1587,1159
1497,784,355,969,1587,1159
1487,769,355,969,1587,1159
1478,759,355,969,1587,1159
1472,749,355,969,1587,1159
1465,736,355,969,1587,1159
1455,723,355,969,1587,1159
1444,706,355,969,1587,1159
1428,684,355,969,1587,1159
1412,665,355,969,1587,1159
1397,648,355,969,1587,1159
1387,635,355,969,1587,1159
1380,624,355,969,1587,1159
1374,615,355,969,1587,1159
1367,606,355,969,1587,1159
1357,593,355,969,1587,1159
1350,584,355,969,1587,1159
1338,569,355,969,1587,1159
1326,556,355,969,1587,1159
1315,542,355,969,1587,1159
1304,529,355,969,1587,1159
1289,513,355,969,1587,1159
1274,501,355,969,1587,1159
1264,492,355,969,1587,1159
1254,482,355,969,1587,1159
1241,472,355,969,1587,1159
1226,462,355,969,1587,1159
1210,453,355,969,1587,1159
1197,447,355,969,1587,1159
1186,439,355,969,1587,1159
1176,433,355,969,1587,1159
1168,430,355,969,1587,1159
1159,425,355,969,1587,1159
1146,419,355,969,1587,1159
1136,414,355,969,1587,1159
1128,409,355,969,1587,1159
1117,402,355,969,1587,1159
1110,398,355,969,1587,1159
1098,392,355,969,1587,1159
1088,389,355,969,1587,1159
1081,385,355,969,1587,1159
1074,381,355,969,1587,1159
1073,380,355,969,1587,1159
1073,380,355,969,1587,1159
1073,380,355,969,1587,1159
1073,380,355,969,1587,1159
1073,380,355,969,1587,1159
