0.01,8.91,3.7,0.0,0.0
0.02,8.91,3.7,0.0,0.0
0.03,8.91,3.7,0.0,0.0
0.04,8.91,3.71,0.0,1.0
0.05,8.87,3.77,-4.0,6.0
0.06,8.83,3.8,-4.0,3.0
0.07,8.75,3.88,-8.0,8.0
0.08,8.64,3.97,-11.0,9.0
0.09,8.53,4.04,-11.0,7.0
0.1,8.44,4.11,-9.0,7.0
0.11,8.36,4.17,-8.0,6.0
0.12,8.22,4.27,-14.0,10.0
0.13,8.11,4.36,-11.0,9.0
0.14,7.92,4.48,-19.0,12.0
0.15,7.75,4.59,-17.0,11.0
0.16,7.67,4.64,-8.0,5.0
0.17,7.59,4.7,-8.0,6.0
0.18,7.58,4.72,-1.0,2.0
0.19,7.53,4.76,-5.0,4.0
0.2,7.37,4.89,-16.0,13.0
0.21,7.27,4.99,-10.0,10.0
0.22,7.18,5.06,-9.0,7.0
0.23,7.05,5.21,-13.0,15.0
0.24,6.91,5.36,-14.0,15.0
0.25,6.82,5.46,-9.0,10.0
0.26,6.71,5.57,-11.0,11.0
0.27,6.55,5.73,-16.0,16.0
0.28,6.38,5.9,-17.0,17.0
0.29,6.19,6.13,-19.0,23.0
0.3,6.05,6.27,-14.0,14.0
0.31,5.97,6.37,-8.0,10.0
0.32,5.91,6.47,-6.0,10.0
0.33,5.87,6.52,-4.0,5.0
0.34,5.82,6.61,-5.0,9.0
0.35000000000000003,5.74,6.72,-8.0,11.0
0.36,5.68,6.82,-6.0,10.0
0.37,5.63,6.89,-5.0,7.0
0.38,5.54,7.02,-9.0,13.0
0.39,5.47,7.12,-7.0,10.0
0.4,5.39,7.22,-8.0,10.0
0.41000000000000003,5.33,7.32,-6.0,10.0
0.42,5.3,7.36,-3.0,4.0
0.43,5.26,7.44,-4.0,8.0
0.44,5.2,7.55,-6.0,11.0
0.45,5.16,7.65,-4.0,10.0
0.46,5.12,7.74,-4.0,9.0
0.47000000000000003,5.08,7.83,-4.0,9.0
0.48,5.05,7.91,-3.0,8.0
0.49,5.0,8.03,-5.0,12.0
0.5,4.98,8.1,-2.0,7.0
0.51,4.96,8.17,-2.0,7.0
0.52,4.91,8.32,-5.0,15.0
0.53,4.88,8.41,-3.0,9.0
0.54,4.86,8.48,-2.0,7.0
0.55,4.84,8.56,-2.0,8.0
0.56,4.84,8.61,0.0,5.0
0.5700000000000001,4.84,8.68,0.0,7.0
0.58,4.84,8.74,0.0,6.0
0.59,4.85,8.79,1.0,5.0
0.6,4.86,8.86,1.0,7.0
0.61,4.88,8.91,2.0,5.0
0.62,4.9,8.98,2.0,7.0
0.63,4.93,9.02,3.0,4.0
0.64,4.96,9.06,3.0,4.0
0.65,4.99,9.08,3.0,2.0
0.66,5.04,9.11,5.0,3.0
0.67,5.08,9.14,4.0,3.0
0.68,5.19,9.16,11.0,2.0
0.6900000000000001,5.32,9.17,13.0,1.0
0.7000000000000001,5.39,9.18,7.0,1.0
0.71,5.51,9.2,12.0,2.0
0.72,5.63,9.2,12.0,0.0
0.73,5.77,9.21,14.0,1.0
0.74,5.94,9.22,17.0,1.0
0.75,6.1,9.22,16.0,0.0
0.76,6.27,9.22,17.0,0.0
0.77,6.47,9.22,20.0,0.0
0.78,6.7,9.22,23.0,0.0
0.79,6.91,9.22,21.0,0.0
0.8,7.07,9.22,16.0,0.0
0.81,7.32,9.21,25.0,-1.0
0.8200000000000001,7.64,9.21,32.0,0.0
0.8300000000000001,7.91,9.21,27.0,0.0
0.84,8.17,9.19,26.0,-2.0
0.85,8.42,9.19,25.0,0.0
0.86,8.57,9.18,15.0,-1.0
0.87,8.79,9.16,22.0,-2.0
0.88,8.99,9.15,20.0,-1.0
0.89,9.19,9.14,20.0,-1.0
0.9,9.41,9.11,22.0,-3.0
0.91,9.57,9.09,16.0,-2.0
0.92,9.83,9.06,26.0,-3.0
0.93,10.02,9.05,19.0,-1.0
0.9400000000000001,10.22,9.03,20.0,-2.0
0.9500000000000001,10.44,9.0,22.0,-3.0
0.96,10.57,8.99,13.0,-1.0
0.97,10.74,8.97,17.0,-2.0
0.98,10.94,8.95,20.0,-2.0
0.99,11.07,8.94,13.0,-1.0
1.0,11.22,8.92,15.0,-2.0
1.01,11.33,8.91,11.0,-1.0
1.02,11.49,8.91,16.0,0.0
1.03,11.64,8.89,15.0,-2.0
1.04,11.8,8.87,16.0,-2.0
1.05,11.98,8.83,18.0,-4.0
1.06,12.11,8.79,13.0,-4.0
1.07,12.27,8.75,16.0,-4.0
1.08,12.41,8.72,14.0,-3.0
1.09,12.49,8.7,8.0,-2.0
1.1,12.56,8.67,7.0,-3.0
1.11,12.65,8.65,9.0,-2.0
1.12,12.76,8.63,11.0,-2.0
1.1300000000000001,12.89,8.6,13.0,-3.0
1.1400000000000001,13.0,8.56,11.0,-4.0
1.1500000000000001,13.1,8.54,10.0,-2.0
1.16,13.24,8.5,14.0,-4.0
1.17,13.37,8.44,13.0,-6.0
1.18,13.49,8.38,12.0,-6.0
1.19,13.56,8.35,7.0,-3.0
1.2,13.67,8.29,11.0,-6.0
1.21,13.75,8.24,8.0,-5.0
1.22,13.84,8.19,9.0,-5.0
1.23,13.91,8.15,7.0,-4.0
1.24,13.97,8.12,6.0,-3.0
1.25,14.04,8.09,7.0,-3.0
1.26,14.11,8.04,7.0,-5.0
1.27,14.18,7.99,7.0,-5.0
1.28,14.25,7.95,7.0,-4.0
1.29,14.3,7.91,5.0,-4.0
1.3,14.39,7.87,9.0,-4.0
1.31,14.47,7.84,8.0,-3.0
1.32,14.5,7.82,3.0,-2.0
1.33,14.64,7.76,14.0,-6.0
1.34,14.7,7.74,6.0,-2.0
1.35,14.71,7.71,1.0,-3.0
1.36,14.77,7.63,6.0,-8.0
1.37,14.81,7.56,4.0,-7.0
1.3800000000000001,14.83,7.53,2.0,-3.0
1.3900000000000001,14.89,7.44,6.0,-9.0
1.4000000000000001,14.98,7.35,9.0,-9.0
1.41,15.08,7.3,10.0,-5.0
1.42,15.1,7.26,2.0,-4.0
1.43,15.12,7.23,2.0,-3.0
1.44,15.12,7.17,0.0,-6.0
1.45,15.11,7.09,-1.0,-8.0
1.46,15.08,7.01,-3.0,-8.0
1.47,15.02,6.85,-6.0,-16.0
1.48,14.97,6.76,-5.0,-9.0
1.49,14.91,6.66,-6.0,-10.0
1.5,14.85,6.56,-6.0,-10.0
1.51,14.77,6.46,-8.0,-10.0
1.52,14.7,6.39,-7.0,-7.0
1.53,14.56,6.28,-14.0,-11.0
1.54,14.42,6.18,-14.0,-10.0
1.55,14.29,6.1,-13.0,-8.0
1.56,14.11,6.0,-18.0,-10.0
1.57,13.95,5.91,-16.0,-9.0
1.58,13.77,5.81,-18.0,-10.0
1.59,13.57,5.69,-20.0,-12.0
1.6,13.41,5.6,-16.0,-9.0
1.61,13.19,5.49,-22.0,-11.0
1.62,12.96,5.36,-23.0,-13.0
1.6300000000000001,12.77,5.26,-19.0,-10.0
1.6400000000000001,12.62,5.18,-15.0,-8.0
1.6500000000000001,12.48,5.09,-14.0,-9.0
1.6600000000000001,12.33,5.0,-15.0,-9.0
1.67,12.19,4.92,-14.0,-8.0
1.68,12.07,4.81,-12.0,-11.0
1.69,11.92,4.7,-15.0,-11.0
1.7,11.83,4.63,-9.0,-7.0
1.71,11.72,4.55,-11.0,-8.0
1.72,11.63,4.48,-9.0,-7.0
1.73,11.55,4.42,-8.0,-6.0
1.74,11.46,4.36,-9.0,-6.0
1.75,11.36,4.29,-10.0,-7.0
1.76,11.23,4.21,-13.0,-8.0
1.77,11.15,4.15,-8.0,-6.0
1.78,11.06,4.09,-9.0,-6.0
1.79,11.0,4.02,-6.0,-7.0
1.8,10.96,3.97,-4.0,-5.0
1.81,10.91,3.92,-5.0,-5.0
1.82,10.85,3.87,-6.0,-5.0
1.83,10.79,3.81,-6.0,-6.0
1.84,10.77,3.79,-2.0,-2.0
1.85,10.77,3.79,0.0,0.0
1.86,10.76,3.78,-1.0,-1.0
1.87,10.7,3.72,-6.0,-6.0
1.8800000000000001,10.67,3.7,-3.0,-2.0
1.8900000000000001,10.66,3.7,-1.0,0.0
1.9000000000000001,10.65,3.7,-1.0,0.0
1.9100000000000001,10.63,3.7,-2.0,0.0
1.92,10.62,3.7,-1.0,0.0
