0.01,8.93,3.7,0.0,0.0
0.02,8.93,3.7,0.0,0.0
0.03,8.93,3.7,0.0,0.0
0.04,8.93,3.7,0.0,0.0
0.05,8.93,3.7,0.0,0.0
0.06,8.91,3.72,-2.0,2.0
0.07,8.77,3.85,-14.0,13.0
0.08,8.62,4.04,-15.0,19.0
0.09,8.59,4.07,-3.0,3.0
0.1,8.53,4.13,-6.0,6.0
0.11,8.46,4.21,-7.0,8.0
0.12,8.4,4.28,-6.0,7.0
0.13,8.29,4.42,-11.0,14.0
0.14,8.18,4.57,-11.0,15.0
0.15,8.08,4.69,-10.0,12.0
0.16,8.04,4.75,-4.0,6.0
0.17,7.98,4.82,-6.0,7.0
0.18,7.93,4.89,-5.0,7.0
0.19,7.85,5.0,-8.0,11.0
0.2,7.68,5.15,-17.0,15.0
0.21,7.53,5.31,-15.0,16.0
0.22,7.42,5.41,-11.0,10.0
0.23,7.33,5.49,-9.0,8.0
0.24,7.28,5.53,-5.0,4.0
0.25,7.22,5.59,-6.0,6.0
0.26,7.2,5.61,-2.0,2.0
0.27,7.17,5.65,-3.0,4.0
0.28,7.1,5.72,-7.0,7.0
0.29,6.94,5.86,-16.0,14.0
0.3,6.83,5.96,-11.0,10.0
0.31,6.8,6.0,-3.0,4.0
0.32,6.67,6.14,-13.0,14.0
0.33,6.54,6.3,-13.0,16.0
0.34,6.48,6.38,-6.0,8.0
0.35000000000000003,6.42,6.46,-6.0,8.0
0.36,6.36,6.54,-6.0,8.0
0.37,6.31,6.59,-5.0,5.0
0.38,6.25,6.66,-6.0,7.0
0.39,6.15,6.77,-10.0,11.0
0.4,6.07,6.86,-8.0,9.0
0.41000000000000003,5.97,6.97,-10.0,11.0
0.42,5.88,7.08,-9.0,11.0
0.43,5.78,7.19,-10.0,11.0
0.44,5.7,7.29,-8.0,10.0
0.45,5.6,7.41,-10.0,12.0
0.46,5.52,7.52,-8.0,11.0
0.47000000000000003,5.45,7.63,-7.0,11.0
0.48,5.39,7.73,-6.0,10.0
0.49,5.36,7.81,-3.0,8.0
0.5,5.3,7.9,-6.0,9.0
0.51,5.28,7.95,-2.0,5.0
0.52,5.24,8.04,-4.0,9.0
0.53,5.19,8.12,-5.0,8.0
0.54,5.17,8.15,-2.0,3.0
0.55,5.15,8.2,-2.0,5.0
0.56,5.13,8.27,-2.0,7.0
0.5700000000000001,5.11,8.33,-2.0,6.0
0.58,5.08,8.38,-3.0,5.0
0.59,5.05,8.43,-3.0,5.0
0.6,5.03,8.55,-2.0,12.0
0.61,4.99,8.68,-4.0,13.0
0.62,4.98,8.68,-1.0,0.0
0.63,4.99,8.68,1.0,0.0
0.64,4.99,8.68,0.0,0.0
0.65,4.99,8.73,0.0,5.0
0.66,4.99,8.82,0.0,9.0
0.67,4.98,8.87,-1.0,5.0
0.68,4.99,8.92,1.0,5.0
0.6900000000000001,5.0,8.96,1.0,4.0
0.7000000000000001,5.0,9.0,0.0,4.0
0.71,5.02,9.07,2.0,7.0
0.72,5.04,9.14,2.0,7.0
0.73,5.05,9.17,1.0,3.0
0.74,5.06,9.2,1.0,3.0
0.75,5.07,9.27,1.0,7.0
0.76,5.1,9.32,3.0,5.0
0.77,5.16,9.36,6.0,4.0
0.78,5.22,9.4,6.0,4.0
0.79,5.38,9.47,16.0,7.0
0.8,5.5,9.53,12.0,6.0
0.81,5.63,9.58,13.0,5.0
0.8200000000000001,5.76,9.62,13.0,4.0
0.8300000000000001,5.9,9.65,14.0,3.0
0.84,6.04,9.68,14.0,3.0
0.85,6.19,9.7,15.0,2.0
0.86,6.35,9.72,16.0,2.0
0.87,6.57,9.75,22.0,3.0
0.88,6.76,9.76,19.0,1.0
0.89,6.88,9.76,12.0,0.0
0.9,6.97,9.77,9.0,1.0
0.91,7.09,9.77,12.0,0.0
0.92,7.25,9.77,16.0,0.0
0.93,7.33,9.77,8.0,0.0
0.9400000000000001,7.46,9.76,13.0,-1.0
0.9500000000000001,7.58,9.76,12.0,0.0
0.96,7.66,9.76,8.0,0.0
0.97,7.85,9.75,19.0,-1.0
0.98,8.04,9.75,19.0,0.0
0.99,8.3,9.74,26.0,-1.0
1.0,8.55,9.74,25.0,0.0
1.01,8.67,9.7,12.0,-4.0
1.02,8.77,9.68,10.0,-2.0
1.03,8.91,9.67,14.0,-1.0
1.04,9.03,9.66,12.0,-1.0
1.05,9.2,9.66,17.0,0.0
1.06,9.29,9.65,9.0,-1.0
1.07,9.47,9.63,18.0,-2.0
1.08,9.65,9.6,18.0,-3.0
1.09,9.76,9.56,11.0,-4.0
1.1,9.9,9.51,14.0,-5.0
1.11,10.07,9.48,17.0,-3.0
1.12,10.16,9.44,9.0,-4.0
1.1300000000000001,10.31,9.42,15.0,-2.0
1.1400000000000001,10.46,9.39,15.0,-3.0
1.1500000000000001,10.58,9.36,12.0,-3.0
1.16,10.74,9.33,16.0,-3.0
1.17,10.93,9.31,19.0,-2.0
1.18,11.09,9.3,16.0,-1.0
1.19,11.22,9.28,13.0,-2.0
1.2,11.44,9.26,22.0,-2.0
1.21,11.61,9.23,17.0,-3.0
1.22,11.74,9.21,13.0,-2.0
1.23,11.89,9.19,15.0,-2.0
1.24,12.08,9.15,19.0,-4.0
1.25,12.29,9.11,21.0,-4.0
1.26,12.47,9.06,18.0,-5.0
1.27,12.63,9.03,16.0,-3.0
1.28,12.8,9.0,17.0,-3.0
1.29,13.02,8.98,22.0,-2.0
1.3,13.06,8.97,4.0,-1.0
1.31,13.1,8.96,4.0,-1.0
1.32,13.24,8.94,14.0,-2.0
1.33,13.41,8.91,17.0,-3.0
1.34,13.58,8.9,17.0,-1.0
1.35,13.79,8.86,21.0,-4.0
1.36,14.0,8.8,21.0,-6.0
1.37,14.23,8.78,23.0,-2.0
1.3800000000000001,14.4,8.71,17.0,-7.0
1.3900000000000001,14.43,8.67,3.0,-4.0
1.4000000000000001,14.47,8.61,4.0,-6.0
1.41,14.52,8.57,5.0,-4.0
1.42,14.59,8.51,7.0,-6.0
1.43,14.64,8.45,5.0,-6.0
1.44,14.69,8.39,5.0,-6.0
1.45,14.74,8.33,5.0,-6.0
1.46,14.79,8.26,5.0,-7.0
1.47,14.85,8.19,6.0,-7.0
1.48,14.88,8.14,3.0,-5.0
1.49,14.91,8.09,3.0,-5.0
1.5,14.93,8.01,2.0,-8.0
1.51,14.95,7.95,2.0,-6.0
1.52,14.98,7.9,3.0,-5.0
1.53,15.0,7.85,2.0,-5.0
1.54,15.01,7.79,1.0,-6.0
1.55,15.01,7.75,0.0,-4.0
1.56,15.01,7.75,0.0,0.0
1.57,15.01,7.74,0.0,-1.0
1.58,15.01,7.67,0.0,-7.0
1.59,15.0,7.59,-1.0,-8.0
1.6,14.99,7.54,-1.0,-5.0
1.61,14.97,7.47,-2.0,-7.0
1.62,14.93,7.36,-4.0,-11.0
1.6300000000000001,14.92,7.3,-1.0,-6.0
1.6400000000000001,14.9,7.26,-2.0,-4.0
1.6500000000000001,14.86,7.19,-4.0,-7.0
1.6600000000000001,14.79,7.09,-7.0,-10.0
1.67,14.72,7.01,-7.0,-8.0
1.68,14.65,6.93,-7.0,-8.0
1.69,14.56,6.85,-9.0,-8.0
1.7,14.5,6.81,-6.0,-4.0
1.71,14.36,6.71,-14.0,-10.0
1.72,14.28,6.64,-8.0,-7.0
1.73,14.17,6.57,-11.0,-7.0
1.74,14.04,6.48,-13.0,-9.0
1.75,13.92,6.39,-12.0,-9.0
1.76,13.81,6.31,-11.0,-8.0
1.77,13.68,6.21,-13.0,-10.0
1.78,13.53,6.11,-15.0,-10.0
1.79,13.37,6.01,-16.0,-10.0
1.8,13.24,5.9,-13.0,-11.0
1.81,13.13,5.82,-11.0,-8.0
1.82,12.95,5.71,-18.0,-11.0
1.83,12.84,5.63,-11.0,-8.0
1.84,12.73,5.54,-11.0,-9.0
1.85,12.61,5.46,-12.0,-8.0
1.86,12.5,5.37,-11.0,-9.0
1.87,12.38,5.3,-12.0,-7.0
1.8800000000000001,12.31,5.25,-7.0,-5.0
1.8900000000000001,12.21,5.21,-10.0,-4.0
1.9000000000000001,12.11,5.19,-10.0,-2.0
1.9100000000000001,11.96,5.12,-15.0,-7.0
1.92,11.84,5.06,-12.0,-6.0
1.93,11.73,5.0,-11.0,-6.0
1.94,11.64,4.95,-9.0,-5.0
1.95,11.54,4.89,-10.0,-6.0
1.96,11.44,4.82,-10.0,-7.0
1.97,11.34,4.74,-10.0,-8.0
1.98,11.27,4.69,-7.0,-5.0
1.99,11.16,4.6,-11.0,-9.0
2.0,11.09,4.53,-7.0,-7.0
2.0100000000000002,11.01,4.44,-8.0,-9.0
2.02,10.96,4.38,-5.0,-6.0
2.0300000000000002,10.89,4.3,-7.0,-8.0
2.04,10.84,4.22,-5.0,-8.0
2.05,10.79,4.15,-5.0,-7.0
2.06,10.75,4.06,-4.0,-9.0
2.07,10.69,3.99,-6.0,-7.0
2.08,10.66,3.93,-3.0,-6.0
2.09,10.62,3.88,-4.0,-5.0
2.1,10.6,3.85,-2.0,-3.0
2.11,10.57,3.81,-3.0,-4.0
2.12,10.56,3.77,-1.0,-4.0
2.13,10.55,3.74,-1.0,-3.0
2.14,10.55,3.72,0.0,-2.0
2.15,10.55,3.72,0.0,0.0
2.16,10.55,3.72,0.0,0.0
2.17,10.55,3.72,0.0,0.0
2.18,10.55,3.72,0.0,0.0
