0.01,8.88,3.68,0.0,0.0
0.02,8.88,3.68,0.0,0.0
0.03,8.88,3.68,0.0,0.0
0.04,8.84,3.72,-4.0,4.0
0.05,8.78,3.77,-6.0,5.0
0.06,8.72,3.81,-6.0,4.0
0.07,8.68,3.85,-4.0,4.0
0.08,8.59,3.92,-9.0,7.0
0.09,8.49,4.01,-10.0,9.0
0.1,8.45,4.06,-4.0,5.0
0.11,8.4,4.11,-5.0,5.0
0.12,8.32,4.2,-8.0,9.0
0.13,8.24,4.29,-8.0,9.0
0.14,8.17,4.37,-7.0,8.0
0.15,8.11,4.44,-6.0,7.0
0.16,8.03,4.5,-8.0,6.0
0.17,7.91,4.59,-12.0,9.0
0.18,7.79,4.67,-12.0,8.0
0.19,7.7,4.74,-9.0,7.0
0.2,7.6,4.82,-10.0,8.0
0.21,7.56,4.86,-4.0,4.0
0.22,7.5,4.93,-6.0,7.0
0.23,7.37,5.07,-13.0,14.0
0.24,7.19,5.2,-18.0,13.0
0.25,7.08,5.29,-11.0,9.0
0.26,6.97,5.38,-11.0,9.0
0.27,6.83,5.49,-14.0,11.0
0.28,6.75,5.59,-8.0,10.0
0.29,6.66,5.69,-9.0,10.0
0.3,6.58,5.78,-8.0,9.0
0.31,6.45,5.9,-13.0,12.0
0.32,6.37,6.0,-8.0,10.0
0.33,6.36,6.02,-1.0,2.0
0.34,6.32,6.11,-4.0,9.0
0.35000000000000003,6.19,6.27,-13.0,16.0
0.36,6.09,6.4,-10.0,13.0
0.37,5.96,6.54,-13.0,14.0
0.38,5.84,6.67,-12.0,13.0
0.39,5.79,6.74,-5.0,7.0
0.4,5.72,6.86,-7.0,12.0
0.41000000000000003,5.65,6.98,-7.0,12.0
0.42,5.61,7.08,-4.0,10.0
0.43,5.53,7.21,-8.0,13.0
0.44,5.49,7.3,-4.0,9.0
0.45,5.44,7.38,-5.0,8.0
0.46,5.37,7.48,-7.0,10.0
0.47000000000000003,5.32,7.56,-5.0,8.0
0.48,5.3,7.6,-2.0,4.0
0.49,5.25,7.69,-5.0,9.0
0.5,5.21,7.77,-4.0,8.0
0.51,5.16,7.86,-5.0,9.0
0.52,5.12,7.94,-4.0,8.0
0.53,5.05,8.04,-7.0,10.0
0.54,5.0,8.13,-5.0,9.0
0.55,4.95,8.23,-5.0,10.0
0.56,4.92,8.31,-3.0,8.0
0.5700000000000001,4.9,8.37,-2.0,6.0
0.58,4.89,8.43,-1.0,6.0
0.59,4.89,8.48,0.0,5.0
0.6,4.89,8.54,0.0,6.0
0.61,4.9,8.6,1.0,6.0
0.62,4.92,8.65,2.0,5.0
0.63,4.92,8.7,0.0,5.0
0.64,4.93,8.73,1.0,3.0
0.65,4.95,8.77,2.0,4.0
0.66,4.98,8.81,3.0,4.0
0.67,4.99,8.83,1.0,2.0
0.68,5.0,8.86,1.0,3.0
0.6900000000000001,5.03,8.93,3.0,7.0
0.7000000000000001,5.06,8.97,3.0,4.0
0.71,5.07,9.01,1.0,4.0
0.72,5.09,9.08,2.0,7.0
0.73,5.1,9.12,1.0,4.0
0.74,5.1,9.15,0.0,3.0
0.75,5.1,9.16,0.0,1.0
0.76,5.12,9.18,2.0,2.0
0.77,5.17,9.21,5.0,3.0
0.78,5.26,9.21,9.0,0.0
0.79,5.41,9.21,15.0,0.0
0.8,5.49,9.2,8.0,-1.0
0.81,5.61,9.19,12.0,-1.0
0.8200000000000001,5.69,9.17,8.0,-2.0
0.8300000000000001,5.78,9.16,9.0,-1.0
0.84,5.91,9.14,13.0,-2.0
0.85,6.03,9.14,12.0,0.0
0.86,6.15,9.14,12.0,0.0
0.87,6.22,9.14,7.0,0.0
0.88,6.33,9.14,11.0,0.0
0.89,6.52,9.14,19.0,0.0
0.9,6.64,9.14,12.0,0.0
0.91,6.79,9.13,15.0,-1.0
0.92,6.88,9.13,9.0,0.0
0.93,6.98,9.12,10.0,-1.0
0.9400000000000001,7.15,9.1,17.0,-2.0
0.9500000000000001,7.26,9.1,11.0,0.0
0.96,7.45,9.1,19.0,0.0
0.97,7.62,9.1,17.0,0.0
0.98,7.78,9.1,16.0,0.0
0.99,7.94,9.1,16.0,0.0
1.0,8.1,9.1,16.0,0.0
1.01,8.28,9.09,18.0,-1.0
1.02,8.43,9.07,15.0,-2.0
1.03,8.65,9.07,22.0,0.0
1.04,8.86,9.07,21.0,0.0
1.05,9.06,9.06,20.0,-1.0
1.06,9.19,9.04,13.0,-2.0
1.07,9.38,9.01,19.0,-3.0
1.08,9.52,9.01,14.0,0.0
1.09,9.66,9.0,14.0,-1.0
1.1,9.83,9.0,17.0,0.0
1.11,9.99,9.0,16.0,0.0
1.12,10.11,8.99,12.0,-1.0
1.1300000000000001,10.3,8.99,19.0,0.0
1.1400000000000001,10.47,8.98,17.0,-1.0
1.1500000000000001,10.65,8.96,18.0,-2.0
1.16,10.81,8.96,16.0,0.0
1.17,10.96,8.93,15.0,-3.0
1.18,11.1,8.89,14.0,-4.0
1.19,11.26,8.87,16.0,-2.0
1.2,11.45,8.83,19.0,-4.0
1.21,11.59,8.81,14.0,-2.0
1.22,11.78,8.8,19.0,-1.0
1.23,11.99,8.8,21.0,0.0
1.24,12.12,8.79,13.0,-1.0
1.25,12.28,8.78,16.0,-1.0
1.26,12.48,8.77,20.0,-1.0
1.27,12.62,8.76,14.0,-1.0
1.28,12.84,8.73,22.0,-3.0
1.29,12.98,8.7,14.0,-3.0
1.3,13.07,8.67,9.0,-3.0
1.31,13.19,8.64,12.0,-3.0
1.32,13.29,8.61,10.0,-3.0
1.33,13.39,8.58,10.0,-3.0
1.34,13.5,8.55,11.0,-3.0
1.35,13.74,8.5,24.0,-5.0
1.36,13.9,8.45,16.0,-5.0
1.37,14.01,8.4,11.0,-5.0
1.3800000000000001,14.17,8.32,16.0,-8.0
1.3900000000000001,14.28,8.27,11.0,-5.0
1.4000000000000001,14.39,8.22,11.0,-5.0
1.41,14.47,8.14,8.0,-8.0
1.42,14.53,8.1,6.0,-4.0
1.43,14.61,8.06,8.0,-4.0
1.44,14.63,8.04,2.0,-2.0
1.45,14.69,8.0,6.0,-4.0
1.46,14.71,7.96,2.0,-4.0
1.47,14.75,7.9,4.0,-6.0
1.48,14.82,7.86,7.0,-4.0
1.49,14.83,7.86,1.0,0.0
1.5,14.88,7.8,5.0,-6.0
1.51,14.91,7.74,3.0,-6.0
1.52,14.94,7.69,3.0,-5.0
1.53,14.98,7.64,4.0,-5.0
1.54,15.0,7.57,2.0,-7.0
1.55,15.05,7.47,5.0,-10.0
1.56,15.06,7.42,1.0,-5.0
1.57,15.08,7.37,2.0,-5.0
1.58,15.08,7.3,0.0,-7.0
1.59,15.07,7.23,-1.0,-7.0
1.6,15.06,7.14,-1.0,-9.0
1.61,15.01,7.0,-5.0,-14.0
1.62,14.95,6.88,-6.0,-12.0
1.6300000000000001,14.9,6.74,-5.0,-14.0
1.6400000000000001,14.78,6.57,-12.0,-17.0
1.6500000000000001,14.68,6.41,-10.0,-16.0
1.6600000000000001,14.59,6.28,-9.0,-13.0
1.67,14.42,6.1,-17.0,-18.0
1.68,14.31,5.99,-11.0,-11.0
1.69,14.09,5.82,-22.0,-17.0
1.7,13.85,5.67,-24.0,-15.0
1.71,13.55,5.51,-30.0,-16.0
1.72,13.35,5.41,-20.0,-10.0
1.73,13.16,5.29,-19.0,-12.0
1.74,12.98,5.2,-18.0,-9.0
1.75,12.86,5.13,-12.0,-7.0
1.76,12.69,5.02,-17.0,-11.0
1.77,12.56,4.94,-13.0,-8.0
1.78,12.41,4.84,-15.0,-10.0
1.79,12.2,4.71,-21.0,-13.0
1.8,12.0,4.61,-20.0,-10.0
1.81,11.83,4.56,-17.0,-5.0
1.82,11.67,4.48,-16.0,-8.0
1.83,11.51,4.39,-16.0,-9.0
1.84,11.37,4.31,-14.0,-8.0
1.85,11.27,4.26,-10.0,-5.0
1.86,11.19,4.2,-8.0,-6.0
1.87,11.08,4.12,-11.0,-8.0
1.8800000000000001,11.0,4.05,-8.0,-7.0
1.8900000000000001,10.92,3.99,-8.0,-6.0
1.9000000000000001,10.87,3.96,-5.0,-3.0
1.9100000000000001,10.81,3.9,-6.0,-6.0
1.92,10.76,3.85,-5.0,-5.0
1.93,10.73,3.82,-3.0,-3.0
1.94,10.71,3.79,-2.0,-3.0
1.95,10.67,3.75,-4.0,-4.0
1.96,10.64,3.73,-3.0,-2.0
1.97,10.61,3.71,-3.0,-2.0
1.98,10.6,3.71,-1.0,0.0
1.99,10.6,3.71,0.0,0.0
2.0,10.6,3.71,0.0,0.0
2.0100000000000002,10.6,3.71,0.0,0.0
