0.01,8.88,3.68,0.0,0.0
0.02,8.88,3.68,0.0,0.0
0.03,8.88,3.68,0.0,0.0
0.04,8.88,3.68,0.0,0.0
0.05,8.88,3.68,0.0,0.0
0.06,8.8,3.82,-8.0,14.0
0.07,8.72,3.92,-8.0,10.0
0.08,8.63,4.02,-9.0,10.0
0.09,8.59,4.08,-4.0,6.0
0.1,8.51,4.15,-8.0,7.0
0.11,8.48,4.2,-3.0,5.0
0.12,8.44,4.24,-4.0,4.0
0.13,8.38,4.31,-6.0,7.0
0.14,8.31,4.37,-7.0,6.0
0.15,8.22,4.46,-9.0,9.0
0.16,8.11,4.59,-11.0,13.0
0.17,8.01,4.73,-10.0,14.0
0.18,7.95,4.79,-6.0,6.0
0.19,7.89,4.85,-6.0,6.0
0.2,7.85,4.9,-4.0,5.0
0.21,7.79,4.95,-6.0,5.0
0.22,7.72,5.01,-7.0,6.0
0.23,7.65,5.07,-7.0,6.0
0.24,7.54,5.15,-11.0,8.0
0.25,7.5,5.2,-4.0,5.0
0.26,7.42,5.28,-8.0,8.0
0.27,7.28,5.42,-14.0,14.0
0.28,7.13,5.56,-15.0,14.0
0.29,6.97,5.68,-16.0,12.0
0.3,6.86,5.79,-11.0,11.0
0.31,6.79,5.87,-7.0,8.0
0.32,6.68,5.97,-11.0,10.0
0.33,6.6,6.04,-8.0,7.0
0.34,6.52,6.11,-8.0,7.0
0.35000000000000003,6.43,6.2,-9.0,9.0
0.36,6.35,6.28,-8.0,8.0
0.37,6.27,6.37,-8.0,9.0
0.38,6.22,6.42,-5.0,5.0
0.39,6.15,6.48,-7.0,6.0
0.4,6.06,6.57,-9.0,9.0
0.41000000000000003,5.95,6.67,-11.0,10.0
0.42,5.87,6.75,-8.0,8.0
0.43,5.76,6.86,-11.0,11.0
0.44,5.67,6.97,-9.0,11.0
0.45,5.61,7.04,-6.0,7.0
0.46,5.57,7.11,-4.0,7.0
0.47000000000000003,5.52,7.18,-5.0,7.0
0.48,5.48,7.28,-4.0,10.0
0.49,5.44,7.36,-4.0,8.0
0.5,5.38,7.45,-6.0,9.0
0.51,5.31,7.56,-7.0,11.0
0.52,5.24,7.65,-7.0,9.0
0.53,5.16,7.8,-8.0,15.0
0.54,5.07,7.94,-9.0,14.0
0.55,5.02,8.03,-5.0,9.0
0.56,4.97,8.12,-5.0,9.0
0.5700000000000001,4.94,8.19,-3.0,7.0
0.58,4.93,8.23,-1.0,4.0
0.59,4.92,8.28,-1.0,5.0
0.6,4.9,8.34,-2.0,6.0
0.61,4.9,8.38,0.0,4.0
0.62,4.88,8.42,-2.0,4.0
0.63,4.88,8.46,0.0,4.0
0.64,4.87,8.5,-1.0,4.0
0.65,4.87,8.56,0.0,6.0
0.66,4.86,8.62,-1.0,6.0
0.67,4.85,8.67,-1.0,5.0
0.68,4.85,8.72,0.0,5.0
0.6900000000000001,4.85,8.78,0.0,6.0
0.7000000000000001,4.86,8.83,1.0,5.0
0.71,4.89,8.88,3.0,5.0
0.72,4.91,8.92,2.0,4.0
0.73,4.93,8.94,2.0,2.0
0.74,4.96,8.96,3.0,2.0
0.75,5.0,8.98,4.0,2.0
0.76,5.04,9.01,4.0,3.0
0.77,5.09,9.04,5.0,3.0
0.78,5.1,9.04,1.0,0.0
0.79,5.15,9.07,5.0,3.0
0.8,5.19,9.07,4.0,0.0
0.81,5.23,9.09,4.0,2.0
0.8200000000000001,5.37,9.1,14.0,1.0
0.8300000000000001,5.46,9.11,9.0,1.0
0.84,5.5,9.11,4.0,0.0
0.85,5.5,9.11,0.0,0.0
0.86,5.51,9.11,1.0,0.0
0.87,5.61,9.11,10.0,0.0
0.88,5.66,9.11,5.0,0.0
0.89,5.74,9.13,8.0,2.0
0.9,5.82,9.15,8.0,2.0
0.91,5.92,9.15,10.0,0.0
0.92,6.02,9.16,10.0,1.0
0.93,6.18,9.17,16.0,1.0
0.9400000000000001,6.39,9.21,21.0,4.0
0.9500000000000001,6.5,9.23,11.0,2.0
0.96,6.65,9.26,15.0,3.0
0.97,6.78,9.28,13.0,2.0
0.98,6.85,9.29,7.0,1.0
0.99,6.97,9.3,12.0,1.0
1.0,7.08,9.32,11.0,2.0
1.01,7.16,9.32,8.0,0.0
1.02,7.29,9.32,13.0,0.0
1.03,7.35,9.32,6.0,0.0
1.04,7.45,9.33,10.0,1.0
1.05,7.59,9.34,14.0,1.0
1.06,7.73,9.34,14.0,0.0
1.07,7.83,9.34,10.0,0.0
1.08,7.92,9.34,9.0,0.0
1.09,8.05,9.34,13.0,0.0
1.1,8.16,9.34,11.0,0.0
1.11,8.35,9.34,19.0,0.0
1.12,8.49,9.34,14.0,0.0
1.1300000000000001,8.59,9.33,10.0,-1.0
1.1400000000000001,8.72,9.33,13.0,0.0
1.1500000000000001,8.89,9.31,17.0,-2.0
1.16,9.04,9.28,15.0,-3.0
1.17,9.1,9.27,6.0,-1.0
1.18,9.15,9.26,5.0,-1.0
1.19,9.2,9.24,5.0,-2.0
1.2,9.26,9.23,6.0,-1.0
1.21,9.38,9.21,12.0,-2.0
1.22,9.52,9.19,14.0,-2.0
1.23,9.64,9.17,12.0,-2.0
1.24,9.79,9.17,15.0,0.0
1.25,9.98,9.16,19.0,-1.0
1.26,10.16,9.15,18.0,-1.0
1.27,10.39,9.15,23.0,0.0
1.28,10.61,9.15,22.0,0.0
1.29,10.74,9.15,13.0,0.0
1.3,10.94,9.15,20.0,0.0
1.31,11.13,9.13,19.0,-2.0
1.32,11.29,9.11,16.0,-2.0
1.33,11.43,9.09,14.0,-2.0
1.34,11.51,9.05,8.0,-4.0
1.35,11.65,9.05,14.0,0.0
1.36,11.89,9.04,24.0,-1.0
1.37,12.07,9.01,18.0,-3.0
1.3800000000000001,12.28,9.01,21.0,0.0
1.3900000000000001,12.55,9.01,27.0,0.0
1.4000000000000001,12.65,9.0,10.0,-1.0
1.41,12.88,8.98,23.0,-2.0
1.42,13.05,8.97,17.0,-1.0
1.43,13.13,8.95,8.0,-2.0
1.44,13.29,8.92,16.0,-3.0
1.45,13.34,8.9,5.0,-2.0
1.46,13.42,8.87,8.0,-3.0
1.47,13.56,8.8,14.0,-7.0
1.48,13.66,8.75,10.0,-5.0
1.49,13.75,8.72,9.0,-3.0
1.5,13.86,8.68,11.0,-4.0
1.51,13.9,8.66,4.0,-2.0
1.52,14.02,8.62,12.0,-4.0
1.53,14.16,8.59,14.0,-3.0
1.54,14.19,8.57,3.0,-2.0
1.55,14.2,8.55,1.0,-2.0
1.56,14.33,8.47,13.0,-8.0
1.57,14.44,8.39,11.0,-8.0
1.58,14.51,8.34,7.0,-5.0
1.59,14.55,8.29,4.0,-5.0
1.6,14.62,8.23,7.0,-6.0
1.61,14.66,8.18,4.0,-5.0
1.62,14.74,8.14,8.0,-4.0
1.6300000000000001,14.78,8.1,4.0,-4.0
1.6400000000000001,14.85,8.05,7.0,-5.0
1.6500000000000001,14.91,8.0,6.0,-5.0
1.6600000000000001,14.95,7.96,4.0,-4.0
1.67,14.98,7.9,3.0,-6.0
1.68,14.98,7.9,0.0,0.0
1.69,14.98,7.89,0.0,-1.0
1.7,14.99,7.79,1.0,-10.0
1.71,15.01,7.72,2.0,-7.0
1.72,15.02,7.66,1.0,-6.0
1.73,15.02,7.61,0.0,-5.0
1.74,15.04,7.56,2.0,-5.0
1.75,15.04,7.52,0.0,-4.0
1.76,15.04,7.47,0.0,-5.0
1.77,15.02,7.38,-2.0,-9.0
1.78,15.0,7.3,-2.0,-8.0
1.79,14.97,7.22,-3.0,-8.0
1.8,14.94,7.16,-3.0,-6.0
1.81,14.9,7.08,-4.0,-8.0
1.82,14.86,7.01,-4.0,-7.0
1.83,14.81,6.92,-5.0,-9.0
1.84,14.75,6.82,-6.0,-10.0
1.85,14.66,6.69,-9.0,-13.0
1.86,14.59,6.6,-7.0,-9.0
1.87,14.51,6.49,-8.0,-11.0
1.8800000000000001,14.42,6.39,-9.0,-10.0
1.8900000000000001,14.34,6.31,-8.0,-8.0
1.9000000000000001,14.24,6.2,-10.0,-11.0
1.9100000000000001,14.15,6.1,-9.0,-10.0
1.92,14.02,5.98,-13.0,-12.0
1.93,13.91,5.89,-11.0,-9.0
1.94,13.82,5.81,-9.0,-8.0
1.95,13.75,5.74,-7.0,-7.0
1.96,13.68,5.67,-7.0,-7.0
1.97,13.66,5.65,-2.0,-2.0
1.98,13.62,5.61,-4.0,-4.0
1.99,13.48,5.49,-14.0,-12.0
2.0,13.34,5.38,-14.0,-11.0
2.0100000000000002,13.21,5.27,-13.0,-11.0
2.02,13.08,5.17,-13.0,-10.0
2.0300000000000002,12.92,5.06,-16.0,-11.0
2.04,12.75,4.94,-17.0,-12.0
2.05,12.62,4.87,-13.0,-7.0
2.06,12.47,4.77,-15.0,-10.0
2.07,12.32,4.71,-15.0,-6.0
2.08,12.17,4.63,-15.0,-8.0
2.09,12.0,4.54,-17.0,-9.0
2.1,11.82,4.46,-18.0,-8.0
2.11,11.66,4.39,-16.0,-7.0
2.12,11.48,4.3,-18.0,-9.0
2.13,11.28,4.19,-20.0,-11.0
2.14,11.17,4.12,-11.0,-7.0
2.15,11.1,4.1,-7.0,-2.0
2.16,11.05,4.07,-5.0,-3.0
2.17,10.98,4.02,-7.0,-5.0
2.18,10.88,3.95,-10.0,-7.0
2.19,10.81,3.91,-7.0,-4.0
2.2,10.77,3.88,-4.0,-3.0
2.21,10.74,3.84,-3.0,-4.0
2.22,10.71,3.79,-3.0,-5.0
2.23,10.69,3.75,-2.0,-4.0
2.24,10.68,3.74,-1.0,-1.0
2.25,10.64,3.68,-4.0,-6.0
2.2600000000000002,10.61,3.65,-3.0,-3.0
2.27,10.61,3.64,0.0,-1.0
2.2800000000000002,10.61,3.64,0.0,0.0
