0.01,8.92,3.7,0.0,0.0
0.02,8.92,3.7,0.0,0.0
0.03,8.92,3.7,0.0,0.0
0.04,8.92,3.7,0.0,0.0
0.05,8.92,3.7,0.0,0.0
0.06,8.91,3.71,-1.0,1.0
0.07,8.8,3.8,-11.0,9.0
0.08,8.73,3.85,-7.0,5.0
0.09,8.63,3.91,-10.0,6.0
0.1,8.52,3.98,-11.0,7.0
0.11,8.44,4.02,-8.0,4.0
0.12,8.38,4.08,-6.0,6.0
0.13,8.29,4.14,-9.0,6.0
0.14,8.22,4.2,-7.0,6.0
0.15,8.18,4.23,-4.0,3.0
0.16,8.09,4.28,-9.0,5.0
0.17,7.99,4.37,-10.0,9.0
0.18,7.91,4.44,-8.0,7.0
0.19,7.8,4.54,-11.0,10.0
0.2,7.73,4.62,-7.0,8.0
0.21,7.65,4.7,-8.0,8.0
0.22,7.56,4.8,-9.0,10.0
0.23,7.49,4.89,-7.0,9.0
0.24,7.42,4.95,-7.0,6.0
0.25,7.36,5.01,-6.0,6.0
0.26,7.32,5.07,-4.0,6.0
0.27,7.24,5.15,-8.0,8.0
0.28,7.16,5.23,-8.0,8.0
0.29,7.08,5.3,-8.0,7.0
0.3,7.0,5.38,-8.0,8.0
0.31,6.93,5.47,-7.0,9.0
0.32,6.85,5.57,-8.0,10.0
0.33,6.79,5.66,-6.0,9.0
0.34,6.74,5.72,-5.0,6.0
0.35000000000000003,6.67,5.81,-7.0,9.0
0.36,6.61,5.87,-6.0,6.0
0.37,6.56,5.92,-5.0,5.0
0.38,6.47,6.0,-9.0,8.0
0.39,6.39,6.09,-8.0,9.0
0.4,6.31,6.18,-8.0,9.0
0.41000000000000003,6.21,6.3,-10.0,12.0
0.42,6.1,6.45,-11.0,15.0
0.43,6.0,6.57,-10.0,12.0
0.44,5.93,6.66,-7.0,9.0
0.45,5.88,6.71,-5.0,5.0
0.46,5.82,6.77,-6.0,6.0
0.47000000000000003,5.72,6.86,-10.0,9.0
0.48,5.66,6.91,-6.0,5.0
0.49,5.61,6.98,-5.0,7.0
0.5,5.52,7.09,-9.0,11.0
0.51,5.47,7.17,-5.0,8.0
0.52,5.43,7.24,-4.0,7.0
0.53,5.37,7.34,-6.0,10.0
0.54,5.32,7.42,-5.0,8.0
0.55,5.26,7.51,-6.0,9.0
0.56,5.16,7.65,-10.0,14.0
0.5700000000000001,5.11,7.74,-5.0,9.0
0.58,5.04,7.89,-7.0,15.0
0.59,5.0,8.01,-4.0,12.0
0.6,4.98,8.07,-2.0,6.0
0.61,4.97,8.11,-1.0,4.0
0.62,4.97,8.14,0.0,3.0
0.63,4.97,8.17,0.0,3.0
0.64,4.97,8.21,0.0,4.0
0.65,4.96,8.24,-1.0,3.0
0.66,4.94,8.28,-2.0,4.0
0.67,4.92,8.32,-2.0,4.0
0.68,4.88,8.39,-4.0,7.0
0.6900000000000001,4.87,8.42,-1.0,3.0
0.7000000000000001,4.84,8.48,-3.0,6.0
0.71,4.83,8.51,-1.0,3.0
0.72,4.83,8.54,0.0,3.0
0.73,4.83,8.64,0.0,10.0
0.74,4.86,8.7,3.0,6.0
0.75,4.86,8.75,0.0,5.0
0.76,4.88,8.78,2.0,3.0
0.77,4.89,8.82,1.0,4.0
0.78,4.9,8.87,1.0,5.0
0.79,4.93,8.91,3.0,4.0
0.8,4.94,8.96,1.0,5.0
0.81,4.96,8.99,2.0,3.0
0.8200000000000001,4.98,9.01,2.0,2.0
0.8300000000000001,4.99,9.04,1.0,3.0
0.84,5.0,9.06,1.0,2.0
0.85,5.03,9.09,3.0,3.0
0.86,5.06,9.11,3.0,2.0
0.87,5.1,9.14,4.0,3.0
0.88,5.15,9.2,5.0,6.0
0.89,5.18,9.23,3.0,3.0
0.9,5.24,9.26,6.0,3.0
0.91,5.32,9.29,8.0,3.0
0.92,5.38,9.33,6.0,4.0
0.93,5.55,9.43,17.0,10.0
0.9400000000000001,5.8,9.53,25.0,10.0
0.9500000000000001,5.97,9.59,17.0,6.0
0.96,6.18,9.65,21.0,6.0
0.97,6.34,9.66,16.0,1.0
0.98,6.41,9.67,7.0,1.0
0.99,6.54,9.67,13.0,0.0
1.0,6.71,9.67,17.0,0.0
1.01,6.85,9.67,14.0,0.0
1.02,7.05,9.67,20.0,0.0
1.03,7.26,9.67,21.0,0.0
1.04,7.36,9.67,10.0,0.0
1.05,7.53,9.68,17.0,1.0
1.06,7.69,9.68,16.0,0.0
1.07,7.84,9.68,15.0,0.0
1.08,8.03,9.68,19.0,0.0
1.09,8.14,9.68,11.0,0.0
1.1,8.29,9.69,15.0,1.0
1.11,8.53,9.69,24.0,0.0
1.12,8.67,9.7,14.0,1.0
1.1300000000000001,9.0,9.69,33.0,-1.0
1.1400000000000001,9.26,9.69,26.0,0.0
1.1500000000000001,9.51,9.69,25.0,0.0
1.16,9.62,9.69,11.0,0.0
1.17,9.75,9.67,13.0,-2.0
1.18,10.01,9.67,26.0,0.0
1.19,10.14,9.67,13.0,0.0
1.2,10.27,9.65,13.0,-2.0
1.21,10.4,9.61,13.0,-4.0
1.22,10.46,9.6,6.0,-1.0
1.23,10.64,9.58,18.0,-2.0
1.24,10.77,9.55,13.0,-3.0
1.25,10.94,9.53,17.0,-2.0
1.26,11.08,9.51,14.0,-2.0
1.27,11.18,9.5,10.0,-1.0
1.28,11.35,9.46,17.0,-4.0
1.29,11.48,9.42,13.0,-4.0
1.3,11.61,9.4,13.0,-2.0
1.31,11.83,9.35,22.0,-5.0
1.32,11.99,9.32,16.0,-3.0
1.33,12.08,9.27,9.0,-5.0
1.34,12.2,9.22,12.0,-5.0
1.35,12.34,9.16,14.0,-6.0
1.36,12.4,9.13,6.0,-3.0
1.37,12.48,9.1,8.0,-3.0
1.3800000000000001,12.53,9.09,5.0,-1.0
1.3900000000000001,12.59,9.06,6.0,-3.0
1.4000000000000001,12.72,9.02,13.0,-4.0
1.41,12.81,9.0,9.0,-2.0
1.42,12.88,8.97,7.0,-3.0
1.43,13.0,8.93,12.0,-4.0
1.44,13.11,8.89,11.0,-4.0
1.45,13.25,8.82,14.0,-7.0
1.46,13.36,8.78,11.0,-4.0
1.47,13.46,8.75,10.0,-3.0
1.48,13.52,8.71,6.0,-4.0
1.49,13.57,8.69,5.0,-2.0
1.5,13.66,8.68,9.0,-1.0
1.51,13.72,8.64,6.0,-4.0
1.52,13.82,8.61,10.0,-3.0
1.53,13.89,8.58,7.0,-3.0
1.54,13.94,8.56,5.0,-2.0
1.55,14.0,8.52,6.0,-4.0
1.56,14.07,8.48,7.0,-4.0
1.57,14.15,8.45,8.0,-3.0
1.58,14.21,8.41,6.0,-4.0
1.59,14.28,8.38,7.0,-3.0
1.6,14.38,8.34,10.0,-4.0
1.61,14.43,8.3,5.0,-4.0
1.62,14.47,8.28,4.0,-2.0
1.6300000000000001,14.51,8.24,4.0,-4.0
1.6400000000000001,14.54,8.22,3.0,-2.0
1.6500000000000001,14.56,8.21,2.0,-1.0
1.6600000000000001,14.59,8.17,3.0,-4.0
1.67,14.64,8.13,5.0,-4.0
1.68,14.66,8.1,2.0,-3.0
1.69,14.69,8.06,3.0,-4.0
1.7,14.72,8.02,3.0,-4.0
1.71,14.74,8.0,2.0,-2.0
1.72,14.76,7.97,2.0,-3.0
1.73,14.77,7.95,1.0,-2.0
1.74,14.78,7.94,1.0,-1.0
1.75,14.79,7.91,1.0,-3.0
1.76,14.8,7.89,1.0,-2.0
1.77,14.81,7.86,1.0,-3.0
1.78,14.82,7.84,1.0,-2.0
1.79,14.84,7.8,2.0,-4.0
1.8,14.86,7.77,2.0,-3.0
1.81,14.87,7.74,1.0,-3.0
1.82,14.89,7.7,2.0,-4.0
1.83,14.91,7.66,2.0,-4.0
1.84,14.92,7.65,1.0,-1.0
1.85,14.95,7.63,3.0,-2.0
1.86,14.96,7.6,1.0,-3.0
1.87,14.98,7.57,2.0,-3.0
1.8800000000000001,15.0,7.55,2.0,-2.0
1.8900000000000001,15.02,7.51,2.0,-4.0
1.9000000000000001,15.03,7.47,1.0,-4.0
1.9100000000000001,15.04,7.44,1.0,-3.0
1.92,15.04,7.41,0.0,-3.0
1.93,15.03,7.38,-1.0,-3.0
1.94,15.03,7.32,0.0,-6.0
1.95,15.03,7.25,0.0,-7.0
1.96,15.03,7.21,0.0,-4.0
1.97,15.02,7.13,-1.0,-8.0
1.98,15.02,7.01,0.0,-12.0
1.99,15.0,6.94,-2.0,-7.0
2.0,14.99,6.85,-1.0,-9.0
2.0100000000000002,14.96,6.74,-3.0,-11.0
2.02,14.94,6.69,-2.0,-5.0
2.0300000000000002,14.92,6.62,-2.0,-7.0
2.04,14.89,6.55,-3.0,-7.0
2.05,14.83,6.47,-6.0,-8.0
2.06,14.78,6.4,-5.0,-7.0
2.07,14.69,6.29,-9.0,-11.0
2.08,14.58,6.17,-11.0,-12.0
2.09,14.45,6.05,-13.0,-12.0
2.1,14.31,5.95,-14.0,-10.0
2.11,14.15,5.83,-16.0,-12.0
2.12,13.97,5.72,-18.0,-11.0
2.13,13.86,5.65,-11.0,-7.0
2.14,13.76,5.59,-10.0,-6.0
2.15,13.67,5.52,-9.0,-7.0
2.16,13.56,5.46,-11.0,-6.0
2.17,13.38,5.37,-18.0,-9.0
2.18,13.23,5.3,-15.0,-7.0
2.19,13.03,5.22,-20.0,-8.0
2.2,12.85,5.14,-18.0,-8.0
2.21,12.53,5.02,-32.0,-12.0
2.22,12.33,4.94,-20.0,-8.0
2.23,12.24,4.88,-9.0,-6.0
2.24,12.14,4.83,-10.0,-5.0
2.25,12.02,4.76,-12.0,-7.0
2.2600000000000002,11.85,4.67,-17.0,-9.0
2.27,11.68,4.55,-17.0,-12.0
2.2800000000000002,11.54,4.46,-14.0,-9.0
2.29,11.43,4.39,-11.0,-7.0
2.3000000000000003,11.32,4.31,-11.0,-8.0
2.31,11.23,4.24,-9.0,-7.0
2.32,11.1,4.15,-13.0,-9.0
2.33,11.02,4.09,-8.0,-6.0
2.34,10.94,4.03,-8.0,-6.0
2.35,10.85,3.96,-9.0,-7.0
2.36,10.79,3.92,-6.0,-4.0
2.37,10.77,3.91,-2.0,-1.0
2.38,10.73,3.88,-4.0,-3.0
2.39,10.68,3.85,-5.0,-3.0
2.4,10.62,3.79,-6.0,-6.0
2.41,10.58,3.76,-4.0,-3.0
2.42,10.56,3.74,-2.0,-2.0
2.43,10.54,3.71,-2.0,-3.0
2.44,10.54,3.71,0.0,0.0
2.45,10.54,3.71,0.0,0.0
