0.01,8.88,3.68,0.0,0.0
0.02,8.88,3.68,0.0,0.0
0.03,8.88,3.68,0.0,0.0
0.04,8.88,3.68,0.0,0.0
0.05,8.88,3.68,0.0,0.0
0.06,8.88,3.68,0.0,0.0
0.07,8.74,3.81,-14.0,13.0
0.08,8.59,3.9,-15.0,9.0
0.09,8.55,3.93,-4.0,3.0
0.1,8.55,3.93,0.0,0.0
0.11,8.46,4.0,-9.0,7.0
0.12,8.4,4.04,-6.0,4.0
0.13,8.35,4.08,-5.0,4.0
0.14,8.21,4.17,-14.0,9.0
0.15,8.15,4.22,-6.0,5.0
0.16,8.06,4.27,-9.0,5.0
0.17,8.0,4.32,-6.0,5.0
0.18,7.91,4.38,-9.0,6.0
0.19,7.85,4.43,-6.0,5.0
0.2,7.78,4.5,-7.0,7.0
0.21,7.62,4.64,-16.0,14.0
0.22,7.52,4.73,-10.0,9.0
0.23,7.44,4.8,-8.0,7.0
0.24,7.38,4.85,-6.0,5.0
0.25,7.28,4.93,-10.0,8.0
0.26,7.24,4.98,-4.0,5.0
0.27,7.2,5.02,-4.0,4.0
0.28,7.16,5.07,-4.0,5.0
0.29,7.11,5.12,-5.0,5.0
0.3,7.03,5.19,-8.0,7.0
0.31,6.94,5.29,-9.0,10.0
0.32,6.88,5.37,-6.0,8.0
0.33,6.82,5.46,-6.0,9.0
0.34,6.75,5.55,-7.0,9.0
0.35000000000000003,6.7,5.61,-5.0,6.0
0.36,6.64,5.7,-6.0,9.0
0.37,6.56,5.8,-8.0,10.0
0.38,6.49,5.91,-7.0,11.0
0.39,6.42,6.02,-7.0,11.0
0.4,6.37,6.11,-5.0,9.0
0.41000000000000003,6.28,6.26,-9.0,15.0
0.42,6.18,6.42,-10.0,16.0
0.43,6.14,6.49,-4.0,7.0
0.44,6.09,6.56,-5.0,7.0
0.45,6.0,6.69,-9.0,13.0
0.46,5.95,6.75,-5.0,6.0
0.47000000000000003,5.91,6.81,-4.0,6.0
0.48,5.86,6.89,-5.0,8.0
0.49,5.78,6.99,-8.0,10.0
0.5,5.69,7.08,-9.0,9.0
0.51,5.61,7.18,-8.0,10.0
0.52,5.55,7.25,-6.0,7.0
0.53,5.5,7.32,-5.0,7.0
0.54,5.44,7.39,-6.0,7.0
0.55,5.39,7.48,-5.0,9.0
0.56,5.35,7.52,-4.0,4.0
0.5700000000000001,5.31,7.59,-4.0,7.0
0.58,5.23,7.67,-8.0,8.0
0.59,5.17,7.75,-6.0,8.0
0.6,5.13,7.82,-4.0,7.0
0.61,5.09,7.89,-4.0,7.0
0.62,5.07,7.94,-2.0,5.0
0.63,5.04,8.0,-3.0,6.0
0.64,5.03,8.01,-1.0,1.0
0.65,5.0,8.06,-3.0,5.0
0.66,4.97,8.1,-3.0,4.0
0.67,4.93,8.15,-4.0,5.0
0.68,4.91,8.19,-2.0,4.0
0.6900000000000001,4.86,8.27,-5.0,8.0
0.7000000000000001,4.82,8.37,-4.0,10.0
0.71,4.81,8.41,-1.0,4.0
0.72,4.81,8.46,0.0,5.0
0.73,4.82,8.5,1.0,4.0
0.74,4.83,8.56,1.0,6.0
0.75,4.84,8.63,1.0,7.0
0.76,4.84,8.68,0.0,5.0
0.77,4.84,8.72,0.0,4.0
0.78,4.84,8.75,0.0,3.0
0.79,4.84,8.77,0.0,2.0
0.8,4.83,8.83,-1.0,6.0
0.81,4.84,8.9,1.0,7.0
0.8200000000000001,4.87,8.94,3.0,4.0
0.8300000000000001,4.9,8.95,3.0,1.0
0.84,4.94,8.99,4.0,4.0
0.85,4.99,9.01,5.0,2.0
0.86,5.03,9.03,4.0,2.0
0.87,5.11,9.03,8.0,0.0
0.88,5.17,9.04,6.0,1.0
0.89,5.22,9.05,5.0,1.0
0.9,5.27,9.06,5.0,1.0
0.91,5.33,9.07,6.0,1.0
0.92,5.4,9.08,7.0,1.0
0.93,5.48,9.1,8.0,2.0
0.9400000000000001,5.58,9.11,10.0,1.0
0.9500000000000001,5.64,9.11,6.0,0.0
0.96,5.71,9.11,7.0,0.0
0.97,5.81,9.13,10.0,2.0
0.98,5.88,9.14,7.0,1.0
0.99,5.98,9.15,10.0,1.0
1.0,6.09,9.18,11.0,3.0
1.01,6.23,9.21,14.0,3.0
1.02,6.35,9.21,12.0,0.0
1.03,6.44,9.21,9.0,0.0
1.04,6.57,9.22,13.0,1.0
1.05,6.74,9.24,17.0,2.0
1.06,6.97,9.24,23.0,0.0
1.07,7.08,9.24,11.0,0.0
1.08,7.21,9.24,13.0,0.0
1.09,7.38,9.24,17.0,0.0
1.1,7.46,9.24,8.0,0.0
1.11,7.63,9.24,17.0,0.0
1.12,7.84,9.24,21.0,0.0
1.1300000000000001,7.94,9.24,10.0,0.0
1.1400000000000001,8.18,9.24,24.0,0.0
1.1500000000000001,8.31,9.23,13.0,-1.0
1.16,8.46,9.21,15.0,-2.0
1.17,8.54,9.2,8.0,-1.0
1.18,8.67,9.15,13.0,-5.0
1.19,8.76,9.11,9.0,-4.0
1.2,8.91,9.08,15.0,-3.0
1.21,9.04,9.08,13.0,0.0
1.22,9.19,9.07,15.0,-1.0
1.23,9.32,9.06,13.0,-1.0
1.24,9.47,9.04,15.0,-2.0
1.25,9.59,9.02,12.0,-2.0
1.26,9.78,9.0,19.0,-2.0
1.27,9.86,8.98,8.0,-2.0
1.28,10.0,8.96,14.0,-2.0
1.29,10.09,8.94,9.0,-2.0
1.3,10.21,8.9,12.0,-4.0
1.31,10.29,8.87,8.0,-3.0
1.32,10.44,8.82,15.0,-5.0
1.33,10.56,8.79,12.0,-3.0
1.34,10.7,8.77,14.0,-2.0
1.35,10.84,8.75,14.0,-2.0
1.36,11.03,8.73,19.0,-2.0
1.37,11.19,8.72,16.0,-1.0
1.3800000000000001,11.34,8.72,15.0,0.0
1.3900000000000001,11.43,8.72,9.0,0.0
1.4000000000000001,11.57,8.69,14.0,-3.0
1.41,11.68,8.68,11.0,-1.0
1.42,11.83,8.66,15.0,-2.0
1.43,12.03,8.63,20.0,-3.0
1.44,12.16,8.62,13.0,-1.0
1.45,12.35,8.59,19.0,-3.0
1.46,12.56,8.58,21.0,-1.0
1.47,12.63,8.56,7.0,-2.0
1.48,12.79,8.52,16.0,-4.0
1.49,12.93,8.49,14.0,-3.0
1.5,13.03,8.46,10.0,-3.0
1.51,13.2,8.41,17.0,-5.0
1.52,13.26,8.37,6.0,-4.0
1.53,13.31,8.34,5.0,-3.0
1.54,13.42,8.3,11.0,-4.0
1.55,13.49,8.29,7.0,-1.0
1.56,13.56,8.28,7.0,-1.0
1.57,13.68,8.26,12.0,-2.0
1.58,13.79,8.24,11.0,-2.0
1.59,13.87,8.22,8.0,-2.0
1.6,13.97,8.18,10.0,-4.0
1.61,14.02,8.16,5.0,-2.0
1.62,14.08,8.14,6.0,-2.0
1.6300000000000001,14.22,8.1,14.0,-4.0
1.6400000000000001,14.28,8.06,6.0,-4.0
1.6500000000000001,14.33,8.04,5.0,-2.0
1.6600000000000001,14.42,8.0,9.0,-4.0
1.67,14.52,7.95,10.0,-5.0
1.68,14.61,7.92,9.0,-3.0
1.69,14.67,7.88,6.0,-4.0
1.7,14.7,7.84,3.0,-4.0
1.71,14.73,7.82,3.0,-2.0
1.72,14.74,7.82,1.0,0.0
1.73,14.74,7.82,0.0,0.0
1.74,14.76,7.77,2.0,-5.0
1.75,14.78,7.73,2.0,-4.0
1.76,14.8,7.71,2.0,-2.0
1.77,14.8,7.7,0.0,-1.0
1.78,14.82,7.68,2.0,-2.0
1.79,14.83,7.66,1.0,-2.0
1.8,14.86,7.63,3.0,-3.0
1.81,14.87,7.62,1.0,-1.0
1.82,14.91,7.6,4.0,-2.0
1.83,14.94,7.58,3.0,-2.0
1.84,14.99,7.55,5.0,-3.0
1.85,15.01,7.53,2.0,-2.0
1.86,15.03,7.48,2.0,-5.0
1.87,15.06,7.44,3.0,-4.0
1.8800000000000001,15.06,7.42,0.0,-2.0
1.8900000000000001,15.05,7.37,-1.0,-5.0
1.9000000000000001,15.05,7.3,0.0,-7.0
1.9100000000000001,15.03,7.24,-2.0,-6.0
1.92,14.98,7.13,-5.0,-11.0
1.93,14.89,6.96,-9.0,-17.0
1.94,14.82,6.84,-7.0,-12.0
1.95,14.77,6.76,-5.0,-8.0
1.96,14.66,6.61,-11.0,-15.0
1.97,14.59,6.52,-7.0,-9.0
1.98,14.49,6.4,-10.0,-12.0
1.99,14.37,6.29,-12.0,-11.0
2.0,14.26,6.2,-11.0,-9.0
2.0100000000000002,14.12,6.1,-14.0,-10.0
2.02,13.99,6.01,-13.0,-9.0
2.0300000000000002,13.86,5.92,-13.0,-9.0
2.04,13.75,5.84,-11.0,-8.0
2.05,13.61,5.74,-14.0,-10.0
2.06,13.5,5.67,-11.0,-7.0
2.07,13.37,5.57,-13.0,-10.0
2.08,13.22,5.46,-15.0,-11.0
2.09,13.1,5.34,-12.0,-12.0
2.1,12.99,5.26,-11.0,-8.0
2.11,12.88,5.18,-11.0,-8.0
2.12,12.76,5.1,-12.0,-8.0
2.13,12.64,5.04,-12.0,-6.0
2.14,12.45,4.96,-19.0,-8.0
2.15,12.29,4.88,-16.0,-8.0
2.16,12.15,4.79,-14.0,-9.0
2.17,12.03,4.7,-12.0,-9.0
2.18,11.8,4.56,-23.0,-14.0
2.19,11.58,4.43,-22.0,-13.0
2.2,11.5,4.37,-8.0,-6.0
2.21,11.42,4.32,-8.0,-5.0
2.22,11.37,4.29,-5.0,-3.0
2.23,11.27,4.23,-10.0,-6.0
2.24,11.15,4.16,-12.0,-7.0
2.25,11.06,4.11,-9.0,-5.0
2.2600000000000002,10.96,4.05,-10.0,-6.0
2.27,10.89,3.99,-7.0,-6.0
2.2800000000000002,10.84,3.95,-5.0,-4.0
2.29,10.8,3.92,-4.0,-3.0
2.3000000000000003,10.78,3.9,-2.0,-2.0
2.31,10.77,3.9,-1.0,0.0
2.32,10.73,3.86,-4.0,-4.0
2.33,10.71,3.84,-2.0,-2.0
2.34,10.7,3.84,-1.0,0.0
2.35,10.7,3.84,0.0,0.0
2.36,10.7,3.84,0.0,0.0
2.37,10.67,3.78,-3.0,-6.0
2.38,10.59,3.72,-8.0,-6.0
2.39,10.59,3.71,0.0,-1.0
2.4,10.59,3.71,0.0,0.0
2.41,10.59,3.71,0.0,0.0
