0.01,8.91,3.69,0.0,0.0
0.02,8.91,3.69,0.0,0.0
0.03,8.91,3.69,0.0,0.0
0.04,8.91,3.69,0.0,0.0
0.05,8.91,3.69,0.0,0.0
0.06,8.86,3.73,-5.0,4.0
0.07,8.8,3.77,-6.0,4.0
0.08,8.78,3.79,-2.0,2.0
0.09,8.77,3.82,-1.0,3.0
0.1,8.71,3.88,-6.0,6.0
0.11,8.66,3.93,-5.0,5.0
0.12,8.61,3.98,-5.0,5.0
0.13,8.52,4.07,-9.0,9.0
0.14,8.46,4.12,-6.0,5.0
0.15,8.38,4.21,-8.0,9.0
0.16,8.3,4.27,-8.0,6.0
0.17,8.22,4.34,-8.0,7.0
0.18,8.18,4.38,-4.0,4.0
0.19,8.11,4.44,-7.0,6.0
0.2,7.99,4.53,-12.0,9.0
0.21,7.95,4.57,-4.0,4.0
0.22,7.88,4.63,-7.0,6.0
0.23,7.81,4.66,-7.0,3.0
0.24,7.71,4.71,-10.0,5.0
0.25,7.64,4.74,-7.0,3.0
0.26,7.6,4.77,-4.0,3.0
0.27,7.56,4.82,-4.0,5.0
0.28,7.48,4.9,-8.0,8.0
0.29,7.42,4.95,-6.0,5.0
0.3,7.38,5.0,-4.0,5.0
0.31,7.34,5.07,-4.0,7.0
0.32,7.27,5.14,-7.0,7.0
0.33,7.21,5.22,-6.0,8.0
0.34,7.13,5.32,-8.0,10.0
0.35000000000000003,7.07,5.44,-6.0,12.0
0.36,7.01,5.55,-6.0,11.0
0.37,6.9,5.75,-11.0,20.0
0.38,6.82,5.86,-8.0,11.0
0.39,6.73,6.02,-9.0,16.0
0.4,6.63,6.19,-10.0,17.0
0.41000000000000003,6.59,6.25,-4.0,6.0
0.42,6.56,6.29,-3.0,4.0
0.43,6.53,6.34,-3.0,5.0
0.44,6.51,6.37,-2.0,3.0
0.45,6.46,6.43,-5.0,6.0
0.46,6.39,6.53,-7.0,10.0
0.47000000000000003,6.34,6.6,-5.0,7.0
0.48,6.28,6.7,-6.0,10.0
0.49,6.25,6.75,-3.0,5.0
0.5,6.18,6.85,-7.0,10.0
0.51,6.13,6.93,-5.0,8.0
0.52,6.07,7.02,-6.0,9.0
0.53,6.03,7.07,-4.0,5.0
0.54,5.96,7.15,-7.0,8.0
0.55,5.92,7.22,-4.0,7.0
0.56,5.84,7.32,-8.0,10.0
0.5700000000000001,5.72,7.41,-12.0,9.0
0.58,5.67,7.46,-5.0,5.0
0.59,5.59,7.55,-8.0,9.0
0.6,5.52,7.64,-7.0,9.0
0.61,5.48,7.7,-4.0,6.0
0.62,5.44,7.76,-4.0,6.0
0.63,5.4,7.82,-4.0,6.0
0.64,5.38,7.85,-2.0,3.0
0.65,5.34,7.89,-4.0,4.0
0.66,5.33,7.91,-1.0,2.0
0.67,5.29,7.96,-4.0,5.0
0.68,5.27,7.99,-2.0,3.0
0.6900000000000001,5.22,8.05,-5.0,6.0
0.7000000000000001,5.19,8.1,-3.0,5.0
0.71,5.15,8.14,-4.0,4.0
0.72,5.06,8.21,-9.0,7.0
0.73,5.05,8.21,-1.0,0.0
0.74,5.03,8.22,-2.0,1.0
0.75,5.04,8.22,1.0,0.0
0.76,5.03,8.24,-1.0,2.0
0.77,5.01,8.3,-2.0,6.0
0.78,4.98,8.36,-3.0,6.0
0.79,4.98,8.38,0.0,2.0
0.8,4.98,8.41,0.0,3.0
0.81,4.98,8.46,0.0,5.0
0.8200000000000001,4.98,8.47,0.0,1.0
0.8300000000000001,4.99,8.5,1.0,3.0
0.84,5.0,8.55,1.0,5.0
0.85,5.01,8.58,1.0,3.0
0.86,5.01,8.66,0.0,8.0
0.87,5.0,8.72,-1.0,6.0
0.88,4.98,8.75,-2.0,3.0
0.89,4.99,8.75,1.0,0.0
0.9,4.97,8.77,-2.0,2.0
0.91,4.97,8.78,0.0,1.0
0.92,4.98,8.8,1.0,2.0
0.93,4.98,8.85,0.0,5.0
0.9400000000000001,5.0,8.88,2.0,3.0
0.9500000000000001,5.03,8.94,3.0,6.0
0.96,5.05,8.97,2.0,3.0
0.97,5.06,9.0,1.0,3.0
0.98,5.08,9.03,2.0,3.0
0.99,5.09,9.06,1.0,3.0
1.0,5.14,9.11,5.0,5.0
1.01,5.19,9.12,5.0,1.0
1.02,5.23,9.16,4.0,4.0
1.03,5.28,9.18,5.0,2.0
1.04,5.42,9.2,14.0,2.0
1.05,5.5,9.21,8.0,1.0
1.06,5.59,9.21,9.0,0.0
1.07,5.62,9.21,3.0,0.0
1.08,5.67,9.22,5.0,1.0
1.09,5.75,9.24,8.0,2.0
1.1,5.82,9.24,7.0,0.0
1.11,5.9,9.25,8.0,1.0
1.12,5.97,9.26,7.0,1.0
1.1300000000000001,6.02,9.27,5.0,1.0
1.1400000000000001,6.08,9.29,6.0,2.0
1.1500000000000001,6.2,9.31,12.0,2.0
1.16,6.31,9.34,11.0,3.0
1.17,6.52,9.4,21.0,6.0
1.18,6.68,9.44,16.0,4.0
1.19,6.78,9.44,10.0,0.0
1.2,6.89,9.45,11.0,1.0
1.21,7.08,9.46,19.0,1.0
1.22,7.2,9.46,12.0,0.0
1.23,7.44,9.46,24.0,0.0
1.24,7.58,9.47,14.0,1.0
1.25,7.72,9.48,14.0,1.0
1.26,7.94,9.5,22.0,2.0
1.27,8.04,9.5,10.0,0.0
1.28,8.17,9.49,13.0,-1.0
1.29,8.32,9.49,15.0,0.0
1.3,8.37,9.5,5.0,1.0
1.31,8.56,9.5,19.0,0.0
1.32,8.73,9.5,17.0,0.0
1.33,8.86,9.49,13.0,-1.0
1.34,9.08,9.48,22.0,-1.0
1.35,9.24,9.48,16.0,0.0
1.36,9.44,9.48,20.0,0.0
1.37,9.67,9.48,23.0,0.0
1.3800000000000001,9.93,9.45,26.0,-3.0
1.3900000000000001,10.13,9.43,20.0,-2.0
1.4000000000000001,10.31,9.42,18.0,-1.0
1.41,10.57,9.4,26.0,-2.0
1.42,10.78,9.4,21.0,0.0
1.43,11.03,9.36,25.0,-4.0
1.44,11.19,9.33,16.0,-3.0
1.45,11.33,9.3,14.0,-3.0
1.46,11.58,9.28,25.0,-2.0
1.47,11.72,9.25,14.0,-3.0
1.48,11.84,9.22,12.0,-3.0
1.49,11.95,9.2,11.0,-2.0
1.5,12.08,9.18,13.0,-2.0
1.51,12.23,9.16,15.0,-2.0
1.52,12.41,9.14,18.0,-2.0
1.53,12.58,9.12,17.0,-2.0
1.54,12.71,9.1,13.0,-2.0
1.55,12.92,9.08,21.0,-2.0
1.56,13.03,9.05,11.0,-3.0
1.57,13.16,9.02,13.0,-3.0
1.58,13.26,8.99,10.0,-3.0
1.59,13.4,8.95,14.0,-4.0
1.6,13.5,8.91,10.0,-4.0
1.61,13.61,8.86,11.0,-5.0
1.62,13.78,8.81,17.0,-5.0
1.6300000000000001,13.91,8.76,13.0,-5.0
1.6400000000000001,13.99,8.71,8.0,-5.0
1.6500000000000001,14.08,8.65,9.0,-6.0
1.6600000000000001,14.18,8.59,10.0,-6.0
1.67,14.25,8.54,7.0,-5.0
1.68,14.35,8.47,10.0,-7.0
1.69,14.44,8.38,9.0,-9.0
1.7,14.5,8.32,6.0,-6.0
1.71,14.58,8.25,8.0,-7.0
1.72,14.61,8.21,3.0,-4.0
1.73,14.64,8.16,3.0,-5.0
1.74,14.68,8.11,4.0,-5.0
1.75,14.75,8.05,7.0,-6.0
1.76,14.79,8.01,4.0,-4.0
1.77,14.83,7.96,4.0,-5.0
1.78,14.87,7.9,4.0,-6.0
1.79,14.89,7.87,2.0,-3.0
1.8,14.9,7.83,1.0,-4.0
1.81,14.91,7.8,1.0,-3.0
1.82,14.92,7.78,1.0,-2.0
1.83,14.93,7.74,1.0,-4.0
1.84,14.94,7.71,1.0,-3.0
1.85,14.95,7.67,1.0,-4.0
1.86,14.96,7.65,1.0,-2.0
1.87,14.97,7.62,1.0,-3.0
1.8800000000000001,14.97,7.59,0.0,-3.0
1.8900000000000001,14.99,7.56,2.0,-3.0
1.9000000000000001,15.01,7.53,2.0,-3.0
1.9100000000000001,15.0,7.49,-1.0,-4.0
1.92,15.0,7.41,0.0,-8.0
1.93,14.99,7.35,-1.0,-6.0
1.94,14.99,7.28,0.0,-7.0
1.95,14.97,7.17,-2.0,-11.0
1.96,14.95,7.1,-2.0,-7.0
1.97,14.93,7.05,-2.0,-5.0
1.98,14.89,6.93,-4.0,-12.0
1.99,14.84,6.83,-5.0,-10.0
2.0,14.81,6.78,-3.0,-5.0
2.0100000000000002,14.75,6.69,-6.0,-9.0
2.02,14.69,6.6,-6.0,-9.0
2.0300000000000002,14.65,6.57,-4.0,-3.0
2.04,14.55,6.49,-10.0,-8.0
2.05,14.39,6.39,-16.0,-10.0
2.06,14.17,6.28,-22.0,-11.0
2.07,14.05,6.19,-12.0,-9.0
2.08,13.9,6.07,-15.0,-12.0
2.09,13.75,5.96,-15.0,-11.0
2.1,13.67,5.9,-8.0,-6.0
2.11,13.52,5.82,-15.0,-8.0
2.12,13.33,5.72,-19.0,-10.0
2.13,13.12,5.63,-21.0,-9.0
2.14,13.01,5.56,-11.0,-7.0
2.15,12.95,5.52,-6.0,-4.0
2.16,12.86,5.47,-9.0,-5.0
2.17,12.77,5.43,-9.0,-4.0
2.18,12.66,5.38,-11.0,-5.0
2.19,12.54,5.32,-12.0,-6.0
2.2,12.45,5.27,-9.0,-5.0
2.21,12.35,5.22,-10.0,-5.0
2.22,12.27,5.16,-8.0,-6.0
2.23,12.19,5.11,-8.0,-5.0
2.24,12.07,5.05,-12.0,-6.0
2.25,11.97,4.99,-10.0,-6.0
2.2600000000000002,11.83,4.91,-14.0,-8.0
2.27,11.7,4.83,-13.0,-8.0
2.2800000000000002,11.56,4.73,-14.0,-10.0
2.29,11.46,4.66,-10.0,-7.0
2.3000000000000003,11.28,4.54,-18.0,-12.0
2.31,11.12,4.44,-16.0,-10.0
2.32,11.11,4.43,-1.0,-1.0
2.33,11.07,4.39,-4.0,-4.0
2.34,10.99,4.33,-8.0,-6.0
2.35,10.93,4.25,-6.0,-8.0
2.36,10.89,4.18,-4.0,-7.0
2.37,10.84,4.12,-5.0,-6.0
2.38,10.81,4.07,-3.0,-5.0
2.39,10.78,4.04,-3.0,-3.0
2.4,10.76,4.0,-2.0,-4.0
2.41,10.74,3.98,-2.0,-2.0
2.42,10.74,3.98,0.0,0.0
2.43,10.7,3.92,-4.0,-6.0
2.44,10.68,3.88,-2.0,-4.0
2.45,10.68,3.85,0.0,-3.0
2.46,10.67,3.82,-1.0,-3.0
2.47,10.64,3.79,-3.0,-3.0
2.48,10.64,3.78,0.0,-1.0
2.49,10.64,3.78,0.0,0.0
2.5,10.64,3.78,0.0,0.0
2.5100000000000002,10.64,3.78,0.0,0.0
2.52,10.64,3.78,0.0,0.0
2.5300000000000002,10.64,3.78,0.0,0.0
2.54,10.64,3.78,0.0,0.0
2.5500000000000003,10.64,3.78,0.0,0.0
