0.01,8.92,3.68,0.0,0.0
0.02,8.92,3.68,0.0,0.0
0.03,8.92,3.68,0.0,0.0
0.04,8.91,3.69,-1.0,1.0
0.05,8.88,3.72,-3.0,3.0
0.06,8.82,3.79,-6.0,7.0
0.07,8.76,3.86,-6.0,7.0
0.08,8.75,3.88,-1.0,2.0
0.09,8.7,3.96,-5.0,8.0
0.1,8.55,4.13,-15.0,17.0
0.11,8.48,4.19,-7.0,6.0
0.12,8.36,4.3,-12.0,11.0
0.13,8.27,4.38,-9.0,8.0
0.14,8.19,4.44,-8.0,6.0
0.15,8.04,4.54,-15.0,10.0
0.16,7.89,4.63,-15.0,9.0
0.17,7.74,4.73,-15.0,10.0
0.18,7.68,4.78,-6.0,5.0
0.19,7.58,4.84,-10.0,6.0
0.2,7.48,4.93,-10.0,9.0
0.21,7.41,4.98,-7.0,5.0
0.22,7.34,5.05,-7.0,7.0
0.23,7.28,5.12,-6.0,7.0
0.24,7.18,5.2,-10.0,8.0
0.25,7.08,5.29,-10.0,9.0
0.26,7.0,5.37,-8.0,8.0
0.27,6.92,5.43,-8.0,6.0
0.28,6.87,5.48,-5.0,5.0
0.29,6.78,5.55,-9.0,7.0
0.3,6.67,5.66,-11.0,11.0
0.31,6.6,5.74,-7.0,8.0
0.32,6.44,5.9,-16.0,16.0
0.33,6.26,6.08,-18.0,18.0
0.34,6.14,6.21,-12.0,13.0
0.35000000000000003,6.09,6.27,-5.0,6.0
0.36,6.02,6.36,-7.0,9.0
0.37,5.89,6.48,-13.0,12.0
0.38,5.83,6.57,-6.0,9.0
0.39,5.76,6.65,-7.0,8.0
0.4,5.69,6.74,-7.0,9.0
0.41000000000000003,5.61,6.85,-8.0,11.0
0.42,5.56,6.91,-5.0,6.0
0.43,5.51,6.99,-5.0,8.0
0.44,5.45,7.08,-6.0,9.0
0.45,5.39,7.17,-6.0,9.0
0.46,5.31,7.27,-8.0,10.0
0.47000000000000003,5.28,7.31,-3.0,4.0
0.48,5.22,7.39,-6.0,8.0
0.49,5.16,7.48,-6.0,9.0
0.5,5.12,7.54,-4.0,6.0
0.51,5.09,7.61,-3.0,7.0
0.52,5.06,7.68,-3.0,7.0
0.53,5.03,7.77,-3.0,9.0
0.54,4.99,7.82,-4.0,5.0
0.55,4.93,7.94,-6.0,12.0
0.56,4.9,8.02,-3.0,8.0
0.5700000000000001,4.85,8.12,-5.0,10.0
0.58,4.82,8.22,-3.0,10.0
0.59,4.81,8.3,-1.0,8.0
0.6,4.81,8.37,0.0,7.0
0.61,4.79,8.43,-2.0,6.0
0.62,4.78,8.51,-1.0,8.0
0.63,4.77,8.58,-1.0,7.0
0.64,4.76,8.63,-1.0,5.0
0.65,4.77,8.66,1.0,3.0
0.66,4.77,8.75,0.0,9.0
0.67,4.77,8.81,0.0,6.0
0.68,4.78,8.84,1.0,3.0
0.6900000000000001,4.81,8.9,3.0,6.0
0.7000000000000001,4.84,8.95,3.0,5.0
0.71,4.87,8.99,3.0,4.0
0.72,4.89,9.02,2.0,3.0
0.73,4.91,9.05,2.0,3.0
0.74,4.92,9.06,1.0,1.0
0.75,4.94,9.08,2.0,2.0
0.76,4.96,9.11,2.0,3.0
0.77,4.99,9.12,3.0,1.0
0.78,5.01,9.14,2.0,2.0
0.79,5.12,9.18,11.0,4.0
0.8,5.24,9.21,12.0,3.0
0.81,5.35,9.26,11.0,5.0
0.8200000000000001,5.54,9.32,19.0,6.0
0.8300000000000001,5.72,9.37,18.0,5.0
0.84,5.8,9.38,8.0,1.0
0.85,5.98,9.41,18.0,3.0
0.86,6.14,9.43,16.0,2.0
0.87,6.24,9.45,10.0,2.0
0.88,6.45,9.46,21.0,1.0
0.89,6.57,9.47,12.0,1.0
0.9,6.71,9.46,14.0,-1.0
0.91,6.85,9.46,14.0,0.0
0.92,6.92,9.46,7.0,0.0
0.93,7.03,9.45,11.0,-1.0
0.9400000000000001,7.17,9.45,14.0,0.0
0.9500000000000001,7.29,9.45,12.0,0.0
0.96,7.49,9.45,20.0,0.0
0.97,7.63,9.44,14.0,-1.0
0.98,7.78,9.44,15.0,0.0
0.99,7.99,9.43,21.0,-1.0
1.0,8.19,9.43,20.0,0.0
1.01,8.35,9.43,16.0,0.0
1.02,8.57,9.41,22.0,-2.0
1.03,8.82,9.39,25.0,-2.0
1.04,9.11,9.37,29.0,-2.0
1.05,9.45,9.35,34.0,-2.0
1.06,9.71,9.31,26.0,-4.0
1.07,9.93,9.29,22.0,-2.0
1.08,10.22,9.25,29.0,-4.0
1.09,10.52,9.2,30.0,-5.0
1.1,10.81,9.15,29.0,-5.0
1.11,10.93,9.12,12.0,-3.0
1.12,11.12,9.07,19.0,-5.0
1.1300000000000001,11.28,9.05,16.0,-2.0
1.1400000000000001,11.44,9.02,16.0,-3.0
1.1500000000000001,11.61,8.95,17.0,-7.0
1.16,11.8,8.89,19.0,-6.0
1.17,12.01,8.84,21.0,-5.0
1.18,12.14,8.81,13.0,-3.0
1.19,12.26,8.76,12.0,-5.0
1.2,12.42,8.73,16.0,-3.0
1.21,12.54,8.7,12.0,-3.0
1.22,12.68,8.64,14.0,-6.0
1.23,12.87,8.58,19.0,-6.0
1.24,13.0,8.53,13.0,-5.0
1.25,13.1,8.49,10.0,-4.0
1.26,13.2,8.45,10.0,-4.0
1.27,13.24,8.43,4.0,-2.0
1.28,13.38,8.42,14.0,-1.0
1.29,13.42,8.4,4.0,-2.0
1.3,13.55,8.34,13.0,-6.0
1.31,13.64,8.29,9.0,-5.0
1.32,13.68,8.24,4.0,-5.0
1.33,13.84,8.21,16.0,-3.0
1.34,13.87,8.21,3.0,0.0
1.35,13.9,8.2,3.0,-1.0
1.36,14.03,8.16,13.0,-4.0
1.37,14.18,8.13,15.0,-3.0
1.3800000000000001,14.36,8.09,18.0,-4.0
1.3900000000000001,14.46,8.08,10.0,-1.0
1.4000000000000001,14.57,8.05,11.0,-3.0
1.41,14.77,8.02,20.0,-3.0
1.42,14.77,8.02,0.0,0.0
1.43,14.77,8.02,0.0,0.0
1.44,14.77,8.0,0.0,-2.0
1.45,14.8,7.95,3.0,-5.0
1.46,14.81,7.94,1.0,-1.0
1.47,14.85,7.9,4.0,-4.0
1.48,14.87,7.85,2.0,-5.0
1.49,14.93,7.78,6.0,-7.0
1.5,14.97,7.75,4.0,-3.0
1.51,14.97,7.72,0.0,-3.0
1.52,14.99,7.66,2.0,-6.0
1.53,15.0,7.62,1.0,-4.0
1.54,15.02,7.58,2.0,-4.0
1.55,15.04,7.5,2.0,-8.0
1.56,15.07,7.43,3.0,-7.0
1.57,15.07,7.4,0.0,-3.0
1.58,15.07,7.36,0.0,-4.0
1.59,15.07,7.32,0.0,-4.0
1.6,15.07,7.27,0.0,-5.0
1.61,15.07,7.2,0.0,-7.0
1.62,15.04,7.12,-3.0,-8.0
1.6300000000000001,15.0,6.99,-4.0,-13.0
1.6400000000000001,14.96,6.9,-4.0,-9.0
1.6500000000000001,14.9,6.77,-6.0,-13.0
1.6600000000000001,14.84,6.66,-6.0,-11.0
1.67,14.76,6.53,-8.0,-13.0
1.68,14.69,6.42,-7.0,-11.0
1.69,14.62,6.3,-7.0,-12.0
1.7,14.52,6.17,-10.0,-13.0
1.71,14.45,6.09,-7.0,-8.0
1.72,14.32,5.98,-13.0,-11.0
1.73,14.18,5.88,-14.0,-10.0
1.74,14.04,5.78,-14.0,-10.0
1.75,13.86,5.66,-18.0,-12.0
1.76,13.7,5.55,-16.0,-11.0
1.77,13.59,5.48,-11.0,-7.0
1.78,13.38,5.34,-21.0,-14.0
1.79,13.27,5.27,-11.0,-7.0
1.8,13.11,5.19,-16.0,-8.0
1.81,12.92,5.09,-19.0,-10.0
1.82,12.81,5.05,-11.0,-4.0
1.83,12.68,5.0,-13.0,-5.0
1.84,12.51,4.93,-17.0,-7.0
1.85,12.38,4.87,-13.0,-6.0
1.86,12.18,4.78,-20.0,-9.0
1.87,11.95,4.68,-23.0,-10.0
1.8800000000000001,11.89,4.64,-6.0,-4.0
1.8900000000000001,11.73,4.55,-16.0,-9.0
1.9000000000000001,11.68,4.51,-5.0,-4.0
1.9100000000000001,11.64,4.46,-4.0,-5.0
1.92,11.56,4.4,-8.0,-6.0
1.93,11.49,4.33,-7.0,-7.0
1.94,11.39,4.23,-10.0,-10.0
1.95,11.28,4.17,-11.0,-6.0
1.96,11.2,4.11,-8.0,-6.0
1.97,11.14,4.07,-6.0,-4.0
1.98,11.05,4.0,-9.0,-7.0
1.99,10.99,3.96,-6.0,-4.0
2.0,10.95,3.93,-4.0,-3.0
2.0100000000000002,10.92,3.91,-3.0,-2.0
2.02,10.86,3.87,-6.0,-4.0
2.0300000000000002,10.83,3.85,-3.0,-2.0
2.04,10.78,3.81,-5.0,-4.0
2.05,10.72,3.78,-6.0,-3.0
2.06,10.72,3.78,0.0,0.0
2.07,10.72,3.78,0.0,0.0
2.08,10.71,3.77,-1.0,-1.0
2.09,10.66,3.77,-5.0,0.0
2.1,10.66,3.77,0.0,0.0
2.11,10.66,3.77,0.0,0.0
2.12,10.66,3.77,0.0,0.0
2.13,10.66,3.77,0.0,0.0
2.14,10.66,3.77,0.0,0.0
2.15,10.66,3.77,0.0,0.0
