0.01,8.91,3.7,0.0,0.0
0.02,8.91,3.7,0.0,0.0
0.03,8.91,3.7,0.0,0.0
0.04,8.91,3.71,0.0,1.0
0.05,8.88,3.74,-3.0,3.0
0.06,8.82,3.81,-6.0,7.0
0.07,8.77,3.88,-5.0,7.0
0.08,8.69,3.98,-8.0,10.0
0.09,8.66,4.02,-3.0,4.0
0.1,8.59,4.09,-7.0,7.0
0.11,8.54,4.13,-5.0,4.0
0.12,8.49,4.18,-5.0,5.0
0.13,8.43,4.24,-6.0,6.0
0.14,8.34,4.33,-9.0,9.0
0.15,8.24,4.45,-10.0,12.0
0.16,8.17,4.54,-7.0,9.0
0.17,8.09,4.61,-8.0,7.0
0.18,8.05,4.66,-4.0,5.0
0.19,7.95,4.76,-10.0,10.0
0.2,7.83,4.86,-12.0,10.0
0.21,7.74,4.94,-9.0,8.0
0.22,7.68,5.0,-6.0,6.0
0.23,7.53,5.11,-15.0,11.0
0.24,7.36,5.26,-17.0,15.0
0.25,7.16,5.45,-20.0,19.0
0.26,7.02,5.59,-14.0,14.0
0.27,6.89,5.7,-13.0,11.0
0.28,6.69,5.85,-20.0,15.0
0.29,6.56,5.96,-13.0,11.0
0.3,6.45,6.05,-11.0,9.0
0.31,6.32,6.15,-13.0,10.0
0.32,6.2,6.24,-12.0,9.0
0.33,6.1,6.31,-10.0,7.0
0.34,6.0,6.38,-10.0,7.0
0.35000000000000003,5.85,6.51,-15.0,13.0
0.36,5.79,6.59,-6.0,8.0
0.37,5.67,6.69,-12.0,10.0
0.38,5.56,6.79,-11.0,10.0
0.39,5.45,6.91,-11.0,12.0
0.4,5.32,7.05,-13.0,14.0
0.41000000000000003,5.26,7.14,-6.0,9.0
0.42,5.21,7.21,-5.0,7.0
0.43,5.14,7.29,-7.0,8.0
0.44,5.05,7.4,-9.0,11.0
0.45,5.0,7.47,-5.0,7.0
0.46,4.94,7.54,-6.0,7.0
0.47000000000000003,4.87,7.65,-7.0,11.0
0.48,4.82,7.74,-5.0,9.0
0.49,4.76,7.85,-6.0,11.0
0.5,4.74,7.92,-2.0,7.0
0.51,4.71,8.01,-3.0,9.0
0.52,4.7,8.08,-1.0,7.0
0.53,4.7,8.15,0.0,7.0
0.54,4.69,8.25,-1.0,10.0
0.55,4.69,8.32,0.0,7.0
0.56,4.69,8.39,0.0,7.0
0.5700000000000001,4.7,8.45,1.0,6.0
0.58,4.7,8.52,0.0,7.0
0.59,4.7,8.57,0.0,5.0
0.6,4.7,8.67,0.0,10.0
0.61,4.7,8.71,0.0,4.0
0.62,4.71,8.78,1.0,7.0
0.63,4.74,8.83,3.0,5.0
0.64,4.75,8.84,1.0,1.0
0.65,4.77,8.85,2.0,1.0
0.66,4.8,8.87,3.0,2.0
0.67,4.87,8.91,7.0,4.0
0.68,4.91,8.92,4.0,1.0
0.6900000000000001,4.93,8.92,2.0,0.0
0.7000000000000001,4.99,8.94,6.0,2.0
0.71,5.02,8.96,3.0,2.0
0.72,5.06,8.99,4.0,3.0
0.73,5.11,9.04,5.0,5.0
0.74,5.13,9.08,2.0,4.0
0.75,5.14,9.08,1.0,0.0
0.76,5.15,9.09,1.0,1.0
0.77,5.26,9.15,11.0,6.0
0.78,5.41,9.18,15.0,3.0
0.79,5.49,9.18,8.0,0.0
0.8,5.69,9.17,20.0,-1.0
0.81,5.98,9.17,29.0,0.0
0.8200000000000001,6.11,9.17,13.0,0.0
0.8300000000000001,6.21,9.17,10.0,0.0
0.84,6.4,9.19,19.0,2.0
0.85,6.55,9.19,15.0,0.0
0.86,6.75,9.19,20.0,0.0
0.87,6.91,9.19,16.0,0.0
0.88,7.06,9.2,15.0,1.0
0.89,7.36,9.21,30.0,1.0
0.9,7.53,9.2,17.0,-1.0
0.91,7.67,9.2,14.0,0.0
0.92,8.01,9.21,34.0,1.0
0.93,8.26,9.2,25.0,-1.0
0.9400000000000001,8.39,9.2,13.0,0.0
0.9500000000000001,8.56,9.2,17.0,0.0
0.96,8.79,9.2,23.0,0.0
0.97,8.99,9.2,20.0,0.0
0.98,9.38,9.21,39.0,1.0
0.99,9.63,9.2,25.0,-1.0
1.0,9.84,9.17,21.0,-3.0
1.01,10.03,9.15,19.0,-2.0
1.02,10.19,9.12,16.0,-3.0
1.03,10.34,9.1,15.0,-2.0
1.04,10.6,9.09,26.0,-1.0
1.05,10.88,9.05,28.0,-4.0
1.06,11.07,9.03,19.0,-2.0
1.07,11.29,9.03,22.0,0.0
1.08,11.51,9.02,22.0,-1.0
1.09,11.62,8.99,11.0,-3.0
1.1,11.77,8.96,15.0,-3.0
1.11,11.89,8.93,12.0,-3.0
1.12,12.02,8.88,13.0,-5.0
1.1300000000000001,12.2,8.83,18.0,-5.0
1.1400000000000001,12.4,8.76,20.0,-7.0
1.1500000000000001,12.57,8.69,17.0,-7.0
1.16,12.66,8.64,9.0,-5.0
1.17,12.72,8.61,6.0,-3.0
1.18,12.78,8.6,6.0,-1.0
1.19,12.86,8.57,8.0,-3.0
1.2,13.0,8.54,14.0,-3.0
1.21,13.14,8.52,14.0,-2.0
1.22,13.25,8.47,11.0,-5.0
1.23,13.45,8.43,20.0,-4.0
1.24,13.49,8.4,4.0,-3.0
1.25,13.57,8.38,8.0,-2.0
1.26,13.72,8.35,15.0,-3.0
1.27,13.78,8.33,6.0,-2.0
1.28,13.86,8.31,8.0,-2.0
1.29,13.94,8.28,8.0,-3.0
1.3,13.96,8.26,2.0,-2.0
1.31,14.02,8.22,6.0,-4.0
1.32,14.13,8.14,11.0,-8.0
1.33,14.24,8.06,11.0,-8.0
1.34,14.29,8.02,5.0,-4.0
1.35,14.32,8.01,3.0,-1.0
1.36,14.39,7.99,7.0,-2.0
1.37,14.5,7.95,11.0,-4.0
1.3800000000000001,14.62,7.9,12.0,-5.0
1.3900000000000001,14.76,7.85,14.0,-5.0
1.4000000000000001,14.82,7.79,6.0,-6.0
1.41,14.84,7.76,2.0,-3.0
1.42,14.88,7.7,4.0,-6.0
1.43,14.89,7.7,1.0,0.0
1.44,14.89,7.67,0.0,-3.0
1.45,14.93,7.63,4.0,-4.0
1.46,14.93,7.63,0.0,0.0
1.47,14.92,7.6,-1.0,-3.0
1.48,14.93,7.57,1.0,-3.0
1.49,14.93,7.57,0.0,0.0
1.5,14.95,7.55,2.0,-2.0
1.51,14.98,7.51,3.0,-4.0
1.52,14.99,7.45,1.0,-6.0
1.53,15.04,7.38,5.0,-7.0
1.54,15.07,7.31,3.0,-7.0
1.55,15.07,7.2,0.0,-11.0
1.56,15.07,7.11,0.0,-9.0
1.57,15.07,7.05,0.0,-6.0
1.58,15.07,7.05,0.0,0.0
1.59,15.06,6.95,-1.0,-10.0
1.6,15.01,6.82,-5.0,-13.0
1.61,14.96,6.7,-5.0,-12.0
1.62,14.9,6.6,-6.0,-10.0
1.6300000000000001,14.83,6.48,-7.0,-12.0
1.6400000000000001,14.73,6.33,-10.0,-15.0
1.6500000000000001,14.62,6.2,-11.0,-13.0
1.6600000000000001,14.53,6.08,-9.0,-12.0
1.67,14.41,5.96,-12.0,-12.0
1.68,14.27,5.86,-14.0,-10.0
1.69,14.14,5.76,-13.0,-10.0
1.7,14.06,5.71,-8.0,-5.0
1.71,13.97,5.66,-9.0,-5.0
1.72,13.87,5.59,-10.0,-7.0
1.73,13.7,5.49,-17.0,-10.0
1.74,13.56,5.43,-14.0,-6.0
1.75,13.42,5.35,-14.0,-8.0
1.76,13.14,5.29,-28.0,-6.0
1.77,12.99,5.27,-15.0,-2.0
1.78,12.89,5.22,-10.0,-5.0
1.79,12.64,5.09,-25.0,-13.0
1.8,12.52,5.02,-12.0,-7.0
1.81,12.41,4.95,-11.0,-7.0
1.82,12.27,4.87,-14.0,-8.0
1.83,12.16,4.79,-11.0,-8.0
1.84,12.07,4.74,-9.0,-5.0
1.85,11.97,4.68,-10.0,-6.0
1.86,11.88,4.61,-9.0,-7.0
1.87,11.74,4.52,-14.0,-9.0
1.8800000000000001,11.62,4.44,-12.0,-8.0
1.8900000000000001,11.52,4.39,-10.0,-5.0
1.9000000000000001,11.4,4.31,-12.0,-8.0
1.9100000000000001,11.34,4.27,-6.0,-4.0
1.92,11.27,4.22,-7.0,-5.0
1.93,11.2,4.17,-7.0,-5.0
1.94,11.13,4.13,-7.0,-4.0
1.95,11.05,4.09,-8.0,-4.0
1.96,11.0,4.06,-5.0,-3.0
1.97,10.96,4.03,-4.0,-3.0
1.98,10.86,3.98,-10.0,-5.0
1.99,10.81,3.95,-5.0,-3.0
2.0,10.74,3.91,-7.0,-4.0
2.0100000000000002,10.68,3.87,-6.0,-4.0
2.02,10.66,3.86,-2.0,-1.0
2.0300000000000002,10.65,3.84,-1.0,-2.0
2.04,10.65,3.84,0.0,0.0
2.05,10.63,3.82,-2.0,-2.0
2.06,10.62,3.81,-1.0,-1.0
2.07,10.6,3.78,-2.0,-3.0
2.08,10.58,3.77,-2.0,-1.0
2.09,10.58,3.77,0.0,0.0
2.1,10.58,3.77,0.0,0.0
2.11,10.58,3.77,0.0,0.0
2.12,10.58,3.77,0.0,0.0
2.13,10.58,3.77,0.0,0.0
2.14,10.58,3.77,0.0,0.0
