0.01,8.87,3.65,0.0,0.0
0.02,8.87,3.65,0.0,0.0
0.03,8.87,3.65,0.0,0.0
0.04,8.87,3.66,0.0,1.0
0.05,8.81,3.71,-6.0,5.0
0.06,8.77,3.74,-4.0,3.0
0.07,8.74,3.78,-3.0,4.0
0.08,8.69,3.84,-5.0,6.0
0.09,8.65,3.89,-4.0,5.0
0.1,8.54,3.98,-11.0,9.0
0.11,8.4,4.07,-14.0,9.0
0.12,8.33,4.14,-7.0,7.0
0.13,8.22,4.22,-11.0,8.0
0.14,8.08,4.3,-14.0,8.0
0.15,7.95,4.36,-13.0,6.0
0.16,7.81,4.45,-14.0,9.0
0.17,7.75,4.5,-6.0,5.0
0.18,7.68,4.56,-7.0,6.0
0.19,7.57,4.63,-11.0,7.0
0.2,7.52,4.68,-5.0,5.0
0.21,7.4,4.76,-12.0,8.0
0.22,7.3,4.83,-10.0,7.0
0.23,7.21,4.91,-9.0,8.0
0.24,7.09,4.99,-12.0,8.0
0.25,6.99,5.07,-10.0,8.0
0.26,6.9,5.14,-9.0,7.0
0.27,6.76,5.22,-14.0,8.0
0.28,6.64,5.3,-12.0,8.0
0.29,6.5,5.39,-14.0,9.0
0.3,6.39,5.49,-11.0,10.0
0.31,6.3,5.59,-9.0,10.0
0.32,6.21,5.68,-9.0,9.0
0.33,6.11,5.82,-10.0,14.0
0.34,6.04,5.92,-7.0,10.0
0.35000000000000003,5.95,6.03,-9.0,11.0
0.36,5.85,6.16,-10.0,13.0
0.37,5.78,6.25,-7.0,9.0
0.38,5.67,6.39,-11.0,14.0
0.39,5.59,6.52,-8.0,13.0
0.4,5.5,6.65,-9.0,13.0
0.41000000000000003,5.42,6.76,-8.0,11.0
0.42,5.3,6.88,-12.0,12.0
0.43,5.18,7.01,-12.0,13.0
0.44,5.13,7.09,-5.0,8.0
0.45,5.12,7.14,-1.0,5.0
0.46,5.11,7.2,-1.0,6.0
0.47000000000000003,5.09,7.27,-2.0,7.0
0.48,5.07,7.34,-2.0,7.0
0.49,5.06,7.43,-1.0,9.0
0.5,5.03,7.5,-3.0,7.0
0.51,5.01,7.6,-2.0,10.0
0.52,4.97,7.72,-4.0,12.0
0.53,4.9,7.85,-7.0,13.0
0.54,4.85,7.99,-5.0,14.0
0.55,4.84,8.09,-1.0,10.0
0.56,4.83,8.17,-1.0,8.0
0.5700000000000001,4.84,8.19,1.0,2.0
0.58,4.86,8.24,2.0,5.0
0.59,4.89,8.33,3.0,9.0
0.6,4.92,8.41,3.0,8.0
0.61,4.93,8.46,1.0,5.0
0.62,4.93,8.55,0.0,9.0
0.63,4.91,8.64,-2.0,9.0
0.64,4.91,8.71,0.0,7.0
0.65,4.91,8.76,0.0,5.0
0.66,4.91,8.83,0.0,7.0
0.67,4.93,8.89,2.0,6.0
0.68,4.93,8.97,0.0,8.0
0.6900000000000001,4.93,9.07,0.0,10.0
0.7000000000000001,4.93,9.14,0.0,7.0
0.71,4.94,9.19,1.0,5.0
0.72,4.97,9.22,3.0,3.0
0.73,5.02,9.21,5.0,-1.0
0.74,5.03,9.21,1.0,0.0
0.75,5.05,9.21,2.0,0.0
0.76,5.1,9.24,5.0,3.0
0.77,5.14,9.3,4.0,6.0
0.78,5.24,9.38,10.0,8.0
0.79,5.36,9.43,12.0,5.0
0.8,5.5,9.46,14.0,3.0
0.81,5.69,9.5,19.0,4.0
0.8200000000000001,5.89,9.55,20.0,5.0
0.8300000000000001,6.03,9.58,14.0,3.0
0.84,6.24,9.62,21.0,4.0
0.85,6.47,9.65,23.0,3.0
0.86,6.61,9.65,14.0,0.0
0.87,6.7,9.66,9.0,1.0
0.88,6.84,9.66,14.0,0.0
0.89,7.03,9.66,19.0,0.0
0.9,7.2,9.66,17.0,0.0
0.91,7.31,9.66,11.0,0.0
0.92,7.46,9.66,15.0,0.0
0.93,7.63,9.65,17.0,-1.0
0.9400000000000001,7.9,9.63,27.0,-2.0
0.9500000000000001,8.26,9.63,36.0,0.0
0.96,8.65,9.63,39.0,0.0
0.97,8.92,9.59,27.0,-4.0
0.98,9.26,9.55,34.0,-4.0
0.99,9.49,9.51,23.0,-4.0
1.0,9.59,9.48,10.0,-3.0
1.01,9.82,9.44,23.0,-4.0
1.02,10.07,9.41,25.0,-3.0
1.03,10.22,9.39,15.0,-2.0
1.04,10.43,9.38,21.0,-1.0
1.05,10.67,9.33,24.0,-5.0
1.06,10.86,9.3,19.0,-3.0
1.07,11.07,9.27,21.0,-3.0
1.08,11.22,9.24,15.0,-3.0
1.09,11.33,9.21,11.0,-3.0
1.1,11.5,9.2,17.0,-1.0
1.11,11.66,9.16,16.0,-4.0
1.12,11.76,9.11,10.0,-5.0
1.1300000000000001,11.91,9.07,15.0,-4.0
1.1400000000000001,12.02,9.02,11.0,-5.0
1.1500000000000001,12.16,8.96,14.0,-6.0
1.16,12.28,8.91,12.0,-5.0
1.17,12.39,8.84,11.0,-7.0
1.18,12.5,8.76,11.0,-8.0
1.19,12.65,8.68,15.0,-8.0
1.2,12.76,8.62,11.0,-6.0
1.21,12.86,8.56,10.0,-6.0
1.22,13.01,8.51,15.0,-5.0
1.23,13.18,8.46,17.0,-5.0
1.24,13.28,8.41,10.0,-5.0
1.25,13.37,8.35,9.0,-6.0
1.26,13.53,8.31,16.0,-4.0
1.27,13.61,8.27,8.0,-4.0
1.28,13.69,8.22,8.0,-5.0
1.29,13.82,8.18,13.0,-4.0
1.3,13.87,8.15,5.0,-3.0
1.31,13.91,8.14,4.0,-1.0
1.32,14.08,8.12,17.0,-2.0
1.33,14.15,8.1,7.0,-2.0
1.34,14.15,8.1,0.0,0.0
1.35,14.17,8.08,2.0,-2.0
1.36,14.29,8.04,12.0,-4.0
1.37,14.36,8.0,7.0,-4.0
1.3800000000000001,14.4,7.99,4.0,-1.0
1.3900000000000001,14.42,7.98,2.0,-1.0
1.4000000000000001,14.46,7.96,4.0,-2.0
1.41,14.56,7.93,10.0,-3.0
1.42,14.58,7.9,2.0,-3.0
1.43,14.6,7.88,2.0,-2.0
1.44,14.72,7.85,12.0,-3.0
1.45,14.77,7.8,5.0,-5.0
1.46,14.77,7.79,0.0,-1.0
1.47,14.85,7.79,8.0,0.0
1.48,14.89,7.77,4.0,-2.0
1.49,14.88,7.76,-1.0,-1.0
1.5,14.91,7.72,3.0,-4.0
1.51,14.93,7.69,2.0,-3.0
1.52,14.97,7.62,4.0,-7.0
1.53,15.04,7.53,7.0,-9.0
1.54,15.08,7.48,4.0,-5.0
1.55,15.09,7.42,1.0,-6.0
1.56,15.1,7.36,1.0,-6.0
1.57,15.11,7.29,1.0,-7.0
1.58,15.12,7.23,1.0,-6.0
1.59,15.1,7.15,-2.0,-8.0
1.6,15.05,7.04,-5.0,-11.0
1.61,14.98,6.91,-7.0,-13.0
1.62,14.91,6.79,-7.0,-12.0
1.6300000000000001,14.84,6.67,-7.0,-12.0
1.6400000000000001,14.79,6.59,-5.0,-8.0
1.6500000000000001,14.71,6.5,-8.0,-9.0
1.6600000000000001,14.64,6.42,-7.0,-8.0
1.67,14.54,6.32,-10.0,-10.0
1.68,14.44,6.23,-10.0,-9.0
1.69,14.33,6.13,-11.0,-10.0
1.7,14.17,6.02,-16.0,-11.0
1.71,14.03,5.93,-14.0,-9.0
1.72,13.86,5.82,-17.0,-11.0
1.73,13.73,5.75,-13.0,-7.0
1.74,13.64,5.69,-9.0,-6.0
1.75,13.52,5.63,-12.0,-6.0
1.76,13.38,5.55,-14.0,-8.0
1.77,13.25,5.48,-13.0,-7.0
1.78,13.13,5.42,-12.0,-6.0
1.79,13.01,5.35,-12.0,-7.0
1.8,12.84,5.26,-17.0,-9.0
1.81,12.73,5.21,-11.0,-5.0
1.82,12.65,5.16,-8.0,-5.0
1.83,12.58,5.12,-7.0,-4.0
1.84,12.45,5.04,-13.0,-8.0
1.85,12.33,4.96,-12.0,-8.0
1.86,12.2,4.86,-13.0,-10.0
1.87,12.07,4.78,-13.0,-8.0
1.8800000000000001,12.01,4.74,-6.0,-4.0
1.8900000000000001,11.95,4.7,-6.0,-4.0
1.9000000000000001,11.82,4.59,-13.0,-11.0
1.9100000000000001,11.69,4.49,-13.0,-10.0
1.92,11.63,4.44,-6.0,-5.0
1.93,11.55,4.37,-8.0,-7.0
1.94,11.45,4.29,-10.0,-8.0
1.95,11.36,4.22,-9.0,-7.0
1.96,11.29,4.17,-7.0,-5.0
1.97,11.21,4.1,-8.0,-7.0
1.98,11.12,4.04,-9.0,-6.0
1.99,11.05,3.98,-7.0,-6.0
2.0,10.99,3.93,-6.0,-5.0
2.0100000000000002,10.93,3.88,-6.0,-5.0
2.02,10.85,3.83,-8.0,-5.0
2.0300000000000002,10.8,3.79,-5.0,-4.0
2.04,10.79,3.78,-1.0,-1.0
2.05,10.78,3.78,-1.0,0.0
2.06,10.72,3.73,-6.0,-5.0
2.07,10.67,3.71,-5.0,-2.0
2.08,10.64,3.71,-3.0,0.0
2.09,10.61,3.71,-3.0,0.0
2.1,10.55,3.7,-6.0,-1.0
2.11,10.51,3.68,-4.0,-2.0
2.12,10.51,3.68,0.0,0.0
2.13,10.51,3.67,0.0,-1.0
